563 3955
1 287 0.3661
1 559 0.3829
1 412 0.4123
1 535 0.1756
1 483 0.2299
1 520 0.5191
1 81 0.1743
1 15 0.3043
1 200 0.3257
1 338 0.5623
2 530 0.2044
2 532 0.0459
2 317 0.4744
2 421 0.3977
2 396 0.4486
2 402 0.4661
2 453 0.5596
3 451 0.0504
3 517 0.3953
3 170 0.2376
3 11 0.1900
3 175 0.1438
3 208 0.5275
3 19 0.4405
4 130 0.1979
4 261 0.5129
4 561 0.2105
4 41 0.1433
4 348 0.4919
4 164 0.3111
4 477 0.4650
4 412 0.0099
4 151 0.0263
5 481 0.3992
5 363 0.5256
5 22 0.0573
5 120 0.0101
5 313 0.0559
5 70 0.5030
5 271 0.4749
6 343 0.1128
6 399 0.0660
6 401 0.4016
6 551 0.5879
7 140 0.0743
7 317 0.1390
7 117 0.2732
7 409 0.2129
7 13 0.3360
7 414 0.5681
8 551 0.4985
8 382 0.2149
8 173 0.4592
8 428 0.2929
8 138 0.2457
8 524 0.3116
8 453 0.4788
8 363 0.4092
8 310 0.2442
8 419 0.3134
9 188 0.2130
9 432 0.4917
9 458 0.2036
9 137 0.4661
9 541 0.3641
10 441 0.5194
10 61 0.1787
10 125 0.1781
10 209 0.5875
10 42 0.1930
11 223 0.3711
11 461 0.3217
11 464 0.2763
11 18 0.3977
11 390 0.4460
11 402 0.3970
11 185 0.2185
12 536 0.3579
12 120 0.5386
12 236 0.3553
12 443 0.4630
12 289 0.1822
13 204 0.3600
13 159 0.0755
13 481 0.4337
13 270 0.1840
13 23 0.1824
13 502 0.3389
13 65 0.5321
13 351 0.1368
13 117 0.3261
13 310 0.0150
13 374 0.4133
13 383 0.4995
13 499 0.1687
14 542 0.2300
14 269 0.2468
14 505 0.3207
14 157 0.0276
14 98 0.4594
14 294 0.1910
14 75 0.5477
14 558 0.0906
14 382 0.3358
14 119 0.0225
14 463 0.0921
15 445 0.5190
15 235 0.5093
15 5 0.4998
15 118 0.2313
15 512 0.2468
15 268 0.4574
15 391 0.3977
15 275 0.1897
15 275 0.2334
16 373 0.0388
16 402 0.4832
16 501 0.4274
16 99 0.2155
16 427 0.5911
16 64 0.2295
16 367 0.5225
16 409 0.1162
17 94 0.2698
17 263 0.4351
17 129 0.0099
17 128 0.2465
18 129 0.1123
18 493 0.0587
18 504 0.1278
18 88 0.2876
18 48 0.5403
18 226 0.5552
19 466 0.0750
19 7 0.2610
19 233 0.0990
19 33 0.5256
19 32 0.0680
19 291 0.4044
19 347 0.5900
19 187 0.5091
19 515 0.5381
20 444 0.5202
20 245 0.0273
20 405 0.2227
20 157 0.3965
20 497 0.2063
20 431 0.0080
20 55 0.5417
20 188 0.3034
20 260 0.0884
20 397 0.4889
20 3 0.5111
20 335 0.4745
20 530 0.3035
21 166 0.2111
21 266 0.2804
21 249 0.0635
21 43 0.0057
21 287 0.1584
21 123 0.4241
21 294 0.1757
21 233 0.3962
21 88 0.4893
22 296 0.0774
22 274 0.0284
22 185 0.4237
22 211 0.5588
22 30 0.4481
22 488 0.1969
22 54 0.3953
22 151 0.0822
23 296 0.1181
23 319 0.3772
23 4 0.2626
23 532 0.5838
23 492 0.3410
23 188 0.2754
23 457 0.2965
24 429 0.2155
24 127 0.3902
24 430 0.4346
24 563 0.4287
24 253 0.0236
24 185 0.0919
24 46 0.5998
24 391 0.2363
24 217 0.1773
24 101 0.3116
24 498 0.2223
25 148 0.3013
25 118 0.3150
25 128 0.5595
25 497 0.4364
25 351 0.3088
25 59 0.2332
25 201 0.3668
26 491 0.5306
26 42 0.3129
26 185 0.3496
26 258 0.1948
26 361 0.0572
26 239 0.0613
26 192 0.1181
26 132 0.2624
26 490 0.0477
26 326 0.0587
26 451 0.2209
26 277 0.1034
27 22 0.4762
27 489 0.4832
27 17 0.3142
27 100 0.6578
27 476 0.1923
27 310 0.5970
27 472 0.0156
28 8 0.1498
28 384 0.0743
28 214 0.1520
28 457 0.5573
28 462 0.2746
28 185 0.5183
29 101 0.5138
29 202 0.1395
29 491 0.2421
29 176 0.5044
29 171 4.2333
29 365 0.3514
29 356 0.0621
30 21 0.5125
30 453 0.5619
30 131 0.1303
31 429 0.5457
31 460 4.5077
31 495 0.1895
31 561 0.2052
31 183 0.3774
31 443 0.4161
31 385 0.0433
31 438 0.4094
31 248 0.2595
32 118 0.5631
32 260 0.1151
32 264 0.5524
32 100 0.2460
32 53 0.0168
32 103 0.0844
33 481 0.1126
33 186 0.3886
33 380 0.4340
33 197 0.1756
33 557 0.3605
33 185 0.2284
33 115 0.4579
33 84 0.0534
33 261 0.0638
34 495 0.4630
34 437 0.2034
34 150 0.3456
34 174 0.4175
35 482 0.1848
35 34 0.0966
35 370 0.0614
35 463 0.0360
35 50 0.3220
35 99 0.3587
35 477 0.0592
35 51 0.3106
35 520 0.0009
36 46 0.5664
36 447 0.5969
36 203 0.1380
36 323 0.1474
36 86 0.1105
36 373 0.5209
36 71 3.1402
37 462 0.6479
37 216 0.0812
37 505 0.5547
37 298 0.3070
37 73 0.3284
37 68 0.3483
37 121 0.0228
38 218 0.3537
38 480 0.1507
38 432 0.0456
38 112 0.5279
38 60 0.2728
38 120 0.5451
38 55 0.4654
38 332 0.1723
38 367 0.2008
38 395 0.3104
38 547 0.4381
38 31 0.5072
38 260 0.2533
39 252 0.1356
39 549 0.2425
39 287 0.3531
39 20 0.5602
40 499 0.1641
40 248 0.5658
40 249 0.3529
41 175 0.4811
41 30 0.5562
41 492 0.5602
41 487 0.1854
41 237 0.0955
41 554 0.5807
41 402 0.1115
41 112 0.3744
42 491 0.5266
42 128 0.4939
42 290 0.1584
42 24 0.3283
42 379 0.5220
42 59 0.2310
42 422 0.0019
43 197 0.3044
43 330 0.2502
43 284 0.5258
43 425 0.5034
43 384 0.4205
44 111 0.2687
44 368 0.3393
44 5 0.2437
44 214 0.5704
44 268 0.1547
45 26 0.4922
45 6 0.5618
45 16 0.0906
45 433 0.2564
45 420 0.0581
45 180 0.3953
45 310 0.2834
45 281 0.3124
45 284 0.2353
46 169 0.0433
46 130 0.0749
46 434 0.3680
46 478 0.2512
47 541 0.0456
47 152 0.3991
47 256 0.1195
47 12 0.3886
47 495 0.5365
48 204 0.2630
48 341 0.5716
48 228 0.3162
49 258 0.1963
49 65 0.0665
49 449 0.0632
49 504 0.5264
49 231 0.0777
50 409 0.5457
50 501 0.3668
50 185 0.4119
50 472 0.4570
50 164 0.5997
50 151 0.2631
50 399 0.2886
51 366 0.3428
51 39 0.4107
51 103 0.5643
51 439 0.0115
51 531 0.3513
51 360 0.4847
51 372 0.5407
51 517 0.5788
51 202 0.2847
52 405 0.0600
52 269 0.2149
52 509 0.2615
52 553 0.5125
52 108 0.0660
52 85 0.4183
52 64 0.1182
52 33 0.0345
52 87 0.1582
53 61 0.0247
53 415 0.5273
53 59 0.5474
53 20 0.4733
53 479 0.0038
53 348 0.4418
54 500 0.5818
54 318 0.4832
54 406 0.5309
54 347 0.5031
54 66 0.3103
54 526 0.5374
54 423 0.0224
55 96 0.5653
55 51 0.0816
55 342 0.3434
55 418 0.0291
55 375 0.2642
55 81 0.5513
55 272 0.2615
55 299 2.6208
56 223 0.0231
56 145 0.2086
56 414 0.4604
56 10 0.5885
56 451 0.3905
56 481 0.5541
56 456 0.1190
57 47 0.5855
57 211 0.2098
57 451 0.3842
57 144 0.3726
57 498 0.2701
57 31 0.3231
57 367 0.3609
57 113 0.3632
58 549 0.0554
58 198 0.5820
58 94 0.3361
58 47 0.4351
58 94 0.2897
58 194 0.2974
58 384 0.3741
58 348 0.5891
59 486 0.1363
59 407 0.4447
59 461 0.4447
59 259 0.4234
59 203 0.4609
59 197 0.3903
59 261 0.1107
59 479 0.3278
59 499 0.5397
60 518 0.1617
60 409 0.4564
60 144 0.3009
60 465 0.3048
60 342 0.1192
60 186 0.0607
61 519 0.2155
61 204 0.3600
61 230 0.1802
61 53 0.3874
61 76 0.3062
61 361 0.1820
61 63 0.1211
62 562 0.5840
62 206 0.4871
62 304 0.3903
62 33 0.3849
62 236 0.2053
63 12 0.0956
63 468 0.5588
63 95 0.1324
64 73 0.5360
64 277 0.4906
64 85 0.5253
65 43 3.6457
65 156 0.3143
65 514 0.2126
65 464 0.4808
65 299 0.2600
66 29 0.3424
66 245 0.5889
66 280 0.1892
66 140 0.2330
66 246 0.3672
66 354 0.5575
67 539 0.1726
67 414 0.0378
67 339 0.3494
67 137 0.0789
67 481 0.5945
67 17 0.3330
67 79 0.5076
67 525 0.2331
67 90 0.4650
67 503 2.5746
67 95 0.1685
68 358 0.3746
68 193 0.5382
68 254 0.5256
68 349 0.5313
68 519 0.3016
69 179 0.0043
69 100 0.5817
69 165 0.2150
69 67 0.4621
69 147 0.2586
69 6 0.3711
69 138 0.1567
69 355 0.3363
69 35 0.0720
69 40 0.5053
70 524 0.2693
70 142 0.0939
70 24 0.2125
70 261 0.0577
70 287 0.0603
70 206 0.5644
70 106 0.0090
70 195 0.0131
71 210 0.1663
71 501 0.1781
71 379 0.5786
71 142 0.1868
71 301 0.2347
72 519 0.4122
72 294 0.4388
72 224 0.4714
72 43 0.1806
72 403 0.0486
72 39 0.1655
72 458 0.3404
72 465 0.3448
72 439 0.2667
73 36 0.1442
73 431 0.1562
73 549 0.4769
73 298 0.2121
74 23 0.4858
74 275 0.4930
74 232 0.1495
74 484 0.1191
75 230 0.0522
75 80 0.3129
75 535 0.1371
75 104 0.3585
75 256 0.2251
76 81 0.4119
76 390 0.0924
76 338 0.2473
76 525 0.2890
76 67 0.3934
76 26 0.2938
76 280 0.2967
76 394 0.5239
77 165 0.1743
77 453 0.4150
77 289 0.5434
77 109 0.2306
77 550 0.1438
77 175 0.2054
77 545 0.5326
77 552 0.5132
77 32 0.1152
78 200 0.3048
78 555 0.4906
78 395 0.5024
78 318 0.4826
78 183 0.2034
78 450 0.1602
78 526 0.2526
79 348 0.0557
79 152 0.1727
79 475 0.2827
79 496 0.5850
79 149 0.3120
79 515 0.5838
79 174 0.3929
79 145 0.2566
79 487 0.0814
79 469 0.5145
79 458 0.3749
80 229 0.4176
80 368 0.5406
80 397 0.3017
80 206 0.4045
80 135 0.3180
80 410 0.5461
80 375 0.3444
80 290 0.4077
80 82 0.4579
80 405 0.3639
81 239 0.3857
81 354 0.2366
81 55 0.4824
81 86 0.3192
81 447 0.1113
81 265 0.5260
81 113 0.3464
82 411 0.4109
82 449 0.3753
82 460 0.2615
82 288 0.5833
82 309 0.5203
83 96 0.5921
83 221 0.0183
83 265 0.1081
83 507 0.1370
83 549 0.5252
84 316 0.0935
84 269 0.3091
84 376 0.1864
84 113 0.5532
84 549 0.2888
84 244 0.1986
85 500 0.2059
85 341 0.1844
85 347 0.2726
85 258 0.4453
85 198 0.5611
85 423 0.4665
85 316 0.1244
86 157 0.5455
86 349 0.4336
86 24 0.3638
86 352 0.0267
86 119 0.3990
87 214 0.2218
87 266 0.2436
87 186 0.4824
88 217 0.1059
88 177 0.4273
88 433 0.2081
88 8 0.0651
88 462 0.3602
88 101 0.1474
89 62 0.2487
89 314 0.1169
89 3 0.1259
89 325 0.3556
89 354 0.2798
89 3 0.0266
90 298 0.0616
90 547 0.4314
90 272 0.3146
90 504 0.2171
90 376 0.4584
90 506 0.2084
90 19 0.4893
90 229 0.0457
90 245 0.4329
90 449 0.0719
91 373 0.3816
91 30 0.3248
91 183 0.1073
91 324 0.0254
91 33 0.3123
91 381 0.1445
91 207 0.5987
91 437 0.1685
91 380 0.2977
92 60 0.1118
92 245 0.3053
92 412 0.1310
92 546 0.1071
92 380 0.0861
92 166 4.5018
92 330 0.0440
92 396 0.2313
92 417 0.0883
92 301 0.4006
92 218 0.4166
92 561 0.4786
93 59 0.3467
93 197 0.5313
93 4 0.5873
93 349 0.2461
93 117 0.4920
93 96 0.0873
93 416 0.4585
93 451 0.5051
94 115 0.2949
94 254 0.2249
94 406 0.5953
94 172 0.1890
95 240 0.3570
95 147 0.4151
95 63 0.1753
95 309 0.3904
95 270 0.5857
95 548 0.5645
96 514 0.1654
96 332 0.4260
96 451 0.5850
96 356 0.4522
96 470 0.4667
97 88 0.2479
97 84 0.4231
97 110 0.4267
97 548 0.0343
98 364 0.3330
98 75 0.2623
98 327 0.0789
98 454 0.2118
98 241 0.3772
98 98 0.3124
98 91 0.5371
98 543 0.5443
98 203 0.3237
98 490 0.1544
98 363 0.1714
99 437 0.1673
99 199 0.4176
99 204 0.5032
99 387 0.5260
99 441 0.2518
99 39 0.3325
99 207 0.4227
100 199 0.0662
100 266 0.5977
100 219 0.0047
100 419 0.0168
100 419 0.3693
100 64 0.3461
100 204 0.2410
101 160 0.3065
101 528 0.0237
101 307 0.5050
101 128 0.5965
101 7 0.0750
101 485 0.3482
101 17 0.1447
101 49 0.5981
101 157 0.2465
101 95 0.0745
102 274 0.4670
102 481 0.1397
102 282 0.4299
102 540 0.1961
102 382 0.1969
102 380 0.0142
103 128 0.2143
103 26 0.2897
103 326 0.0266
103 517 0.1761
103 10 0.4779
103 542 0.1671
104 339 0.2782
104 240 0.3169
104 355 0.5360
104 237 0.0175
104 406 0.1081
104 340 0.2525
104 326 0.4479
105 516 0.2572
105 80 0.1894
105 354 0.5642
105 469 0.4052
105 503 0.5372
105 66 0.1038
105 39 0.2440
105 58 0.3723
105 369 0.3089
105 158 0.2537
105 430 0.2023
106 465 0.1439
106 472 0.2254
106 240 0.1340
106 61 0.4948
106 465 0.5709
107 292 0.2349
107 543 0.2302
107 270 0.2720
107 490 0.2801
107 358 0.2344
107 17 0.5868
107 308 0.5598
107 7 0.0088
107 267 0.0885
108 436 0.5017
108 23 0.5927
108 545 0.2392
108 285 0.1336
108 161 0.5677
108 454 0.5834
108 284 0.5598
108 429 0.3486
109 76 0.5235
109 165 0.2386
109 318 0.0078
109 458 0.5943
109 143 0.2144
109 160 0.1590
109 28 0.5336
110 339 0.5607
110 382 0.3356
110 443 0.2995
110 119 0.3464
110 186 0.3867
110 157 0.5546
110 5 0.2209
110 20 0.2087
110 96 0.1517
111 41 0.2972
111 476 0.3515
111 233 0.2775
111 492 0.2237
111 454 0.0714
111 445 0.3192
112 257 0.5019
112 403 0.5416
112 177 0.4470
112 468 4.2022
112 201 0.1779
112 270 0.3373
113 213 0.5463
113 360 0.0439
113 315 0.0414
113 263 0.1773
114 319 0.4715
114 302 0.4064
114 458 0.1955
115 307 0.3551
115 489 0.2990
115 149 0.5060
115 11 0.0358
116 59 0.5768
116 10 0.2670
116 503 0.5790
117 1 0.3619
117 87 0.5133
117 126 0.1324
117 495 0.3534
117 140 0.5244
117 211 0.3487
117 278 0.0244
117 494 0.3951
117 69 0.3289
117 32 0.1337
117 87 0.2604
118 313 0.3765
118 470 0.3076
118 465 0.5722
118 159 0.0992
118 358 0.5081
118 536 0.3517
118 20 0.2616
119 282 0.3569
119 38 0.2443
119 175 0.2949
120 126 0.5484
120 7 0.4170
120 313 0.2564
120 219 0.5632
120 387 0.2217
120 103 0.1492
121 168 0.3285
121 539 0.5473
121 316 0.5452
121 546 0.1952
121 107 0.4424
121 87 0.1080
122 429 0.0640
122 130 0.1111
122 462 0.0026
122 524 0.0151
122 502 0.4414
122 306 0.5261
122 293 0.2539
123 418 0.5397
123 537 0.4178
123 334 0.1231
123 355 0.5969
123 75 0.1407
123 162 0.1495
123 59 0.5840
123 269 0.1618
124 130 0.5934
124 264 0.5689
124 279 0.5002
124 321 0.4916
125 186 0.4742
125 371 0.2154
125 252 0.3301
126 238 0.0351
126 21 0.0900
126 207 0.3477
126 116 0.0174
126 208 0.1193
126 70 0.2950
126 43 0.4824
127 551 0.3015
127 439 0.5416
127 205 0.3021
127 121 0.5857
127 82 0.3381
127 248 0.1572
127 538 0.4243
127 210 0.0111
127 75 0.0520
127 63 0.1342
128 227 0.0520
128 23 0.1060
128 396 0.0978
128 21 3.3203
128 234 0.5526
128 142 0.1795
128 497 0.5669
128 483 0.2410
129 553 0.5877
129 80 0.5473
129 192 0.2046
129 111 0.4530
129 556 0.0280
130 358 0.2201
130 493 0.3046
130 367 0.5169
130 402 0.0896
130 5 0.4197
130 516 0.3444
130 238 0.1780
130 415 0.0375
131 483 0.4171
131 498 0.5344
131 368 0.1569
131 22 0.2396
132 455 0.1155
132 28 0.0497
132 25 0.0068
132 239 0.1520
132 341 0.5445
132 498 0.4310
132 190 0.3377
132 512 0.1564
132 414 0.0970
132 382 0.0609
132 233 0.0320
133 467 0.2276
133 120 1.3630
133 319 0.5254
133 295 0.2200
133 559 0.0979
133 210 0.4455
133 117 0.4959
134 271 0.5190
134 35 0.4208
134 305 0.3412
134 43 0.2669
135 274 0.2698
135 430 0.2931
135 495 0.0601
135 326 0.3189
135 156 0.4192
135 289 0.3897
136 25 0.3017
136 377 0.4810
136 215 0.3084
136 217 0.0231
136 508 0.5940
136 57 0.1976
137 56 0.5951
137 167 4.5770
137 486 0.5805
137 301 0.4711
137 215 0.1464
137 143 0.0047
138 563 0.2077
138 505 0.0917
138 523 0.4099
138 150 0.2487
138 543 0.4384
138 274 0.4424
138 486 0.0700
139 269 0.4408
139 418 0.3721
139 195 0.5785
139 131 0.4044
139 429 1.9829
139 512 0.2299
139 533 0.3167
140 258 0.1424
140 416 0.5160
140 99 0.1490
140 383 0.3753
140 158 0.3983
141 25 0.4063
141 219 0.5149
141 242 0.5454
141 419 0.3348
141 233 0.1524
141 427 0.0407
142 63 0.4691
142 39 0.3160
142 306 0.4135
142 196 0.4424
143 479 0.5032
143 5 0.4491
143 353 0.1313
143 507 0.4063
144 8 0.5412
144 411 0.5974
144 21 0.3800
144 545 0.1039
144 193 4.0951
144 452 0.3427
144 510 0.2896
145 127 0.5533
145 491 0.4099
145 43 0.1011
145 456 0.3920
145 91 0.4847
145 376 0.0385
145 310 0.2810
145 410 0.4252
146 366 0.5759
146 373 0.2844
146 457 0.4152
146 502 0.5293
146 461 0.3637
147 414 0.2522
147 473 0.2244
147 305 0.4240
147 24 0.1395
147 453 0.1852
147 514 0.1103
147 383 0.1345
147 460 0.5622
148 318 0.3804
148 296 0.1335
148 83 0.4567
148 62 0.2866
148 514 0.4345
149 558 0.3073
149 12 0.1049
149 373 0.5673
149 446 0.0270
149 85 0.0709
149 199 0.4893
149 220 0.0328
150 485 0.4141
150 380 0.0195
150 157 0.0408
150 343 0.3268
150 409 0.0755
151 385 0.5311
151 319 0.4379
151 242 0.0477
151 463 0.3518
151 156 0.1482
151 38 0.0908
151 316 0.0735
151 124 0.2393
151 116 0.1911
152 540 0.4932
152 33 0.5101
152 85 0.3963
152 543 0.1666
152 105 0.1880
152 515 0.4042
153 537 0.5983
153 42 0.2160
153 45 0.2894
153 357 0.0031
153 552 0.4795
154 123 0.4798
154 429 0.2014
154 326 0.1083
154 204 0.5246
154 445 3.9443
154 232 0.4547
154 167 0.5371
154 88 0.5011
154 384 0.4717
154 531 0.0944
154 71 3.7034
154 66 0.5225
154 466 0.2791
155 543 0.3372
155 265 0.4763
155 165 0.5046
155 237 0.1775
155 460 0.1976
155 138 0.4086
155 543 0.1790
156 483 0.6230
156 1 0.4219
156 195 0.1858
156 554 0.2182
156 187 0.0748
156 281 0.1409
156 236 0.1760
156 350 0.3994
156 37 0.5491
157 472 0.4445
157 540 0.1801
157 558 0.3271
157 323 0.3049
157 102 0.0589
157 444 0.3982
157 184 0.0197
157 91 0.2627
157 3 0.1561
157 95 0.0685
158 334 0.2942
158 22 0.2566
158 207 0.0287
158 275 0.3958
158 355 0.5094
158 109 0.5731
158 507 0.5949
158 285 0.3621
159 454 0.2165
159 133 0.0248
159 58 0.1052
159 257 0.4228
159 340 0.2077
159 384 0.0429
159 15 0.4191
159 131 0.3048
159 33 0.3647
159 30 0.5485
160 500 0.3343
160 524 0.1680
160 221 0.2893
160 361 0.1057
161 461 0.0184
161 514 0.1869
161 173 0.1530
161 398 3.5940
161 97 0.5140
161 2 0.4019
161 111 0.4626
161 490 0.0850
161 545 0.2846
162 535 0.1731
162 183 0.1126
162 215 0.0074
162 63 0.2067
162 226 0.2300
162 139 0.1227
162 453 0.5476
162 55 0.3220
162 104 0.2378
163 330 0.2879
163 339 0.5456
163 327 0.5394
163 266 0.0413
163 225 0.5421
163 303 0.5113
163 172 0.3310
163 269 0.4820
163 202 0.4528
163 33 0.3703
163 423 0.5155
163 137 0.2415
163 269 0.3250
164 494 0.1797
164 66 0.5358
164 558 0.4586
164 233 0.2181
164 377 0.2919
164 179 0.3824
164 96 0.9970
165 236 0.0775
165 483 0.3034
165 264 0.5130
165 359 0.3118
165 509 0.4307
165 385 0.3130
165 15 0.3583
165 212 0.4511
166 30 0.4331
166 46 0.1024
166 502 0.5103
166 445 0.0004
166 84 0.2988
166 353 0.1855
166 522 0.2208
167 313 0.0264
167 498 0.0921
167 386 0.2276
167 561 0.5069
167 507 0.4311
167 545 0.3049
167 387 0.1833
167 102 0.4299
167 172 1.3871
167 134 0.3834
168 559 0.1293
168 138 0.5636
168 83 0.0771
168 236 0.1267
168 397 0.4004
168 430 0.4119
168 397 0.5829
169 408 0.2775
169 71 0.3569
169 372 0.4126
169 270 0.3449
169 16 0.5132
169 510 0.0271
170 250 0.4110
170 478 0.5204
170 400 0.1680
170 25 0.3867
170 362 0.0045
171 268 0.2125
171 21 0.2111
171 241 0.2927
172 420 0.1569
172 68 0.1213
172 380 0.0028
172 200 0.2682
172 162 0.5178
172 251 0.4844
172 328 0.3158
172 171 0.5308
172 177 0.5507
173 405 0.5558
173 225 0.2787
173 481 0.2977
173 308 0.4777
173 304 0.1429
173 445 0.5839
174 217 0.5360
174 384 0.5195
174 287 0.1288
174 129 0.3765
174 130 0.4415
174 142 0.0348
174 334 0.2200
174 408 0.5960
174 105 0.1360
175 439 0.1369
175 246 0.3397
175 474 0.4842
175 522 0.4544
175 485 0.4932
175 74 0.4441
175 450 0.1645
175 361 0.1756
176 537 0.0066
176 12 0.3701
176 502 0.0052
176 390 0.4823
176 115 0.2892
176 427 0.1595
176 6 0.2659
176 249 0.3975
177 151 0.5621
177 282 0.4611
177 511 0.0545
177 248 0.3965
177 135 0.4063
177 443 0.2333
177 161 0.4193
177 12 0.3755
177 146 0.1984
177 480 0.2014
177 136 0.5215
177 202 0.4875
177 215 0.0320
177 71 0.0673
178 131 0.5101
178 424 0.1784
179 363 0.5377
179 518 0.1940
179 13 0.1608
179 516 0.4516
179 182 0.7710
179 69 0.0106
179 484 0.5373
179 492 0.4552
179 437 0.4785
179 448 0.4701
180 194 0.3366
180 550 0.0995
180 380 0.3258
180 44 0.2064
180 92 0.1520
181 285 0.3099
181 241 0.0959
181 365 0.4427
181 458 0.1676
181 430 0.0576
181 491 0.4485
181 240 0.2351
181 148 0.0337
182 465 0.0609
182 421 0.4358
182 450 0.5817
182 193 0.3250
182 479 0.4602
183 109 0.1042
183 316 0.0874
183 364 0.0465
183 485 0.4094
183 216 0.4971
183 52 0.2375
183 319 0.0826
183 333 0.4793
183 381 0.4949
183 438 0.3356
183 27 0.5602
184 228 0.2090
184 231 0.0515
184 370 0.2380
184 15 0.1863
184 24 0.0264
184 100 0.0738
184 71 0.4758
185 554 0.1169
185 389 0.4828
185 143 0.4918
185 493 0.2167
185 171 0.5054
185 408 0.1328
185 246 0.0532
185 531 0.0874
185 269 0.5629
185 378 0.1405
186 383 0.1587
186 367 0.2520
186 493 0.3474
186 25 0.1561
186 431 0.3996
186 265 0.2341
186 563 0.0958
187 402 0.1269
187 396 0.0884
187 477 0.3962
187 317 0.4469
187 178 0.5760
187 141 0.5472
187 84 0.5666
188 372 0.4565
188 542 0.3202
188 111 0.4012
188 281 0.5784
188 554 0.0001
188 324 0.4424
189 424 0.1351
189 520 0.2101
189 249 0.0499
190 4 0.0002
190 496 0.2174
190 230 0.4268
190 451 0.1481
190 282 0.3570
191 22 0.1047
191 443 0.3602
191 301 0.5820
191 292 0.3662
192 239 0.5493
192 427 0.4296
192 243 0.2680
192 522 0.5623
192 79 0.4602
192 105 0.0258
192 146 0.4399
192 156 0.0961
192 389 0.5651
192 300 0.2043
192 392 0.1876
193 320 0.0002
193 195 0.0732
193 20 0.0945
193 201 0.0651
193 63 0.4146
193 293 0.2365
193 321 0.2246
193 299 0.2434
193 427 0.3604
194 110 0.4228
194 237 0.2138
194 258 0.0195
194 158 0.0272
194 363 0.5669
195 168 0.4744
195 113 0.0903
195 224 0.0395
195 181 0.2477
195 110 0.4193
195 163 0.0640
195 550 0.5923
195 519 0.2475
196 473 0.5545
196 544 0.4475
196 484 0.5917
196 28 0.1511
196 297 0.5996
196 204 0.3834
197 468 0.5538
197 380 0.5737
197 471 0.5528
197 476 0.1868
197 493 0.5112
197 244 0.1204
197 72 0.5485
198 549 0.1470
198 174 0.1327
198 54 0.1112
198 372 0.4573
198 501 0.2420
198 11 0.1666
198 311 0.4250
198 60 0.4571
199 224 0.3121
199 351 0.1913
199 130 0.2582
199 454 0.4531
199 362 0.2864
199 439 0.4261
199 466 0.1956
200 308 0.3042
200 191 0.4106
200 325 0.3549
200 440 0.1382
200 27 0.2996
200 456 0.0461
200 194 0.2715
201 92 0.1583
201 507 0.3504
201 484 0.0684
201 556 0.4741
201 196 0.1506
201 543 0.2051
201 122 0.2826
201 104 0.3965
202 551 0.2337
202 246 0.5229
202 100 0.0160
202 312 0.1952
202 307 0.1837
202 127 4.9898
202 503 0.0966
202 492 0.2864
203 202 0.0118
203 347 0.2602
203 51 0.3220
203 187 0.4255
203 522 0.2859
203 261 0.3279
203 343 0.4679
203 252 0.4572
204 486 0.2268
204 43 0.0799
204 183 0.0952
204 232 0.3945
205 233 0.2814
205 119 0.0354
205 308 0.1760
206 526 0.4734
206 365 0.0185
206 410 0.0505
206 374 0.5891
206 65 0.4089
206 294 0.4373
206 530 0.3574
206 469 0.3645
206 442 0.0266
206 414 0.5679
207 377 0.5916
207 383 0.0378
207 434 0.4597
207 523 0.2275
207 460 0.0095
207 553 0.0247
208 236 0.3493
208 386 0.2283
208 218 0.3615
208 123 0.4318
208 380 0.1755
208 493 0.1034
209 332 0.4243
209 463 0.2754
209 432 0.5224
209 57 0.0051
209 116 0.5661
209 217 0.1476
210 348 0.2601
210 312 0.5961
210 171 0.5334
210 418 0.3762
210 11 0.0970
210 476 0.0843
210 203 0.5501
210 163 0.0094
210 524 0.4875
211 526 0.0245
211 68 0.3179
211 517 0.2280
211 34 0.4737
211 12 0.0497
211 289 0.2132
212 2 0.3019
212 207 0.2814
212 78 0.2936
212 186 0.5739
212 434 0.2018
212 99 0.0256
212 144 0.4365
212 303 0.2978
212 317 0.3390
212 362 0.1072
212 236 0.1047
213 430 0.0151
213 56 0.3560
213 358 0.0911
213 263 0.5480
214 108 0.2269
214 102 0.0731
214 294 0.3222
214 160 0.0074
214 57 0.2409
214 424 0.3378
215 543 0.3473
215 304 0.3197
215 40 0.3343
215 22 0.2607
216 306 0.2904
216 413 0.0008
216 428 0.5832
216 240 0.5072
216 226 0.2318
216 325 0.3236
216 128 0.3323
216 394 0.4252
216 128 0.5370
217 516 0.5983
217 167 0.4330
217 373 0.4087
217 35 0.2859
217 418 0.4503
217 563 0.5125
217 559 0.0471
217 518 0.5493
217 272 0.5227
218 235 0.2892
218 502 0.3570
218 125 0.4616
218 498 0.2759
218 78 0.1341
218 558 0.4087
219 334 0.4923
219 430 0.2708
219 203 0.2279
219 1 0.3883
220 138 0.2777
220 154 0.0997
220 347 0.5825
221 116 0.0004
221 38 0.4666
221 541 0.1553
221 540 0.1683
221 259 0.5014
221 177 0.2559
221 494 1.5724
221 390 0.3491
221 361 0.5058
221 401 0.0458
222 211 0.4232
222 220 0.1434
222 220 0.4173
222 328 0.5120
222 414 0.4699
222 562 0.3970
222 244 0.5935
223 176 0.5727
223 358 0.1463
223 15 0.0005
223 31 0.2698
223 2 0.2904
224 334 0.5516
224 329 0.3245
224 84 0.0509
224 405 0.5434
224 92 0.4574
224 9 0.4631
224 220 0.0433
225 22 0.4990
225 409 0.1322
225 75 0.3521
225 326 0.1634
225 265 0.3236
225 531 0.1104
225 557 0.5135
225 365 0.4764
226 325 0.4134
226 416 0.4196
226 189 0.1064
226 186 0.3481
226 469 0.0644
226 239 0.4738
226 427 0.4023
226 555 0.5070
226 101 0.2272
226 344 0.2219
227 284 0.3657
227 509 0.3121
227 203 0.1047
227 415 0.0290
227 542 0.1923
228 141 0.3118
228 372 0.1850
228 37 0.4149
228 22 0.2076
228 53 0.1414
228 373 0.0755
228 28 0.2367
228 423 0.1900
228 220 0.0144
228 22 0.1678
228 114 0.0506
229 291 0.3731
229 274 0.5796
229 150 0.4057
229 165 0.3325
229 346 0.1093
229 19 0.5246
229 365 0.2077
229 180 0.0834
230 64 0.3715
230 134 0.1980
230 485 0.2431
230 283 0.5147
230 474 0.5487
230 168 0.0727
230 279 0.5195
230 319 1.7001
230 143 0.1800
230 335 0.4325
231 339 0.3360
231 150 0.2758
231 526 0.2663
231 307 0.4631
231 438 0.3104
231 410 0.1411
231 265 0.0484
231 328 0.5402
231 439 0.4612
231 75 0.5639
231 200 0.0223
231 327 0.2915
232 83 0.5449
232 556 0.5083
232 105 0.4451
232 246 0.0663
232 245 0.2809
232 9 0.5453
232 30 0.5289
233 163 0.4465
233 345 0.0994
233 314 0.5506
233 480 0.4382
233 487 0.0514
233 385 0.1901
233 549 0.3619
234 364 0.5467
234 237 0.3104
234 473 0.0305
234 302 0.1631
234 441 0.5268
234 396 0.0110
234 544 1.1420
234 8 0.0432
235 319 0.1167
235 327 0.3069
235 257 0.5899
235 284 0.0212
235 525 0.1716
235 169 0.2817
235 69 0.5739
236 323 0.1588
236 240 0.3401
236 111 0.2404
236 303 0.2249
236 134 0.3291
237 509 0.4322
237 335 0.0971
237 429 0.1743
238 284 0.5540
238 197 0.5750
238 253 0.1587
238 456 0.1838
238 305 0.3486
239 9 0.1575
239 353 0.3075
239 206 0.2731
239 221 0.3493
239 446 0.5959
239 377 0.1322
239 191 0.3687
239 291 0.0077
240 407 0.3684
240 209 0.3053
241 391 0.4267
241 54 0.2548
241 194 0.0429
241 8 0.2419
241 12 0.1578
241 221 0.3607
241 15 0.1486
242 245 0.4112
242 490 0.4577
242 106 0.3263
242 220 0.0279
242 7 0.3904
242 173 0.5538
243 41 0.3532
243 381 0.1250
243 155 0.5270
243 462 0.4434
243 333 0.5984
243 112 0.2764
243 562 0.3951
244 62 0.5993
244 192 0.5867
244 459 0.5994
244 55 2.2728
244 393 0.1032
244 18 0.5910
244 399 0.4771
244 183 0.1482
244 130 0.5218
244 400 0.1136
244 522 0.4881
244 464 0.5275
245 446 0.1661
245 408 0.2696
245 367 0.3063
245 299 0.5099
245 531 0.0329
245 341 0.5119
245 440 0.2488
246 280 0.3151
246 172 0.1715
246 499 0.4610
246 437 0.4224
246 401 0.3461
246 339 0.3860
246 409 0.4097
247 173 0.5339
247 224 0.5351
247 418 0.0217
247 449 0.2316
247 352 0.4446
247 53 0.4827
248 321 0.0011
248 515 0.0362
248 413 0.1525
248 219 0.5276
249 234 0.4602
249 511 0.2050
249 446 4.9372
249 302 0.0697
249 375 0.1283
249 562 3.3364
249 494 0.1167
250 169 0.0085
250 444 0.0889
250 332 0.5924
250 437 0.3938
250 496 0.1957
250 321 0.5413
250 192 0.4419
250 407 0.2178
251 373 0.2085
251 484 0.5593
251 149 0.5414
251 523 0.3311
251 430 0.5356
251 521 0.4172
252 372 0.5360
252 160 0.1495
252 219 0.4923
252 258 0.3500
252 121 0.4983
252 458 1.2931
252 557 0.3282
253 169 0.3300
253 99 0.1950
253 258 0.4950
253 223 0.1778
253 142 0.3562
253 23 0.3678
254 147 0.0669
254 111 0.1899
254 22 0.2784
254 38 0.0174
254 536 0.0190
254 271 0.5624
254 358 0.4412
254 463 0.0966
255 364 0.1397
255 272 0.4200
255 527 0.4182
255 345 0.4917
255 181 0.4555
255 550 0.1106
255 71 0.2497
255 259 0.0572
255 301 0.4094
256 343 0.3814
256 248 0.4950
256 456 0.4731
256 112 0.1932
256 553 0.3378
256 277 0.5499
256 523 0.0239
256 149 0.5043
256 284 0.2620
256 231 0.4711
257 278 0.2783
257 5 0.5572
257 425 0.1690
257 103 0.3690
257 556 0.1050
257 258 0.5184
257 20 0.5535
258 435 0.2492
258 215 0.2452
258 97 0.3826
258 107 0.4673
258 148 0.0916
258 32 0.2970
258 226 0.1419
258 185 0.0035
258 560 0.2131
259 496 0.2015
259 236 0.3250
259 71 0.1140
259 340 0.3776
259 520 0.2231
259 241 0.0122
259 327 0.4597
259 151 0.4572
259 81 0.2676
260 511 0.5336
260 521 0.4309
260 78 0.0500
260 556 0.3230
260 346 0.1484
260 252 0.1180
260 48 0.5010
260 84 0.3842
260 143 0.0258
260 412 0.0336
261 135 0.3025
261 292 0.1398
261 138 0.2089
261 349 0.4156
261 31 0.1621
261 446 0.1200
261 352 0.1117
262 220 0.1754
262 532 0.1260
262 272 0.1500
262 504 0.4068
262 415 0.0002
262 338 0.1824
262 112 0.5491
263 473 0.2722
263 303 0.3678
263 535 0.5711
263 356 0.4450
263 192 0.1994
263 262 0.1683
263 489 0.0043
263 523 0.4902
263 400 0.3187
264 148 0.2058
264 142 0.5399
264 269 0.0666
264 301 0.1476
265 105 0.3667
265 176 0.1729
265 190 0.1068
265 379 0.1140
265 225 0.3705
265 144 0.1104
265 404 0.5375
265 270 0.0903
265 323 0.4210
266 272 0.0019
266 191 0.1150
267 433 0.2868
267 506 0.4534
267 196 0.3270
267 292 0.5564
267 98 0.3361
267 60 0.3929
267 2 0.5837
267 466 0.0843
267 41 0.0507
267 362 0.0747
267 456 0.2527
267 420 0.5382
267 98 0.0945
268 46 0.0737
268 319 0.3352
268 449 0.3651
268 436 0.2077
268 255 0.4473
268 122 0.1345
268 179 0.4845
268 293 0.4050
269 301 0.5007
269 403 0.3338
269 222 0.2885
269 353 0.2017
269 112 0.1605
269 256 0.3418
269 235 0.4063
269 204 0.2590
269 5 0.5772
270 519 0.0290
270 514 0.2370
270 451 0.4666
270 336 0.4527
270 23 0.1885
270 336 0.2655
270 437 0.5900
270 266 0.2487
271 299 0.2159
271 176 0.3761
271 284 0.5884
271 393 0.1121
271 490 0.1052
271 206 0.2779
272 431 0.3916
272 510 0.2572
272 370 0.4790
272 389 0.5208
272 71 0.0448
272 355 0.1922
272 468 0.2279
272 23 0.5191
272 167 0.3846
272 450 0.4799
273 480 0.4864
273 169 0.0864
273 526 0.2726
273 232 0.4797
273 191 0.5014
273 87 0.0478
273 190 0.1912
274 103 0.1782
274 98 3.6559
274 267 0.4692
274 484 0.0801
275 245 0.3598
275 454 0.2087
275 201 0.1693
275 396 0.0926
275 216 0.1456
275 242 0.2535
275 455 0.2654
275 137 0.3988
275 389 0.2438
275 390 0.2161
275 206 0.5385
276 150 0.0837
276 66 0.2363
276 177 0.2903
276 351 0.4542
277 302 0.1356
277 452 0.2620
277 277 0.4572
277 95 0.5247
277 316 0.4564
277 430 0.0898
278 343 0.3286
278 258 0.0400
278 340 0.3060
278 552 0.0206
278 176 0.2870
278 69 0.2141
279 257 0.3816
279 174 0.0777
279 134 0.0250
279 101 0.2400
279 377 0.2867
279 469 0.4621
279 367 0.4964
279 520 0.4992
279 201 0.0874
279 430 0.0557
279 265 0.4752
279 421 0.3968
279 59 0.0045
279 517 0.4981
280 545 0.0771
280 558 0.4164
280 562 0.4472
280 52 0.5291
280 116 0.4321
281 313 0.4694
281 248 0.2804
281 151 0.5765
281 26 0.1789
281 7 0.3995
281 257 0.2082
282 256 0.0725
282 14 0.1429
282 145 0.3557
282 125 0.5736
283 404 0.4537
283 507 0.1579
283 380 0.4775
283 187 0.2291
283 550 0.3222
283 444 0.0021
283 333 0.3149
283 77 0.3982
284 369 0.1557
284 122 0.5975
284 178 0.2686
284 79 0.0907
284 322 0.5356
284 12 0.1162
285 91 0.1986
285 170 0.0528
285 345 0.1203
285 527 0.5283
285 207 0.5937
286 362 0.3286
286 554 0.5914
286 465 0.2315
286 84 0.5878
286 336 0.0052
286 462 0.2970
286 104 0.2179
287 409 0.1729
287 262 0.4015
287 296 0.2832
287 481 0.5844
287 25 0.5019
287 444 0.3931
287 228 0.1031
287 533 0.4013
287 273 0.5339
288 389 0.4657
288 505 0.0461
288 562 0.1202
288 202 0.4596
288 154 0.1459
289 533 0.3210
289 187 0.3982
289 29 0.2641
290 27 0.4961
290 542 0.2586
290 455 0.1429
290 413 0.1685
290 366 0.5890
291 267 0.4675
291 538 0.4000
291 223 0.2195
291 267 0.5617
291 551 0.5795
291 254 2.7400
291 494 0.0891
291 397 0.5199
291 258 0.1772
291 68 0.3711
291 304 0.0141
291 405 0.2923
291 491 0.5243
291 237 0.4572
291 252 0.5427
291 509 0.1613
291 93 0.0330
292 411 0.4874
292 237 0.1186
292 57 0.1913
292 490 0.5802
292 74 0.4220
293 534 0.1442
293 452 0.5824
293 300 0.0985
293 446 0.3682
293 544 0.3590
294 543 0.2044
294 429 0.2276
294 349 0.5018
294 166 0.5175
294 177 0.2034
294 481 0.5800
294 386 0.2131
294 545 0.0259
294 455 0.1998
295 88 0.5566
295 265 0.1722
295 60 0.1209
295 176 0.3706
296 433 0.1988
296 172 0.1507
296 127 0.3840
296 374 0.5229
296 478 0.0064
296 439 0.3876
296 345 3.4981
296 410 0.4590
296 374 2.3179
297 127 0.0205
297 72 0.4402
297 9 0.2093
298 370 0.3598
298 162 0.2258
298 523 0.2334
298 504 0.0195
299 37 0.1384
299 120 0.5167
299 551 0.3313
299 101 0.2226
299 271 2.6349
300 365 0.2203
300 25 0.1737
300 281 0.4280
300 95 0.5049
301 446 0.3446
301 20 0.2708
301 382 0.3332
301 422 0.4624
301 214 0.5194
301 366 0.5918
301 98 0.2864
301 465 0.3044
301 263 0.5956
301 30 0.2518
301 520 0.1460
301 186 0.3913
302 558 0.5691
302 47 0.2004
303 338 0.4637
303 360 0.3649
303 546 0.0011
303 410 0.2180
303 404 0.0095
303 17 0.4883
303 329 0.1756
303 409 0.0917
303 245 0.2897
304 189 0.3207
304 192 0.3575
304 469 0.3556
304 315 0.0954
304 374 0.3054
304 169 0.5629
304 551 0.0896
304 437 0.1196
304 259 0.2698
304 432 0.0503
304 26 0.3207
304 165 0.0523
305 359 0.5992
305 12 0.1379
305 36 0.0396
305 73 0.3644
305 355 0.1179
305 419 0.2671
305 435 0.2882
305 530 0.3300
305 298 0.3343
305 175 0.9217
306 226 0.2955
306 418 0.5773
306 53 0.5813
307 515 0.1225
307 479 0.1225
307 200 0.3817
307 207 0.0885
307 491 0.2955
307 248 2.1727
307 264 0.2146
307 492 0.1281
308 390 0.3769
308 511 0.2388
308 201 2.5533
308 161 0.0176
308 553 0.0847
308 21 0.1615
308 82 0.2794
309 63 0.3844
309 484 0.3929
309 526 0.2933
309 353 0.4381
309 537 0.0016
310 484 0.1160
310 410 0.4927
310 410 0.3204
310 290 0.0497
310 406 0.2232
311 349 0.3362
311 511 0.0976
311 479 4.6009
311 254 0.2374
311 515 0.0368
311 391 0.1872
311 218 0.2188
312 169 0.1812
312 78 0.1528
312 257 0.0101
312 452 0.4039
312 372 0.3005
313 513 0.2073
313 313 0.2524
313 61 0.5800
313 83 0.1269
313 136 0.5204
313 73 0.5033
313 132 0.5008
313 154 0.2615
313 342 0.1023
313 291 0.0218
314 264 0.2723
314 507 0.4646
314 343 0.0313
314 273 0.3946
314 493 0.2356
314 544 0.2965
314 490 0.1923
314 292 0.2495
314 228 0.1713
314 323 0.3983
314 430 0.5425
315 187 0.1092
315 12 0.0276
315 65 0.5895
315 388 0.0927
315 86 0.2070
315 147 0.1887
316 496 0.0390
316 250 0.4933
316 188 0.0537
316 217 0.3473
316 519 0.5027
316 79 0.0170
316 362 0.2338
317 61 0.1519
317 129 0.5010
317 382 0.3761
317 453 0.1452
317 74 0.3824
317 435 0.0863
317 156 0.4061
317 341 0.5336
317 195 0.5117
317 30 0.0190
318 434 0.0935
318 466 0.5611
318 533 0.5469
318 459 0.4465
318 493 0.1885
318 333 0.0656
318 472 0.2167
318 547 0.1585
318 328 0.0758
318 137 0.2821
319 111 0.1283
319 47 0.3376
319 32 0.4184
319 72 0.0290
320 541 0.2818
320 52 0.5704
320 235 0.0231
320 198 0.4544
320 155 0.2771
320 156 0.1945
320 325 0.4842
320 557 0.3386
320 435 0.3229
320 118 0.5365
320 434 0.2493
321 109 0.2869
321 225 0.0396
321 122 0.2612
321 538 4.3053
321 521 0.3585
321 324 0.0872
322 332 0.0620
322 342 0.0888
322 362 0.3135
322 234 0.4134
322 172 0.5195
322 188 0.1257
322 488 0.0932
322 348 0.0924
322 398 0.0794
323 217 0.4968
323 86 0.1088
323 407 0.2625
323 560 0.4952
323 301 0.1974
323 55 0.5175
323 519 0.3265
323 558 0.3044
323 72 0.5969
324 402 0.1879
324 430 0.3278
324 509 0.3474
324 446 0.5577
324 514 0.2653
324 235 0.4147
324 152 0.3933
324 97 0.0431
325 455 0.2712
325 522 0.1433
325 477 0.4961
325 406 0.1666
326 325 0.5641
326 84 0.5491
326 74 0.5464
326 167 0.0844
326 335 0.1220
326 232 0.3706
327 235 0.3437
327 268 0.1652
327 293 0.3165
327 244 0.0979
327 494 0.1843
327 466 0.3711
327 58 0.5523
328 45 0.5683
328 231 0.4333
328 493 0.5325
328 238 0.2556
328 535 0.3224
328 365 0.2718
328 112 0.5769
329 162 0.5958
329 266 0.3958
329 506 0.0474
329 12 0.2631
329 453 0.0709
329 516 0.1969
329 309 0.1221
329 148 0.3130
330 32 0.2388
330 287 0.2935
330 62 0.1457
330 155 0.2684
330 483 0.1624
330 436 0.3774
330 185 0.5784
330 172 0.0102
331 103 0.0597
331 436 0.2781
331 552 0.4104
331 391 0.4345
331 59 0.2847
331 332 0.4875
331 365 0.1030
331 97 0.4074
331 471 0.2730
332 331 0.5419
332 217 0.0638
332 59 0.4695
332 175 0.4289
333 50 0.1549
333 80 0.4280
333 333 0.2870
333 24 0.2099
333 455 1.0536
333 546 0.4019
333 231 0.1826
334 32 0.2839
334 90 0.1921
334 42 0.4423
334 101 0.2075
334 219 0.5537
334 24 0.3432
334 547 0.5594
334 115 0.3456
335 449 0.5348
335 544 0.5974
335 515 0.1592
335 327 0.2718
336 230 0.2609
336 167 1.7257
336 333 0.2913
336 197 0.2875
336 249 0.1696
337 39 0.0070
337 186 0.3316
337 360 0.5654
337 290 0.2435
337 395 0.1979
337 306 0.1332
337 268 0.5853
337 470 0.2576
337 170 0.5295
337 202 0.1209
337 328 0.3751
337 487 0.5036
337 236 0.0884
338 259 0.1228
338 43 0.2001
338 545 0.3731
338 51 0.5555
338 256 0.0374
338 57 0.0394
338 451 0.4548
338 521 0.4765
338 190 0.3546
338 131 0.0731
338 322 0.0097
339 424 0.5925
339 17 0.0414
339 79 0.4113
339 482 0.0171
340 420 0.1713
340 143 0.4401
340 454 0.2544
340 27 0.1403
340 61 0.1511
341 217 0.2464
341 178 0.4655
341 23 0.3684
341 9 0.0044
342 287 0.2321
342 288 0.5262
342 346 0.4118
342 434 0.3489
342 353 0.3772
342 87 0.3716
343 79 0.1253
343 135 0.2474
343 536 0.5527
343 299 0.5319
343 116 0.5306
344 374 0.5532
344 561 0.3409
344 546 0.2863
344 82 0.3565
344 560 2.6530
344 12 0.3864
344 549 0.3369
344 44 0.1300
344 39 0.3297
345 259 0.5382
345 393 0.1280
345 122 0.3546
345 185 0.4370
345 111 0.2323
345 39 0.4052
346 95 0.1545
346 186 0.2525
346 291 0.2253
346 79 0.1412
346 235 0.4204
346 22 0.4224
347 115 0.4510
347 347 0.2470
347 400 0.0417
348 176 0.3012
348 327 0.4106
348 241 0.3227
348 381 0.4637
348 476 0.4889
348 217 0.2154
348 225 0.0095
349 295 0.2615
349 482 0.4295
349 360 0.1200
349 506 0.5094
349 503 0.2485
349 352 0.2340
349 136 0.1511
349 483 0.5192
349 412 0.4840
349 420 0.3552
350 388 0.0451
350 97 0.3784
350 488 0.2513
350 56 0.3152
351 234 0.4810
351 380 0.0711
351 94 0.2101
351 227 0.0474
351 415 0.4086
351 530 0.2304
352 91 0.0463
352 20 0.5170
352 402 4.9165
352 519 0.1259
352 311 0.4418
352 88 0.4664
352 432 0.0103
353 24 0.4848
353 428 0.0370
353 367 0.3022
353 333 0.4596
353 28 0.5125
353 262 0.4439
353 276 0.1767
353 445 0.0694
353 331 0.1429
353 121 0.4206
354 129 0.2521
354 181 0.2285
354 158 0.0165
354 74 0.1105
354 41 0.1068
354 282 0.4490
354 561 0.0445
354 127 0.3005
354 390 0.2950
354 467 0.4459
354 466 0.3694
355 189 0.1890
355 381 0.2042
355 392 0.2039
355 336 0.0376
355 454 0.3481
355 286 0.4481
355 500 0.0617
355 424 0.1015
355 448 0.1115
356 476 0.3227
356 330 0.2090
356 387 0.0927
356 10 0.3597
356 423 0.3809
356 375 0.0276
356 88 0.5991
356 178 0.2857
357 185 0.4786
357 383 0.4422
357 12 0.3699
357 136 0.2285
357 503 0.2044
357 91 0.4610
358 503 0.3731
358 455 0.4352
358 375 0.5249
358 121 0.4083
359 70 0.4352
359 381 0.4182
359 21 0.5513
359 386 0.3003
359 528 0.0465
359 222 0.5553
359 279 0.5472
359 157 0.5732
359 264 0.5588
359 297 0.4675
359 270 0.4590
360 285 2.6778
360 319 0.2823
360 347 0.2146
360 251 0.2191
360 453 0.2080
360 159 0.2965
360 207 0.1300
360 95 0.1681
361 440 0.4374
361 452 0.5185
361 55 0.5081
361 429 0.5386
361 175 0.1971
361 450 0.2799
362 483 0.1079
362 451 0.3846
362 460 0.3101
362 282 0.0880
362 386 0.2813
362 531 0.4935
362 516 0.2251
362 475 0.5991
362 540 0.3971
362 47 0.3373
362 52 0.2788
363 128 0.2249
363 172 0.0108
363 289 0.2726
363 159 0.0394
363 468 0.3962
363 353 0.2798
363 26 0.2381
364 315 0.2062
364 17 0.2127
364 482 0.4735
365 329 0.4417
365 173 0.0972
365 41 0.4975
365 404 0.2641
365 285 0.3988
365 263 0.4682
366 438 0.1048
366 365 0.2477
366 407 0.3825
366 53 0.1442
366 483 0.3474
366 37 0.4151
366 534 0.5150
366 552 0.4835
366 548 0.3047
366 120 0.1666
367 5 0.3936
367 358 0.1168
367 509 0.4924
367 484 0.5197
368 116 0.0750
368 448 0.0289
368 321 0.4686
368 247 0.2010
368 279 0.1248
368 482 0.2118
368 376 0.2429
368 270 0.3016
368 449 0.4631
368 325 0.4968
368 100 0.5716
368 192 0.3569
369 522 0.5401
369 178 0.5901
369 156 0.2657
369 311 0.0441
370 306 0.0898
370 342 0.1734
370 288 0.1644
370 155 0.5285
370 215 0.1796
370 270 0.1445
371 334 0.3297
371 222 0.0704
371 228 0.3253
371 164 0.3560
371 242 0.2788
371 43 0.2470
371 439 0.3917
372 200 0.2400
372 510 0.5174
372 461 0.0946
372 335 0.2447
372 323 0.0607
373 167 0.0626
373 394 0.3832
373 358 0.5068
373 49 0.4246
373 499 0.2942
373 42 0.3284
373 382 0.2160
374 107 0.3767
374 88 0.1408
374 102 0.5459
374 126 0.3681
374 63 0.4631
374 128 0.2431
374 33 0.4859
374 307 0.3883
374 557 0.2535
374 357 0.0166
375 143 0.1738
375 351 0.4729
375 427 0.1371
375 8 0.3400
376 499 0.1853
376 368 0.0230
376 186 0.3731
376 478 0.0623
376 531 0.3589
376 437 0.3192
376 37 0.2832
376 241 0.2208
376 514 0.5235
376 213 0.4208
376 444 0.5407
377 551 0.3930
377 393 0.4918
377 515 0.5964
378 290 0.2541
379 443 0.5787
379 96 0.0898
379 334 0.2206
379 180 0.5348
379 9 0.1603
379 468 0.2713
379 258 0.4803
379 253 0.5036
380 69 0.2277
380 151 0.1816
380 217 0.4187
380 423 0.3602
380 158 0.3986
380 31 0.0779
380 424 0.1276
380 376 0.0040
380 280 0.3876
380 474 0.4348
380 321 0.4856
380 118 0.0101
381 212 0.2720
381 203 0.4167
381 382 0.1068
381 384 0.1082
381 286 0.4693
381 23 0.6394
381 387 0.0960
381 29 0.4855
381 84 1.0384
381 318 0.1643
381 370 0.1925
381 515 0.2046
382 219 0.4125
382 100 0.5937
382 563 0.4598
382 63 0.5679
382 490 0.5107
382 89 0.3076
382 14 0.1714
383 150 0.0387
383 457 0.4935
383 296 0.0536
383 543 0.3489
383 99 0.3255
384 68 0.3448
384 67 0.5709
384 481 0.4983
384 534 0.0014
384 58 0.0276
385 324 0.3661
385 44 0.1282
385 183 0.0772
385 17 0.1774
385 362 0.2347
385 557 0.4812
385 505 0.1850
385 197 0.4221
385 232 0.3587
386 373 0.1726
386 392 0.1932
386 341 0.5550
386 370 0.5229
386 15 0.2424
386 469 0.4495
386 281 0.5192
386 440 0.3580
386 61 0.3733
387 338 0.2595
387 489 0.3500
387 273 0.3595
387 118 0.0015
387 279 0.4882
387 150 0.5696
388 388 0.5195
388 338 0.2417
388 339 0.4281
388 282 0.4280
388 73 0.4281
388 137 0.0393
388 111 0.2432
389 423 0.2993
389 308 0.0995
389 556 0.0083
389 192 0.2668
389 313 0.2612
389 186 0.4729
390 181 0.4948
390 19 0.5580
390 521 0.3822
391 520 0.4768
391 354 0.3070
391 272 0.0737
392 424 0.0302
392 24 0.2875
392 147 0.0529
392 68 0.1133
392 302 0.4528
392 495 0.4435
393 77 0.3899
393 123 0.2378
393 240 0.0812
393 83 0.2945
393 484 0.1361
393 318 0.2890
393 81 0.0289
394 519 0.4734
394 542 0.3199
394 210 0.3685
394 261 0.3167
395 166 0.5682
395 323 0.4898
395 128 0.3976
395 321 0.2645
395 206 0.3023
395 296 0.1113
395 139 0.3674
395 45 0.1336
396 224 0.2726
396 289 0.2167
396 538 0.3663
396 309 0.5294
396 366 0.4973
396 486 0.4404
396 522 0.1781
397 477 0.0743
398 114 0.5482
398 64 0.2784
398 499 0.1705
398 556 0.0125
398 209 0.2548
398 233 0.4288
398 102 0.3755
399 457 0.3733
399 514 0.5443
400 96 0.3407
400 91 0.4738
400 211 0.3320
400 478 0.4717
400 70 0.3235
400 412 0.5867
400 82 0.1268
400 497 0.4033
400 520 0.0286
401 526 0.2039
401 383 0.1557
401 245 0.2386
401 365 0.4591
401 51 3.6297
401 512 0.4664
401 215 0.3651
401 158 0.5556
401 522 3.7115
401 499 0.1211
401 361 0.2031
402 76 0.1290
402 286 0.1027
402 117 0.1419
402 488 0.4358
402 314 0.0949
402 371 0.1396
403 4 0.4732
403 134 0.1532
403 171 0.3568
403 76 0.5039
403 351 0.4459
403 399 0.2165
403 520 0.0193
404 433 0.1472
404 245 0.4079
404 515 0.4731
404 533 0.2560
404 128 0.3022
404 172 0.4361
404 405 0.2440
404 424 0.5518
404 548 0.1636
404 40 0.2883
404 126 0.2260
405 170 0.3379
405 123 0.1792
405 171 0.1767
405 549 0.4480
405 192 0.4862
405 321 0.0603
405 54 0.2239
406 317 0.3494
406 125 0.2435
406 191 0.0110
407 483 0.5249
407 62 0.3980
407 264 0.3735
407 458 0.0596
408 119 0.3768
408 116 2.8343
408 541 0.2439
408 77 0.5214
408 205 0.2375
409 334 0.2754
409 276 0.1939
409 211 0.4526
409 315 0.5992
409 62 0.0075
409 95 0.0343
410 245 0.3948
410 103 4.4123
410 520 0.4092
410 28 0.5247
410 393 0.5669
411 386 0.1408
411 211 3.3250
411 560 0.3139
411 99 0.5699
411 396 0.4872
411 62 0.0484
411 33 0.1873
412 490 0.2945
412 179 0.5978
412 15 0.3539
412 232 0.0057
413 518 0.1841
413 358 0.0059
413 275 0.1607
413 558 0.1737
413 280 0.3205
413 178 0.2716
413 118 0.4064
413 59 0.4055
413 383 0.3363
413 66 0.4242
414 385 0.1937
414 216 0.5152
414 457 0.3456
414 190 0.4984
414 408 0.4217
414 130 0.4773
414 518 0.3723
415 121 0.5517
415 202 0.1758
415 174 0.0871
415 303 0.3796
415 213 0.2675
415 553 0.3276
415 202 0.5447
416 479 0.0740
416 121 0.3454
416 319 0.3936
416 43 0.3089
416 512 0.1068
417 13 0.0632
417 383 0.5860
417 416 0.4862
417 186 0.3806
417 393 0.4880
418 229 0.2392
418 255 0.2390
418 537 0.3227
418 262 0.0777
418 21 0.0857
418 374 0.1495
418 560 0.5138
418 324 0.0296
418 201 0.2127
418 442 0.1951
419 2 0.3295
419 56 0.3820
419 403 0.0951
419 221 0.3741
419 194 0.2320
419 102 0.2997
419 94 0.1675
419 408 0.0795
419 149 0.3255
419 348 0.2108
420 143 0.5894
420 371 0.2491
420 415 0.5629
421 368 0.4190
421 533 0.1373
421 389 0.2489
421 218 0.1726
422 380 0.5887
422 540 0.3130
422 471 0.4843
422 313 0.1589
422 542 0.2273
423 409 0.1462
423 291 0.2499
423 89 0.3253
423 478 0.3192
423 85 0.2174
423 342 0.4962
423 286 0.1553
424 500 0.0597
424 198 0.4993
424 411 0.3043
424 404 0.3535
424 227 0.5343
425 49 0.2994
425 407 0.0382
425 520 0.2153
425 201 0.0356
425 23 0.5029
425 398 0.2590
425 373 0.2192
426 526 0.3862
426 340 0.2418
426 251 0.2823
426 307 0.1258
426 476 0.1966
426 341 0.2570
426 332 0.2980
426 134 0.4909
426 383 0.2639
426 52 0.2597
427 36 0.2244
427 304 0.1050
427 248 0.2670
427 111 0.5024
428 442 0.0227
428 533 0.4480
428 225 0.3105
428 469 0.3340
428 124 3.7772
428 100 0.5672
428 137 0.2822
429 539 0.3946
429 82 0.0570
429 412 0.1781
429 15 1.7655
429 374 0.5195
429 8 0.5111
430 438 0.2751
430 24 0.4581
430 309 0.3252
430 287 0.5533
430 437 0.4185
431 95 0.1636
431 196 0.5264
431 15 0.0902
431 103 0.5022
432 273 0.0057
432 404 0.1186
432 475 0.0451
432 33 0.1913
432 352 0.2185
432 70 0.0790
432 433 0.4995
432 46 0.2713
433 266 0.3542
433 281 0.5305
433 286 0.5043
433 42 0.5147
433 352 0.2878
433 361 0.3978
433 46 0.3864
434 421 0.1269
434 322 0.3764
434 217 0.2007
434 27 0.5951
434 282 0.4931
434 511 0.4402
434 101 0.5896
434 497 0.3526
434 121 0.0339
434 231 0.1477
434 61 0.2093
435 266 0.3150
435 216 0.5456
435 43 0.2864
435 455 0.4229
435 484 0.1789
436 518 0.3933
436 324 0.5574
436 151 0.2442
436 531 0.3726
436 252 0.0461
436 286 0.1850
436 97 0.5238
437 257 0.3374
437 256 0.3108
437 103 0.2270
437 412 0.0541
437 217 0.5986
437 274 0.5779
438 158 0.1383
438 554 0.0266
438 29 0.2558
438 509 0.0783
438 382 0.4701
438 297 0.2113
438 11 0.4675
438 208 0.4881
439 540 0.1201
439 259 0.0745
439 313 0.3777
439 553 0.2722
440 555 0.4623
440 112 0.0284
440 50 0.1403
440 398 0.4094
440 115 0.0629
440 40 0.0469
441 62 0.4662
441 500 4.6468
441 93 0.3286
441 502 0.4187
441 341 0.5504
442 448 0.0374
442 253 0.0256
442 80 0.5437
442 512 0.2282
442 249 0.4836
442 511 0.1514
442 97 0.1605
442 108 0.2684
442 31 0.4457
442 385 0.0001
443 123 0.5447
443 84 0.4733
443 139 0.5766
443 129 0.3555
443 178 0.0432
443 195 0.5754
443 559 0.0619
443 436 0.3048
444 528 0.5082
444 136 0.1078
444 291 0.5750
444 471 0.0239
444 333 0.3381
444 472 0.2363
444 80 0.4237
444 345 0.4341
444 528 0.0229
444 97 0.4583
444 64 0.1713
444 282 0.4148
445 313 0.2866
445 2 0.3283
445 29 0.3050
445 286 0.1099
445 106 0.4534
445 482 0.2094
445 319 3.4771
445 173 0.4076
445 178 0.3065
445 360 0.2073
446 138 0.3735
446 19 0.2631
446 502 0.5628
446 281 0.4426
446 425 0.0980
446 166 0.0066
446 341 0.5965
447 72 0.0731
447 399 0.2345
447 25 0.1246
447 39 0.2052
447 393 0.3245
447 228 0.1188
447 421 0.4414
447 173 0.4967
447 444 0.5678
448 264 0.5768
448 322 0.5047
448 426 2.6607
448 165 0.3861
449 555 0.2329
449 316 0.4811
449 273 0.2377
449 558 0.2805
449 390 4.6963
450 241 0.3296
450 80 0.2954
450 508 0.4111
450 512 0.2183
450 502 0.2365
450 563 0.1039
451 515 0.4731
451 474 0.4419
451 66 0.5460
451 147 0.0623
451 224 0.1018
451 277 0.4534
452 348 0.3271
452 454 0.4620
452 362 0.3947
452 261 0.5147
452 296 0.5667
452 169 0.0051
453 225 0.5316
453 222 0.1646
453 462 0.4474
453 9 0.0052
453 15 0.4995
453 24 0.1171
454 181 0.0675
454 142 0.1343
454 65 0.2167
454 67 0.4160
454 323 0.5508
455 293 0.3800
455 218 0.3847
455 511 0.2988
455 287 0.5925
455 256 0.2339
456 435 0.2970
456 250 0.0165
456 332 0.0999
456 82 0.5074
456 428 0.3946
457 37 0.3634
457 33 0.4415
457 510 0.0961
457 63 0.3307
457 135 0.3910
457 236 0.4545
457 339 0.3436
457 132 0.0597
457 142 0.5165
457 8 0.0547
457 97 0.1207
457 255 0.0220
457 242 0.4493
458 373 0.1693
458 484 0.5835
458 231 0.3855
458 81 0.1272
458 532 0.4131
459 271 0.1168
459 404 0.0393
459 200 0.5518
459 313 0.3000
459 266 0.5089
460 130 0.4455
460 319 0.0770
460 457 0.3276
460 230 0.3400
460 460 0.0752
460 78 0.0047
460 431 0.4951
460 87 0.0559
461 433 0.0318
461 545 0.5557
461 307 0.2945
461 478 0.0852
461 369 0.3942
461 321 0.2367
461 251 0.0568
461 45 0.1503
461 245 0.3471
461 7 0.1718
461 316 0.2315
462 403 0.0567
462 352 0.0257
462 511 0.5115
462 475 0.1295
462 207 0.2643
462 131 0.3612
462 194 0.4746
463 55 0.2538
463 516 0.1659
463 398 0.0999
463 206 0.4662
463 499 0.1233
463 252 0.4217
464 286 0.4286
464 479 0.0855
464 275 0.0212
464 360 0.2721
464 49 0.3065
464 530 0.2063
464 200 0.1444
464 3 0.4967
464 203 0.4281
464 489 0.2276
465 308 0.3679
465 387 0.2477
465 562 0.4896
465 327 0.0182
465 561 0.0033
465 350 0.1847
465 42 0.3629
465 128 0.0118
465 252 0.2931
466 152 0.5603
466 521 0.1236
466 42 0.5143
466 385 0.3083
466 266 0.1638
466 122 0.4622
467 363 0.1330
467 317 0.1353
467 85 0.3807
467 425 0.5106
467 180 0.4401
467 297 0.5138
467 51 0.4743
468 205 0.4468
468 123 0.4166
468 520 0.5507
468 441 0.2333
468 323 0.3857
468 491 0.2044
468 461 0.2451
468 342 0.3820
468 450 0.2174
469 354 0.3048
469 486 0.4680
469 411 0.3115
469 92 0.2977
469 536 0.1409
469 88 0.0651
469 245 0.4733
469 174 0.4907
469 189 0.1529
470 438 0.0628
470 131 0.3467
470 528 0.3580
470 457 0.4254
470 452 0.0152
470 79 0.1545
471 191 0.2103
471 48 0.4590
471 143 0.2473
471 282 0.4182
471 438 0.3057
471 271 0.5078
471 536 0.2684
471 93 0.7822
471 263 0.0641
471 488 0.4161
471 34 0.3343
471 45 0.0808
472 497 0.5618
472 443 0.5685
472 229 0.1637
472 400 0.3609
472 410 0.1821
472 31 0.2499
472 54 0.1970
472 457 0.3812
472 296 0.0436
473 160 0.3482
473 204 0.2046
473 441 0.3527
473 86 0.4491
473 511 0.1802
473 51 0.4557
473 551 0.1700
474 196 0.0720
474 538 0.5510
474 278 0.3415
474 187 0.2597
474 314 0.3696
474 432 0.3783
475 42 0.1048
475 288 0.5404
475 427 0.3144
475 526 0.0100
475 249 0.5833
475 465 0.5284
475 176 0.2081
475 95 0.5485
475 103 0.2160
476 31 0.5218
476 285 0.1959
476 194 0.0371
476 69 0.1101
476 278 0.0174
476 357 0.4434
477 277 0.5467
477 64 0.1172
477 557 0.4677
477 47 0.5471
477 193 0.2688
477 369 0.5181
477 490 0.0390
477 373 0.3957
478 216 0.5477
478 466 0.2970
478 250 0.5508
478 526 0.3594
478 430 0.3014
478 496 0.1622
478 314 0.0579
478 278 0.3983
479 95 0.0030
479 183 0.3888
479 537 0.5542
479 58 0.0528
479 269 0.3195
480 141 0.2183
480 498 0.0496
480 532 0.4015
480 347 0.0867
480 372 0.3867
481 84 0.4546
481 341 0.2903
481 64 0.0890
481 510 0.2120
481 237 0.3328
481 15 0.0638
481 431 0.5352
481 395 0.3392
481 196 0.2892
481 497 0.4188
482 105 0.1954
482 421 4.8827
482 374 0.3016
482 278 0.4317
482 63 0.5182
482 283 0.4240
482 253 0.5870
482 215 0.1535
482 355 0.1127
482 320 0.2318
482 417 0.3021
483 355 0.5807
483 171 0.4511
483 529 0.3667
483 435 0.1995
483 388 0.3279
484 535 0.1728
484 518 4.7904
484 5 0.0165
484 22 0.5332
484 471 0.2213
484 534 0.0603
484 56 0.5792
484 429 0.1455
485 63 0.5608
485 482 0.1096
485 79 0.2060
485 245 0.3887
485 37 0.2467
485 18 0.2950
485 247 0.0196
485 265 0.1952
485 420 0.1736
485 150 0.5588
486 43 0.0125
486 327 0.5872
486 413 0.5634
486 17 0.1980
486 499 0.2240
486 218 4.7518
486 188 0.2732
487 364 0.5298
487 23 0.0416
487 487 0.2144
487 76 0.2656
487 92 0.1168
487 37 0.3936
487 402 0.1681
487 352 0.0141
487 530 0.0684
488 526 0.3496
488 328 0.3059
488 133 0.5574
488 453 1.4551
488 56 0.5467
488 261 0.3595
488 503 0.2316
489 133 0.5397
489 551 0.0995
489 472 0.2182
489 496 0.2265
489 360 0.2481
489 338 0.3660
489 345 0.1087
490 296 0.2153
490 413 0.1999
490 551 0.4904
490 70 0.2234
490 410 0.2330
490 363 0.5215
490 251 0.2972
490 444 0.2764
491 531 0.3570
491 354 0.1285
491 132 0.2567
491 137 0.5455
491 200 0.1998
491 392 0.4051
492 526 0.2303
492 73 0.1565
492 125 0.1691
492 389 0.0554
492 1 0.5295
492 387 0.3207
493 58 0.4621
493 96 0.1439
493 201 0.3446
493 12 0.4994
494 18 0.1681
494 506 0.3867
494 519 0.4109
494 273 0.4531
495 44 0.4990
495 383 0.0711
495 61 0.3348
495 224 0.3345
495 275 0.1953
495 90 0.0054
495 422 0.1743
495 20 0.0697
496 412 0.2688
496 219 0.2024
496 22 0.0330
496 549 0.4181
496 64 0.2289
496 114 0.0732
496 36 0.4069
496 72 0.2455
496 186 0.3550
496 4 0.4340
497 373 0.1564
497 275 0.2129
497 5 0.1787
497 124 0.5355
497 497 0.4831
497 538 3.6753
497 516 0.3448
497 537 0.1156
498 106 0.1880
498 358 0.2952
498 365 0.2910
499 58 0.1003
499 26 0.2071
499 197 0.1761
499 56 0.0451
499 423 0.3227
499 458 0.3748
499 334 0.4920
499 530 0.3610
499 332 0.1014
500 473 0.4853
500 175 0.3660
500 108 0.4089
500 243 0.3976
500 395 0.2463
501 210 0.2361
501 278 0.2357
501 87 0.4885
501 553 0.2680
501 419 0.4458
501 345 0.4037
501 375 0.5171
501 128 0.5848
502 353 0.2969
502 266 0.3824
502 337 0.4666
502 193 0.4493
502 440 0.1850
502 547 0.0709
502 161 0.2650
503 258 0.1993
503 498 0.1229
503 85 0.4769
503 445 0.3415
503 481 0.4555
503 184 0.2268
503 34 0.5810
503 131 0.5608
503 58 0.3309
503 519 0.5916
504 245 0.4509
504 188 0.3583
504 81 0.5487
504 474 0.2748
504 507 0.4364
504 266 1.6480
505 188 0.2129
505 13 0.2404
505 475 0.4735
505 465 0.4908
505 252 0.3290
505 53 0.0704
505 389 0.1633
505 238 0.5583
505 108 0.2015
506 148 0.3113
506 91 0.1622
506 104 0.4193
506 263 0.1586
506 392 0.2995
507 368 0.1612
507 97 0.5237
507 449 0.3830
507 168 0.2803
508 198 0.2462
508 50 0.1192
508 290 0.2851
508 11 0.0891
508 452 0.0112
508 398 0.1314
508 477 0.5424
509 353 0.0975
509 561 0.1681
509 384 0.4791
509 313 0.1580
509 95 0.2516
509 146 0.5407
510 390 0.4520
510 340 0.2979
510 310 0.4886
510 325 0.0497
510 276 0.4791
511 404 0.5712
511 350 0.0291
511 346 0.5414
511 545 0.2728
511 59 0.0176
511 503 0.0613
511 557 0.5252
511 151 0.5582
511 86 0.3725
511 516 0.5874
512 275 0.3623
512 518 0.3315
512 519 0.2801
512 412 0.1127
512 388 0.3024
512 563 0.4176
512 490 0.0172
512 285 0.5622
512 233 0.4643
512 343 0.3533
512 411 0.1318
513 47 0.3152
513 216 0.4718
513 255 0.2923
513 368 0.1695
513 91 0.3599
513 419 0.0811
513 518 0.5663
513 12 0.2921
514 319 0.4014
514 506 0.2519
515 341 0.4037
515 216 0.1664
515 388 0.4225
515 81 0.2899
515 301 0.5223
515 342 0.5887
515 126 0.5375
515 263 0.5220
516 248 0.2385
516 528 0.1816
516 217 0.4679
516 473 0.2051
516 321 0.5641
516 229 0.5696
516 131 0.4347
516 271 0.2275
516 198 0.3550
517 541 0.5038
517 344 0.5013
517 448 0.1996
517 194 0.3101
517 70 0.0813
517 319 0.0840
518 376 0.1494
518 250 0.0602
518 421 0.4059
518 10 0.4880
518 433 0.5614
518 88 0.2575
518 251 0.0479
518 327 0.5597
518 201 0.5897
518 29 0.2808
518 442 0.1738
519 223 0.0047
519 160 0.0884
519 246 0.2213
519 70 0.5084
519 266 0.2449
519 32 0.2428
519 494 0.4461
519 507 0.2166
520 496 0.4172
520 455 0.2184
520 563 0.0879
520 204 0.1482
520 100 0.1691
520 213 0.0456
521 97 0.5185
521 155 0.5612
521 4 0.1484
521 389 0.1158
521 67 0.9093
522 127 0.4325
522 157 0.0325
522 502 0.3279
522 217 0.0529
523 505 0.1345
523 250 0.0214
523 361 0.0283
524 337 0.3693
524 247 0.1079
524 296 0.1416
524 137 0.1534
524 60 0.2312
524 278 0.0028
524 192 0.1311
524 339 0.1857
525 155 0.0625
525 236 0.2559
525 396 0.0265
525 275 0.2470
525 147 0.0622
525 7 0.3165
525 20 0.0727
525 287 0.4274
525 439 0.5184
526 507 0.5515
526 432 0.3960
526 560 0.5999
526 427 0.3806
526 301 0.5862
526 202 0.5764
526 301 0.2888
526 243 0.5285
526 557 0.5584
526 205 0.4913
526 314 0.4861
527 201 0.4780
527 4 0.3333
527 417 0.2504
527 433 0.0788
527 333 0.3370
527 461 0.5446
528 463 0.4487
528 244 0.3227
528 396 0.3724
528 172 0.2121
528 476 0.4195
528 164 0.5512
528 148 0.2356
528 289 0.4113
528 324 0.3211
528 29 0.4533
529 419 0.4641
529 542 0.5472
529 117 0.3474
530 339 0.4202
530 22 0.5626
530 450 0.3549
530 413 0.5103
530 178 0.2717
530 450 0.3498
531 53 0.5969
531 428 0.5436
531 116 0.4914
531 276 0.3199
531 538 0.2336
531 428 0.2880
531 552 0.1035
531 290 0.5933
531 162 0.0734
531 487 0.1368
531 18 0.4141
532 206 0.3340
532 293 0.3468
532 480 0.0450
532 29 0.0242
532 461 0.4386
532 386 0.2985
532 205 0.0938
532 178 0.2666
533 159 0.1423
533 357 0.3345
533 284 0.4837
533 495 0.0366
533 532 0.2379
533 522 0.1320
533 277 1.4464
533 62 0.5798
533 71 0.5639
533 109 0.4575
534 419 0.3273
534 161 0.4596
534 10 0.5490
534 459 0.0124
534 272 0.3315
534 120 0.1462
534 366 0.0567
534 330 0.0200
535 244 0.0138
535 68 0.2777
535 116 0.1390
535 133 0.5481
535 366 0.2817
535 464 0.0783
535 71 0.1710
535 459 0.5570
536 283 0.1810
536 510 0.5316
536 525 0.4556
536 4 0.5013
536 37 0.4905
537 311 0.1920
537 165 0.1555
537 17 0.1134
537 309 0.5944
537 374 0.3189
537 278 0.2462
537 503 0.3699
537 189 0.5148
537 196 0.2602
537 163 0.1477
538 169 0.4032
538 408 0.1447
538 444 0.8534
538 19 0.0505
538 240 0.5385
538 342 0.0859
538 226 0.5795
538 74 0.2781
538 281 0.2703
538 304 0.5763
539 151 0.3967
539 419 0.3454
539 140 0.8680
539 306 0.4969
539 339 0.5706
539 282 0.5753
539 280 0.3773
540 39 0.0368
540 161 0.4061
540 18 0.5746
540 111 0.0014
540 131 0.1058
540 488 0.2605
540 309 0.5375
540 455 0.2377
540 13 0.2626
540 420 0.5402
540 11 0.0818
541 59 0.2346
541 288 0.1328
541 106 0.4438
542 401 0.4840
542 469 0.4472
542 367 0.1632
542 420 0.3150
542 188 0.3814
542 550 0.5064
542 263 0.3827
542 172 0.4664
542 94 0.3948
542 285 0.5617
542 159 0.0758
542 427 0.3079
543 477 0.3873
543 248 0.0776
543 328 0.0983
543 98 0.5704
543 220 0.4046
543 233 0.5957
544 489 0.0605
544 234 0.3372
544 374 0.0330
544 65 0.5124
544 235 0.2761
545 259 0.2592
545 461 0.4473
545 125 0.1167
545 512 0.3619
545 54 0.0880
545 86 0.2915
546 380 0.0117
546 43 0.1414
546 92 0.0937
546 95 0.5561
546 243 0.1191
546 338 0.0405
547 23 0.2703
547 373 0.4578
547 396 0.5361
547 318 0.0040
547 472 0.1593
547 194 0.1338
547 444 0.3011
548 472 0.5338
548 307 0.0502
548 250 0.1069
549 20 0.4901
549 10 0.1266
549 53 0.1413
549 144 0.3920
549 294 0.5094
549 52 0.5538
550 383 0.5393
550 100 0.3154
550 352 0.5361
550 262 0.2802
551 238 0.3980
551 325 0.1684
551 29 0.0685
551 554 0.0501
551 152 0.5602
551 365 0.5558
551 250 0.0725
551 385 0.1646
551 417 0.4419
551 27 0.2241
551 421 0.4241
551 224 0.4694
552 352 0.2098
552 293 0.0646
552 36 0.3710
552 176 0.3096
552 255 0.4594
553 279 0.2510
553 136 0.5413
553 139 0.3667
553 487 0.3761
553 254 0.3313
553 178 0.5062
553 528 0.2476
554 200 0.3855
554 347 0.1364
554 318 0.1724
554 364 0.1994
554 386 0.1917
554 186 0.3630
555 274 0.0862
555 4 0.0731
555 33 0.4088
555 325 0.0158
555 382 0.3222
555 196 0.3610
556 249 0.1295
556 235 0.3489
556 387 0.0377
556 268 0.0208
556 164 0.1237
556 332 0.0043
557 183 0.2099
557 526 0.1566
557 103 0.3761
557 315 0.1230
558 121 0.4473
558 169 1.4588
558 264 0.5476
558 105 0.5325
558 293 0.0769
558 468 0.2630
558 444 0.2609
558 314 0.3898
558 76 0.1317
558 131 0.3956
558 134 0.5610
558 217 0.4790
558 183 0.5167
558 53 0.3753
558 310 0.2066
559 18 0.4769
559 101 0.4012
559 560 0.0934
559 456 0.2491
559 20 0.1854
559 168 0.5897
559 139 0.4215
559 444 0.3535
559 271 0.2424
559 265 0.3494
559 541 0.4105
559 349 0.0196
559 59 0.4183
559 298 1.7353
559 307 0.2362
559 296 0.4068
560 6 0.1135
560 508 0.4461
560 418 0.1632
560 469 0.5189
561 155 0.1312
561 493 0.5889
561 331 0.3128
561 176 0.0005
562 44 0.1490
562 87 0.2664
562 378 0.4925
562 370 0.2221
562 111 0.5164
562 221 0.4037
562 473 0.2088
562 358 0.3561
562 505 0.3420
562 519 0.3466
563 261 0.0788
563 313 0.2524
563 352 0.2599
563 50 0.1697
563 293 0.3522
563 462 0.4360
563 292 0.1984
