800 4000
723 757 1.4527
435 576 2.7271
194 619 4.0407
573 660 0.5222
1 239 1.2973
271 291 4.1096
163 748 3.7523
794 795 3.5492
465 507 3.2511
146 566 3.5696
305 787 4.7373
318 666 4.9134
586 605 2.9967
619 733 4.8068
545 677 4.6759
436 553 2.4010
574 757 2.8841
437 588 0.1690
527 682 0.5173
447 584 3.1879
68 238 0.8556
536 539 1.6238
696 723 2.5130
615 695 2.1132
749 773 0.2596
6 692 0.0125
414 565 3.9620
730 770 2.5235
425 543 1.5682
731 797 0.7381
250 435 3.6973
571 744 3.4344
355 420 1.3605
208 312 0.2071
393 648 2.3624
240 529 0.2082
391 784 0.5091
127 672 3.4300
516 545 0.3020
269 684 1.5610
441 644 4.5436
679 785 3.0959
344 751 4.0369
795 800 3.0990
640 678 2.6359
589 603 0.3082
469 612 1.9320
248 611 4.9993
138 590 4.9679
548 678 2.7602
673 770 2.7921
630 773 0.2831
179 714 2.3539
229 635 3.9360
299 735 2.7605
722 736 2.8434
363 675 4.9035
723 772 2.5898
90 613 3.1860
454 635 1.5438
275 727 4.6857
700 738 4.0813
347 613 0.1170
705 749 1.9512
590 668 2.4687
769 776 1.9954
16 288 0.8041
347 504 2.8438
714 733 0.4307
509 769 2.8578
319 536 1.7195
161 642 0.1510
131 308 3.2775
564 612 3.4307
55 471 0.0290
416 489 0.9441
46 159 0.0532
428 727 3.1692
360 565 2.7530
478 716 2.5240
241 657 1.9405
431 768 2.4171
42 423 2.0477
192 758 4.2292
680 769 0.9600
105 391 0.7725
135 582 1.9717
538 775 1.2125
291 772 2.3777
755 764 0.5113
608 727 1.4984
430 775 2.2107
622 724 1.9819
685 786 1.8563
465 555 1.6007
405 738 1.7734
759 786 1.2333
101 607 3.3555
294 531 4.9560
363 781 4.8057
652 657 3.4278
684 745 4.4588
367 634 0.1974
592 750 2.7361
327 637 1.7304
349 568 3.7984
135 141 1.2193
410 544 1.3247
692 715 2.3198
297 654 2.4337
596 713 1.5734
81 622 3.2908
414 748 4.3514
244 542 3.7171
772 795 0.3980
536 569 1.9945
639 787 4.9793
741 742 0.2908
8 449 4.7938
69 592 4.7580
427 792 3.1186
96 495 2.6629
672 690 0.5109
451 497 4.3349
159 671 2.4283
278 698 1.9752
527 790 1.4701
708 712 1.8674
332 552 0.5260
15 375 1.3446
250 797 1.5234
61 247 2.6262
541 685 2.6969
683 684 3.0057
518 528 3.5153
108 720 1.1965
194 540 0.4840
129 770 2.7506
493 743 1.0973
689 790 4.9418
311 353 2.6595
291 382 2.7755
88 168 2.1845
436 781 4.1179
543 666 3.0889
344 789 2.9370
389 581 0.1329
212 282 2.0235
625 797 4.7579
204 692 0.5015
153 184 4.6559
534 652 2.1494
167 701 4.2157
706 794 3.9827
435 492 2.2906
787 794 4.4495
684 797 3.6684
283 659 3.6029
459 601 4.0312
128 733 1.8629
198 509 1.4338
457 720 1.4154
260 465 4.2625
216 747 4.4206
494 513 4.4787
122 624 0.4345
758 785 1.6136
771 779 1.3815
110 347 2.2814
467 648 1.8856
343 505 2.4730
78 542 2.2472
731 758 1.0323
420 641 1.2138
193 315 1.1629
601 746 1.7306
499 754 3.7472
450 573 1.7873
569 613 1.7151
121 484 0.3394
583 686 0.3877
640 705 3.9379
530 785 2.0162
246 561 2.6866
125 343 3.6044
643 651 1.4264
641 779 2.5256
655 684 0.9131
110 749 2.2596
306 793 4.8569
792 799 4.3675
549 678 1.2629
146 507 3.4369
111 122 2.5967
233 759 3.5630
182 447 0.1712
190 310 4.7724
374 455 0.1423
466 710 3.0046
85 522 4.6554
345 692 2.9386
7 315 3.1585
311 553 0.9713
130 794 1.1601
701 785 2.5183
640 701 2.9732
456 462 1.5354
634 652 3.6160
635 771 0.8175
209 626 3.6212
248 745 2.9537
693 759 0.7353
367 456 3.1141
177 617 4.1580
585 741 2.4488
587 605 3.0328
440 763 2.0993
747 771 1.8036
152 243 2.0322
58 244 2.2508
105 632 4.1415
60 406 4.1404
748 750 1.3234
313 334 3.1103
603 624 4.7479
163 723 3.9405
2 686 3.0002
616 759 1.5418
120 307 1.9716
217 676 0.4207
9 106 3.1263
312 335 2.1723
344 774 1.2585
353 751 2.3557
721 785 0.9556
619 788 1.7942
453 561 3.0585
697 703 4.9987
742 783 0.0654
158 331 1.6554
727 795 2.9625
512 744 4.3428
781 797 4.8036
774 797 0.6874
660 711 4.5643
7 160 0.0052
611 720 2.0459
404 746 0.7921
148 617 0.0368
103 104 0.3242
776 790 1.1741
131 333 1.6583
303 375 1.0831
561 605 0.0436
274 695 3.3214
147 301 1.3814
104 654 2.5538
496 731 2.6995
103 398 0.3566
465 536 2.1652
369 611 2.6745
279 793 0.5694
166 762 4.6525
550 696 1.1818
264 504 3.7500
383 732 0.3650
423 570 2.3954
96 768 2.8172
321 621 1.2652
757 798 4.4506
460 477 3.8620
798 800 3.7360
139 680 3.9133
642 643 0.3508
505 571 1.9977
455 467 3.3701
357 647 3.9449
391 695 3.2456
736 794 4.2051
381 664 3.1113
144 634 1.0308
120 417 2.1007
260 361 0.3859
274 693 3.5715
143 683 0.6160
526 798 1.8892
572 766 0.3864
486 506 2.7675
474 709 4.9346
277 388 1.7088
197 330 1.1655
725 729 0.6525
529 687 3.8074
663 763 3.1272
518 740 1.6167
783 795 0.6702
300 691 3.9522
389 574 2.6725
742 745 2.2858
402 798 0.2943
445 566 0.4678
717 766 4.7902
786 800 0.6448
187 714 1.2957
112 282 3.0444
572 673 3.8895
297 312 0.3274
741 745 4.7564
223 227 1.1034
193 724 0.3733
87 422 3.2647
474 562 1.0145
58 778 3.9481
639 762 0.3214
678 796 0.2096
465 636 2.1873
435 566 2.4617
269 716 4.5549
368 619 0.9616
494 685 4.7294
317 541 0.7100
767 782 2.5338
150 405 3.1517
655 662 1.9536
240 573 3.8715
64 304 1.0873
622 685 4.6853
213 600 4.9692
381 793 0.7971
703 742 2.6330
200 747 3.2218
555 615 1.4025
350 758 1.1755
623 685 0.2818
68 218 1.0099
529 750 1.5787
200 611 3.4445
793 800 1.7116
164 577 0.4840
104 761 2.6151
651 667 1.5939
75 280 2.5462
125 757 2.4748
772 782 0.0942
279 581 3.7723
333 726 4.6638
332 469 3.3629
650 727 3.1708
442 710 4.3104
648 704 2.4004
491 533 4.3219
555 564 4.2581
297 779 2.5470
18 258 1.4277
101 443 0.0294
284 432 2.8862
774 786 2.9913
765 792 4.7810
701 720 0.1750
528 795 0.1736
650 761 0.5459
180 317 2.3405
92 107 3.6661
548 711 0.6895
102 498 4.7024
380 388 3.6264
480 776 3.1574
354 748 4.5083
521 623 3.8473
164 260 0.1510
386 404 1.7874
187 440 1.4847
33 592 1.9684
722 729 3.1413
372 542 4.7400
85 468 4.3709
602 725 4.4389
611 664 1.4002
671 714 1.0902
211 534 0.7636
317 559 1.5517
529 680 4.7050
226 281 1.8232
534 554 3.5553
766 775 0.4734
712 781 0.7693
329 452 2.0619
740 755 3.5298
167 636 2.8386
306 341 0.2240
544 628 3.5434
342 711 3.7667
777 797 1.1529
633 764 1.0777
15 766 1.8823
502 572 2.7374
754 781 2.7003
536 582 0.2305
469 754 0.9880
122 680 1.1140
221 749 0.9370
258 534 2.2947
481 668 2.2926
705 792 4.5573
607 711 2.7545
351 692 3.6718
121 451 1.5588
655 790 4.7644
357 492 3.6220
453 723 1.6367
288 790 4.5740
385 602 2.0790
387 572 3.6553
774 792 3.9952
225 591 0.6768
50 266 0.5911
219 699 1.7800
492 543 2.3412
229 659 3.0532
200 468 3.4723
167 369 2.0511
422 443 3.1838
404 750 1.5821
477 626 3.8478
48 645 2.5502
442 709 1.8253
613 647 3.3062
236 284 1.2429
434 561 1.0990
161 220 4.7197
81 758 3.4664
188 494 1.2870
158 441 0.2635
182 710 4.4992
576 724 1.8695
102 315 4.4556
734 764 4.4057
381 714 2.9599
572 705 0.9735
754 798 3.1608
80 193 2.6386
55 171 2.5457
318 555 3.6740
124 701 4.1085
411 621 0.7720
381 794 3.7833
424 451 3.1418
9 695 3.9503
438 674 2.6537
308 784 3.8272
81 760 1.8036
688 732 2.2642
223 486 0.7688
651 705 2.2264
510 674 4.6891
654 796 4.0583
198 216 3.6992
62 696 1.4763
292 714 1.1478
330 489 2.5584
522 704 1.1226
298 550 2.0536
14 49 2.5475
660 676 2.8088
582 609 2.5991
620 620 4.7945
57 723 1.6048
187 270 1.2864
546 641 2.9168
469 738 3.4242
405 760 2.2547
766 795 0.5457
419 688 4.1434
24 380 1.3327
565 688 0.2774
78 177 4.8828
335 702 3.0254
102 483 2.7088
6 328 3.0466
752 765 3.7297
200 342 2.9005
380 765 1.1711
735 766 3.1278
142 565 3.9882
165 524 2.1638
350 729 2.8419
136 422 0.7908
134 584 4.6915
130 316 2.3862
306 733 3.9672
417 799 2.4661
407 735 1.5550
456 556 1.6289
449 547 3.9137
174 473 2.1152
337 797 3.1946
557 736 0.1865
688 799 2.2031
748 755 1.2346
548 573 3.4282
460 721 3.5345
381 536 2.3766
489 607 2.6895
147 775 0.7459
739 765 3.7773
784 788 0.6099
369 587 4.3913
246 553 2.8143
634 719 1.1807
749 751 4.0700
579 684 4.9056
68 549 0.0247
472 706 0.7974
751 784 3.7716
212 314 3.1719
492 763 3.5388
748 767 1.8593
103 237 1.5350
790 798 0.4994
136 775 2.3452
650 739 2.7801
93 386 1.7150
606 671 0.3348
433 569 3.3706
638 788 4.2489
285 651 4.6535
482 569 2.4274
644 688 3.4473
496 617 2.3262
643 709 0.2691
659 698 2.1688
745 794 1.9487
283 579 4.9494
263 404 2.3299
668 701 1.2583
180 249 4.1153
142 244 4.9805
619 788 1.8451
234 455 4.4180
625 720 1.9791
398 792 2.7747
335 766 1.5054
733 752 1.6673
208 593 0.8964
492 548 1.5509
307 655 2.9781
380 430 0.8744
543 654 2.4047
51 591 2.5491
513 799 0.1594
138 422 4.6852
240 703 3.8009
159 339 3.6760
152 536 1.5671
349 536 1.9549
674 722 3.2088
528 710 3.2289
762 798 1.1262
30 227 0.0302
573 594 2.4241
5 340 2.9214
158 474 1.7622
639 657 3.9849
585 696 0.8203
543 712 4.3498
265 454 1.1335
710 789 4.8491
85 693 1.5212
602 736 3.2335
611 636 4.2363
341 535 2.5457
550 620 3.8860
204 315 0.9114
88 616 3.9002
421 443 3.4232
99 533 0.0740
583 800 1.7825
794 794 1.7606
650 751 1.7421
519 731 3.4756
768 781 0.3342
365 426 2.2182
294 438 2.9815
39 742 0.6135
551 751 0.1386
380 716 1.0363
739 756 1.8040
81 751 1.9564
633 726 0.4151
356 498 2.1688
536 642 2.4410
236 654 3.4740
694 746 3.5115
513 741 4.0105
96 514 2.0880
219 277 1.2172
730 748 3.4446
38 258 4.7745
459 617 0.5035
111 515 4.0147
382 581 0.1789
657 684 3.8956
782 787 4.0697
768 794 2.1648
441 652 2.6594
104 411 4.9300
529 785 4.5442
170 526 2.1934
607 628 2.0613
481 765 0.2328
560 663 0.3361
539 658 3.3895
699 724 1.0147
221 310 1.5667
711 776 1.7778
712 736 4.0165
535 682 2.0322
722 788 0.8596
706 798 0.1653
542 691 1.0987
783 795 2.7139
89 213 1.1114
767 769 2.9878
403 469 1.6093
89 319 1.7240
211 458 2.4982
465 644 3.2596
260 562 4.9777
198 555 4.1248
629 734 4.9294
404 662 2.0362
79 276 2.8734
382 746 3.1203
790 796 2.8759
301 446 2.6907
736 770 1.8853
508 722 2.0455
77 651 4.4508
228 397 3.7874
21 493 1.4495
349 431 3.0618
596 674 0.0904
585 710 0.8677
286 789 3.6071
756 798 0.0526
112 394 4.7684
249 368 2.0847
117 409 3.1900
295 335 2.1112
640 784 0.6756
468 704 1.9048
596 786 0.8449
774 775 4.2963
395 402 1.4854
180 768 1.8243
43 186 1.6837
501 672 1.2371
797 797 3.9496
31 181 3.6526
185 321 1.9667
442 449 3.4021
138 452 2.0279
446 780 1.9681
482 746 3.5638
585 794 3.0148
345 660 1.3020
356 690 2.9199
482 777 2.5466
656 761 3.1201
71 333 1.6709
423 722 1.1326
492 642 0.0370
388 704 1.1547
176 268 1.2339
39 363 4.6156
406 693 4.9306
8 406 2.0004
385 526 0.8752
477 590 3.4277
771 790 3.5468
142 589 3.1744
754 754 0.9246
669 734 3.5611
234 600 1.9400
55 671 1.9751
59 687 1.9564
776 797 3.3782
632 753 1.5348
707 771 0.6698
541 612 2.7865
524 580 2.3909
188 425 0.8746
257 459 0.5873
394 410 1.4724
703 738 3.7836
746 788 4.1867
763 781 3.4142
571 782 2.2853
367 786 4.4234
642 717 4.4913
708 745 1.8322
746 758 1.2949
56 744 2.1463
662 743 4.3538
231 634 3.8528
125 195 1.1384
367 627 3.6241
545 736 3.9676
234 383 4.8485
350 619 3.1255
581 697 3.3773
302 734 0.0816
684 710 0.6273
364 765 3.8441
238 329 1.0327
349 360 4.0045
106 547 4.0793
271 592 3.1247
434 639 2.7747
717 744 2.1948
383 738 2.4549
14 514 4.7703
352 749 4.0942
573 676 0.5487
77 586 4.3349
215 727 1.9417
118 736 1.2705
3 416 4.9639
693 694 1.0615
287 701 4.1344
30 350 2.9539
440 493 3.0015
788 792 3.2709
531 792 2.2665
396 585 4.1750
618 775 0.7200
182 214 1.7437
37 45 1.9026
727 762 3.6536
620 709 4.1718
655 785 4.5800
659 770 4.2588
646 772 0.5332
251 688 4.8879
353 512 3.5886
24 151 3.5574
656 744 4.7970
194 469 1.1973
647 729 4.0299
346 746 1.3650
477 533 0.9715
14 594 3.2242
308 407 0.5944
292 783 2.9106
158 509 4.8836
743 797 2.3992
524 710 1.4161
522 743 4.1754
436 730 3.0826
42 499 0.1062
78 518 2.3214
607 638 0.1673
238 764 3.1115
267 765 1.5647
375 488 4.1062
347 526 1.7878
488 534 0.9113
106 717 3.4324
206 265 2.1230
170 633 2.6434
150 473 4.5310
747 754 3.3835
37 111 0.1971
525 529 4.9057
794 796 2.2032
573 670 2.3143
324 599 0.5608
525 796 2.3484
795 798 3.9645
394 538 3.5341
756 765 1.6187
118 508 2.8966
162 364 3.4776
96 259 3.8188
407 743 0.7994
229 308 1.4260
762 767 0.0513
169 623 2.1160
477 618 2.2165
405 435 1.6826
671 701 2.6759
739 799 4.0950
69 777 2.6973
119 128 4.5036
766 789 3.0584
202 474 4.6766
567 637 1.4397
209 518 2.0148
655 752 3.5798
384 513 3.8804
654 760 0.6994
220 362 4.6884
580 659 0.6268
436 664 3.3399
516 693 1.4898
536 783 2.8536
132 172 1.3503
771 773 2.2024
284 538 0.5605
262 440 0.7256
306 508 3.7896
25 307 2.6738
433 733 0.8539
709 730 1.5594
684 698 0.7326
138 680 3.9250
337 403 1.7065
783 795 4.3448
680 795 1.2867
221 227 1.6266
89 659 3.4002
107 496 3.7230
570 579 4.4839
300 431 1.3654
735 777 2.7858
383 604 1.0862
422 751 2.9672
642 740 2.8930
298 355 0.1668
517 670 1.9356
558 581 4.0190
595 629 2.7826
74 153 2.8540
791 797 4.4829
344 785 0.8309
362 405 3.8053
408 627 4.4243
764 770 0.9288
278 759 4.1527
44 102 3.0543
656 686 0.7686
585 673 3.8139
390 792 4.3907
305 617 4.5054
606 770 4.6104
389 553 0.2769
697 736 2.8435
256 723 3.1166
25 691 0.8583
488 521 1.1330
140 785 1.0340
564 778 2.5377
216 438 1.4759
499 535 2.9264
525 787 2.2050
236 539 4.6860
196 386 1.5506
686 715 0.1387
267 554 0.9382
50 70 3.1331
399 491 2.9762
56 414 0.6818
166 358 0.9096
461 507 3.1110
749 766 3.8535
421 764 4.2666
776 785 0.5591
120 692 1.7578
518 569 3.1986
197 365 0.6151
135 753 0.1739
784 791 3.6711
78 426 4.6295
240 362 1.1999
617 679 1.1817
569 741 3.2336
9 496 1.9743
203 712 0.6464
786 800 0.0319
449 466 3.5513
642 745 4.8408
372 635 2.4843
318 360 3.2971
138 440 3.1977
431 646 0.5157
523 722 2.0397
117 390 3.7454
333 766 3.9437
585 744 4.2699
649 666 2.0473
590 592 4.1363
463 590 1.8362
751 797 3.8030
365 549 4.3428
781 792 4.8236
528 758 0.5484
785 786 1.4886
161 500 1.9545
698 781 2.5364
484 502 2.4864
518 756 3.5004
702 729 2.4164
90 568 2.8641
677 789 0.5650
607 706 0.2909
497 518 2.4808
715 731 2.5391
354 419 1.6598
318 597 3.3864
201 539 3.3338
21 58 2.5923
596 745 0.3266
347 690 2.6950
394 489 2.0698
25 43 1.1282
10 327 1.3664
555 575 1.4970
120 624 2.2951
273 587 4.6893
196 780 1.9157
176 348 0.3339
580 758 2.0185
315 603 1.2771
164 252 2.4834
370 441 2.4386
554 636 2.4860
539 727 3.6960
60 485 0.2328
2 558 0.4790
620 681 4.5755
160 169 3.8780
655 716 2.3174
714 732 3.3299
539 770 3.6634
451 475 2.7409
342 407 3.7239
293 401 3.5606
186 246 2.1944
232 472 0.0636
262 543 2.5225
508 692 3.0969
632 709 4.0490
471 496 3.0313
44 371 2.9958
343 557 0.1505
738 795 0.3677
19 145 4.6699
451 646 4.0894
766 772 4.2283
613 715 2.5584
450 789 4.3789
502 526 0.3800
754 792 0.9153
490 708 0.2291
567 592 1.1027
308 459 1.2265
225 685 0.6269
394 720 1.5204
329 606 4.2512
155 565 1.0152
106 121 1.2353
745 793 4.7626
659 747 0.0196
187 746 4.2068
674 758 4.0784
350 605 3.8967
383 408 4.9393
29 179 4.0336
97 701 2.8047
651 719 0.9247
513 746 4.1013
551 703 1.7033
329 756 4.8822
761 766 2.5622
301 572 0.5566
348 375 3.5970
313 587 0.6214
18 454 1.9626
18 109 2.5880
123 620 4.3548
10 179 4.9507
753 780 4.3504
556 752 3.0687
156 764 1.2636
409 572 4.4265
348 466 3.2105
43 681 4.9427
463 764 3.6978
194 231 3.3608
50 217 2.7918
466 467 4.6788
628 741 2.5359
76 752 0.4266
614 773 3.1866
22 602 4.6092
108 410 2.8662
736 772 3.6981
31 484 4.2433
730 751 4.5269
678 694 3.4316
167 800 1.3464
241 524 1.1773
703 721 0.8887
516 631 3.5969
600 679 4.8491
55 148 0.4890
213 304 3.4251
672 754 2.9464
26 327 0.1921
799 799 3.5370
43 522 2.9202
78 122 3.1829
687 781 0.6679
190 700 3.0660
633 717 4.3748
703 754 2.8910
754 800 1.6220
367 435 1.6450
710 752 4.3103
295 756 1.1061
442 764 4.2979
461 696 1.3642
135 366 4.5033
306 315 2.5414
71 689 3.3808
351 501 1.2417
249 451 3.7820
6 457 1.3822
367 422 1.8872
201 318 2.0843
228 734 0.6911
625 648 1.7539
715 779 4.1220
641 735 0.7509
661 684 3.0610
360 506 4.4071
482 697 1.3401
265 266 4.0212
45 256 4.1092
356 533 4.0006
183 422 1.4707
663 792 2.0663
578 721 4.1570
338 508 4.3735
454 626 1.5548
713 799 4.8927
293 543 2.7914
688 713 4.8517
584 605 4.3926
725 735 3.4275
102 260 1.1574
44 252 2.7187
752 767 4.9050
708 754 0.6929
122 223 1.6730
541 575 1.4092
173 397 1.9128
727 774 3.4424
257 397 1.4567
256 611 1.7774
20 724 3.0567
501 730 0.0878
40 608 4.4303
311 422 4.1535
301 412 0.9553
138 506 3.7097
277 611 3.2394
556 763 3.9713
666 676 2.6096
36 555 2.5533
523 643 4.7942
526 603 1.8327
181 246 2.2142
428 463 0.4393
17 262 1.1744
381 501 3.2794
647 759 2.2854
117 710 2.3034
274 304 3.0291
675 716 4.0755
39 504 3.0191
454 544 2.0475
236 781 1.3038
746 753 4.0496
698 741 3.9895
751 779 0.2834
394 697 0.3307
455 464 1.8129
347 513 2.5288
37 538 4.7194
336 717 3.8583
767 789 4.4218
507 553 0.4663
362 376 0.1484
561 796 0.1446
29 425 3.5055
172 689 1.0154
503 686 2.8545
609 654 0.6916
232 401 4.7122
568 631 4.0592
710 743 2.2896
516 562 2.2978
5 714 2.1987
671 701 2.7301
341 436 1.4095
238 632 4.8550
583 689 1.7709
117 421 2.9665
548 774 3.9753
91 569 2.6863
495 572 2.6486
757 776 3.2785
31 138 4.2738
792 794 1.8815
611 749 3.0524
441 508 1.3078
306 528 4.0139
429 474 2.8597
726 798 1.4219
774 785 3.8621
136 401 4.2289
434 515 4.1009
429 434 1.1120
128 217 4.7814
454 638 1.2325
792 795 2.1603
503 513 3.4106
217 386 2.0885
563 775 3.0128
130 222 0.1286
691 766 0.8255
177 469 3.6259
312 624 4.9600
214 736 2.0888
182 507 3.2117
658 679 1.5747
450 573 3.2599
736 781 1.7304
221 221 3.2598
286 679 0.6493
373 718 2.2023
559 691 2.7353
131 585 0.3616
705 751 0.5082
39 98 0.6649
486 544 2.9389
207 346 1.6781
316 796 0.8764
553 773 4.8126
421 605 4.1447
60 289 2.9225
67 525 4.2111
389 638 3.1212
263 594 4.4853
129 224 1.5005
560 575 2.7623
6 442 2.2583
132 517 4.1787
53 660 3.6032
412 469 4.2296
536 714 1.1608
309 798 1.5425
631 679 4.7304
748 798 3.8676
590 591 2.5659
785 792 2.4077
198 221 0.6205
451 749 3.5226
641 763 1.8826
365 559 1.4256
300 614 1.5881
715 727 4.8458
725 741 4.1806
411 681 0.5367
390 686 4.0708
89 575 4.7360
218 483 3.3733
718 745 3.6668
59 242 1.9219
157 674 0.0677
153 670 0.4893
366 375 0.9289
107 796 4.9448
24 116 4.7565
97 486 2.3466
196 621 1.4053
407 641 3.6179
363 463 0.8968
274 418 0.3713
303 476 1.4352
622 788 3.8550
450 593 1.0542
647 764 0.7873
95 100 2.4931
794 795 0.7005
311 616 4.7770
438 563 0.1168
787 795 1.7705
408 520 1.9363
551 601 2.5542
658 766 2.1490
782 792 0.3469
730 774 1.0379
227 463 4.0255
90 616 3.7205
389 668 4.6396
429 503 4.1674
531 597 2.9448
576 647 3.9229
590 735 3.4588
628 736 2.7822
695 730 0.7657
497 566 4.5203
680 765 0.5681
176 722 0.9730
34 726 1.2973
578 599 2.6891
331 347 1.7281
282 378 1.4341
766 788 3.2967
180 735 1.0695
39 632 0.1841
385 656 0.9309
393 618 1.5420
217 726 2.8319
404 727 4.4608
363 792 2.0978
374 780 1.9623
746 774 4.3634
121 700 2.9800
608 659 2.2936
419 685 3.2514
82 730 2.1613
174 452 4.9703
725 782 4.6340
559 741 2.7228
716 787 1.0607
494 567 3.8298
590 598 1.0836
607 724 0.8887
303 740 4.8460
389 779 3.5356
241 748 0.8797
499 679 1.9041
753 769 1.9700
347 736 2.8531
789 791 2.0947
11 445 3.8413
503 796 2.0836
578 790 2.0942
685 782 4.0993
793 795 0.1111
185 372 2.9517
775 785 4.1226
651 733 4.2683
764 775 2.8843
586 632 1.1463
111 223 0.2744
376 546 0.1536
351 553 2.4440
208 753 3.5992
748 753 1.3949
96 560 0.9396
612 678 4.4250
503 741 2.9249
169 192 2.7585
566 755 3.3681
553 623 1.2779
283 320 1.7433
533 569 4.3101
358 620 2.3598
15 530 4.0131
141 634 1.5594
188 769 1.1728
470 645 2.8485
277 670 3.2568
51 74 2.0895
429 555 1.1906
763 765 0.6703
201 660 3.3005
125 526 3.9873
721 758 2.9275
39 186 0.2035
456 749 3.4556
541 752 2.6400
231 645 0.4188
263 430 3.7608
459 468 1.2625
454 548 4.0142
772 780 1.5957
479 544 4.2025
308 330 1.7665
765 770 1.8735
699 707 4.1764
41 64 0.0472
608 706 3.4255
86 273 2.6638
263 601 0.7234
314 673 0.9988
609 650 1.7939
488 719 0.2623
677 702 1.9012
81 325 2.0142
714 748 4.3017
244 374 2.6206
28 230 4.5753
602 681 4.5172
73 511 3.7749
442 773 2.3450
774 794 4.5681
518 619 4.8091
678 742 2.8267
435 681 3.1981
110 266 4.4094
112 521 0.2830
78 185 0.3119
556 687 2.6011
106 113 1.7292
473 608 3.3904
472 503 2.4382
474 588 3.2096
283 599 1.9523
590 783 1.7011
580 629 3.0803
690 787 0.3637
501 601 3.6583
368 622 0.7818
442 488 0.2607
217 467 1.8017
565 687 4.7900
778 789 2.2641
697 725 1.5430
391 683 4.3192
229 530 4.7580
576 604 4.2176
665 716 0.8214
708 717 3.9015
488 660 3.1917
248 620 3.1747
10 348 0.6332
471 749 4.4461
276 283 4.2341
446 735 4.5439
705 745 4.7464
671 789 2.0758
513 584 4.2209
26 253 0.7483
370 511 3.6433
531 576 1.7925
348 755 2.2584
575 658 4.7778
578 658 3.5315
637 712 2.9117
303 712 4.3701
324 770 0.9270
640 730 4.4627
539 605 2.6119
571 599 4.4431
457 709 0.8986
751 778 3.7196
722 724 1.8673
735 751 3.8612
181 797 4.0088
594 640 4.3377
168 603 1.4242
9 771 3.7878
390 522 3.3056
273 781 0.7244
559 695 0.4245
559 616 3.9435
208 382 1.8237
673 766 1.7663
753 768 1.3961
764 788 0.1918
671 750 3.7767
315 462 4.8758
651 668 2.9913
565 713 0.1504
510 541 4.5450
188 725 2.9600
224 422 4.1011
358 770 4.7359
720 775 3.3031
8 742 2.6147
273 303 4.3286
732 794 2.8465
364 463 4.5236
73 123 0.7941
155 348 4.6216
168 329 0.6645
603 619 1.0203
73 370 1.2976
736 764 4.3860
86 130 2.9198
212 666 3.7013
253 725 4.9003
589 700 0.2454
784 784 1.9124
659 737 3.0246
597 609 2.2861
348 678 3.5622
228 731 3.1752
320 638 2.0930
372 461 0.6120
387 722 2.6301
396 442 4.2324
324 371 1.6061
332 553 3.4647
205 368 0.8896
298 536 4.7426
305 447 1.1319
628 758 4.9887
280 541 0.3701
326 731 4.1811
676 729 2.5984
703 758 2.3735
451 496 2.3959
12 173 0.3908
714 783 4.9848
762 798 3.1018
452 752 0.4194
787 792 3.2299
85 428 4.3722
46 78 1.2640
778 800 3.5683
163 261 0.1786
293 512 3.8234
241 624 3.0007
333 362 1.3701
140 277 0.1293
306 648 4.7469
425 677 4.7555
161 275 1.6713
258 435 1.4314
485 785 3.3734
739 770 3.8240
290 569 4.4144
180 475 4.7659
484 728 2.6074
490 636 3.1995
417 417 4.1796
239 662 2.8875
781 790 4.0399
685 769 1.3158
33 70 2.6455
671 752 0.0236
332 627 4.1062
116 158 1.9348
600 615 1.7939
759 799 3.5320
247 702 0.6474
686 740 2.3213
259 743 3.3763
35 343 0.9750
236 423 4.0015
614 686 3.6957
425 740 2.9041
88 312 2.7599
686 780 1.5945
690 776 3.9609
246 358 1.3663
579 656 3.7295
660 782 0.0320
306 605 1.3243
63 234 0.5392
687 727 0.7638
690 796 0.6953
261 524 0.8997
47 730 3.0938
693 757 4.1828
40 172 2.0796
44 176 0.6991
363 418 0.4495
619 705 1.6502
699 732 3.9434
456 678 4.1123
267 376 3.9404
456 558 0.8298
355 479 2.5149
568 768 4.7696
639 639 4.3418
312 729 4.4792
10 438 4.2072
89 146 1.5102
3 347 3.4286
591 650 3.6642
253 541 3.9280
364 390 3.6729
201 276 2.7214
680 741 3.9772
525 601 4.1842
561 716 2.1156
479 675 1.9924
207 337 4.1174
228 504 1.0828
147 669 3.8490
431 708 2.8474
620 660 2.8326
471 529 1.4157
728 778 4.6381
13 592 1.0620
90 275 0.3564
779 783 1.6996
444 691 2.8520
469 715 3.4465
48 372 4.7497
769 773 4.9812
293 596 4.4602
718 737 4.7054
434 449 4.9441
59 427 3.1879
85 202 2.3380
752 781 3.9753
168 398 4.5838
785 795 1.8134
654 742 3.1009
140 670 1.3747
410 761 1.2718
213 288 2.6155
474 787 0.3601
58 309 2.3687
273 717 3.3242
25 468 3.4846
142 559 0.7529
308 471 4.2134
416 557 1.0386
126 655 0.8863
110 458 2.0232
627 696 4.8946
702 754 2.6647
87 697 3.1878
235 312 3.4726
305 621 4.4338
434 776 2.9968
531 605 4.4381
183 344 3.8826
162 218 1.4084
601 601 0.2034
596 681 4.3947
36 386 1.1937
397 626 4.8399
149 700 1.7444
73 704 3.4647
194 562 2.0468
727 785 3.8766
611 645 3.3715
738 783 4.3464
262 418 1.9157
387 509 4.9230
546 616 1.1571
768 777 2.6404
295 599 3.0693
121 129 4.7708
711 724 1.6983
440 473 1.2355
780 783 1.9173
639 663 4.3872
671 673 0.7539
126 399 4.4643
224 618 0.3452
681 688 4.5591
778 781 3.9190
458 691 0.2835
40 497 2.3736
345 642 3.6090
237 529 4.9266
519 799 1.9687
783 799 4.4880
263 334 4.8008
561 613 3.1551
688 741 2.6505
203 498 3.6612
700 756 3.1746
530 755 0.5337
322 521 1.6114
466 571 1.1972
225 518 0.6320
444 655 2.8742
111 318 2.8831
250 382 4.8474
536 745 0.2687
175 421 1.2050
596 604 3.4377
188 566 0.9193
793 799 3.0094
273 397 3.8432
180 739 3.3276
152 483 3.9406
111 558 4.1447
156 780 1.1721
530 541 0.9691
67 490 3.4078
158 523 2.6570
796 796 2.0169
668 687 1.9472
92 385 0.5766
67 361 3.2276
299 543 1.7815
230 413 3.8654
793 797 4.4836
291 759 1.0682
724 793 1.9255
511 663 4.4487
251 373 3.6276
656 708 0.6631
276 322 4.0711
701 742 3.3785
716 722 3.0922
774 800 3.3739
259 609 2.2464
79 781 3.7108
627 645 3.7400
756 782 1.6968
127 476 1.3784
321 409 2.8420
287 754 0.3284
614 684 1.8103
293 786 0.4121
86 677 2.3286
427 661 2.2742
290 333 4.1232
688 742 0.3153
43 553 3.7993
49 476 3.8142
330 563 2.6494
230 302 2.7011
580 680 1.2366
553 757 1.5761
217 688 4.3982
521 653 3.9318
647 686 4.2958
51 659 0.0138
599 654 1.3491
666 779 4.1067
532 657 2.1158
349 693 1.1054
715 772 0.0738
671 702 0.1398
454 610 2.2668
579 762 1.9229
42 194 3.7368
33 360 2.6834
58 540 3.2574
275 397 0.9256
306 410 3.5088
577 684 0.3577
562 640 3.4595
277 460 1.8150
595 788 0.1473
138 733 2.8744
488 492 1.4784
118 137 3.2390
435 795 0.5052
164 397 4.2300
559 592 2.9712
522 695 0.7095
558 763 3.0867
714 793 0.5317
238 588 2.6001
494 527 2.7478
368 681 3.0469
786 789 0.9540
204 420 0.6656
743 774 3.8946
577 800 0.5564
311 415 2.9415
350 735 2.8192
475 775 3.5548
752 778 3.7079
617 689 0.2939
40 793 0.9782
459 772 4.8797
30 428 3.2624
58 656 1.1961
656 727 4.2106
779 796 3.9375
625 669 2.3632
150 585 0.7393
738 766 2.2265
716 777 0.4401
155 201 1.4652
592 716 4.5324
41 256 0.1565
250 393 4.9400
601 603 3.1919
50 776 4.0708
676 681 2.0793
163 450 0.0277
685 724 3.0509
339 493 3.5910
317 754 0.9024
627 745 3.8668
670 755 4.6012
795 798 2.0418
582 788 1.2845
195 364 2.3667
770 796 4.8010
39 518 2.4957
719 786 2.8712
495 583 4.6910
152 165 3.8981
561 658 1.8039
197 406 3.9965
397 660 2.2702
727 750 1.6468
186 286 4.3853
192 673 1.2357
266 788 2.8688
169 404 0.6538
417 544 0.3509
492 594 0.3497
265 441 1.2847
640 795 0.2111
215 693 0.7858
70 395 3.8399
673 762 2.2929
473 543 2.8848
317 738 1.7376
419 543 0.9799
476 628 3.5964
579 687 3.2481
312 760 2.7670
317 795 1.7115
307 705 2.3605
228 253 4.3222
114 725 3.7234
399 620 2.9516
78 175 4.3638
618 789 0.3473
742 799 4.7321
717 792 4.5126
760 800 3.0553
80 292 4.6705
353 569 4.5131
797 800 4.4137
56 345 0.2072
12 492 1.6926
546 572 0.8559
261 718 3.1229
508 556 1.2590
573 598 0.0249
341 572 4.9082
80 317 3.3323
688 745 0.9559
557 616 2.4565
639 673 4.0308
394 410 3.1198
549 632 3.2459
5 644 3.1691
165 398 1.5312
312 403 1.3407
122 795 2.0540
631 665 0.3379
34 321 2.4295
530 727 0.3622
741 790 3.1157
143 284 2.1749
449 629 4.5975
55 164 3.4910
506 624 4.0043
185 654 3.2451
611 721 0.0575
4 196 3.3197
698 766 4.5333
636 698 1.9786
211 450 0.1187
687 713 4.4036
541 688 4.5107
536 714 2.5856
369 678 1.9063
249 542 2.7221
286 359 3.4371
356 548 0.3801
33 399 2.8542
321 731 2.4941
307 716 3.4299
256 744 1.4047
284 417 4.4584
680 730 4.5753
532 682 3.4366
282 643 2.0857
639 778 0.5105
115 533 4.9290
399 462 4.6808
408 617 4.6853
745 768 1.7838
717 751 4.2775
30 471 3.9194
396 674 1.3086
618 624 1.5725
722 776 0.2580
240 773 4.2325
428 590 1.4108
723 777 3.2092
765 796 4.9717
326 444 3.1216
611 784 4.7788
799 799 4.2585
705 788 3.8113
192 492 3.4000
115 123 3.8649
602 672 2.5701
478 643 2.3504
546 718 4.9480
98 581 4.0708
18 183 1.2726
249 672 1.8551
775 797 4.6378
337 517 3.5400
681 784 1.9649
27 210 3.5402
751 776 2.8492
492 716 1.1966
351 772 2.3259
276 381 0.2897
261 696 2.7616
81 700 0.0553
730 798 3.2657
465 797 3.8996
89 91 4.2970
522 761 3.1932
615 624 4.9734
302 448 1.2509
598 611 4.4724
148 172 3.9165
187 715 2.9230
423 731 2.3994
721 757 3.7017
116 276 2.9355
170 691 3.9686
313 396 3.9348
721 750 4.2744
137 544 1.7581
37 747 0.0826
275 576 3.8204
355 663 2.0092
467 635 3.6071
797 799 1.7567
376 642 1.7925
80 337 2.7303
292 669 2.7408
126 598 3.9763
129 486 3.6632
360 398 4.1503
580 753 2.4909
798 799 3.8353
597 733 1.5589
205 274 0.2494
354 695 4.2791
513 602 3.3787
283 486 1.2601
796 797 0.3163
779 786 3.7285
226 625 1.1142
445 544 3.8583
773 783 0.4641
266 414 1.6192
475 799 4.8869
72 98 1.6175
766 778 2.4497
239 543 3.8658
9 19 2.8733
291 733 4.2092
277 393 1.2043
578 728 0.3831
191 735 0.6495
618 692 4.1199
208 770 2.8892
245 634 1.3406
22 466 1.8027
135 216 2.6307
222 443 1.7120
275 646 3.0115
341 475 4.4197
122 643 4.0656
397 664 0.6741
473 708 0.6553
789 799 1.3415
88 296 2.7228
277 422 1.4618
503 586 1.7775
788 790 1.3914
378 484 4.3432
465 498 3.3523
505 641 4.1121
674 783 0.8145
610 689 2.5039
214 262 0.1323
237 470 2.2374
661 705 1.7860
553 573 0.8097
735 747 3.7511
225 323 4.8166
315 423 3.6508
195 456 4.0169
505 737 0.9398
203 753 3.3282
792 797 3.8749
31 435 2.1306
341 779 4.7713
47 223 3.2164
648 719 2.8046
595 760 1.1667
361 473 3.3620
398 440 4.8806
253 684 0.4685
127 360 3.9609
155 558 1.6544
233 418 3.0368
504 721 2.2928
216 533 3.4960
374 669 1.8393
53 513 4.1760
766 783 0.3568
382 590 2.4743
664 773 3.2602
677 744 4.7181
506 699 4.0281
527 721 3.7057
235 465 4.9559
406 569 3.3819
206 381 2.0922
561 750 2.8752
340 598 0.9616
10 768 2.2671
725 735 0.2857
313 344 3.4894
197 297 4.2340
724 740 0.8674
713 736 1.7579
10 51 1.4649
559 744 3.2157
677 763 4.7706
347 519 0.3386
151 606 2.1991
689 791 2.5502
277 428 3.2367
555 760 2.7057
351 409 4.4208
103 539 3.9031
528 746 2.9983
322 487 2.8294
117 798 4.5393
1 742 3.7518
796 798 1.7794
534 551 1.3956
786 795 3.5493
773 795 3.4797
193 544 2.3621
153 676 0.5058
419 562 3.3656
477 519 3.6246
303 594 2.5297
729 771 2.8313
151 635 3.7675
685 701 2.2304
533 703 3.9684
674 734 1.8059
322 446 3.7430
581 799 3.9338
68 248 1.5010
436 457 4.4562
114 310 0.9881
228 511 0.0717
171 780 3.2425
646 704 4.6278
59 583 4.0398
45 718 0.0647
592 688 3.2296
194 701 2.7919
724 745 3.2089
339 392 0.4286
395 469 4.6796
138 551 4.7438
216 374 3.5949
414 633 1.9243
406 759 1.4164
18 654 3.4180
238 567 4.4034
729 765 2.8546
436 584 4.3945
285 327 2.6575
119 780 2.2115
693 736 1.2496
436 642 4.3808
368 782 0.2113
219 525 2.7570
124 153 0.0074
297 354 2.6634
522 539 1.1599
204 789 4.7235
388 531 1.7870
595 627 3.4709
91 770 3.5500
285 521 4.4638
787 800 1.8016
713 797 0.7852
500 760 1.4444
32 220 0.2901
26 378 4.4724
390 659 1.2588
214 606 3.5708
571 719 0.2358
765 765 2.9092
620 638 4.3108
273 662 4.2697
791 799 0.4746
99 667 1.3113
615 750 2.2886
473 796 4.0501
81 787 4.1039
607 634 2.7108
442 756 3.4315
6 546 1.4007
343 462 3.3325
91 137 4.6334
710 799 1.3190
36 656 4.3775
769 785 3.7595
383 400 0.2651
277 693 1.3563
370 747 4.4193
458 673 1.9404
634 675 1.6374
424 671 0.0826
745 751 1.7335
367 733 4.2076
779 785 1.5764
383 498 1.1672
357 751 4.1411
789 798 3.2605
689 791 2.0005
775 786 4.7105
590 670 4.2800
104 607 3.0784
251 483 1.0622
636 800 4.1689
340 759 1.4414
334 594 3.5691
561 655 2.0499
83 297 0.7053
681 710 0.3701
569 639 4.1479
458 662 3.2766
578 720 1.3562
649 782 1.8021
572 791 1.4610
794 795 0.3919
542 753 3.6368
276 520 4.0759
447 734 3.8893
132 510 0.2201
117 529 4.3457
370 634 4.5329
779 791 4.6302
546 577 2.4010
362 625 2.8808
109 210 0.0042
197 743 3.8071
717 767 4.2436
288 349 4.5126
430 765 3.0677
648 792 3.2435
294 599 3.8615
187 595 3.1178
662 732 4.8370
196 404 0.2271
658 687 4.0798
570 695 1.5341
81 427 1.2780
217 598 0.1591
355 444 3.4400
383 614 2.3200
188 800 1.4250
154 398 3.7450
207 713 2.8806
163 323 1.6454
295 351 3.2239
14 74 0.8435
742 751 4.3447
86 493 1.8051
280 431 4.9804
680 790 1.6526
168 291 0.2298
40 471 2.4388
163 284 2.2549
407 571 2.0064
467 601 4.2927
50 522 1.6704
106 571 1.4369
91 554 4.5782
342 745 0.4170
301 411 3.1470
788 789 3.9951
580 601 1.2819
785 795 4.2343
314 727 2.2034
654 730 4.4375
477 609 1.2433
154 185 3.2480
689 772 0.3279
569 718 0.3712
9 780 2.5701
179 687 2.9450
249 794 3.1611
524 724 4.0751
649 705 0.6251
358 505 2.3918
567 769 3.0054
675 731 1.2626
565 683 1.0982
734 776 1.1566
693 767 2.1069
742 795 1.9116
204 242 1.0727
439 648 2.7693
488 621 4.6409
544 686 4.4127
606 630 2.2824
645 710 3.1512
319 610 3.4427
95 204 2.3232
380 386 2.3293
725 732 1.4781
11 552 4.8758
401 518 2.2801
409 618 1.3968
118 750 2.8327
709 796 0.2267
264 349 0.4372
586 692 0.1244
451 517 4.6151
325 412 0.6526
362 468 3.5687
457 587 2.6911
40 520 1.2690
661 675 0.5385
742 785 1.6929
672 678 1.8805
223 711 1.9585
715 790 0.0912
182 426 2.7859
296 305 1.1393
93 546 4.8247
110 741 4.1926
477 599 4.4523
500 771 4.1809
501 554 3.0756
206 496 4.7487
469 538 2.6466
756 783 2.4467
281 715 0.1520
748 783 4.3918
16 52 4.1480
702 780 3.6747
51 680 3.8993
311 435 2.1800
514 612 4.5963
263 603 0.7472
26 631 0.0290
63 310 3.9509
608 627 0.7719
545 721 2.4450
711 780 0.2870
762 778 2.1617
440 528 3.3611
145 203 4.2343
561 727 1.1583
586 683 2.3271
446 732 1.0809
173 255 0.2925
555 641 0.4678
230 691 2.7925
636 670 4.6846
43 595 0.7918
410 701 3.9054
788 789 2.7123
598 760 3.7039
440 659 2.5055
308 683 1.0493
512 612 1.9227
614 625 4.5334
673 743 0.3047
487 558 4.3583
62 379 3.5296
291 769 4.5816
684 742 1.7641
491 634 0.2809
412 773 3.0424
596 704 1.5662
569 681 3.7159
144 148 1.9057
619 743 2.9466
763 796 4.0390
789 796 1.5514
176 799 1.7819
548 654 1.9486
506 636 1.4431
667 700 4.3994
543 782 0.9664
209 696 1.4135
107 736 3.2216
40 199 1.6433
283 648 4.7749
297 587 1.9810
720 740 1.2483
46 484 3.4895
407 691 1.7417
244 352 1.6506
363 742 1.3605
79 634 3.2431
450 503 4.3223
417 560 4.2820
338 345 4.6221
455 572 0.5693
466 796 0.3948
305 636 3.3352
201 640 4.8107
134 517 3.1113
713 728 3.3186
38 655 3.2842
20 475 3.7040
98 793 1.7047
21 137 0.6768
324 554 1.5384
593 695 4.4835
69 282 2.4401
750 772 2.9750
184 393 3.3845
751 789 3.8056
427 585 2.8731
172 236 3.6646
393 702 0.0312
640 752 1.6854
313 471 1.5816
368 563 4.5351
406 741 4.8188
349 426 2.1262
281 481 1.8678
492 687 2.2443
471 545 4.9153
587 778 0.4818
702 714 2.0023
768 782 1.7564
434 443 3.4745
145 703 1.5898
713 739 3.9791
494 759 4.5163
431 541 2.7241
396 514 1.5992
32 597 0.9933
673 696 3.5816
83 385 3.6809
83 293 1.7019
13 345 2.6417
413 629 1.8585
568 791 3.9701
223 312 0.2553
647 732 0.9851
732 746 2.0191
7 62 0.3501
261 690 4.3904
399 612 2.1223
457 726 0.1034
713 765 1.8357
285 692 1.2850
37 39 2.7900
126 653 1.9108
5 449 1.1032
789 792 0.5587
357 502 3.3799
259 409 3.3414
569 692 2.6276
690 800 0.1954
761 800 3.1507
87 785 2.2610
525 604 2.3341
432 523 1.3506
235 393 1.1363
139 476 3.0881
273 443 3.2970
204 603 1.9598
22 710 0.4274
454 726 2.5959
529 622 0.7564
623 759 0.5707
178 513 0.6831
289 782 1.3407
67 262 2.5329
362 760 2.0159
216 565 4.3051
272 698 0.9748
224 647 4.8061
185 397 2.2425
463 728 3.5245
605 690 3.9244
307 656 2.6447
684 744 2.5645
357 522 0.5824
162 331 0.8035
40 470 0.0022
378 394 4.0295
516 574 3.3920
545 709 1.7412
607 780 1.5396
44 458 0.3602
71 355 3.8140
754 797 1.2337
207 272 1.2951
179 272 4.9147
716 729 4.7284
185 486 4.6636
180 702 1.8200
178 746 3.8302
150 224 3.1465
786 793 0.6912
609 655 3.7682
299 653 1.4097
130 466 4.8299
258 333 0.6756
150 723 1.3998
777 786 1.7364
556 635 3.7165
795 800 0.1633
559 712 1.7442
435 562 1.6959
475 674 3.3559
557 782 0.9861
279 718 1.0453
366 742 3.7927
269 649 3.7914
50 783 0.1887
393 584 2.1049
409 640 2.9744
513 566 0.6162
70 506 1.2871
322 703 3.6455
211 761 2.4598
315 640 0.9875
50 500 0.6405
314 767 3.1051
162 296 3.8315
671 751 2.0343
560 753 3.2911
784 794 0.7159
788 793 1.8782
364 780 3.2280
373 620 1.0943
482 566 0.4891
124 292 0.7288
160 382 0.3014
455 666 2.3888
311 710 4.4835
647 690 2.5399
607 700 2.5299
354 743 1.6295
186 513 1.9086
334 539 3.7614
175 290 1.3918
88 184 4.8162
710 727 0.0602
541 787 0.0265
516 619 1.3791
592 793 2.7634
101 440 0.0815
390 747 4.5692
537 744 3.1824
487 495 4.4205
625 680 4.2266
485 594 0.7537
636 764 2.0448
477 573 4.2786
562 577 3.9818
460 640 0.6261
642 736 3.3784
222 300 0.5297
505 695 2.1432
18 539 1.1666
263 268 4.2006
136 558 2.8101
277 322 3.4555
245 434 0.8967
204 278 0.1503
585 655 1.4340
570 758 4.6774
55 674 0.1485
680 774 4.6394
444 554 1.5134
109 568 1.1170
567 618 2.9796
164 354 1.5138
137 404 1.4943
421 699 4.4813
443 780 1.4024
164 235 1.1137
633 660 4.0118
613 694 2.5303
280 499 2.5022
799 799 3.1182
798 800 1.6179
179 653 1.3696
782 782 3.8735
714 739 1.1193
317 634 0.6130
490 655 3.0458
775 788 4.8096
362 691 4.5665
43 544 3.0958
164 595 2.8896
29 606 2.9117
734 735 0.9179
512 764 0.1604
484 724 0.0621
88 152 1.9985
572 773 0.0668
226 725 0.7760
161 616 1.6779
252 437 2.6201
786 793 1.2479
741 795 3.1500
400 462 0.8044
720 785 3.9393
623 664 0.8566
627 753 2.4399
45 721 1.5760
210 257 4.4376
33 192 4.5344
559 766 1.1965
335 767 1.3492
761 766 1.5691
712 799 4.4228
364 529 2.0408
48 404 4.3814
172 702 2.5068
393 513 2.4040
235 455 3.0487
586 724 4.7338
538 670 0.8059
409 444 1.7361
794 799 4.9613
396 661 3.9531
728 732 1.5051
290 335 1.4230
784 789 4.7429
349 384 1.1156
773 783 4.1059
359 595 0.6052
47 95 3.6314
593 718 4.8939
314 785 3.6084
84 771 1.1108
541 755 2.7860
114 287 0.8454
469 501 4.7436
449 800 1.2013
658 770 2.6000
601 754 4.2023
756 769 2.6159
346 438 1.6029
119 132 0.6708
402 616 3.4140
618 745 2.3714
570 587 4.8969
669 721 2.0160
326 473 2.6654
331 774 4.3780
145 644 1.6205
605 775 0.8177
656 786 1.9881
374 436 3.5340
762 780 3.5229
16 746 0.3206
713 721 0.6890
102 354 0.1460
207 701 1.9635
789 799 2.0811
340 363 1.6958
677 689 4.3431
699 712 4.0416
717 753 4.7855
774 786 2.0217
595 605 3.6319
126 138 2.9554
68 689 1.5190
715 749 3.5010
543 583 0.6871
432 755 3.8653
347 410 4.7657
738 774 0.0948
752 798 4.2307
289 473 0.9231
177 386 4.4226
785 796 0.3504
204 767 2.6824
386 559 4.1221
427 589 0.6507
348 349 3.6147
717 747 3.4548
540 746 2.5479
85 407 2.6297
177 331 2.4897
315 763 3.2663
517 723 0.5762
688 718 2.1541
163 444 1.3970
45 226 1.6563
388 438 4.8795
64 174 0.7378
60 420 2.3195
660 792 4.7023
277 641 0.9519
388 729 2.1506
81 623 0.9917
480 747 2.5740
357 746 1.9091
64 172 3.1987
622 663 3.0960
79 402 2.1406
649 678 0.6794
657 758 0.8435
601 661 1.5585
174 727 0.5262
461 619 3.9938
320 333 0.2929
18 164 1.7071
178 535 1.5108
566 680 1.2088
77 713 0.6449
65 250 4.5274
328 580 0.3717
600 721 2.4945
122 567 4.6536
359 721 3.4878
443 607 3.3082
617 746 0.0828
736 746 2.6665
142 262 0.7189
140 349 3.2539
395 400 4.4313
776 781 0.2401
296 603 0.6201
349 636 3.3310
503 737 4.9119
670 728 1.6766
502 710 4.3159
578 773 0.7946
730 756 3.1020
283 600 1.0106
670 703 1.8653
654 730 3.7808
733 765 4.6831
681 741 2.2625
196 638 4.1851
438 521 1.1101
474 604 1.2059
624 693 1.1858
237 269 1.4701
66 202 3.0780
11 688 3.9072
543 637 3.7931
750 778 0.3558
566 770 3.8849
253 748 1.6464
199 658 0.8822
189 230 3.7822
68 776 4.2070
215 397 3.7944
558 678 4.3184
404 439 1.7537
410 709 3.8265
720 799 1.6784
271 788 2.1741
195 394 2.2507
697 723 3.7043
383 454 3.0753
239 280 1.5687
192 735 2.6158
475 579 3.7767
782 785 2.0815
483 522 1.4056
461 570 0.5151
47 759 3.5896
44 80 0.4941
147 752 1.8463
680 793 2.1982
59 545 2.4089
598 628 1.2074
420 619 0.0479
475 654 4.2467
454 759 0.0320
50 757 3.3706
280 587 0.0575
470 627 4.3695
676 679 3.4514
512 771 4.2981
198 373 1.0347
402 555 3.4308
451 769 2.5133
217 797 3.7984
255 468 4.5445
468 708 4.5898
629 741 3.8545
192 583 4.7662
281 343 0.2198
255 332 0.4195
682 695 4.7214
422 492 3.0150
170 387 3.7354
354 590 2.6312
700 726 3.4837
183 503 4.9826
454 626 2.6777
503 559 3.0347
510 719 1.6356
199 764 3.0187
367 407 2.3539
51 601 0.5857
224 507 3.7661
56 194 3.6410
235 437 3.0643
659 659 4.6189
33 670 0.1518
268 526 2.4479
262 310 3.0015
479 504 4.7716
628 663 1.3604
201 672 4.8313
747 787 1.7712
365 750 1.9266
264 274 4.1212
362 792 3.9380
250 661 1.5854
681 777 1.5683
322 458 1.2063
300 318 4.2789
335 664 3.1997
89 784 4.7480
187 551 1.3899
356 769 1.9917
176 593 1.7875
164 641 1.2303
486 786 3.3936
63 127 3.8074
39 749 2.2500
425 577 4.1177
298 763 4.7464
663 781 1.3257
225 444 1.8109
197 223 4.8663
711 735 3.1909
64 241 4.8233
144 644 1.0012
158 298 3.2162
191 343 3.4831
83 685 0.9379
359 502 0.3162
678 721 1.1773
257 416 1.0970
183 397 3.6600
170 524 4.3985
315 603 2.0163
667 679 4.7404
216 384 2.4353
127 542 3.1134
81 442 0.2496
600 733 3.4008
176 193 3.5604
33 87 2.3338
360 773 0.0855
253 671 2.9813
582 736 4.1660
682 718 2.8018
409 795 4.0332
157 556 3.3166
759 778 3.7303
555 621 2.2639
118 783 0.6703
384 393 4.1757
387 667 1.1073
381 383 1.5241
201 205 1.8926
386 456 3.8219
627 671 1.6444
304 582 3.3360
704 707 2.3536
60 91 4.6717
326 646 0.7800
372 675 1.7359
619 740 4.7392
641 659 4.0394
63 141 4.5958
550 596 0.4463
406 790 0.4110
405 503 0.0637
154 422 0.0661
260 691 2.6969
716 742 0.6809
130 177 2.3957
503 605 3.4277
714 761 0.2857
336 361 3.9091
740 765 3.2113
431 712 1.2591
254 737 2.4821
649 744 2.1426
77 430 2.6921
398 548 4.0774
662 686 0.1961
561 677 0.2503
348 591 2.2741
415 605 2.3243
498 753 2.5202
767 767 4.1262
229 256 4.8171
564 762 0.8157
669 727 1.6963
563 762 2.8201
797 800 2.2411
168 662 0.2455
278 581 1.5500
629 679 0.2189
512 521 3.5193
482 712 4.8975
182 331 1.1155
615 789 0.1390
84 250 0.5930
96 392 1.3782
660 679 4.6473
750 758 1.7842
671 799 1.8475
744 755 2.1744
167 725 4.6939
77 549 4.6283
83 137 3.7039
231 463 1.6742
785 794 0.6969
401 595 4.1912
713 752 0.6082
652 663 3.6126
414 554 2.1411
635 665 1.7339
198 394 0.4334
582 737 2.6052
376 586 0.6007
439 690 4.4256
106 358 1.2975
604 698 0.5984
354 796 2.0757
798 799 3.3743
321 404 0.0030
51 335 3.0220
400 657 4.7318
199 590 0.4580
394 432 4.8087
94 115 2.1614
101 296 2.6740
767 780 3.5138
465 496 3.5993
271 708 3.7111
84 256 2.2533
65 385 1.2323
457 785 1.4974
536 601 3.7583
792 796 3.0500
424 688 2.5136
206 343 1.4439
22 368 3.5266
729 753 2.7889
600 773 3.8386
781 798 4.9258
144 673 0.8392
21 711 1.4911
303 614 3.5541
215 218 2.8812
391 596 1.1109
567 726 3.4316
117 241 0.5843
49 265 0.6299
181 565 3.9575
121 507 3.0200
740 755 0.9863
498 505 3.2973
125 588 2.1604
160 635 3.4670
86 449 3.5673
179 349 1.2850
73 366 4.8489
254 638 1.2135
216 523 2.1361
798 798 2.2925
367 794 2.3240
116 598 3.8061
360 763 2.2481
727 741 2.3477
365 418 3.8030
532 714 4.6380
197 370 1.2054
491 663 0.8351
279 418 2.7296
307 457 2.3313
55 562 4.4639
40 159 0.4186
600 669 4.2148
352 647 4.9264
91 501 0.9925
342 480 0.7027
567 735 1.8467
559 570 1.5865
368 511 0.0811
372 636 0.6235
777 777 1.0086
322 418 1.8148
36 125 3.4576
535 569 2.6703
695 728 0.1218
227 358 1.2328
756 768 1.7126
588 653 1.1362
348 705 3.2451
115 417 0.6724
130 498 2.0814
129 569 2.1825
286 696 3.6195
233 481 1.5138
245 256 1.3741
765 767 0.3941
459 661 2.0565
390 408 4.0140
160 203 4.1819
9 523 0.2712
721 759 4.9550
731 789 3.9706
246 727 3.8721
770 794 4.6009
259 506 4.9123
528 710 0.7482
742 763 1.1866
727 780 0.6082
176 547 0.4487
166 588 4.7300
454 482 3.2752
553 668 4.8452
299 719 4.8636
430 662 4.5656
358 532 4.7385
407 584 3.4976
478 616 0.5710
348 508 2.9744
82 125 0.7215
748 790 1.3344
726 768 3.1154
368 585 2.5299
160 269 4.3921
781 783 1.8750
360 701 3.5551
397 404 3.5814
279 619 1.4814
427 506 2.0403
437 685 4.4800
349 643 0.3786
439 452 4.0275
374 732 0.2287
489 560 3.2594
401 754 2.8525
352 693 0.6284
85 254 3.6107
398 536 4.2819
430 725 2.7334
71 601 4.1300
622 773 1.3367
772 792 2.3540
623 702 1.2365
193 240 4.5350
127 222 0.2720
463 628 2.3157
592 621 1.9399
87 269 0.6105
289 521 1.0774
22 313 2.2850
744 785 3.8611
456 559 0.8368
488 659 0.5949
371 449 2.3487
503 740 4.7748
593 641 3.5819
50 672 3.1981
628 684 3.9079
209 664 1.0228
196 276 1.5928
582 786 4.7873
686 719 1.9782
350 505 4.5022
272 775 1.5114
431 448 2.5340
200 267 1.0750
316 575 4.3457
743 797 4.4671
253 401 3.7637
521 668 2.8664
460 692 0.6091
305 615 0.1817
704 748 3.7137
291 662 3.1194
364 443 1.1796
566 589 4.5856
561 624 0.4305
743 782 3.8691
674 678 0.4354
85 367 2.7639
112 527 1.8033
164 728 3.9335
105 565 3.5209
23 789 3.3989
453 487 1.1702
738 759 1.4379
462 504 3.4412
348 690 1.5932
597 635 0.5263
32 710 0.9533
101 608 2.3835
491 606 4.8815
51 147 2.5191
631 781 0.5664
728 755 4.5293
176 349 4.6932
247 249 4.0753
419 725 4.9588
199 742 1.1191
736 797 2.4453
567 733 2.9498
669 789 2.9946
132 474 3.9280
71 85 4.3912
560 566 4.2995
534 622 1.5324
177 223 4.9896
66 387 4.7049
314 397 1.2500
214 266 3.2983
533 559 1.0389
246 518 0.7036
329 357 2.2391
216 689 1.4353
161 519 3.8239
494 651 2.4822
704 759 1.9446
443 770 1.7549
11 496 2.3655
645 795 4.5484
275 307 0.9324
397 580 2.9332
328 593 4.1237
64 159 3.9801
113 293 1.1613
176 780 3.0427
501 580 4.6997
727 786 1.5691
733 798 3.4086
683 724 4.0253
125 590 4.2845
113 377 4.0797
356 382 0.5946
563 737 0.6039
489 542 2.6557
599 660 0.7797
698 739 4.1092
215 563 1.0198
396 623 1.8512
186 385 2.5573
504 606 2.6333
775 783 0.8690
153 247 2.1399
765 787 0.3317
108 181 3.6292
166 288 1.3052
84 624 1.9818
583 738 1.6309
1 166 2.9781
276 459 4.5432
783 787 4.2175
357 473 4.2102
616 677 4.0434
378 513 1.0754
441 576 0.0719
401 578 4.0997
340 702 0.4109
414 551 1.5449
582 641 1.4051
214 675 2.2062
85 243 4.9690
586 695 0.8869
184 262 2.6303
528 657 3.7882
76 343 0.9591
514 603 0.7065
271 661 4.1736
268 710 3.9148
701 776 0.7100
202 540 1.1810
709 723 1.1658
22 552 1.0268
290 458 2.2763
688 749 3.9878
266 514 1.9890
198 239 0.9434
472 787 3.2576
725 756 2.8105
361 708 2.2967
122 594 1.2802
138 724 4.3953
781 786 0.6354
61 779 1.0617
127 426 1.2858
786 790 1.8646
302 571 4.7791
112 372 4.0758
734 769 2.8349
143 587 0.0721
156 534 1.6662
365 641 0.8287
59 417 1.4352
687 785 3.5193
108 176 1.9728
624 732 1.9399
690 748 0.3488
535 696 2.4784
738 787 3.7910
509 753 1.1840
329 604 0.0179
119 471 1.2742
520 597 2.5250
398 476 2.5927
753 761 4.1135
509 693 0.3932
624 648 3.1002
89 346 0.0406
354 419 4.9919
748 787 2.6689
457 511 4.7779
355 472 1.3034
795 798 0.2760
16 416 4.1398
128 315 1.4548
94 189 4.8609
355 414 1.5426
530 742 4.0383
453 458 3.4975
514 683 3.5138
508 558 2.9326
4 110 1.8551
571 762 1.2681
79 333 1.2972
635 738 1.4013
369 605 0.3201
197 748 1.1115
437 543 2.3693
365 527 4.8304
99 789 4.0137
248 249 3.1807
346 743 3.6296
532 737 4.3994
62 272 0.7751
483 690 2.5171
779 784 1.5272
682 769 2.1892
644 663 2.0412
596 638 0.9695
292 633 4.1276
217 388 1.4095
467 611 0.3282
624 644 4.9673
469 668 2.6708
156 516 0.6758
698 716 4.9245
299 637 1.6780
270 615 1.0588
473 705 0.1446
683 769 1.0949
248 555 2.0998
303 502 1.2314
526 572 0.9819
120 432 4.9410
731 759 4.3856
244 293 3.9643
20 379 2.8374
99 397 2.5797
359 644 3.3824
291 599 1.3475
592 627 1.4475
770 785 4.3989
160 565 2.4158
619 733 1.5982
602 743 4.4103
553 594 4.7022
551 696 4.8942
66 795 4.4718
203 361 2.9852
787 799 0.7850
547 711 1.7671
23 250 0.0266
543 671 4.5833
461 605 4.6897
213 644 0.7394
791 799 0.5211
398 546 2.1457
167 724 0.6399
201 352 1.9553
790 790 0.6934
235 453 1.8552
73 493 0.3827
721 776 1.0213
411 464 1.3183
291 798 4.9284
418 751 2.9146
697 709 3.5961
757 788 2.0761
51 472 0.1484
530 789 2.8673
347 626 3.5149
21 628 2.6583
58 351 4.1739
642 720 1.5899
683 761 3.5170
724 783 2.0540
8 578 1.6768
473 611 2.4536
560 598 1.1718
55 639 1.8116
322 703 3.8800
287 751 4.4352
457 596 3.1359
385 645 4.4553
190 679 1.7712
90 367 2.1001
247 537 0.9820
291 418 4.5121
32 156 3.6456
291 386 4.6226
7 618 1.6173
97 417 1.3375
320 484 4.6308
94 464 1.7179
166 496 0.0533
44 331 0.2637
509 576 4.0851
389 417 0.1148
629 789 1.7500
438 540 3.0323
277 437 0.8629
400 513 0.5761
192 758 1.3031
260 691 4.2718
20 581 3.7168
443 525 4.4088
335 371 2.2548
788 794 2.5741
197 258 1.4121
631 667 2.0368
61 236 2.5423
6 692 1.4126
241 644 4.4629
54 432 3.7149
567 583 2.9318
246 611 3.7393
22 185 4.5967
784 800 1.1399
442 505 0.6260
250 562 4.7464
645 795 0.5610
127 776 1.2857
608 799 4.8373
185 251 3.1386
374 519 3.0989
575 672 3.9766
542 735 1.3145
60 724 1.3687
637 702 3.2770
495 522 2.1916
630 679 3.0381
528 785 3.9163
207 615 1.0632
610 746 3.4603
530 663 3.0278
740 755 1.5628
458 630 0.0222
483 556 0.7629
1 575 4.0231
533 553 2.3902
77 280 2.5214
628 741 1.6197
30 228 1.2171
264 270 3.5965
396 711 0.1933
249 523 1.4622
676 781 4.0934
645 783 1.3436
650 780 1.8298
523 595 0.8594
351 462 0.2098
589 692 0.4479
355 572 3.5645
245 463 3.6881
175 483 2.4478
332 613 4.3488
163 204 0.4406
435 768 3.1738
303 713 4.9222
136 136 0.3255
257 690 1.5718
119 408 2.7288
627 665 2.3922
334 617 0.2441
121 185 4.0877
552 624 3.2033
746 777 0.2163
347 379 0.0571
727 758 2.7429
347 650 1.1164
308 356 3.7020
531 776 4.6511
656 691 2.9047
712 737 1.0624
579 721 1.1472
597 740 1.7316
4 649 4.9384
46 389 4.8180
496 696 0.0668
281 650 0.2135
95 140 3.2508
587 643 4.6447
177 481 3.8774
334 344 0.2369
404 780 2.3680
348 413 1.8514
725 781 1.5437
531 680 1.6498
265 658 4.2547
309 436 4.5312
13 181 4.6663
215 466 1.3267
682 798 1.3249
770 797 2.0929
505 695 4.5643
369 688 4.2545
543 644 1.1099
334 605 2.7792
308 438 4.5029
736 763 3.4568
390 496 0.3734
352 694 1.0311
569 618 3.5203
57 251 0.1660
541 546 1.2595
304 389 1.2058
469 740 4.8458
388 501 4.4972
646 702 2.4872
232 431 4.0553
664 726 4.8716
405 412 2.3420
716 794 0.7805
221 773 3.6203
253 780 3.7511
464 658 0.8612
42 151 4.0592
435 662 1.8048
81 756 0.0968
434 687 1.5175
76 412 1.6683
234 785 0.3879
143 264 0.0659
732 782 4.6381
653 665 1.7907
408 785 3.5991
547 602 1.1600
373 392 2.7088
507 681 0.0400
109 140 4.0176
666 793 3.1604
493 750 4.7398
396 690 2.7336
729 732 4.6676
489 501 1.6793
215 403 1.4812
263 269 2.2116
178 571 4.5364
203 223 1.6722
73 388 0.8314
758 795 2.6810
733 763 3.3353
455 657 3.1684
278 695 0.5308
567 644 1.6970
629 738 0.6924
696 746 4.5424
137 361 3.6347
384 793 0.4518
370 705 2.9669
770 781 2.7569
157 218 2.4008
294 413 0.7387
694 759 2.9207
527 540 1.5394
295 364 1.0201
32 414 3.0770
238 465 3.1516
553 702 4.0064
494 604 4.8012
466 495 0.2464
612 667 4.7059
668 793 0.8325
193 270 4.2837
273 719 2.5649
345 788 3.6289
187 388 2.7274
229 276 1.6660
691 743 0.1171
207 515 3.5843
422 530 0.5398
649 658 1.7184
285 589 3.0359
213 235 4.6250
587 699 1.2325
223 558 4.7034
238 264 4.4119
416 639 2.5314
331 694 2.5465
100 273 2.2956
442 666 1.1541
491 775 1.4123
638 705 2.9689
749 750 0.0308
621 640 0.1479
581 759 0.5431
613 624 4.1937
785 793 2.3123
260 451 0.3801
72 204 0.4408
310 473 2.2766
774 781 4.1057
207 380 1.0032
649 797 2.2584
760 793 0.1655
710 745 4.2280
142 621 3.8051
680 741 3.5871
418 508 4.8960
391 612 0.1589
602 750 1.9430
551 707 1.4135
501 573 2.6138
165 625 2.8163
798 799 4.7927
586 733 0.6578
433 623 2.3164
61 514 2.8859
75 633 3.9458
747 794 3.5455
681 761 1.5921
224 575 1.5608
88 564 0.3147
240 262 2.7424
444 630 4.8024
14 651 3.0353
572 729 2.2927
656 727 3.9737
596 627 4.4213
272 705 3.4324
397 494 3.4575
22 405 1.6276
659 738 3.5379
2 180 2.1080
732 751 2.9800
469 585 0.9889
243 482 1.2050
745 750 1.5347
656 799 1.4471
162 244 1.6722
3 211 0.2900
548 577 4.9733
9 355 4.5911
756 786 0.9524
559 714 1.2069
424 724 1.9249
449 590 0.1335
144 275 3.2838
717 792 3.3568
423 713 1.0863
618 668 1.9117
726 761 0.7840
410 729 4.2753
556 766 4.9709
73 244 0.3307
786 790 0.0095
591 678 4.3603
604 753 4.5385
447 485 0.9957
667 757 4.6092
425 588 0.0561
228 617 3.9216
220 418 4.4654
792 795 4.3860
576 701 1.0317
531 794 1.7341
61 654 1.6053
314 708 0.6105
151 305 1.7478
321 669 0.1477
247 742 1.7862
284 506 1.0418
66 398 0.6879
621 667 1.9379
492 563 4.6719
440 697 2.9492
493 571 4.5767
260 687 4.9207
645 796 0.6271
705 773 2.8591
76 280 0.6821
404 668 1.3318
454 705 3.6194
521 767 1.5391
194 258 1.9922
391 779 4.3701
190 748 4.2810
27 371 1.3225
78 257 4.6044
382 487 3.2217
383 425 2.8495
73 430 0.9651
596 613 1.5465
579 593 0.2968
309 360 0.9738
131 639 2.0769
574 667 2.0288
768 789 1.7714
733 764 1.3127
45 355 2.3063
518 660 2.0368
171 196 1.0474
575 592 3.7489
33 601 0.4729
165 236 2.0374
547 643 2.3446
512 724 1.0327
546 633 4.9407
369 386 1.7895
729 768 0.8977
327 336 0.4449
70 622 4.1368
299 773 1.5850
564 612 3.2342
676 766 1.6602
292 774 4.1534
156 708 4.8185
648 798 4.9126
580 618 4.1575
544 700 3.5680
399 642 0.7135
622 764 0.1666
612 710 0.6367
784 795 3.9830
268 374 2.0750
639 723 4.6798
78 212 4.4678
796 796 4.5784
787 793 1.0132
327 405 0.6928
725 743 4.4354
416 517 0.7410
215 432 4.7978
78 185 1.1083
748 794 1.4906
2 467 2.0256
663 788 1.0005
136 173 0.4000
482 612 2.7567
780 787 3.9136
254 587 0.0733
379 726 2.6555
229 733 4.3521
497 533 2.0889
36 637 2.9107
536 789 0.7978
31 615 3.8382
526 654 4.3660
770 789 3.2920
259 447 0.5189
185 265 4.1560
141 606 1.1762
444 740 4.3692
501 738 1.7754
67 401 1.4771
722 753 3.3236
462 526 0.0473
543 677 3.6412
248 782 2.5060
417 458 2.5227
231 284 0.7580
795 795 3.8193
490 644 0.6452
544 725 1.0710
378 559 2.1180
637 752 1.1175
619 703 2.8906
710 742 3.8223
259 790 2.1064
707 745 4.2708
649 775 0.3047
170 216 4.9817
82 191 2.0845
100 646 3.7245
12 299 1.9258
639 789 2.2240
564 742 2.1464
465 762 0.7852
623 759 4.2913
562 670 3.0452
611 646 1.0468
439 496 4.2484
209 231 1.3506
12 33 1.7233
663 705 0.3374
119 121 1.2156
134 248 0.3430
764 794 4.5677
609 738 3.2181
686 737 4.5638
576 670 3.6582
135 536 2.8899
512 597 2.4407
797 797 0.6741
705 789 2.2666
374 601 1.8399
594 746 0.8576
798 798 2.1164
12 764 1.1453
290 765 0.5800
422 429 0.6825
526 666 4.7908
125 538 1.6532
354 565 4.5383
154 776 2.9685
486 738 0.5986
366 705 2.2412
23 633 4.5506
597 787 4.0536
482 725 3.3420
319 535 4.6058
444 592 2.9371
109 515 4.4236
646 768 4.3729
377 705 3.3953
613 720 3.8295
72 332 0.2657
621 761 0.3845
175 341 2.5376
132 175 2.1790
158 751 1.9900
351 452 2.9471
208 451 1.8598
72 359 2.8467
157 446 4.1258
786 795 2.7147
636 798 3.6909
526 660 2.9014
532 764 2.3976
63 422 2.4117
187 674 3.0511
619 780 2.3984
571 725 3.9965
66 95 3.6968
526 770 2.1779
25 772 1.3249
610 687 3.8884
692 763 4.7276
324 416 0.5000
17 655 1.7420
87 290 3.4103
160 508 2.2115
566 633 3.7471
583 670 2.3258
405 536 4.4326
679 790 2.9150
259 587 3.4510
664 665 4.3544
47 244 1.1755
261 624 2.1225
124 322 1.6286
123 697 3.9101
59 570 0.9002
345 789 4.5857
69 479 4.1531
446 452 4.3215
770 772 2.6839
158 564 1.2758
458 504 3.5994
761 785 1.7598
691 731 3.3204
651 749 4.9728
139 358 2.8825
69 539 2.6665
259 278 2.4418
100 262 1.1044
686 784 3.9489
374 726 1.4291
140 694 2.3327
59 737 1.2671
77 470 0.1858
523 774 0.1093
684 692 0.9170
349 738 2.6191
1 616 1.9605
457 697 1.9574
154 645 3.7971
148 569 3.3507
26 369 0.4043
548 595 1.0698
168 368 1.8525
203 223 1.8720
630 784 1.6348
733 768 2.8526
425 467 2.5922
652 706 2.6484
141 723 2.5958
734 744 0.9427
751 767 3.9608
545 634 3.0775
377 759 1.8841
28 176 1.6831
108 222 0.6790
581 595 4.4733
279 473 2.3774
307 576 0.3443
407 422 1.0285
570 639 4.5060
733 767 2.8517
161 569 3.4827
73 136 4.3678
212 714 4.3468
642 643 0.1107
17 536 3.7959
428 703 2.1377
314 322 0.8897
481 797 3.8658
220 417 2.6476
796 796 2.6517
395 485 3.0970
10 488 4.6873
763 799 0.5408
339 697 1.7250
355 530 2.0087
669 703 4.0415
107 376 3.4670
153 257 1.4512
513 800 1.1110
469 544 1.6801
468 793 1.3701
107 678 4.4556
574 775 3.6852
508 688 3.5766
453 766 0.0081
727 778 0.8089
1 238 0.4558
582 674 0.7186
267 779 3.5153
567 731 0.6243
35 452 0.1670
254 472 3.0848
27 505 3.8761
681 710 4.5299
624 757 3.4075
515 521 3.6473
686 693 0.5479
396 452 0.5871
287 713 1.9128
345 504 1.8153
104 594 3.3957
678 763 1.5115
767 768 0.9662
445 448 3.2055
735 772 0.2463
673 728 0.7758
357 497 1.6186
286 539 3.5600
389 724 3.6881
356 591 1.1144
600 676 0.4493
37 59 3.3208
455 558 4.5106
483 485 3.0206
711 789 0.0046
632 742 2.5899
704 750 1.1078
509 540 0.8520
797 797 2.1696
634 662 3.3718
202 781 3.3029
734 738 1.4926
764 774 4.3247
683 782 1.3167
182 702 1.4644
147 468 3.1207
692 724 4.6886
542 667 0.2963
99 513 3.6514
715 763 1.5383
610 677 3.5433
155 278 2.9423
393 795 4.7579
339 776 3.9661
541 700 4.0098
169 679 3.6383
756 791 2.5136
691 697 1.2453
385 465 4.3050
561 676 0.0247
624 783 3.7467
62 231 4.2312
423 705 4.7326
414 716 2.8019
82 755 1.8416
251 757 3.4578
290 719 0.0079
440 792 3.9408
608 678 0.9960
650 717 0.5943
580 796 2.2087
354 653 4.5265
258 569 2.8599
18 115 0.9094
655 655 1.3573
132 410 3.6072
523 622 3.8612
4 664 3.0379
503 620 2.1027
118 155 4.8421
22 354 2.5492
569 665 2.4313
406 488 3.6132
705 721 0.8355
72 194 1.2643
584 786 0.6753
715 789 1.2630
605 797 3.5155
308 644 3.7191
525 702 0.4688
647 718 4.4628
104 122 0.9710
273 299 3.8482
751 753 3.9188
143 207 0.6398
644 748 4.4261
597 688 3.3155
407 466 2.4894
411 739 3.9719
550 672 1.8724
347 763 2.1062
55 338 2.3362
34 285 2.2918
700 746 2.5685
288 651 1.9296
595 730 1.6225
647 682 2.8086
383 709 4.6760
445 503 1.3395
461 462 4.2348
482 502 0.4288
622 741 4.9701
716 797 1.4845
524 775 1.1006
390 409 4.5398
342 533 0.6097
773 790 1.5559
252 721 4.0683
492 797 2.9257
99 761 1.4668
428 713 1.6605
333 425 1.0819
267 499 1.3393
102 756 2.9205
379 453 4.2208
271 575 4.1232
153 406 0.2074
763 774 0.7402
600 693 3.6715
621 704 2.7860
439 779 3.1991
542 591 0.5578
430 789 3.3714
246 584 1.4255
348 693 0.1558
63 595 1.4204
356 720 4.6442
329 728 0.2320
342 745 0.3769
265 465 0.6923
112 307 3.1072
52 654 0.9236
332 491 4.6529
106 507 0.8062
759 764 3.7730
119 502 0.5316
606 718 0.5747
784 787 2.5035
641 676 2.6656
728 757 2.4929
772 792 1.1722
32 652 3.7118
442 484 4.1104
94 479 2.1734
510 800 0.3293
465 613 2.9682
555 560 4.0373
124 331 1.5485
712 771 4.5391
594 656 1.6280
497 793 3.9298
675 790 1.2235
247 543 2.6854
299 577 1.7800
109 605 1.8650
189 225 1.4010
304 376 3.7123
742 762 2.4281
747 771 3.3623
89 625 1.5348
196 313 3.5298
596 654 3.4330
435 569 2.8360
325 434 0.9950
107 704 2.3793
462 603 3.9993
336 725 1.7047
468 732 3.5540
629 784 0.6869
283 543 1.2414
29 270 3.7639
46 543 4.7235
644 757 2.6571
339 784 4.9104
175 261 4.6655
125 302 0.4864
213 450 2.3177
581 789 1.8619
700 800 0.8178
306 611 3.1256
47 285 4.0942
740 797 2.2476
623 727 2.8214
175 260 1.3173
2 509 2.5439
375 678 1.4945
582 618 0.3051
541 762 4.8358
783 796 4.6843
558 710 3.5773
726 773 0.9401
743 766 4.8899
726 728 0.6948
198 347 4.3744
163 347 2.2762
252 354 0.9395
425 646 4.0996
186 270 3.7093
321 370 4.9811
705 734 0.3849
128 242 4.3892
616 627 0.6093
329 723 3.3166
603 631 0.2797
698 733 3.8666
406 622 4.3824
17 777 2.5776
173 705 1.5135
769 783 1.4989
11 315 3.2183
266 775 2.7311
167 439 3.8539
5 417 1.6173
11 673 1.4438
431 509 3.0732
675 766 0.9263
622 754 2.8043
486 545 2.8042
759 797 0.1881
404 695 2.0244
514 562 2.3028
5 27 4.5449
122 625 3.0911
279 306 3.0163
197 697 3.7112
12 204 4.8369
351 603 1.6906
745 762 3.9251
158 713 1.7706
677 684 1.9050
114 789 3.8962
666 670 0.6505
150 573 4.4287
741 773 1.6263
289 757 2.9543
531 595 3.2833
96 283 3.5798
111 585 0.2683
389 416 2.7909
673 776 4.7258
34 513 1.3202
392 500 2.2340
751 778 3.4969
138 504 0.0378
75 639 1.2263
387 555 2.4142
624 668 4.9319
599 684 3.5083
215 671 3.5240
7 414 1.1362
28 482 0.2862
258 512 3.5763
710 714 2.2076
311 740 1.6292
330 631 1.0717
582 583 2.4709
85 470 0.2017
374 627 4.0506
627 687 0.6791
255 538 1.4913
124 728 3.6102
543 623 2.6425
386 506 2.2026
652 721 2.6834
166 323 3.0420
334 520 0.0441
203 438 4.6362
500 697 3.3549
451 541 1.0434
490 565 2.7338
573 730 2.7319
275 544 0.9398
660 723 2.5413
303 696 1.9863
301 319 1.4861
410 477 3.6403
343 787 0.5361
66 346 4.1269
57 597 3.4045
4 576 1.1663
388 465 0.8872
539 657 3.1279
108 353 0.9233
776 789 2.3540
113 680 1.5386
475 527 2.2970
420 452 4.9621
43 312 3.0169
351 696 3.4227
550 683 4.1234
339 742 2.4809
247 450 0.8533
129 746 1.3272
541 598 0.8112
698 755 2.6148
743 772 2.7532
756 766 2.8181
430 605 0.5116
44 215 2.5427
169 456 2.8385
190 599 0.2278
230 383 2.7047
665 665 4.5252
444 752 1.8770
368 389 3.0727
461 745 4.2249
34 400 0.0036
550 650 0.6491
368 718 0.8920
232 441 0.5078
518 775 0.8526
349 755 1.2531
78 734 2.0013
610 663 0.7577
179 548 0.7884
276 770 0.5530
306 312 4.9208
58 356 0.6552
123 652 1.3385
595 608 4.9997
738 762 0.7107
591 596 2.0840
127 598 4.1766
685 750 3.9687
435 598 1.7108
303 489 0.8395
604 622 2.2613
374 703 1.8198
44 665 0.9257
99 747 3.5256
523 527 3.4312
776 800 1.0264
