696 3105
1 198 0.2854
1 666 0.3605
1 363 0.0696
1 600 0.1074
2 201 0.1787
2 372 0.1295
2 694 0.0439
2 32 0.1742
3 602 0.0767
3 535 0.5238
3 11 0.5565
3 4 0.5275
3 649 0.2546
4 277 0.1671
4 560 0.0402
4 181 0.4906
4 218 0.4513
5 636 0.3665
5 77 0.2624
5 37 0.3143
5 326 0.0467
6 2 0.2099
6 227 0.2847
6 332 0.1173
6 343 0.1778
6 396 0.1714
6 327 0.3978
7 646 0.5586
7 489 0.3292
7 640 0.5967
7 409 0.5888
7 550 0.5406
7 463 0.2410
7 152 0.2797
7 435 0.2754
8 51 0.4102
8 470 0.4200
8 358 0.5698
8 669 0.5507
8 370 0.2930
9 301 0.0729
9 289 4.8221
9 573 0.4225
10 689 0.0893
10 406 0.3812
10 215 0.1949
10 678 0.1838
10 53 0.4685
10 562 0.5541
11 278 0.1830
11 30 0.1574
11 132 0.3133
11 361 0.3168
12 399 0.5553
12 112 0.0898
12 613 0.5564
12 447 0.4595
12 471 0.1446
12 252 0.1928
13 464 0.5967
13 668 0.5898
13 361 0.4697
13 614 0.3467
14 517 0.2272
14 474 0.4229
14 691 0.1491
14 186 0.0679
14 174 0.1545
15 346 0.5177
16 670 0.3841
17 405 0.1358
17 468 0.4405
17 451 0.0001
17 470 0.3413
18 136 0.2270
18 524 0.5532
19 617 0.3123
19 417 0.5947
19 532 0.2995
19 471 0.2393
19 207 0.5381
19 68 0.0659
20 563 0.1516
20 411 0.3736
20 236 0.1069
20 276 0.1342
21 320 0.2920
21 483 2.6585
21 268 0.1219
22 694 0.1142
22 556 0.5467
22 64 0.0921
22 232 0.3179
23 87 0.4446
23 608 0.0397
23 106 0.3536
23 660 0.2100
23 73 0.5606
23 322 0.3116
24 390 0.4435
24 118 0.3639
24 27 0.5910
24 480 0.3224
24 137 0.2822
25 6 0.0394
25 100 0.2911
25 207 0.4952
26 60 0.3317
26 211 0.1427
26 51 0.4287
26 12 0.0227
27 165 0.1887
27 229 0.0181
27 125 0.1058
27 691 0.2771
28 604 0.5141
28 369 0.3449
29 464 0.1450
29 73 0.0964
29 252 0.0559
29 459 0.3053
29 433 0.4469
30 151 0.3424
30 373 0.5014
30 358 0.3978
30 423 0.2154
31 331 0.4702
31 346 0.1312
31 155 0.2313
31 103 0.3307
31 509 0.2733
32 372 0.3684
32 612 0.3125
32 625 0.3602
32 481 0.5323
32 219 0.4378
32 554 0.5140
32 15 4.0565
33 567 0.5731
33 525 0.2547
33 684 0.4251
33 431 0.3821
33 93 0.3368
34 214 0.0828
34 354 0.4411
34 93 0.0714
34 657 0.2664
34 399 0.1505
34 535 0.4557
34 2 0.5064
34 349 0.2444
35 111 0.4299
35 656 0.4502
35 249 0.4390
35 284 0.1044
35 682 0.1779
35 519 0.2617
36 536 0.4662
36 203 0.4483
36 293 0.5061
37 120 0.0887
37 397 0.5766
37 606 0.4864
37 672 0.2158
37 655 0.5479
38 447 0.5578
38 688 0.2430
38 495 0.0217
38 576 0.4889
38 520 0.3134
38 581 0.4094
38 54 0.5625
39 172 0.0111
39 422 0.2418
39 565 0.2188
40 93 0.4617
40 87 0.3556
40 550 0.5227
41 18 0.4038
41 455 0.1272
41 277 0.1597
41 156 0.2990
42 244 0.4966
42 217 0.2057
42 34 0.1391
42 79 0.4492
42 682 0.4035
43 572 0.2827
43 427 0.1773
43 23 0.2854
43 498 0.5462
43 595 0.4044
44 247 0.1427
44 44 0.3621
44 505 0.5051
46 634 0.4394
46 411 0.3762
46 605 0.3267
47 189 0.4868
47 478 0.1168
47 641 0.4486
47 494 0.5948
47 233 0.1072
47 194 0.5773
47 424 0.3671
48 289 0.4302
48 70 0.2546
48 608 0.2904
49 651 0.0176
49 431 0.0607
49 344 0.5234
49 562 0.0026
49 581 0.1883
50 267 0.2241
50 162 0.0208
50 303 0.0041
51 689 0.0167
51 204 0.3736
51 486 0.0994
52 655 0.5789
52 151 0.4287
52 412 0.5070
53 23 0.0340
53 157 0.1088
53 405 0.1558
53 189 0.3056
53 487 0.0978
54 499 0.2217
54 299 0.5769
54 170 0.4596
54 89 0.1915
54 160 0.2839
55 675 0.3484
55 693 0.2749
55 426 0.4003
55 367 0.1177
55 372 0.4035
56 595 0.5433
56 151 0.3159
56 444 0.2824
56 247 0.1015
56 224 0.4618
57 615 0.4017
57 476 0.3227
57 166 0.3731
57 304 0.5183
57 247 0.3950
58 67 0.5839
58 531 0.4677
58 300 3.3922
58 659 0.4888
59 186 0.4987
59 384 0.4776
60 174 0.4963
60 379 0.3844
60 166 0.5921
60 22 0.2319
60 180 0.0621
61 141 0.1133
61 497 0.0529
61 83 0.2188
61 435 0.1634
61 495 0.5325
62 546 0.5346
62 218 0.1412
62 145 0.3246
62 15 0.2938
62 385 0.4915
62 141 0.0076
63 441 0.0276
63 159 0.3495
63 622 0.0001
63 51 0.0815
64 493 0.0217
64 392 0.1519
64 132 0.1708
64 209 0.3135
64 353 0.2791
65 329 0.4001
65 390 0.3595
65 467 0.2475
66 56 0.5004
66 144 0.3733
66 662 0.1504
66 547 0.1313
66 465 0.1177
66 347 0.1000
66 521 0.5719
66 129 0.2571
67 623 0.5871
67 429 0.0788
67 214 0.5192
67 242 0.4094
68 387 0.3222
68 290 0.4457
68 584 0.4678
68 370 0.3956
69 599 0.4950
69 691 0.2742
69 290 0.1671
69 269 0.4335
69 132 0.5363
70 692 0.0511
71 422 0.3498
71 650 0.5352
71 209 0.0792
72 340 0.5616
72 155 0.4711
72 483 0.3202
72 497 0.5546
72 385 0.5734
73 167 0.2503
73 129 0.4524
74 42 0.2659
74 527 0.3726
74 371 0.4506
74 652 0.3547
74 527 0.2449
74 525 0.2517
75 468 0.1981
75 432 0.5796
75 353 0.0901
75 329 0.4290
76 324 0.5914
76 290 4.4376
76 315 0.1021
76 492 3.3470
76 215 0.5907
77 548 0.2862
77 294 0.1852
77 140 0.5682
77 421 0.5759
77 88 0.0738
79 340 0.1397
79 150 0.4151
80 21 0.3590
80 153 0.4280
81 72 0.5668
81 376 0.2368
82 476 0.0446
82 516 0.0174
82 223 0.1342
82 616 0.1431
82 489 0.2818
83 345 0.0110
83 358 0.1266
83 582 0.3424
83 281 0.2824
83 500 0.1729
83 216 0.0988
83 657 0.1815
83 116 0.7723
84 195 0.3373
84 279 0.5115
84 368 0.4372
84 235 0.4812
84 354 0.4413
84 72 0.5427
85 283 0.5334
85 541 0.5777
85 252 0.3048
85 307 2.4416
85 489 0.3602
85 642 0.0926
86 8 0.0726
86 455 0.1965
86 484 0.0088
86 319 0.4159
86 324 0.1341
87 529 0.2041
87 434 0.1018
88 188 0.4000
88 592 0.2274
88 15 0.3827
88 218 0.2959
88 480 0.0375
88 611 0.1971
88 476 0.5222
89 330 0.4687
89 599 0.5802
89 379 0.0608
89 2 0.0007
90 343 0.3915
90 477 0.3646
90 255 0.0275
90 296 0.2185
91 554 0.0256
91 542 0.3222
91 582 0.4937
91 611 0.4249
91 226 0.3358
92 448 0.5432
92 429 0.4531
92 347 0.4620
92 53 0.0901
92 616 0.5930
92 529 0.4879
92 665 0.4094
92 248 0.3444
92 376 0.2766
93 137 0.5225
93 620 0.1738
93 504 0.5078
94 201 0.3600
94 211 0.2061
94 413 0.2050
95 290 0.3221
96 254 0.4388
96 589 0.2254
96 518 0.0583
96 251 0.2472
96 319 0.2797
97 440 0.2290
97 677 0.5212
97 595 0.3933
97 505 0.1307
97 489 0.2445
98 561 0.4637
98 219 0.1642
98 317 0.2076
98 296 0.0125
99 667 0.0985
99 74 0.1852
100 47 0.3464
100 341 0.1652
100 146 0.0835
101 54 0.0580
101 123 0.3677
101 369 0.0193
101 149 0.0809
101 58 0.1832
101 402 0.1903
102 561 0.5954
102 364 0.4079
102 378 0.2200
103 475 0.2060
103 578 0.0155
103 72 0.2384
103 575 0.5805
103 307 0.0152
103 357 0.0138
103 208 0.3401
103 552 0.1067
103 470 0.5883
104 64 0.4624
104 27 0.4046
104 362 0.5500
104 42 0.5098
104 44 0.2881
105 450 0.0556
105 607 0.0618
105 247 0.4912
105 655 0.3153
105 31 0.3168
106 55 0.3095
106 670 0.4503
107 77 0.3701
107 572 0.1600
107 551 0.5397
107 113 0.4032
107 38 0.4849
108 518 0.5139
108 85 0.4201
108 674 0.5203
108 136 0.5863
109 487 0.4465
109 14 0.1027
110 9 0.1360
110 93 0.0049
110 93 0.2570
111 357 0.3140
111 570 0.0091
111 218 0.0734
112 179 0.4508
112 85 0.0982
112 138 0.3650
112 154 0.0859
112 171 0.2944
113 272 0.0272
113 77 0.4673
113 248 0.4148
113 606 0.4276
113 306 0.5993
113 441 0.2413
113 489 0.2319
114 635 0.5329
114 301 0.2386
114 492 0.0907
114 22 0.0877
114 555 0.3763
114 446 0.0917
114 221 0.4593
114 64 0.0625
115 299 0.4698
115 292 0.4780
115 341 0.5377
115 185 0.1865
115 7 0.4431
116 516 0.3570
116 255 0.4717
116 348 0.2177
116 482 0.4378
116 334 0.1867
116 556 0.3206
117 463 0.1216
117 275 0.3030
117 206 0.0627
117 126 0.1509
117 402 0.2436
117 464 0.2124
118 74 0.5561
118 601 0.0585
119 452 0.1324
119 290 0.5316
119 344 0.3161
119 161 0.1508
119 105 0.2297
119 421 0.3902
119 429 0.3022
119 442 0.3810
120 205 0.2988
120 654 0.3708
120 342 0.3110
120 187 0.3515
120 508 0.2230
121 317 0.4651
121 94 0.4426
121 636 0.0162
121 296 0.3955
121 304 0.2085
121 300 0.1128
122 258 0.5298
122 122 0.2762
122 33 0.5281
123 171 0.4477
123 552 0.3085
124 483 0.2465
124 294 0.2259
124 178 0.2303
124 606 0.4672
124 79 0.5605
124 159 0.1921
125 497 0.5879
125 489 0.4419
126 26 0.3241
126 657 0.3170
126 259 0.2903
126 446 0.5170
126 83 0.3861
126 196 0.0236
126 265 0.2854
126 478 0.5606
126 331 0.4798
126 585 0.5688
126 225 0.4695
127 626 0.1346
127 232 0.2823
127 307 0.1933
127 101 0.1542
127 632 0.0553
127 542 0.5316
128 352 0.1401
128 161 0.1922
128 314 0.3952
128 348 0.3555
129 613 0.1530
129 45 0.1618
129 107 0.1674
129 284 0.4932
129 331 0.0111
129 620 0.5999
129 343 0.5969
129 301 0.4979
130 295 0.0952
130 92 0.0670
131 651 0.4941
131 232 0.0825
131 462 0.0723
131 663 0.3978
131 348 0.0740
131 449 0.3320
131 672 0.0514
131 558 0.5364
131 96 0.1136
132 640 0.3246
132 167 0.4665
132 5 0.0723
132 129 0.3375
133 361 0.5548
133 426 0.5820
133 381 0.1862
134 606 0.3396
134 170 0.3167
135 623 0.1314
135 649 4.8353
135 125 0.4963
136 138 0.3436
136 612 0.2401
137 350 0.1045
137 330 0.3362
137 66 0.3454
137 250 0.1991
138 668 0.5503
138 154 0.3657
138 215 0.0377
138 316 0.2185
139 664 0.0258
139 299 0.2676
139 155 0.3139
139 103 0.1986
140 28 0.5606
140 657 0.5371
140 263 0.4911
140 464 0.1320
140 90 0.0472
140 419 0.5195
140 654 0.1666
141 221 0.5830
141 551 0.0421
141 628 0.0616
141 399 0.2024
141 217 0.1692
141 152 0.2933
142 36 0.4744
142 267 0.5752
143 357 0.4489
143 667 0.0009
143 626 0.2718
143 607 0.4380
143 429 0.1411
143 108 0.2580
143 634 0.3353
144 316 0.5250
144 300 0.5828
144 510 0.3996
144 324 0.2743
144 653 0.4074
144 518 0.3115
144 341 0.1006
145 256 0.4588
145 504 0.4574
145 614 0.4432
145 248 0.2795
146 526 0.0105
146 635 0.0431
146 431 0.0735
146 151 0.2955
147 210 0.3376
147 189 0.0317
147 409 0.5705
147 468 0.1817
147 52 0.2962
147 293 0.2983
147 37 0.4250
148 604 0.2955
148 40 0.5749
149 669 0.2033
149 297 0.0443
149 185 0.3144
149 423 0.4384
150 320 0.1281
150 270 0.0743
150 684 0.5807
150 486 0.4624
150 600 0.5123
150 274 0.4906
150 82 0.4239
150 59 0.0995
151 514 0.5463
151 196 0.3816
151 6 0.5406
151 504 0.3335
151 508 0.0351
151 252 0.2949
151 613 0.2560
151 689 0.1291
151 401 0.5633
151 286 0.3851
151 34 0.3872
152 467 0.4328
152 426 0.2207
152 71 0.3827
152 604 0.0278
152 242 0.2066
152 203 0.5437
153 634 0.5134
153 448 0.5431
153 208 0.4806
153 590 0.5018
153 96 0.1596
154 95 0.5750
154 492 0.3627
154 150 0.2990
154 678 0.0056
154 528 0.0558
154 608 0.0376
154 294 0.5986
154 220 0.0022
155 194 0.2425
155 415 0.5387
155 650 0.5455
155 628 0.0323
156 343 0.1719
156 634 0.1002
156 3 0.5479
156 80 0.5547
156 529 0.1918
156 245 0.0084
157 138 0.1482
157 414 0.0772
157 41 0.2208
157 323 0.2752
158 483 0.5987
158 111 0.0204
158 677 0.0340
158 529 0.0085
158 21 0.1510
158 689 0.5071
158 543 0.3910
159 501 0.1998
159 463 0.5945
159 443 0.4064
159 552 0.3197
159 527 0.2826
159 574 0.0932
159 570 0.5281
159 503 0.2501
159 602 0.0907
159 517 0.4415
160 337 0.3114
160 356 0.3127
160 585 0.5442
160 478 0.2728
161 640 0.2009
161 552 0.2396
161 357 0.2898
161 491 0.0901
162 343 0.2766
162 102 0.4799
163 270 0.3145
163 198 0.2922
163 215 0.0023
163 469 1.8534
163 487 0.0327
164 20 0.5167
164 216 0.5394
164 639 0.2267
165 264 0.3206
165 353 0.4103
165 611 0.4074
165 493 0.1150
166 24 0.1874
166 165 0.2970
166 227 0.4962
166 479 0.1823
166 566 0.2602
166 525 0.0593
167 124 0.2711
168 300 0.1403
168 366 0.2087
168 76 0.5636
168 695 0.2158
168 390 0.0393
168 659 0.3948
169 79 0.2091
169 363 0.1533
170 468 4.0298
170 265 0.2774
170 463 0.1281
170 624 0.5518
170 255 0.1678
171 497 0.5701
171 101 0.1520
171 444 0.0408
171 584 0.3600
172 89 0.2077
172 649 0.0720
172 207 0.4667
172 484 0.1075
173 135 0.0907
173 430 0.1971
173 162 0.0229
173 575 0.4735
173 101 0.2529
173 175 0.3333
174 383 0.2867
174 654 0.0575
174 327 0.1296
174 67 0.2664
174 498 0.1681
174 427 0.0220
175 586 0.4021
175 388 0.4987
175 574 0.2814
175 675 0.3197
175 486 0.5157
175 611 0.1549
176 40 0.5145
176 483 0.4961
176 376 0.3943
176 243 0.0448
176 684 0.0959
176 584 0.2671
176 368 0.4490
176 175 0.0229
176 246 0.5991
176 696 0.3378
177 488 0.3648
177 169 0.0292
177 11 0.2321
177 411 0.1801
178 678 0.2314
178 199 0.4291
178 678 0.1184
178 393 0.3960
178 484 0.1573
178 463 0.0034
179 513 0.4489
179 262 0.2194
180 114 0.0826
180 427 0.4722
180 561 0.2657
180 572 0.3159
180 524 0.1446
181 314 0.5424
181 417 0.3595
181 94 0.4692
181 475 0.2322
181 573 0.5531
181 540 0.0663
181 367 0.5152
182 40 0.1497
182 356 0.4960
182 562 0.4349
182 640 0.1522
182 194 0.5784
183 272 0.4452
183 136 0.1429
184 125 0.1043
184 18 0.0476
184 586 0.4834
184 471 0.4094
184 499 0.2622
184 368 0.3367
184 490 0.0910
185 566 0.4357
186 535 0.0944
186 466 0.3927
186 97 0.3386
186 4 0.5164
186 595 0.5158
186 213 0.0044
187 625 0.1282
187 382 0.3762
187 560 0.0001
187 23 0.0398
187 384 0.4425
187 384 0.3924
188 580 0.3200
188 294 0.0908
188 316 0.3557
188 431 0.4031
189 174 0.0535
189 303 0.0291
189 489 0.3020
189 673 0.0538
189 651 0.5951
189 346 0.0719
191 642 0.3814
191 548 0.0383
191 120 0.0666
191 114 0.0825
192 230 0.3976
192 161 3.1992
192 414 0.2430
192 563 0.0631
192 405 0.0407
192 274 0.2866
192 231 0.4975
192 477 0.0002
192 396 0.3086
192 568 0.0162
193 494 0.0243
193 66 0.2100
193 443 0.2786
193 196 0.3436
193 358 0.3145
193 287 0.2980
194 677 0.5667
194 547 0.0380
194 674 0.0042
194 84 0.2528
194 164 0.3663
195 261 0.2418
195 162 0.2997
195 266 0.4594
195 31 0.3111
196 80 0.4967
196 447 0.2659
196 265 0.0542
196 121 0.1771
196 612 0.2091
197 226 0.0235
197 459 0.0809
197 149 0.5527
197 5 0.3787
197 243 0.4184
197 359 0.4990
197 321 0.3995
197 617 0.4549
197 135 0.4855
197 603 0.0064
197 67 0.4422
198 476 0.2534
198 343 0.3822
198 267 0.4167
198 286 0.4380
198 164 0.2296
198 284 0.4071
198 460 0.1288
198 516 0.0098
198 48 0.2684
199 446 0.1344
199 388 0.2534
199 289 0.3544
199 464 0.3413
199 605 0.0627
199 325 0.2236
200 632 0.1874
200 29 0.4238
200 249 0.4575
200 269 0.3162
200 633 0.0587
201 53 0.0219
201 165 0.1752
201 262 0.5270
202 231 0.1314
202 599 0.3376
202 185 0.5115
202 460 0.0947
203 267 0.2723
203 383 0.5033
203 149 0.5479
203 374 0.4316
203 198 0.4591
203 498 0.5301
204 287 0.0131
204 80 4.9489
204 273 0.4506
204 209 0.2019
205 67 0.5355
205 309 0.0829
205 214 0.3352
205 313 0.1620
206 445 0.5779
206 3 0.4590
206 524 0.3506
206 683 0.3436
206 165 1.2726
206 439 0.4728
206 409 0.2591
206 245 0.3131
207 459 0.2798
207 524 0.1356
207 631 0.4267
207 106 2.4929
207 32 0.1055
207 456 0.0903
208 197 0.2412
208 207 0.3899
208 262 0.4656
208 511 0.4050
208 216 0.0042
208 173 0.3127
208 376 0.1146
208 72 0.5238
209 572 0.5755
209 552 0.2018
209 212 0.5679
209 53 0.1775
209 243 0.5750
209 673 0.2044
209 269 0.0699
210 88 0.5622
210 159 0.0489
210 350 0.5937
210 553 0.5558
210 365 0.2602
210 592 0.1711
211 227 0.2670
211 110 0.2060
211 322 0.0417
212 1 3.2660
212 344 0.4091
212 69 0.3382
213 8 0.2662
213 444 0.5375
213 365 0.1589
213 345 0.2617
213 111 0.2277
214 55 0.4800
214 174 0.3035
214 399 0.0179
214 492 0.2088
214 471 0.1191
215 82 0.1228
215 20 0.2496
216 204 0.4144
216 241 0.1441
216 627 0.0441
217 602 0.5949
217 237 0.4256
217 330 0.3598
217 128 0.2066
217 61 0.4160
217 38 0.5987
218 648 0.3046
218 347 0.5770
218 242 0.5293
219 600 0.5081
219 429 0.2055
219 520 0.0670
219 170 0.5722
220 488 0.4604
220 633 0.1442
220 520 0.0097
220 268 0.4817
220 542 0.1002
221 3 0.4199
221 120 0.5709
221 418 0.5300
222 268 0.2542
222 432 0.4392
222 679 0.5883
222 352 0.5284
222 329 0.2690
222 397 0.0747
223 32 4.0920
223 153 0.2546
223 167 0.0658
224 484 0.4445
225 643 0.3530
225 449 0.5827
225 152 0.0108
225 471 0.3621
226 689 0.1637
226 488 0.0603
226 382 0.4582
226 533 0.4149
226 590 0.4487
226 550 0.3814
227 78 0.2708
227 509 0.2687
227 382 0.5944
227 103 0.3289
227 664 0.3528
228 87 0.1146
228 48 0.3713
228 261 0.1937
229 311 0.3155
229 586 0.2874
229 338 0.2968
229 306 0.0287
230 242 0.3541
230 85 0.0237
230 268 0.5191
230 227 0.1006
231 463 0.0927
232 104 0.2718
232 427 0.4485
232 500 0.0299
232 619 0.2360
232 641 0.5354
232 279 0.1035
233 118 0.2364
234 285 0.5100
234 436 0.0651
234 85 0.1579
234 174 0.5018
234 235 0.1337
235 340 0.2010
235 289 0.2468
236 619 0.3980
236 264 0.2466
237 220 0.5763
237 475 0.5816
237 349 0.1169
237 655 0.1689
237 448 0.2123
237 566 0.5704
238 102 0.2020
238 309 0.0801
238 126 0.1889
239 281 0.0210
239 647 0.5496
240 616 0.4579
240 278 0.5503
240 301 0.1535
240 161 0.3849
241 468 0.2957
241 695 0.4702
241 64 0.1583
242 19 0.1349
242 373 0.1058
242 393 0.3129
243 667 0.4765
243 168 0.2769
243 125 0.3302
244 596 0.1041
245 535 0.5476
245 158 0.4279
245 560 0.0895
245 70 0.1381
245 385 0.2826
246 26 0.0280
246 623 0.2906
246 34 0.5377
246 68 0.5945
247 412 0.3439
247 418 0.5345
247 19 0.5927
247 435 0.4008
247 343 0.3225
248 24 0.2935
248 384 0.3118
248 381 0.5269
248 258 0.2342
248 425 0.4302
248 327 0.4653
248 111 0.3301
248 38 0.4653
249 327 0.0575
249 388 0.0570
249 384 0.3084
249 487 0.0005
249 145 0.5673
249 334 0.1757
250 72 0.0027
250 201 0.2789
250 287 0.0675
250 535 0.3907
250 160 3.2012
250 534 0.3423
251 185 0.1047
251 203 0.3956
251 53 0.0913
251 328 0.1981
252 216 0.5968
252 511 0.4168
252 565 0.2286
252 234 0.4334
252 335 0.2811
253 669 0.0735
253 239 0.4584
254 538 0.3986
254 131 0.4922
255 666 0.1093
255 89 0.5847
255 52 0.5383
255 394 0.5477
256 295 0.1000
256 314 0.0135
256 366 0.2098
256 291 0.2265
257 653 0.3564
257 597 0.2210
257 506 0.4348
258 522 0.5523
258 622 0.4121
258 309 0.4238
258 676 0.1385
259 292 0.4370
259 57 0.2810
259 582 0.3741
260 187 0.4252
260 553 0.0810
261 236 3.9574
261 607 3.8822
261 134 0.3302
261 660 0.2756
261 393 0.5419
262 351 0.0001
262 492 0.5417
262 547 0.0689
262 543 0.5149
262 499 0.3192
262 15 0.5185
263 626 0.3624
263 158 0.5587
263 546 0.1345
263 390 0.3941
263 47 0.3864
263 393 0.0688
263 566 0.4301
263 77 0.2408
264 110 0.1805
264 33 0.3279
264 527 0.4529
265 118 0.4002
265 107 0.2072
265 632 0.2119
265 188 0.4169
265 185 0.4032
266 170 0.5001
266 242 0.0474
267 50 0.1097
267 456 0.0826
267 135 0.5382
267 281 0.2945
267 387 0.2429
267 482 0.5375
267 601 0.5373
268 572 0.0613
269 367 0.2929
269 383 0.4752
269 609 0.5572
269 527 0.0639
269 453 0.4013
270 507 0.3458
270 266 0.3609
270 474 0.2937
270 630 0.3333
270 410 0.5707
270 228 0.1542
270 583 0.5268
270 197 0.0193
270 301 0.3800
270 248 0.2327
271 214 0.2786
271 505 0.4938
271 302 0.3682
272 481 0.5980
272 87 0.1937
272 65 0.3400
272 569 0.2555
272 561 0.4425
272 629 0.2813
273 181 0.1295
273 300 0.1630
274 17 0.5538
274 487 0.1428
274 133 0.4905
274 208 0.1613
275 502 0.5679
275 644 0.5499
275 499 0.3360
275 57 0.3136
275 506 0.4145
275 541 0.1521
275 617 0.5018
276 239 0.1044
276 255 0.0448
276 143 0.5499
276 650 0.4707
277 88 0.0087
278 350 0.5364
278 209 0.2303
278 173 0.0859
278 445 0.4368
279 93 0.3305
279 534 0.4767
279 258 0.4084
279 581 0.4420
279 418 0.1523
279 326 0.1467
280 283 0.3907
281 136 0.5554
281 16 0.5483
281 352 0.4514
281 65 0.0475
281 507 0.2202
282 345 0.0671
282 161 0.3374
282 440 0.5099
282 320 0.2862
282 140 0.2738
282 616 0.4826
282 391 0.0081
282 262 0.5518
282 202 0.2147
282 71 0.3299
282 594 0.2474
283 68 0.1464
283 134 0.3009
283 494 0.2486
284 132 0.1586
284 143 0.5336
284 12 0.5016
284 688 0.3353
284 81 0.4217
285 567 0.2099
285 566 0.5814
285 217 0.4948
285 67 0.5684
285 350 0.3259
285 470 0.4532
286 540 0.5460
286 289 0.4943
287 124 0.0500
287 41 0.3008
288 489 0.3377
288 482 0.5858
288 595 0.0332
288 497 0.2421
288 667 0.0845
289 362 0.3672
289 439 0.1850
290 596 0.5894
290 255 0.3900
290 45 0.1141
290 455 0.5723
291 281 0.1723
291 630 0.3524
291 273 0.2214
291 508 0.4331
291 367 0.2706
291 610 0.4627
292 95 0.5717
292 41 0.0043
292 667 0.0844
293 514 0.1421
293 584 0.3652
293 413 0.4134
294 215 0.2567
294 148 0.2050
294 457 0.2000
294 508 0.2119
294 570 0.2231
295 494 0.0014
295 428 0.4782
295 487 0.2257
295 190 0.1764
295 37 0.1734
295 450 0.5699
296 119 0.2988
296 361 0.3368
296 425 0.1564
296 679 0.0297
296 8 0.2885
296 146 0.4864
297 316 0.2365
297 14 0.0367
297 260 0.2670
297 453 0.0201
298 304 0.4276
298 46 0.0829
299 270 0.5652
299 31 0.1669
299 524 0.2703
299 168 0.3091
299 475 0.4945
299 301 0.4929
299 249 0.5875
300 559 0.4397
300 47 0.5171
301 95 0.0856
301 585 0.3234
301 413 0.3662
301 23 0.0804
302 695 0.5455
302 329 0.1037
302 501 0.5788
303 480 0.4045
303 24 0.4991
304 424 0.0576
304 338 0.0302
304 104 0.4782
304 369 0.0536
305 8 0.3406
305 205 0.0496
305 660 0.5939
305 48 0.2448
305 201 0.3713
306 563 0.3232
306 617 0.5394
307 660 0.3197
307 597 0.1889
307 127 0.2069
307 524 0.4098
307 138 0.3401
307 391 0.2295
307 559 0.1719
308 522 0.0761
308 361 0.4892
308 352 0.2406
309 606 0.3184
309 430 0.4367
309 301 0.2063
309 113 0.2839
310 677 0.1597
310 334 0.0097
310 368 0.0617
310 67 0.0684
311 665 0.0342
311 53 3.7064
311 467 0.0117
311 300 0.4102
311 687 0.1717
311 59 0.5280
311 585 0.1259
312 665 0.3947
312 599 0.1590
312 212 0.0922
312 211 0.4671
312 19 0.5590
313 482 0.1623
313 440 0.2453
313 581 0.2065
313 413 0.4435
313 147 0.5032
313 341 0.3847
313 144 0.2908
313 603 0.1749
314 378 0.2200
314 629 0.0760
314 263 0.2918
314 525 0.2921
314 526 0.4714
314 186 0.5476
314 197 0.2506
315 286 0.5077
315 385 0.0278
315 663 0.5258
316 619 0.5059
316 560 0.4698
316 446 0.0736
316 400 0.2315
316 120 0.5748
316 309 0.5209
316 187 0.1739
316 186 0.0863
316 450 0.0171
316 212 0.4494
317 306 0.5689
317 393 0.3799
317 415 0.2248
317 479 0.1454
317 26 0.4204
317 664 0.3256
317 119 0.3585
317 99 0.3760
318 158 0.4279
318 6 0.4530
319 381 0.5963
319 384 0.2764
320 112 0.0698
320 34 0.5814
320 388 0.1429
320 212 0.0901
320 162 0.4248
322 389 0.0245
322 491 0.2143
322 338 0.4678
322 331 0.4084
322 429 0.3079
322 45 0.2857
322 515 0.3855
322 82 0.3293
322 374 0.5040
323 315 0.2326
323 696 0.1027
323 146 0.1067
323 422 0.4425
323 15 0.1131
323 228 0.1237
323 303 0.5376
323 509 0.3845
323 44 0.3911
323 210 0.1895
323 686 0.5699
323 407 0.1838
324 72 0.2381
324 607 0.4096
324 267 0.1870
325 208 0.2003
325 155 0.4310
325 349 0.2686
325 78 0.5792
326 565 0.4795
327 156 0.2812
327 302 0.5486
327 478 0.4229
328 275 0.2270
328 520 0.5080
329 272 0.2118
329 104 0.3318
329 199 0.2179
329 190 0.5104
329 127 0.4051
330 63 0.1947
330 318 0.2930
330 671 0.4670
330 89 0.4636
330 331 0.4258
331 543 0.2838
331 92 0.5435
331 371 0.4933
332 190 0.1059
333 338 0.3408
333 264 0.3073
333 314 0.1576
333 61 0.1761
333 88 0.3523
333 630 0.5620
334 230 0.5511
334 69 0.4386
335 29 0.0397
335 431 0.0617
335 117 0.0210
336 243 0.5717
336 290 0.5641
336 186 0.1616
336 445 0.4260
336 151 0.0204
337 287 0.2395
337 687 0.3156
337 82 0.1228
337 241 0.4873
337 216 0.0848
337 533 0.5361
338 380 0.2138
338 634 0.2856
339 553 0.0594
339 104 0.3033
340 557 0.5336
340 244 0.5584
340 616 0.2320
340 215 0.1837
341 228 0.2920
341 75 0.5318
342 595 0.3078
342 556 0.4972
342 335 0.0446
342 628 0.3684
342 120 0.3600
342 294 0.4485
343 675 0.2914
343 647 0.4001
343 214 0.0369
343 504 0.2659
343 391 0.5211
343 247 0.5532
344 399 1.7471
344 207 0.4074
344 595 0.2347
344 12 0.4987
345 26 0.4459
345 447 0.0758
345 258 0.3231
345 580 0.2249
346 34 0.2141
346 358 0.4997
346 522 0.2543
347 365 0.1039
347 588 0.4176
347 456 0.1370
347 106 0.0371
348 162 0.4675
348 387 0.3477
348 604 0.1007
348 324 0.1889
349 54 0.5094
349 260 0.4482
349 479 0.1534
349 15 0.5303
349 264 0.4323
349 283 0.4164
349 107 0.2374
350 326 0.1200
350 139 0.2918
350 181 0.5084
350 196 0.1386
350 448 0.4302
351 197 0.1917
351 649 0.0179
351 590 0.0446
351 395 0.0379
351 574 0.3280
351 576 0.5461
352 527 0.0782
352 280 0.3790
352 128 0.4970
352 464 0.4350
353 163 0.5637
353 6 0.1865
354 155 0.5855
354 182 0.1600
354 407 0.0961
354 521 0.5619
354 319 0.5162
355 154 0.0879
355 39 0.5220
355 105 0.4718
355 231 0.2775
356 264 0.1330
356 347 0.4733
356 141 0.1976
357 473 0.2762
357 198 0.3401
357 319 0.1454
358 235 0.5948
358 639 0.1746
358 35 0.5695
358 287 0.2141
359 485 0.3444
359 642 4.5275
359 255 0.1017
359 357 0.4934
359 348 0.5749
359 540 0.3190
360 247 0.4861
361 535 0.0711
361 49 0.1912
361 616 0.2274
362 340 0.5062
363 432 0.1037
363 463 0.1705
364 130 0.1800
364 323 0.1107
364 245 0.2985
364 85 0.1947
364 401 0.1848
364 32 0.4150
364 694 0.0019
365 540 0.1437
365 398 0.4943
365 525 0.0920
366 688 0.3592
366 504 0.4465
366 183 0.0379
366 630 0.2312
366 528 0.2237
366 580 0.0480
367 148 0.0910
367 383 0.2380
367 598 0.3471
367 636 0.3575
367 375 0.4618
367 320 0.1160
367 49 0.4758
367 325 0.0712
368 519 0.4230
368 650 0.0417
368 386 0.2044
368 371 0.4542
368 582 0.5336
369 640 0.5023
369 125 0.2730
369 142 0.3318
369 357 0.2014
370 469 0.0296
370 132 0.5923
370 53 0.1059
371 352 0.3435
371 66 0.2274
371 689 0.5181
371 601 0.3538
371 482 0.0921
372 78 0.0769
372 180 0.5052
372 76 0.4130
373 663 0.5940
373 677 0.3625
374 580 0.4747
374 228 0.2500
374 14 0.4279
374 31 0.2595
374 469 0.5423
374 124 0.2742
374 192 0.1984
375 685 0.5379
375 447 0.2236
375 201 0.3946
375 86 0.4596
375 332 0.3570
375 545 0.2964
376 10 0.5956
376 6 0.1744
376 632 0.0679
376 512 0.2158
376 520 0.0939
376 683 0.9425
376 455 0.1150
377 585 0.5934
377 102 0.5603
377 53 0.4662
377 46 0.2454
377 584 0.0267
378 365 0.0026
378 601 0.0632
378 370 0.3583
378 445 0.5082
378 371 0.0089
379 642 0.1246
379 654 0.5495
379 494 0.0295
379 597 0.2799
380 552 0.4256
380 462 0.2500
380 565 0.5066
380 612 0.0011
380 384 0.3254
381 261 0.2597
381 615 0.3003
381 177 0.0907
382 82 0.4677
382 280 0.3642
383 212 0.5274
383 437 0.0095
383 6 0.3328
383 72 0.3774
383 120 0.2893
384 526 0.3226
384 486 0.1834
384 668 0.4962
384 613 0.3179
384 153 0.0388
384 499 0.2944
384 112 0.0787
384 321 0.2033
385 214 0.0920
385 114 0.5159
385 165 0.5487
385 29 0.5649
385 108 0.0064
386 409 0.3857
386 623 0.4311
386 88 0.3294
386 75 0.4429
386 108 0.2130
387 209 0.3313
387 413 0.0611
387 509 0.1051
387 366 0.2299
388 452 0.4364
388 7 0.3133
388 581 0.1796
388 617 0.0709
389 13 0.5933
389 327 0.3831
390 260 0.1651
390 343 0.2078
390 170 0.2874
390 394 0.0650
391 120 0.5520
391 169 0.0127
391 262 0.2473
391 614 0.2182
391 259 0.0385
392 293 0.5142
392 645 0.0794
392 431 0.1147
392 622 0.3731
393 443 0.1630
394 202 0.4605
394 256 0.3955
394 496 0.4162
395 688 0.2212
396 501 0.1407
396 537 0.4861
396 688 0.3958
396 452 0.3299
397 403 0.0548
397 520 0.5282
397 462 0.5104
398 420 0.3351
399 288 0.2474
399 94 0.3750
399 444 0.5412
399 242 0.4116
399 297 0.3938
399 499 0.5859
400 512 0.5926
400 613 0.3144
401 17 0.0871
401 608 0.0917
401 106 0.0039
401 654 0.2115
401 103 0.4310
401 74 0.1293
402 63 0.1454
402 671 0.0365
402 382 0.5296
402 346 0.4060
403 13 0.5456
403 440 0.1382
403 247 0.2394
403 568 0.3139
403 264 0.3156
404 571 0.1431
404 660 0.0196
404 267 0.2985
405 165 0.2522
405 598 0.4880
405 516 0.1093
405 453 0.2814
405 576 0.0120
406 510 0.3968
406 649 0.0028
406 352 0.0777
407 481 0.2856
407 590 0.2412
407 28 0.0597
408 268 0.3185
408 308 0.4386
408 451 0.1144
408 329 0.2059
408 696 0.0720
409 30 0.3181
409 670 0.3478
409 182 0.3036
410 353 0.0980
410 76 0.4982
410 482 0.3636
411 240 0.4192
411 635 0.3053
411 418 0.0532
412 491 0.5830
413 58 0.3590
413 154 0.3610
413 245 4.9719
413 424 0.0953
413 326 0.0636
413 90 0.0822
413 283 0.3015
413 287 0.5174
414 675 0.5729
414 460 0.1976
414 82 0.3807
415 285 0.5784
415 591 0.1354
415 439 0.0308
415 10 0.3678
416 50 0.1026
417 319 0.0785
417 424 0.2506
417 587 0.5959
417 148 0.4649
417 58 0.2918
417 203 0.4860
417 318 0.0275
418 596 0.2452
418 55 0.4438
418 169 0.3968
418 182 0.2034
418 27 0.3306
419 673 0.0028
419 276 0.0524
419 350 0.3685
419 178 0.5004
419 319 0.2674
419 450 0.2093
420 266 0.0411
420 307 0.0570
420 146 0.5377
420 292 0.0772
421 447 0.2376
421 421 0.3845
421 207 0.4177
421 139 0.4669
421 615 0.4899
421 214 0.3317
421 434 0.0227
422 584 0.2140
422 437 0.2606
422 108 0.4534
422 657 0.4082
422 347 0.2204
423 283 0.0614
423 662 0.2833
424 499 0.0344
424 226 0.1182
424 667 1.3449
424 250 0.3202
425 590 0.3427
425 309 0.1979
425 305 0.2202
425 351 4.9282
425 159 0.4415
426 492 0.0279
426 122 0.4307
426 397 0.0680
427 82 0.1293
427 306 0.1240
427 84 0.3520
427 456 0.5918
427 459 0.3618
427 139 0.5756
427 445 0.2592
428 270 1.4846
428 289 0.0842
428 250 0.4958
428 409 0.3529
428 178 0.3119
429 100 0.1986
429 86 0.3086
430 109 0.2227
430 500 0.5036
430 203 0.4508
430 111 0.0388
430 463 0.2230
430 550 0.3307
431 517 0.1450
431 124 0.1505
431 366 0.5741
431 358 0.1396
431 198 0.5967
431 356 0.4374
431 542 0.2752
431 96 0.0813
431 592 0.3903
431 281 0.3276
431 323 0.4905
432 509 0.1676
432 405 0.5373
432 205 0.5780
432 578 0.3425
432 162 0.4984
432 567 0.3073
433 11 0.5084
433 282 0.3096
433 188 0.5086
433 475 0.2314
433 35 0.3101
434 450 0.4570
434 94 0.1648
434 245 0.5296
434 652 0.5671
435 405 0.5806
435 88 0.4221
435 121 0.3239
436 287 0.1047
436 235 0.4746
436 105 0.3878
436 140 0.5686
437 378 0.2856
437 488 0.4926
437 299 0.1107
437 236 0.2868
437 451 0.1759
438 11 0.1236
438 629 0.3011
438 587 0.2354
439 451 0.4722
439 639 0.1173
439 360 0.1960
439 307 0.4374
439 347 0.3498
439 469 0.4921
439 47 0.5603
439 136 0.5782
440 368 0.5719
440 640 0.4963
440 9 0.5659
440 560 0.4466
441 311 0.4934
441 593 0.5939
441 679 0.5533
441 631 0.3800
441 165 0.5668
441 83 0.0868
442 168 0.0475
442 171 0.3095
443 133 0.2450
443 696 0.0927
443 328 0.4194
444 265 0.3348
445 577 0.3343
445 398 0.4194
445 109 0.2227
445 442 0.5383
446 633 0.3313
446 595 0.0752
446 424 0.2332
446 116 0.4936
446 355 0.0272
446 279 0.0876
446 675 0.1829
447 20 0.2324
447 335 0.3227
447 502 0.5558
448 651 0.3100
448 537 0.5305
448 600 0.5514
448 59 0.5191
448 479 0.1223
448 265 0.0314
448 94 0.2210
449 286 0.3679
449 632 0.0975
449 313 0.1641
449 439 0.0777
449 349 0.3060
449 136 0.2116
450 75 0.3837
450 622 0.1409
450 38 0.1379
451 582 0.2031
451 405 0.2715
451 191 0.4389
451 292 0.2377
452 341 0.5689
452 528 0.2463
452 362 0.2004
452 426 0.5693
453 524 0.1552
453 231 3.3354
453 588 0.5808
453 225 0.2891
453 304 0.5368
453 231 0.2178
453 487 0.1426
454 446 0.4998
454 104 0.2620
454 249 0.2178
454 126 0.3704
454 364 0.2538
454 554 0.4698
454 389 0.5000
454 181 0.0160
454 664 0.2896
455 318 0.0034
455 347 0.5224
456 72 0.1125
456 572 2.2837
456 153 0.1927
456 395 4.5932
456 434 0.5886
457 76 0.0313
457 652 0.1734
457 204 0.1882
457 494 0.2872
458 305 0.0977
458 610 0.3723
458 55 0.4926
458 433 0.3012
458 408 0.2132
458 593 0.0893
459 313 3.5837
459 390 0.0599
459 262 0.4501
459 399 0.3178
459 193 0.4284
460 521 0.0893
460 550 0.3681
460 360 0.4515
460 492 0.3750
460 562 0.0873
460 23 0.4035
461 330 0.1649
461 11 0.2359
461 653 0.0049
461 611 0.5329
461 373 0.5515
461 607 0.5804
462 126 0.5133
462 498 0.5759
463 381 0.0822
463 595 0.2235
463 234 0.1445
463 470 0.3231
463 530 0.1359
463 3 0.1162
463 124 0.3186
464 142 0.1923
464 622 0.0830
464 334 0.5027
464 5 0.5697
464 123 0.3411
464 15 0.4731
464 623 0.5957
464 646 0.4034
464 219 0.2934
464 219 0.0606
465 551 0.4856
465 434 0.0492
465 468 0.5492
465 557 0.1065
466 100 0.5776
466 519 0.5034
467 224 0.5286
467 372 3.4974
467 38 0.1336
467 107 0.3399
467 579 0.4390
468 491 0.4592
468 657 0.2418
468 342 0.0227
469 576 0.5574
469 382 0.5719
469 185 0.5506
469 484 0.1799
470 523 0.5182
470 124 0.2867
470 660 0.4332
470 157 0.4577
470 270 0.5881
470 229 0.0662
470 106 0.3852
471 117 0.3498
471 513 0.5208
471 442 0.5732
472 459 0.2368
472 453 0.3985
472 222 0.2194
472 516 0.5308
473 251 1.6795
473 534 0.1197
473 2 0.3066
473 239 0.2631
474 17 0.1718
474 89 0.4912
474 341 0.1459
474 376 0.0174
475 24 0.1474
475 673 0.2298
475 306 0.1562
475 239 0.1625
475 601 0.5638
475 46 0.0332
475 137 0.0239
475 306 0.0394
475 452 0.3594
476 670 0.0343
477 266 0.3322
478 136 0.4892
478 10 0.3380
478 585 0.3266
478 36 0.1329
478 624 0.1516
478 29 0.0342
478 486 0.5863
479 180 0.0063
479 21 0.4419
479 77 0.1631
480 588 0.1845
480 125 0.2447
480 688 0.5900
480 137 0.0717
480 596 0.0757
480 458 0.1419
480 146 0.0478
480 486 0.1525
480 170 0.0944
480 4 0.0180
481 84 0.5461
481 283 0.5931
481 681 0.3179
481 580 0.2464
482 195 0.4602
482 386 0.2950
483 421 0.3657
483 389 0.5264
483 535 0.2214
484 406 0.2677
484 481 0.5567
485 326 0.5332
485 578 0.2953
485 237 0.5305
485 302 0.2964
485 221 0.1074
485 34 0.1439
486 584 0.3025
486 659 0.0256
486 560 0.4343
486 622 0.4744
486 146 0.2199
486 310 0.5273
486 402 0.2421
486 217 0.0248
487 578 0.3514
487 623 0.1605
488 32 0.1263
488 143 0.5454
488 630 0.4300
488 131 0.1713
489 368 0.0731
489 500 0.3607
490 37 0.5288
490 454 0.2781
490 168 0.5694
490 226 0.4838
491 315 0.1733
492 466 0.3704
492 262 0.0772
492 542 0.3491
493 484 0.1734
493 257 4.5940
494 694 0.1166
494 266 0.3090
494 94 0.4528
495 293 0.5139
495 546 0.4220
495 460 0.4711
495 494 0.0327
495 398 2.1916
496 49 0.5546
496 451 0.4389
496 88 0.0508
496 47 0.5171
496 297 0.1204
496 416 0.5231
496 438 0.0333
496 440 0.3374
496 566 0.1482
497 247 0.2371
497 591 0.3261
497 32 0.5595
497 597 0.4523
497 459 0.5547
498 187 0.2125
498 177 0.3704
498 528 0.0871
499 369 0.1714
499 169 0.1365
499 570 0.2810
499 12 0.4812
499 625 0.1991
499 146 0.5059
500 216 0.5869
500 623 0.1043
501 441 0.4982
501 659 0.3961
501 402 0.0900
502 74 0.1582
502 46 0.4424
502 192 0.0285
502 50 0.5513
502 496 0.4970
502 435 0.2823
502 136 0.3952
503 115 0.3726
503 535 0.0142
503 499 0.0794
504 394 0.3318
504 675 0.1849
504 171 0.3896
504 656 0.4756
504 662 0.0619
504 75 0.0660
504 329 0.2768
505 53 0.3720
505 339 0.3409
506 599 0.3358
506 401 0.3323
506 651 0.2637
506 351 0.2452
507 203 0.2630
507 309 0.0110
507 169 0.3277
507 269 0.2833
507 493 0.0826
508 572 0.0079
508 324 0.4240
508 291 0.5268
509 464 0.5910
509 516 0.4898
509 415 0.5987
510 500 0.3859
510 582 0.2379
510 466 0.3044
510 380 0.1654
510 17 0.1068
510 184 0.3018
510 91 0.3255
511 499 0.4988
511 63 0.3980
511 468 0.3121
511 659 0.3212
511 327 0.2273
511 33 0.0193
511 194 0.3525
512 128 0.1175
512 449 0.0610
512 561 0.1673
513 633 0.2316
513 327 0.3847
513 256 0.2472
513 26 0.1177
513 425 0.5978
513 631 0.4866
513 284 0.2551
513 121 0.3594
514 622 0.5829
514 569 0.4446
514 290 0.3851
515 598 0.2339
516 542 0.2806
516 90 0.3752
516 291 0.0240
516 84 0.4175
516 493 0.5151
517 539 0.4721
517 139 0.3632
517 382 0.1001
517 473 0.3315
518 582 0.0983
518 86 0.5675
518 32 0.1572
518 369 0.2989
518 511 0.5116
518 46 0.4112
518 559 0.3953
518 364 0.3431
519 424 0.3150
519 141 0.2762
519 658 0.3605
519 683 0.2950
519 197 0.4959
519 649 0.5696
519 166 0.2502
519 668 0.3464
519 432 0.2475
519 379 0.4259
519 147 0.2174
520 102 0.5000
520 126 0.4121
520 251 0.4343
520 17 0.3798
520 361 0.0125
521 72 0.0317
521 465 0.1190
521 333 0.4804
521 487 0.0919
522 321 0.5233
522 591 0.1650
523 188 0.1145
523 158 3.7455
523 313 0.1939
523 519 0.3945
524 364 0.0692
524 444 0.0772
524 176 0.3901
524 668 0.5626
524 132 0.5002
524 289 0.3955
525 694 0.0545
525 133 0.3765
525 249 0.2895
525 633 0.2697
525 629 0.0272
525 501 0.1983
526 243 0.3845
526 33 0.2468
526 548 0.4000
527 467 0.5387
528 175 0.3463
528 221 0.5031
528 381 0.4598
528 469 0.3168
528 48 0.0167
529 680 0.3312
529 443 0.1255
529 610 0.5784
529 57 0.1139
529 651 0.5765
530 542 0.4625
530 492 3.7593
530 116 0.3871
531 444 0.4238
531 593 0.1371
531 65 0.2929
531 197 0.2998
532 538 0.2678
532 585 0.3478
532 485 0.3847
533 66 0.3824
533 167 0.2819
533 665 0.1862
533 546 0.4847
533 168 0.2466
533 164 0.4810
534 397 0.0135
534 306 0.3454
534 21 0.1540
534 155 0.5054
534 629 0.2695
534 439 0.1870
534 479 0.5679
535 26 0.5711
535 619 0.5286
535 312 0.5264
535 263 0.4888
536 9 0.3614
536 377 0.2743
536 178 0.4414
536 52 0.2291
537 51 0.0941
537 424 0.4436
537 325 0.5729
537 174 0.2482
537 635 0.0101
537 241 0.3578
538 477 0.3164
538 58 0.2022
539 118 0.5945
539 262 0.0333
539 633 0.2267
540 31 0.3124
540 674 0.5356
540 429 0.0576
540 363 0.3291
540 171 0.5167
541 653 0.1719
541 265 0.4938
542 300 0.2771
542 242 0.4854
542 144 0.2448
542 507 0.0266
543 466 0.3486
543 307 0.2344
543 72 0.0693
543 595 0.4435
544 98 0.0488
544 648 0.4443
545 533 0.1492
545 116 0.1037
545 23 0.3695
545 450 0.5679
546 269 0.5669
546 14 0.2707
546 29 0.2469
547 131 1.0817
547 585 0.2398
547 662 0.0124
548 550 0.5667
548 152 0.5446
548 576 0.5396
548 389 0.4877
548 636 0.0608
548 115 0.2713
548 122 0.3290
548 13 0.3547
549 173 0.3101
549 390 0.5312
549 456 0.4613
549 326 0.1274
550 537 0.3389
550 110 0.5452
550 68 0.4602
550 533 0.5672
551 449 0.1327
551 185 0.5736
552 158 0.0301
553 405 0.5703
553 430 0.3812
554 98 0.4202
554 615 0.4487
554 146 0.3643
554 237 4.8846
554 604 0.2570
554 644 0.2024
554 594 0.0655
554 19 0.5586
554 490 0.3595
555 190 0.3321
555 695 0.2859
555 441 0.5294
555 115 0.4650
555 547 0.2710
555 658 0.1147
556 71 0.5779
556 373 0.0146
556 503 0.1055
556 92 0.1007
557 565 0.5417
557 314 0.0137
558 659 0.2354
558 125 0.5829
558 225 0.5480
558 506 0.5429
558 604 0.3114
558 210 0.3809
558 39 0.1045
558 506 0.3264
559 415 0.4765
559 78 0.0592
559 409 0.4187
559 295 0.2718
559 679 0.4448
559 280 0.2190
559 440 0.4395
560 103 0.5063
560 25 0.5007
560 313 0.3231
560 484 0.0467
560 529 0.4421
561 3 0.2358
561 244 0.0858
561 296 0.5168
562 671 0.1506
563 349 0.2150
563 55 0.5143
563 579 0.4629
564 203 0.2973
564 612 0.5857
564 689 0.5273
564 344 2.8318
564 101 0.1166
564 391 0.5528
565 521 0.4955
565 530 0.4911
565 689 0.5978
566 46 0.0108
566 432 0.5280
566 681 0.1508
566 519 0.1407
566 351 0.0345
567 245 0.5824
567 276 0.1763
567 408 0.0238
567 650 0.1091
567 125 0.4007
567 122 0.3709
568 242 0.2501
568 635 0.4727
568 231 0.2157
568 109 0.4581
568 477 0.3977
569 127 0.4446
569 367 0.4942
569 363 0.4478
569 379 0.4321
569 110 0.5453
570 678 0.1689
570 57 3.0435
570 66 0.1751
571 517 0.3762
571 126 0.3091
571 365 0.5326
571 476 0.1818
571 645 0.4705
572 520 0.3985
572 213 0.3051
572 304 0.4270
572 328 0.2693
572 638 0.4029
572 264 0.2365
572 618 0.5188
573 555 0.2580
573 576 0.1339
573 130 0.2224
573 424 0.5779
574 338 0.4538
574 50 0.5809
574 504 0.1326
574 6 0.0879
574 479 0.1179
574 89 0.3207
574 343 0.5706
575 49 0.1285
575 518 0.3111
575 589 0.2949
575 603 0.0523
576 419 0.2357
576 322 0.2190
576 434 0.2647
576 111 0.1631
576 7 0.3066
576 91 0.0115
576 341 0.4428
577 547 0.4062
577 443 0.1224
577 498 0.0035
577 518 0.5709
578 634 0.0350
578 80 0.4450
578 289 0.2160
579 629 0.3331
579 160 0.0526
579 316 0.3162
579 205 0.4133
579 330 0.1702
580 119 0.1646
580 624 0.4361
581 224 0.5346
581 274 0.5746
581 29 0.4450
581 600 0.1663
581 189 0.0128
581 172 0.5309
582 58 0.1724
582 458 0.1152
582 224 0.2450
582 85 0.4522
582 605 0.2457
583 491 0.5012
583 606 0.2532
583 574 0.3610
584 510 0.3710
584 67 0.5833
584 593 0.0145
584 14 0.4955
584 474 0.1160
585 320 0.3914
585 78 0.2932
585 557 0.0020
585 128 0.3374
585 448 0.0581
585 635 0.5794
585 87 0.3157
586 108 0.5629
586 688 0.1916
586 102 0.5168
586 637 0.2702
586 37 0.2161
586 425 0.0244
587 487 0.1854
587 153 0.1328
589 584 0.2597
589 544 0.0134
590 91 0.0294
590 644 0.2502
590 8 0.2171
590 201 0.3991
590 424 0.2174
591 477 0.5383
591 218 0.2489
591 335 0.0062
591 452 0.3740
591 322 0.3353
591 592 0.3015
591 323 0.1111
592 575 0.4718
592 459 0.1610
593 409 0.2631
593 629 0.2142
594 302 0.1804
594 115 0.0533
594 40 0.1650
594 551 0.4543
595 84 0.1016
595 135 0.4093
595 472 0.1956
595 549 4.7057
595 265 0.5925
595 551 0.0932
595 279 0.3081
596 418 0.4094
596 99 0.2384
596 20 0.1952
597 577 0.5192
597 547 0.2279
597 245 0.1233
597 259 0.1403
597 196 0.3341
597 620 0.2446
598 649 0.4733
598 553 0.3043
598 344 0.3641
598 453 0.3444
598 435 0.5313
598 26 0.1989
598 230 0.4857
598 631 0.3743
598 236 0.3204
599 343 0.3501
599 383 0.0711
599 424 0.3908
599 579 0.4244
599 481 0.4356
600 478 0.0151
600 288 0.4170
600 643 0.2377
600 107 0.0195
601 522 0.2194
601 183 0.3562
601 431 0.3411
601 521 0.4343
602 563 0.4947
602 369 0.5234
603 217 0.1306
603 450 0.4043
603 397 0.1598
603 375 0.3458
604 341 0.3056
604 356 0.4000
604 448 0.1002
604 446 0.2663
605 65 3.6810
605 229 0.4657
606 360 0.5974
606 284 0.2773
606 14 0.4519
606 341 0.0284
606 378 0.3963
607 397 0.4602
607 656 0.2432
607 37 0.3617
607 57 0.2203
607 14 0.1567
608 329 0.0304
608 279 0.3063
608 497 0.1466
608 422 0.3420
608 388 0.4056
609 376 0.3657
609 324 0.3216
609 497 0.2940
610 349 0.5508
610 98 0.1165
610 453 0.2686
610 284 0.2832
610 574 0.4826
611 426 0.4076
611 505 0.2402
612 434 0.0410
612 549 0.2681
612 59 0.3932
612 158 0.3019
612 511 0.4255
613 41 0.3484
613 47 0.3720
613 44 0.3153
613 521 0.2333
613 64 0.5083
614 87 0.5590
614 483 0.0272
614 229 0.0463
614 577 0.1269
614 559 0.0347
614 657 0.5009
614 215 0.2463
615 592 0.3186
615 35 0.2713
615 606 0.5830
616 214 0.2630
616 75 0.2938
616 532 0.0279
616 627 0.2577
616 199 0.2960
616 524 0.0835
616 591 0.4192
616 477 0.3197
617 45 0.0811
617 405 0.4663
618 694 0.1387
618 463 0.3883
618 492 0.3936
619 319 0.4063
619 596 0.1336
619 145 0.5610
619 355 0.0379
620 444 0.5632
620 498 0.4599
620 638 0.4175
620 264 0.4410
620 621 0.4145
620 202 0.0568
620 234 0.5580
621 675 0.1572
621 544 0.4527
621 416 0.2084
621 245 0.0074
622 97 0.1004
622 573 0.5984
622 350 0.1220
622 450 0.4387
623 78 0.3031
623 141 3.0423
623 497 0.1767
623 226 0.5757
623 279 0.3089
623 232 0.2183
623 382 0.3550
624 203 0.3874
624 247 0.2881
624 85 0.0763
625 163 0.2046
625 82 0.5521
625 611 0.4189
625 615 0.3391
625 440 0.3163
625 577 0.1016
626 95 0.5245
626 637 0.1008
626 675 0.0672
626 2 0.0950
626 502 0.1423
626 99 0.5453
627 119 0.2387
627 498 0.3625
627 291 0.0182
628 661 0.1061
629 589 0.2353
629 208 0.1620
629 82 0.2818
629 624 0.0240
629 464 0.0320
630 249 0.5766
630 327 0.0556
630 516 0.3640
630 36 0.1121
630 91 0.5699
630 672 0.4073
631 28 0.3801
631 30 0.2592
631 38 0.5682
631 120 0.5472
632 52 0.0976
632 381 0.3098
632 600 0.4201
632 611 0.4419
633 52 0.5243
633 77 0.5490
633 441 0.5964
634 564 0.5205
635 269 0.2198
635 124 0.0898
635 115 0.2913
635 247 0.3225
635 388 0.5128
635 209 0.1963
636 215 0.5588
636 668 0.5692
636 365 0.0984
636 507 0.4897
636 444 0.4733
636 324 0.4845
636 444 0.2571
637 468 0.5175
637 679 0.0239
637 579 0.4805
637 560 0.5554
637 51 0.0885
637 342 0.0446
637 51 0.1242
638 410 0.4969
638 258 0.5460
638 644 0.5493
638 191 0.0005
638 75 0.4592
639 464 0.1100
639 631 0.4749
639 194 0.0501
640 34 2.3177
640 234 0.2039
640 668 0.3523
640 484 0.1163
640 321 0.5067
640 269 0.0312
640 625 0.0086
640 10 0.5016
640 96 0.4487
640 164 0.5332
641 673 0.2521
641 214 0.0679
641 62 0.1756
641 403 0.1447
642 623 0.3425
642 353 0.4428
642 444 0.4628
642 121 0.3577
642 544 0.2721
642 680 0.3572
643 398 0.3351
643 618 0.4528
643 264 0.0018
643 25 0.2168
644 437 0.4543
644 418 0.1440
645 435 0.0889
645 257 0.0583
645 639 0.4069
645 510 0.5165
646 147 0.3840
646 330 0.2128
646 408 0.1087
646 69 0.0180
646 538 0.5392
647 345 0.0511
647 499 0.0892
647 465 0.3174
647 628 0.2759
648 163 0.0395
648 287 0.5155
648 245 0.2127
649 639 0.0063
649 47 0.2440
649 53 0.1817
649 72 0.2391
650 578 0.5770
650 669 0.1014
650 589 0.5368
650 673 0.5656
650 206 0.0514
651 616 0.0075
651 11 0.1890
651 484 0.4598
652 627 0.4737
652 90 0.3054
652 376 0.0014
653 413 0.4936
653 408 0.1632
653 452 0.1659
653 195 0.4900
653 488 0.1203
654 450 0.5797
654 327 0.1414
655 447 0.3822
655 495 0.4081
655 153 0.5822
655 320 0.3714
655 185 0.1201
655 22 0.5757
655 51 0.4079
656 641 0.2239
656 555 0.4572
656 19 0.5531
656 294 0.2943
656 197 0.1051
656 121 0.5784
656 627 0.0446
657 530 0.4485
657 345 0.3941
657 288 0.3609
657 83 0.3544
657 400 0.1683
657 400 0.4967
657 493 0.1477
658 646 0.2937
658 114 0.3158
658 435 0.2453
659 326 0.4217
659 416 0.2698
659 40 0.0608
659 139 0.4564
660 568 0.0953
660 434 0.3003
660 686 0.5662
660 104 0.1877
660 106 0.0742
660 136 0.5604
660 657 0.3258
660 16 0.4863
660 544 0.5306
660 325 0.2859
661 324 0.1813
661 383 0.2143
661 166 0.5081
661 132 0.3726
661 148 0.2640
662 628 0.5891
662 531 0.2513
662 114 0.3398
662 169 0.2366
662 252 0.1879
662 340 0.3862
662 34 0.4227
662 360 0.1372
663 104 0.2612
663 50 0.4771
663 444 0.0002
663 6 0.2624
663 469 0.2288
663 69 0.1308
664 58 0.4027
665 538 0.4552
665 464 0.5576
665 8 0.3265
665 257 0.5578
665 582 0.2319
665 266 0.5096
665 289 0.1969
665 138 0.0798
666 484 4.2451
666 577 0.3402
666 233 0.0157
666 197 0.5532
667 656 0.5823
667 320 0.5532
668 38 0.5780
668 663 0.0864
668 369 0.0011
669 100 0.4331
669 178 0.4205
669 135 0.4134
669 153 0.5676
669 479 0.4186
670 599 0.4681
670 226 0.2732
670 416 0.2990
670 589 0.0361
670 42 0.3005
671 258 0.3997
671 472 0.0376
671 570 0.5291
671 459 0.0190
672 88 0.4279
672 361 0.5224
672 494 0.1602
672 655 0.4500
673 122 0.0539
673 177 0.2342
673 347 0.3768
674 658 0.1500
674 174 0.2370
674 46 0.0317
674 694 0.4900
674 598 0.5992
675 250 0.3242
675 514 0.2780
675 664 0.5414
676 431 0.4313
676 451 0.3086
676 238 0.5024
677 168 0.4777
677 17 0.4831
677 287 0.3472
678 665 0.4044
678 376 0.4553
678 321 0.5336
678 308 0.4916
678 233 0.5185
678 417 0.2050
679 422 0.4534
679 504 0.2153
679 462 0.4757
679 163 0.0497
679 267 0.2341
679 515 0.4180
679 580 0.5918
679 301 0.2606
679 370 0.5319
679 108 0.4173
680 213 0.3143
680 588 0.5961
680 467 0.2696
680 133 0.0230
681 54 0.3498
681 202 0.5877
681 437 0.3915
681 224 0.2557
682 621 0.5687
682 188 0.0312
682 444 0.5427
682 394 0.5375
682 39 0.2146
683 540 0.5836
683 215 0.3174
683 124 0.4358
683 496 0.0257
683 184 0.0719
683 564 0.0217
683 181 0.1406
684 694 0.1568
684 600 0.1876
684 552 0.2110
684 667 0.4132
684 399 0.1134
684 314 0.2213
685 15 0.4308
685 413 0.2214
685 537 0.2880
685 335 0.2737
686 567 0.4069
686 569 0.1709
686 340 0.0392
686 294 0.2234
687 519 0.1729
687 68 3.1500
688 104 0.4503
688 101 0.0809
688 483 0.0001
689 501 0.1006
689 662 0.0916
689 561 0.3538
689 520 0.3921
689 224 0.4341
690 274 0.2018
690 288 0.1489
690 655 0.5548
690 488 0.3302
691 226 0.4837
691 111 0.3982
691 544 0.4103
691 575 0.2601
691 681 0.0646
691 515 0.4924
691 237 0.5189
692 22 0.2765
692 479 2.4121
692 60 0.5885
692 155 0.1548
692 39 0.4484
692 384 0.2090
692 677 0.5649
692 585 0.1070
692 27 0.3402
693 380 0.0760
693 544 0.4753
694 141 0.5978
694 538 0.5450
694 205 0.2270
694 598 0.4757
694 547 0.4186
694 500 0.5866
694 360 0.5854
694 495 3.6043
695 415 0.5694
695 532 0.3529
696 209 0.2652
696 68 0.3011
696 267 0.5525
696 626 0.1955
