800 4000
320 491 4.7364
111 492 2.4620
744 791 4.2417
111 684 1.3379
419 457 0.8808
665 767 0.8485
260 325 4.4357
799 800 2.0725
710 720 4.7608
111 252 3.2772
345 684 3.9799
160 212 2.5223
781 782 2.1235
630 701 2.0593
60 544 4.7229
638 730 0.7664
84 659 4.6309
148 670 2.7567
217 279 2.5868
333 509 1.7536
180 740 1.6392
210 282 2.7262
712 767 0.9972
599 786 4.6485
110 753 4.2200
137 212 3.7423
241 292 4.7574
361 419 2.5453
337 479 4.3053
159 772 1.5076
628 725 1.9784
84 369 3.5844
234 521 2.0088
696 788 2.8782
774 785 2.7250
64 593 4.2989
68 100 2.5728
584 615 1.6389
775 799 3.9535
54 275 4.9242
256 490 1.9027
275 283 3.2079
261 744 2.0632
12 793 0.7398
289 562 4.0455
559 695 3.4354
120 679 4.7261
466 571 4.1561
206 727 3.3256
794 799 4.5366
318 575 1.6276
791 797 2.6316
425 443 4.8531
763 777 3.0143
463 792 3.0753
616 785 0.1551
467 634 2.0745
11 177 0.2827
216 293 4.0869
331 605 0.1925
284 705 1.6064
689 786 3.5986
273 448 3.4566
356 536 3.6739
294 413 3.1918
115 531 1.1823
170 286 2.8430
678 765 2.6487
185 210 4.6759
498 770 3.3137
345 368 1.5703
402 501 1.5818
353 794 3.0243
572 769 4.0332
57 294 3.6313
180 708 2.5941
59 81 1.6665
273 280 2.7775
237 607 3.3826
179 226 2.2577
151 608 2.2470
556 754 0.1248
298 434 2.1965
297 621 4.3442
765 769 0.0092
152 485 0.4302
543 628 4.4649
61 301 3.5179
415 533 4.9682
450 716 4.0733
464 507 4.2239
701 744 1.0416
484 623 1.1962
454 757 1.4601
145 265 0.6482
287 400 4.4132
667 776 0.5130
494 655 4.5726
346 676 3.3073
498 799 3.6362
661 706 2.7166
321 332 1.5564
317 572 2.0616
415 741 1.9695
545 577 2.0796
503 576 1.6577
723 729 4.3816
641 658 4.9330
154 761 2.1026
187 612 2.1102
735 772 1.2190
266 325 1.7920
412 414 4.5392
248 304 1.2449
523 573 2.6378
712 796 1.6404
29 77 2.4229
464 727 2.5750
576 782 4.2994
150 460 0.1594
149 439 4.1484
373 738 2.9866
539 604 0.7592
412 610 0.1855
112 777 2.3626
520 565 2.7114
235 237 4.5610
162 178 1.9588
469 562 3.1578
724 740 4.7060
129 369 0.8419
295 697 3.5999
407 704 2.2441
699 772 3.4125
496 795 1.4631
340 611 0.4728
65 661 3.3692
767 779 0.3133
546 719 4.4269
414 753 2.6767
112 453 2.3413
788 790 1.4504
586 663 1.4239
344 735 1.8592
290 725 1.1672
427 746 3.5084
87 575 3.5934
553 707 3.7818
788 794 0.2133
447 642 3.2588
106 702 4.3314
542 644 1.4876
354 742 4.4348
615 642 1.8848
557 640 0.0306
497 678 3.3240
553 723 3.3039
205 547 1.1515
720 752 3.7650
139 784 0.7523
595 781 4.4167
84 554 4.2333
12 113 4.2327
662 690 0.7295
783 785 1.2368
774 791 0.6374
30 743 3.4788
401 616 3.0369
578 704 4.7517
789 793 4.0231
677 749 2.6517
401 600 0.0778
736 750 0.3055
523 704 1.6881
341 627 0.9596
580 635 1.0524
590 710 1.5020
267 444 4.3491
642 707 1.0662
21 134 3.9554
798 799 1.2666
777 796 0.2835
380 502 4.8259
560 701 1.1996
776 790 3.7583
327 497 3.4701
364 501 4.4459
95 526 4.6659
708 799 4.6934
310 314 3.8995
399 734 2.5996
397 531 1.8690
65 671 3.2863
52 359 1.5091
271 524 0.0189
259 751 2.7685
395 482 4.5854
586 646 3.1069
180 325 4.1320
742 746 1.4279
293 514 4.5003
391 503 2.2221
503 678 4.3026
778 795 2.0851
227 578 3.0519
636 784 1.0482
11 450 3.8787
545 610 2.5289
679 786 1.6259
744 775 4.4669
688 710 0.0073
462 533 1.2518
28 682 0.5092
561 784 0.1442
732 750 1.7446
696 772 1.5929
456 690 3.1876
340 678 2.9926
155 492 1.0363
699 780 1.3460
107 476 0.8822
137 293 1.9778
735 785 3.1200
558 778 3.2154
577 768 2.1824
695 798 1.8694
296 466 3.7983
717 753 4.0555
542 590 4.5942
791 798 0.8219
550 649 4.3228
549 704 3.6380
87 315 0.6847
202 409 1.3414
410 686 4.8769
227 568 2.1242
15 234 1.8729
351 527 0.5844
344 554 2.9209
753 767 2.8365
204 601 0.6414
620 655 4.4230
400 471 0.9167
469 488 0.1541
502 551 4.7053
255 285 2.5439
345 462 0.3135
329 597 4.5294
212 601 0.4855
42 453 2.3355
326 331 0.1694
607 662 0.1785
503 727 3.0420
114 390 3.7970
126 430 2.4232
168 215 0.7532
371 637 2.2852
39 371 3.8275
154 317 1.2837
59 276 0.9971
100 732 2.1498
23 374 2.7608
397 548 4.8343
424 736 0.9104
84 109 0.1765
704 717 3.1419
273 284 0.1568
35 156 2.7696
263 452 1.4244
554 744 4.7512
84 194 3.5057
89 186 1.8942
233 494 0.6803
555 611 4.4053
445 714 2.5320
752 792 3.2296
326 595 3.6975
399 642 1.8933
648 650 3.9387
248 483 1.0875
199 657 1.5642
478 766 3.4216
1 572 2.0832
32 363 4.1817
525 617 0.4114
38 93 1.8583
394 763 0.0642
579 711 2.8845
493 697 0.3331
181 247 4.7309
658 765 1.9193
329 762 3.7809
409 790 1.2582
669 782 4.5819
703 727 2.0706
99 672 2.8733
430 680 4.4701
372 519 4.9330
604 640 4.9974
605 675 2.9902
182 777 4.0240
199 230 4.2756
732 757 4.9789
146 759 2.7288
518 613 4.5670
460 787 0.4374
91 369 4.6374
416 706 4.4703
557 644 4.5537
4 620 2.1580
730 758 2.7941
484 718 1.4109
460 598 3.0369
114 374 0.2370
217 359 0.5346
129 460 1.9814
713 773 0.5327
546 632 3.4655
538 776 4.5963
774 795 4.3391
710 713 2.6133
574 591 0.3049
508 658 1.5304
425 469 2.8398
360 763 4.6272
426 475 1.6000
88 206 4.3224
257 447 0.1071
221 336 3.5471
678 790 4.2113
657 681 2.3628
489 653 2.5966
697 714 3.7574
525 715 3.1515
276 387 3.4900
254 429 4.1037
221 511 2.5336
709 742 4.9633
359 558 4.5048
766 767 2.6692
271 431 3.4448
799 800 3.6313
782 788 0.2123
298 710 1.3065
153 349 2.2516
77 694 3.0671
353 649 1.7088
431 789 3.2870
746 779 4.7132
296 442 3.0274
536 593 2.4008
676 771 2.3680
705 800 2.6111
333 490 0.6135
424 513 2.8055
601 680 1.6368
195 480 0.2966
583 605 2.9170
797 800 3.9230
484 557 4.2453
607 709 0.7197
315 516 3.9028
595 597 1.2198
138 242 1.0841
702 704 3.6904
682 715 3.5321
503 751 4.8481
443 658 4.1508
237 490 0.0379
486 506 2.6057
324 701 2.2143
719 751 2.9151
717 798 2.0192
131 441 0.7985
449 583 4.7785
400 753 4.3625
246 635 2.3284
642 753 4.9443
708 777 1.7810
644 713 1.6085
16 26 2.3079
240 560 2.9104
777 781 3.8225
756 778 3.6434
6 270 2.7968
329 744 1.9983
799 800 0.4521
46 529 1.3313
718 780 2.4567
785 793 1.2800
473 645 0.5794
119 470 1.5723
29 526 3.3195
312 533 4.1176
769 776 1.2951
792 793 0.5215
404 612 4.1030
37 111 1.8953
143 351 1.2852
121 569 2.8337
290 501 4.2346
408 767 3.0443
512 644 1.1253
30 368 1.9417
415 772 2.6002
122 759 1.2823
125 327 1.1305
464 557 3.0978
756 800 3.8287
505 697 3.3631
569 572 1.1674
416 772 0.6425
390 675 1.6396
690 766 4.3318
566 666 1.2802
770 795 2.5444
528 630 3.8206
533 586 4.2305
334 578 0.7191
262 740 4.5062
170 729 3.0610
499 524 3.5334
198 205 2.9222
126 285 4.4100
612 646 3.7628
243 548 0.2700
723 778 4.3643
518 702 0.1747
204 696 1.8812
281 590 2.8356
655 734 4.7199
563 743 3.4712
606 745 4.8643
162 280 0.3251
339 674 3.1612
16 232 1.3888
550 731 2.9930
457 558 3.1173
618 643 1.5580
28 141 3.2975
416 693 1.8623
543 581 1.9807
72 175 3.2335
293 497 4.1380
607 640 0.3659
184 328 1.1612
705 730 1.1565
204 345 2.7724
161 268 4.9258
124 636 1.8932
607 699 0.7293
94 358 3.5104
642 696 4.3005
309 578 4.8527
706 800 4.7758
602 749 4.7881
530 560 0.7014
40 542 4.8258
288 508 0.6901
187 372 4.9141
665 680 4.9768
436 652 2.3056
2 690 3.6609
416 746 3.4478
495 740 2.7551
712 726 1.5479
411 692 3.8405
274 603 1.7529
729 791 1.5759
662 718 3.9098
708 761 0.4620
96 523 4.4758
694 715 1.3673
284 670 4.7334
256 551 0.1074
376 441 2.5234
119 494 4.1685
5 736 0.9231
192 263 1.4942
566 637 3.9200
782 786 4.7465
318 483 4.8905
284 528 3.6065
477 787 1.9161
103 679 3.9445
552 775 1.8124
76 527 1.9180
777 794 3.5723
381 660 4.7918
331 343 3.7222
662 668 3.9519
683 685 2.0222
766 772 1.2472
195 332 0.3620
654 709 4.4629
593 674 0.2994
798 800 2.8500
142 247 2.4187
759 800 3.9676
716 755 2.7918
312 660 2.2889
160 369 4.3188
78 116 2.5541
645 794 3.3848
21 238 3.7566
418 793 1.3191
421 477 4.1449
448 619 0.1099
159 312 3.9064
532 717 0.1062
624 739 1.5062
594 751 4.2222
631 689 2.4997
20 110 2.8510
346 614 2.7971
756 770 1.5965
3 527 2.6314
701 707 3.6758
502 775 2.4764
91 756 0.7710
522 683 4.4079
97 663 3.1254
308 379 2.0546
220 681 3.1733
723 792 2.6364
695 697 3.1309
290 440 4.3867
126 446 3.6424
498 784 1.0357
787 795 3.9697
601 756 3.7873
651 667 3.2023
503 604 1.4945
377 469 0.3902
769 795 2.5739
365 629 0.5813
136 645 3.9579
144 631 2.0678
710 787 2.0227
503 715 3.2911
338 494 3.3275
667 697 2.7324
748 760 4.9054
204 787 3.1064
402 624 4.2055
81 553 3.3219
345 366 2.5867
617 657 3.7205
460 513 3.5645
70 537 1.2050
548 690 0.0230
136 394 1.2699
2 590 2.9675
18 491 0.9395
635 740 2.5074
220 756 3.7500
488 536 0.0331
397 555 2.2692
716 721 0.0921
256 279 1.8823
663 789 1.9962
714 715 3.4908
497 595 2.2810
355 678 0.7472
387 567 2.8961
666 794 1.0617
359 533 1.3283
190 478 2.4471
456 686 4.5070
548 655 4.7706
135 591 1.4682
727 781 4.6176
399 548 1.5489
29 759 0.1669
475 563 2.3506
605 784 1.3956
97 707 2.3652
779 797 0.7830
404 522 2.0301
762 792 2.5370
152 656 3.8671
455 780 2.9175
659 674 4.9167
191 204 0.2908
379 468 2.8244
568 639 2.2628
383 795 3.3662
604 745 2.7705
241 537 1.8891
324 448 0.6266
509 624 3.1415
394 414 2.9743
122 283 0.0242
563 580 2.1914
518 683 4.3438
379 767 4.7651
25 580 2.3196
740 780 2.2436
10 387 4.6490
571 710 1.5663
153 395 2.7291
154 369 4.7078
648 742 3.6516
136 688 3.2696
686 733 4.0433
75 535 4.2581
579 616 4.7680
319 440 1.0875
411 574 4.7870
780 781 3.5009
360 764 1.2745
520 661 1.8828
370 775 1.4243
516 594 3.2539
155 717 2.7423
236 611 0.2607
329 661 3.4265
783 797 3.7604
671 715 4.8477
3 477 2.8917
237 430 0.4835
391 489 2.3129
725 762 4.7270
634 687 2.8464
712 746 1.3119
558 622 1.3511
458 554 1.3414
457 770 0.9060
192 301 1.3717
231 451 2.2120
541 610 3.3286
236 540 2.1021
170 782 2.7550
194 440 1.3269
385 777 3.8613
515 529 0.0561
528 694 3.8830
588 609 3.4588
475 637 0.2240
226 347 2.4093
527 729 1.6618
613 780 0.4624
522 727 4.1049
507 605 3.5892
690 758 2.5014
724 798 2.5316
321 366 3.3928
232 516 4.0465
233 665 4.3191
625 736 0.5130
775 795 2.6324
638 690 4.8823
98 604 0.5546
125 425 1.9418
486 686 2.1234
97 285 2.8206
451 725 2.8078
60 244 2.0499
458 749 3.8611
628 638 3.8852
4 216 1.8597
5 688 3.1760
691 708 2.7180
340 369 4.6747
506 564 4.1490
162 517 1.5601
737 781 2.6969
342 787 1.7762
353 589 2.9929
549 625 1.2620
748 795 3.7262
279 688 2.2937
459 641 1.0190
495 632 2.2496
308 481 3.2245
515 646 0.3150
267 627 3.8761
588 729 3.1274
35 595 3.2266
784 795 2.8141
308 421 4.3830
129 646 0.1561
340 658 0.1862
138 586 4.7140
616 729 4.6640
37 611 4.0680
582 643 2.4114
715 767 4.4757
134 271 4.0744
384 695 0.0252
415 451 1.1018
454 545 3.9960
67 580 4.8556
122 183 2.1442
628 743 2.0999
696 744 1.0693
136 779 2.1461
19 736 4.9120
735 738 2.3850
31 357 2.4757
719 758 1.3550
789 799 0.0346
597 799 2.7894
339 575 4.3257
54 646 4.9586
668 783 2.4748
114 701 0.8256
585 762 4.0111
290 610 4.7546
269 780 3.1129
192 454 3.6249
796 798 4.3872
704 706 4.6181
651 745 2.2476
199 372 2.7803
244 335 0.0019
84 769 0.3815
213 638 1.9572
615 666 4.6713
668 747 2.2515
175 355 0.4646
415 472 4.0047
216 327 4.5465
21 800 4.4778
91 224 2.6742
49 94 4.3456
363 573 3.2706
301 501 4.1338
712 721 4.3214
723 771 2.9643
739 744 1.5034
664 765 1.7398
55 112 1.7510
47 400 4.8711
539 689 3.2267
235 574 0.7616
11 80 3.4270
98 785 3.9272
491 597 3.2290
729 743 0.8624
156 482 2.2731
728 800 4.6294
39 776 4.3727
336 554 3.7660
416 423 1.0516
298 513 3.5932
484 504 1.6327
172 354 2.4811
177 240 3.6061
198 743 0.4497
296 311 4.4530
89 765 1.4640
93 413 1.4607
549 580 3.7558
797 798 0.0578
542 713 1.3134
757 780 1.1599
375 517 1.6658
702 786 1.1526
222 512 3.8294
362 498 2.7951
662 693 2.1487
297 521 2.5709
21 611 4.7310
132 268 3.7245
619 681 3.0723
228 394 2.2621
225 712 2.6159
387 664 1.7861
81 255 3.1341
493 719 4.5931
607 674 4.8883
267 470 0.3498
255 341 1.4529
99 272 3.1988
419 436 3.1237
223 351 3.8218
174 275 3.7196
97 583 4.5193
250 519 2.1170
267 798 4.5931
739 753 3.0175
204 532 0.1313
52 705 1.6407
62 634 1.6088
153 710 0.7546
689 798 1.3543
726 789 2.3589
588 765 4.5953
675 685 1.4848
538 612 2.1769
201 560 4.0060
264 566 3.4506
543 751 0.1715
748 788 2.6461
478 588 0.9752
660 715 2.4725
752 779 2.7917
572 755 0.3348
67 417 4.3117
712 727 3.2260
125 550 2.2443
432 781 3.0515
216 476 4.6903
341 754 4.9568
48 704 2.4913
95 353 1.0836
179 380 3.7931
129 367 2.7693
20 502 1.6928
550 590 4.9298
351 656 0.2406
91 321 3.4571
454 719 2.2591
466 779 1.9895
309 347 0.8448
691 764 3.1448
46 695 4.5327
772 795 4.6497
664 671 1.0687
106 318 4.3490
284 510 0.8718
505 733 2.2962
408 751 4.4208
757 794 3.2178
630 770 3.0904
583 685 3.4987
383 700 0.2002
398 545 0.3980
489 554 1.6335
26 220 0.0515
735 758 3.0474
259 794 0.0148
658 681 2.8564
274 330 4.1051
2 724 4.5082
756 770 3.1091
90 789 1.5639
148 289 4.0936
516 571 4.6751
779 783 3.7313
103 670 1.0160
326 629 3.7953
108 613 0.3536
491 663 1.3493
366 794 3.9480
647 773 2.4277
782 800 1.7397
695 726 3.2645
245 706 3.3916
566 700 4.1126
243 301 4.2218
200 440 4.9437
164 672 0.8536
589 630 0.6808
226 246 4.0896
19 245 3.8445
46 772 1.8244
180 339 1.1633
482 550 2.6071
405 670 1.1407
632 751 3.9156
725 743 4.7600
556 756 2.2962
697 754 2.5384
427 645 4.5126
666 744 2.7094
355 357 2.3937
430 561 2.6079
654 756 3.6016
260 480 1.2899
319 773 0.3493
83 785 4.4812
111 274 2.5740
672 760 3.4542
577 768 2.4697
250 558 0.6254
40 573 3.8397
543 657 4.4508
570 680 3.4017
569 699 2.5946
483 494 0.6240
338 564 3.9178
213 483 2.9866
437 440 1.9638
89 109 3.0364
312 566 3.6256
80 379 0.8104
186 403 3.8163
656 677 4.5171
265 396 0.9205
341 450 2.6459
751 789 4.8939
465 781 3.1185
147 390 3.8548
213 396 0.9749
709 710 2.5601
765 775 3.1239
569 767 0.5203
770 771 3.6800
543 761 3.2088
148 299 0.0988
432 638 0.3514
155 406 4.3082
698 791 3.5211
53 441 2.2895
264 693 4.2906
681 709 1.8488
287 504 2.3197
741 755 1.0237
734 772 2.7675
391 565 2.8690
481 560 0.3922
686 793 3.2738
544 679 4.8798
408 545 3.2339
122 565 4.8857
589 759 3.5592
416 659 3.0141
290 469 0.5753
324 374 3.5520
76 258 0.0455
340 770 4.3317
287 687 4.1318
723 782 4.0585
260 269 0.7709
694 759 3.3488
336 613 3.3069
64 405 2.3647
358 614 2.6929
302 483 3.5267
374 407 0.0398
621 727 1.8815
399 486 3.5641
256 548 0.1142
372 552 2.2346
166 632 0.0304
773 793 2.2664
269 423 0.9230
301 683 3.1424
393 578 3.9409
200 686 4.5422
145 493 1.4201
108 378 3.5939
48 774 0.5363
15 636 4.0119
46 385 4.8525
31 141 4.4963
450 544 4.7233
273 356 1.8755
404 638 1.0336
649 669 3.8374
377 405 3.8352
666 797 3.0368
57 603 2.4020
592 791 1.7037
451 569 3.2315
768 790 2.0549
411 604 1.6610
451 705 3.5811
191 448 3.5846
11 554 2.4630
56 792 4.8740
121 298 1.5106
705 739 4.2971
87 159 1.2524
596 709 2.1701
488 594 1.5513
372 697 2.9590
162 206 1.4215
154 168 1.3538
37 550 3.4574
147 148 0.7120
695 707 0.6843
52 335 2.8253
16 389 2.7695
623 729 0.8600
543 675 1.6894
436 654 2.1816
83 683 0.3757
693 695 3.9368
513 772 4.9909
377 719 1.9010
60 327 1.2892
168 601 4.6767
302 563 3.7295
421 743 3.6530
645 774 3.6541
316 696 4.0960
320 334 1.5822
22 342 3.6872
267 747 4.0760
582 788 1.4659
353 672 0.8726
51 694 0.2491
132 535 2.5952
518 519 4.9071
25 276 2.0125
710 722 2.1948
224 353 4.2084
89 398 3.0604
532 588 4.8617
2 617 4.1504
332 787 1.2865
424 744 0.9871
403 542 0.7991
406 586 3.4450
327 494 4.4329
405 682 1.9187
390 669 0.7736
146 384 0.8558
82 293 2.8478
118 631 0.4075
677 788 1.1391
344 662 3.6757
703 720 3.5337
221 478 4.2434
375 531 4.7686
541 634 2.6073
259 787 2.8360
559 601 0.7920
500 793 0.8437
87 298 4.7526
793 794 1.9580
702 760 2.9954
487 490 3.9527
787 794 1.7825
467 560 3.0290
365 476 0.5176
112 357 4.4864
201 218 4.1565
54 756 2.7507
368 572 2.4915
313 753 2.2945
166 598 0.2195
235 406 2.7800
88 314 0.6676
688 713 0.1426
591 722 3.3724
459 679 1.2021
575 741 1.2918
547 797 0.6363
527 764 4.3248
2 379 0.4927
317 413 2.6561
518 679 0.6391
709 799 1.2997
715 732 0.8748
509 778 4.5714
528 717 4.7838
95 193 4.0759
28 182 0.6061
339 731 0.8620
288 499 4.0672
656 727 2.2716
592 793 3.9770
351 731 2.6819
182 654 4.8083
173 512 4.9691
249 677 0.1189
277 685 1.3850
281 358 4.5630
396 440 3.3581
276 515 3.8881
781 789 4.7788
674 700 2.9810
269 750 1.0106
676 798 1.7955
127 161 2.3860
288 679 2.1710
201 756 4.8425
356 543 1.1407
528 751 0.7312
408 461 4.1240
673 720 4.4096
725 793 0.1409
702 788 3.3069
661 784 3.4737
733 800 3.2384
527 716 0.5666
573 582 4.4733
509 768 3.7633
627 652 4.0804
332 384 1.4222
129 473 1.1802
323 537 2.4478
68 491 0.9765
769 788 3.2728
736 790 1.1856
786 799 1.5086
704 769 0.4622
700 792 0.3737
220 335 4.2520
250 713 3.2626
417 484 4.0411
74 488 3.1426
45 435 4.3057
321 359 3.5911
735 777 3.1733
407 409 4.9678
90 680 2.6241
412 659 4.2351
716 777 3.9723
212 478 4.7312
132 547 3.2918
290 457 3.2027
344 357 0.3204
524 633 0.6889
14 727 3.7649
477 479 1.6180
603 702 1.9640
112 412 2.2427
510 756 1.1468
705 776 1.8032
599 631 4.4810
789 800 0.0732
793 794 2.2936
510 633 4.9801
446 713 0.5941
780 798 2.5200
435 782 3.6180
522 799 2.3404
401 599 0.1448
767 793 2.6449
241 621 4.3809
635 787 2.2301
766 782 2.3623
120 627 1.6875
495 684 2.2169
31 476 3.4459
234 626 1.5253
623 764 0.0411
242 506 0.3236
14 629 1.8249
141 402 0.0912
753 798 1.2420
734 755 0.0115
176 685 3.6839
223 483 3.5305
679 744 0.3600
236 298 4.1326
629 776 2.8921
407 613 0.1293
245 525 1.9751
59 784 0.2487
486 544 1.0576
723 783 2.8727
128 760 3.7627
300 391 1.2914
45 219 3.8843
736 755 0.7839
722 798 4.7682
690 795 3.8710
256 530 0.6974
546 623 3.5480
773 783 2.4863
451 633 3.4065
173 256 4.8477
590 659 3.6590
409 799 4.2833
121 581 1.5271
43 338 2.1772
590 761 0.0932
764 771 2.7139
67 590 3.1743
64 327 2.0868
328 500 0.4316
331 748 4.2382
181 547 4.2781
626 689 2.7116
605 703 4.9565
99 715 2.8978
659 786 1.8074
782 790 0.8156
152 773 3.1000
227 593 3.7150
131 136 2.4740
671 710 0.8288
59 266 3.5121
697 738 0.0981
347 404 0.0495
226 277 4.8323
592 622 4.7575
738 748 1.3498
793 797 2.1466
4 214 0.0294
258 707 0.1986
276 443 4.1558
672 733 1.9012
596 735 4.4738
269 425 0.2216
383 589 4.1067
136 608 0.5149
550 734 0.3611
291 337 4.9333
240 383 1.8340
123 623 4.9880
341 653 2.1923
23 580 1.5216
216 617 2.9596
753 787 0.9697
412 474 2.7871
361 611 0.9324
523 608 0.5796
692 730 3.6553
148 218 3.9979
79 139 4.2242
725 765 3.4958
351 668 1.7452
108 796 0.7825
511 603 3.4328
698 760 2.5705
527 551 4.1673
575 651 1.0320
395 665 3.8926
389 457 0.4894
483 520 4.5732
568 788 4.8156
123 171 3.7189
660 682 4.7899
691 761 0.9359
752 779 4.0907
577 743 0.6279
552 628 4.0946
635 775 1.1597
420 545 4.7495
228 383 0.0436
595 622 3.9290
511 576 2.7722
76 115 3.5885
752 794 2.5689
427 568 4.2335
250 269 0.5780
87 543 2.6536
292 522 0.3475
296 350 0.2540
132 495 2.9763
88 346 1.9939
392 633 3.7578
757 759 1.8471
625 766 1.3470
131 294 2.0846
133 696 2.2951
146 421 3.2456
397 709 0.6309
382 522 3.0925
333 685 0.4721
583 716 4.1506
476 486 2.9689
43 790 2.9386
284 635 1.8125
83 360 1.4930
141 203 4.8299
617 797 2.8947
339 453 0.4027
95 572 1.6593
763 780 1.9727
114 688 1.4605
354 432 1.6717
269 273 3.3054
216 644 1.7856
735 798 1.0423
286 419 1.2544
113 629 2.7430
203 439 0.3977
401 778 0.5492
203 763 4.9193
692 735 1.8700
494 793 3.1172
288 559 1.8802
569 786 2.6893
482 737 4.6290
362 564 1.3681
770 781 1.7349
770 784 4.0470
194 517 2.7306
122 378 1.6317
275 520 3.0156
80 628 3.7545
167 171 1.0648
529 676 1.6069
263 479 0.3127
286 497 2.8844
416 544 4.4780
769 775 4.3830
689 695 1.0046
64 618 0.7274
576 608 1.7782
183 730 3.0977
732 755 1.9766
305 547 3.2535
563 798 3.2078
78 391 4.3610
678 731 4.0313
440 680 1.4191
265 749 4.4505
432 698 0.7143
206 701 0.2990
369 787 0.0443
347 573 3.7708
413 638 2.7364
590 774 4.7968
117 451 1.9875
425 619 3.9569
616 736 0.6909
39 602 4.1857
575 727 3.0009
136 266 1.3611
106 738 3.5675
384 453 1.7897
18 271 1.9727
125 495 0.2101
762 772 0.5678
308 678 0.5803
595 745 2.7424
381 649 0.4342
155 202 3.3604
782 788 0.8451
595 687 4.7362
505 597 2.9271
356 727 1.6356
361 416 3.0286
183 536 3.6954
231 773 2.6059
624 709 3.7145
278 703 3.9440
241 408 1.8562
250 595 0.7862
182 671 2.6829
578 695 3.5497
765 786 3.7399
584 704 0.9347
487 635 1.9791
572 685 1.2281
363 567 3.0234
13 539 1.6279
581 743 4.8589
422 615 3.5702
530 745 4.7741
23 581 2.6199
466 481 4.3918
516 697 1.4707
505 600 4.7603
166 471 0.2176
140 272 0.2149
330 596 4.9891
299 780 3.2454
168 414 0.6200
122 506 2.5885
214 538 3.4201
174 372 0.3954
36 741 0.4604
122 759 3.2419
15 436 4.6202
793 798 2.7261
128 343 0.1445
304 743 4.3097
532 683 2.7296
365 435 1.4891
435 652 3.5134
187 247 3.9529
417 599 1.9620
395 678 1.1389
241 471 4.8878
502 557 1.4843
346 654 4.2809
629 666 4.3202
517 715 0.7671
3 487 3.8214
239 720 0.4325
515 776 1.2019
244 436 2.6912
41 332 3.2090
200 547 3.3032
547 629 2.9634
289 569 3.3468
324 563 1.7632
740 800 3.7350
16 358 1.2665
93 547 4.1081
371 708 0.0209
540 705 1.8082
576 582 0.0792
41 641 1.9384
714 789 1.5942
779 793 1.9345
166 265 2.4374
26 645 0.7582
241 598 4.9187
651 696 2.4148
550 646 4.7704
772 788 4.7930
185 745 3.1074
94 212 0.0362
276 582 2.1176
28 468 1.6994
559 791 2.5161
221 765 0.4878
413 656 4.9390
503 529 3.6744
540 655 4.7908
56 178 1.2214
702 732 3.7257
147 224 1.6525
746 761 1.7109
718 728 3.0782
733 749 4.0902
2 764 0.5218
681 699 2.3611
655 715 2.1841
20 43 3.9190
225 386 2.4152
511 561 2.6312
134 573 2.2602
105 234 3.2362
568 727 4.5256
178 366 0.7260
585 673 3.6437
94 578 3.1091
707 709 0.7238
653 732 3.6456
371 519 0.3363
369 796 3.2102
329 524 3.4447
104 671 1.3237
455 508 3.8220
702 765 2.2870
497 610 1.6973
738 748 2.7286
175 532 4.7346
320 454 2.8608
364 576 0.0696
510 674 1.4189
436 547 4.4543
141 401 2.3037
130 735 3.8472
777 789 1.2436
623 797 1.0704
97 597 4.9515
365 542 1.7867
489 676 3.0146
178 545 3.0356
356 485 3.5193
152 177 3.0107
46 435 3.6860
80 508 1.7744
666 726 0.5234
642 707 0.7411
60 183 0.0381
402 692 1.6229
703 720 2.4275
20 634 2.7185
313 442 4.4254
683 793 1.2392
617 672 2.6117
450 566 4.3098
82 296 1.4283
699 710 2.9132
14 575 0.6945
635 658 1.7744
315 460 3.5402
1 462 4.9984
586 781 2.5789
252 706 2.3570
68 733 1.3186
269 735 2.7352
225 797 0.1342
504 555 2.9201
148 435 0.6105
693 716 1.4922
429 734 2.5114
163 691 0.3594
716 756 4.0701
19 617 2.0647
317 672 2.2373
365 421 2.4308
147 572 1.7656
605 732 2.7020
170 397 2.7163
422 674 4.2283
738 747 2.8557
452 612 4.2005
726 782 1.0372
109 674 3.1596
660 676 2.0734
38 382 4.8845
137 581 4.8022
187 764 3.0276
344 601 1.4360
166 491 2.8839
318 508 1.9569
643 730 1.4015
732 774 1.5911
411 799 4.7618
225 319 3.9009
44 88 3.2901
376 574 2.7101
65 124 3.5629
177 569 3.3381
269 331 2.3964
375 485 2.6069
229 727 3.8693
670 718 0.3302
494 599 4.9398
592 751 0.0755
605 624 1.2578
587 723 1.3800
609 771 3.3037
205 249 4.3255
518 554 4.2231
476 511 1.2168
438 770 3.3860
89 123 1.1241
614 741 4.4018
320 411 0.2759
276 789 4.8036
631 676 3.0006
382 569 3.7800
516 619 2.8228
783 788 0.4383
379 466 0.2475
634 746 1.2983
628 771 1.6772
353 681 2.8241
570 694 3.7201
283 694 1.4074
578 689 4.4825
736 762 4.4814
657 693 2.7712
621 796 0.9956
549 671 4.1157
44 503 0.1489
731 746 4.7716
479 637 4.5381
259 496 2.4617
353 592 0.1939
757 781 3.2039
48 615 2.4850
774 796 2.4959
660 677 1.8241
547 733 0.1383
634 653 3.2698
206 436 0.1276
672 703 0.3237
467 622 2.1624
96 298 4.8107
602 789 1.3605
784 798 0.3740
372 655 4.9864
576 766 0.2293
492 615 4.8696
29 45 0.3537
36 500 0.7749
722 737 1.2350
85 246 0.7943
426 447 2.8798
577 715 2.1641
323 701 3.4384
514 695 3.0070
791 792 3.2760
619 728 3.2581
487 759 1.1661
416 588 0.9824
79 579 0.1000
526 626 2.4770
45 399 1.3718
4 562 2.2529
1 301 2.6664
271 447 3.7287
57 287 3.3501
67 517 4.5297
304 783 4.7122
119 562 1.0644
96 401 4.4274
536 704 4.8218
648 710 4.4289
666 748 1.1377
604 716 4.2936
387 529 2.4266
367 591 1.9666
749 794 2.7519
619 709 0.5500
486 610 2.0962
16 662 1.6008
427 429 3.5633
181 309 1.7196
791 797 3.2043
722 755 2.5734
437 445 4.2389
754 795 1.5646
730 743 1.4545
168 586 3.8971
695 734 3.8002
108 606 0.0365
35 175 3.6087
534 750 3.2667
360 492 2.9395
702 779 4.9255
514 670 1.2962
334 343 2.5034
124 726 4.0247
132 172 4.4114
541 737 4.5850
530 621 2.6331
425 548 1.5494
428 785 3.4005
118 426 4.4890
495 787 0.7524
379 502 1.5475
26 394 2.8969
263 691 3.9098
573 603 3.5229
413 707 2.5912
528 692 3.9081
241 320 4.8440
452 671 0.7075
381 640 2.9329
108 327 2.5246
470 731 2.1413
671 774 2.1915
374 595 3.1797
284 495 0.8256
776 788 4.2560
444 642 0.2668
184 214 2.9530
354 762 1.8322
767 782 0.1095
703 771 0.3240
126 318 4.3819
131 459 4.1267
172 606 4.0114
760 766 1.4257
778 796 0.2910
14 294 0.3802
291 617 1.4017
722 750 0.8172
397 788 1.7818
572 716 0.1471
222 775 4.9684
543 621 4.2109
61 730 4.3982
729 735 2.0230
397 443 4.1732
427 512 1.3378
202 652 0.4918
733 769 0.7873
468 544 1.2667
556 598 0.6977
786 793 0.9836
790 799 3.0004
213 393 1.5193
387 606 0.6063
603 622 1.8792
39 630 4.0977
159 578 0.7165
232 320 2.4490
551 593 4.9895
5 542 0.7633
659 666 2.4507
394 704 1.7754
111 675 2.3000
467 794 1.5482
509 580 4.3056
460 620 0.8518
186 485 2.9753
175 345 0.6728
744 793 1.8120
483 507 4.8452
512 793 2.3512
422 698 4.8688
440 800 4.0110
447 771 4.9589
725 740 2.2173
397 505 2.7946
200 758 0.2238
66 663 4.4988
548 589 0.7607
61 576 4.3917
279 458 4.7292
372 563 1.3162
237 770 4.7906
157 693 3.3509
93 502 2.0887
224 369 0.8715
328 524 3.7038
477 537 1.0121
716 773 3.5716
46 545 3.4516
673 758 3.3026
246 247 2.1742
685 702 2.4473
173 577 4.6957
576 747 4.2075
94 155 1.9977
156 237 1.7611
363 372 0.7953
538 599 3.9228
263 575 3.9213
501 783 1.3855
175 364 4.8115
86 203 3.0913
12 101 4.9209
373 776 1.9611
748 768 3.2787
559 714 3.2647
128 219 1.3341
22 286 4.7526
683 728 3.9021
143 680 0.8824
175 219 0.5524
448 678 4.6605
204 738 4.2222
184 457 2.3973
178 179 1.3845
708 755 3.2358
369 572 2.3691
22 308 2.1752
66 447 0.9021
88 575 2.4988
582 758 1.4326
460 624 0.9465
482 632 1.4556
131 554 1.6288
647 760 0.2678
518 577 0.6665
178 798 2.7668
181 336 4.1333
635 739 0.5411
633 734 1.1628
218 262 4.6866
26 140 4.2771
4 598 2.2190
148 290 3.2746
444 641 2.9849
588 732 3.7357
170 224 2.0311
591 647 0.1594
234 567 1.9643
102 293 1.8419
460 635 1.5315
141 507 0.8680
157 288 1.9859
543 798 2.5559
643 766 1.7506
673 781 4.8889
757 764 3.4976
115 664 0.2903
232 373 4.0796
611 729 2.2768
498 687 0.2370
295 588 3.8142
427 507 3.8447
330 782 3.8583
332 553 0.6336
73 386 1.7957
482 655 4.0625
98 710 2.1107
154 764 3.8024
463 576 4.7985
232 320 2.5139
129 272 3.2869
325 730 3.7679
306 654 1.6431
266 497 2.3952
722 752 3.5954
749 751 2.9513
57 630 0.2365
177 289 0.9630
295 638 4.6790
179 237 0.9043
544 733 3.5612
787 788 4.6724
197 199 3.0480
703 752 0.2824
299 798 3.1943
227 775 3.1710
462 497 1.1191
381 691 2.9671
677 767 4.0388
226 329 1.9194
82 398 0.9531
295 606 4.9807
317 604 1.0050
692 693 4.9601
283 785 0.7248
138 593 2.5417
83 272 4.7854
334 372 1.2279
244 760 0.4783
276 611 3.7433
320 602 3.7746
425 715 1.9534
387 751 2.5375
463 508 2.2680
365 385 0.7118
289 365 1.2021
605 695 1.5392
83 748 3.5862
234 494 2.5364
443 564 0.9250
685 692 2.0929
372 386 4.5000
595 661 3.6288
29 690 2.0317
208 357 0.3600
65 111 3.0765
308 356 0.9967
377 548 2.5610
557 674 3.7352
20 58 4.5136
435 439 3.3146
527 625 0.9226
136 497 4.0075
333 340 0.1141
559 684 0.7071
722 767 2.7632
138 698 3.1136
82 718 1.3871
154 354 2.4653
311 550 4.7746
694 696 3.3406
643 673 2.8271
723 725 2.2906
718 740 1.4041
134 290 3.1258
264 737 2.5883
473 655 4.5003
626 666 0.9800
175 213 4.8443
388 721 1.2812
338 756 2.3598
376 476 3.7264
766 796 3.0466
238 343 0.9814
551 673 3.6899
570 728 3.8478
751 776 3.7186
139 398 4.8018
597 678 2.0839
108 573 0.6872
102 116 4.0327
57 695 4.3540
565 702 3.8302
53 166 3.9000
399 464 3.9074
316 398 2.5029
295 320 4.4935
36 620 0.5921
327 772 2.6577
447 621 4.6090
355 453 0.2403
613 682 3.4951
797 799 0.5078
776 779 2.5131
537 791 1.6215
364 566 2.7147
93 768 2.6083
247 655 4.6870
222 593 2.4657
597 745 3.1737
457 729 4.6525
122 670 3.2355
543 773 2.4571
256 553 0.5670
626 678 1.5968
478 742 4.0386
293 683 2.2908
605 709 2.8205
272 418 0.2062
486 743 4.0140
599 717 3.4253
445 460 4.0477
416 521 1.5372
604 715 3.0846
615 629 0.2197
565 793 2.4564
574 761 0.2900
336 671 4.7803
186 568 3.8488
502 696 3.6939
153 401 0.3709
516 768 0.7094
677 681 2.5473
561 589 0.4197
248 305 4.1390
71 219 1.0823
645 659 4.4519
772 773 4.8092
249 253 2.5221
420 722 2.3113
342 590 2.5997
724 750 2.1471
54 86 4.7854
99 604 4.8792
424 618 1.7008
488 745 4.3691
97 496 4.2294
113 427 2.3512
239 383 2.2065
755 800 2.8171
83 745 3.4466
367 733 3.7599
74 533 1.8713
21 286 0.7382
147 256 1.1206
701 788 2.1641
293 674 1.2438
756 773 4.5592
101 210 0.9776
305 530 1.2827
796 800 0.7092
649 674 2.4598
360 630 2.7487
482 633 1.4838
384 681 1.3432
692 782 3.4697
790 793 4.2042
557 722 4.1023
751 760 1.4760
144 383 3.7899
574 762 1.4698
394 793 3.8894
400 752 2.8582
127 207 2.2393
252 467 1.1354
781 798 1.9257
343 439 1.4559
388 430 1.4450
349 690 0.1135
444 519 2.5914
44 565 1.8423
380 799 4.1785
166 172 1.9357
708 758 4.4012
275 732 4.8028
589 610 1.3257
152 405 4.0822
452 656 0.9172
747 763 0.0840
222 300 3.5381
28 588 2.2314
635 704 0.0566
599 772 4.1785
705 713 4.3374
741 799 3.3843
356 444 0.3928
272 604 0.5434
342 638 3.0315
640 672 2.7823
31 269 0.6950
446 561 3.4064
146 608 2.6880
718 753 1.8398
112 120 1.6156
621 787 4.7122
443 559 4.1016
654 720 1.2578
181 260 1.0938
235 379 4.0723
356 469 1.6219
511 523 3.6971
603 776 0.0506
749 799 1.4802
451 559 3.7489
558 624 3.4579
211 738 4.0352
169 530 2.5529
755 798 0.8244
426 498 3.5685
31 655 3.0796
8 415 4.1896
487 583 3.2550
126 157 2.0458
245 412 1.5636
2 251 2.6949
453 480 1.6514
25 284 2.9754
668 777 4.0458
720 728 1.9180
523 722 0.7181
80 578 1.5439
165 346 3.0349
436 701 3.2653
710 793 4.9140
741 748 3.0892
147 168 1.8496
463 561 4.8102
763 789 1.0465
193 202 2.3370
639 761 4.7357
415 624 3.0174
17 531 0.4833
673 734 3.3360
92 178 1.1698
484 535 2.6438
284 607 3.6904
294 305 3.1182
240 697 2.6858
624 676 0.9748
119 167 1.4441
147 222 3.9293
22 137 2.1142
266 305 4.4803
60 84 2.9264
5 493 0.0897
654 748 2.2351
530 581 0.1865
398 457 2.6215
18 262 0.9283
337 757 1.1634
200 755 4.3221
123 417 1.6194
138 762 0.7146
758 788 0.9439
752 759 3.8564
559 718 0.7311
141 347 0.0950
335 710 0.2833
711 756 2.0427
575 637 0.0888
341 725 2.4690
282 671 2.4050
327 527 0.8641
533 595 3.0890
382 677 2.3225
263 338 4.7448
63 529 2.3116
719 740 2.9410
98 405 3.0127
285 512 4.2778
214 455 1.1858
442 594 0.6916
271 392 0.4819
96 615 1.2910
477 552 3.2464
47 570 4.4990
576 764 2.0342
305 331 2.2097
489 675 1.9457
422 546 3.4000
55 543 0.2911
564 766 4.9748
106 453 3.3336
339 511 3.9391
406 790 0.5921
723 741 4.1059
443 617 1.1422
241 385 0.3589
139 787 2.2981
141 731 3.7759
69 598 1.9689
784 788 2.5426
622 643 3.7952
274 639 2.2542
599 671 1.1883
203 430 2.5691
659 731 1.8884
150 708 2.3252
93 345 3.8476
354 372 1.6661
668 762 2.7417
224 662 3.4991
182 733 1.1701
201 270 0.1332
228 668 3.9515
647 707 1.0930
537 541 1.5095
345 639 1.0332
16 343 1.1697
128 298 2.9684
159 471 3.8369
306 572 0.7954
653 739 2.6919
26 576 4.9396
587 675 1.1128
322 343 0.0410
655 699 0.7300
13 580 2.7723
75 357 0.8300
389 762 3.4487
678 731 2.2558
442 630 0.9446
36 744 2.5445
370 420 4.1643
276 670 2.9428
215 246 4.6940
303 447 0.1560
106 204 2.6780
647 786 0.8279
299 603 4.3713
356 418 1.9946
688 794 1.6026
140 295 0.8972
746 786 2.9105
701 722 1.4869
151 349 3.6157
237 611 4.6652
118 357 3.1889
131 476 0.2540
705 720 0.8883
774 778 1.6169
717 746 2.8841
620 800 3.9429
361 379 4.1104
590 640 0.2071
104 731 0.8948
322 599 4.4629
345 502 1.9834
111 607 0.7685
536 719 0.6533
705 785 3.2412
506 769 1.1657
426 690 4.6033
268 771 3.5866
198 561 3.1382
701 789 3.5603
110 236 3.6749
28 756 3.0386
625 630 3.9527
285 546 2.6899
580 767 1.4114
253 782 4.2815
745 767 2.2872
545 700 4.9660
33 37 0.4513
568 758 4.3335
313 676 2.6242
371 532 0.6893
588 666 0.5015
693 713 3.8165
414 573 0.8703
300 367 0.8465
162 680 1.6850
308 459 4.6105
426 453 1.4095
396 699 1.1598
293 773 4.6204
448 465 3.5266
796 797 3.7632
684 763 0.8991
449 738 3.4895
703 744 0.0261
119 600 3.1763
141 409 0.7399
20 44 0.1860
797 798 2.4845
551 607 1.2013
543 739 4.5242
137 478 3.6489
431 446 3.1179
614 633 0.2599
36 472 3.1560
352 393 0.6853
466 609 3.9622
502 768 2.4839
164 229 2.1300
265 765 1.9787
393 502 3.1909
486 661 4.1401
62 476 3.4811
96 693 4.0094
36 583 1.0951
350 701 2.7884
425 588 3.3907
73 701 3.2676
349 685 3.9215
671 709 0.9296
478 487 4.4680
230 331 3.6911
85 793 1.7162
669 683 1.7116
394 589 0.0119
15 203 0.9798
130 469 1.3567
115 592 3.9391
245 551 0.3864
185 584 3.1362
18 534 0.8413
775 787 2.8783
523 625 1.7761
657 745 1.2652
378 479 4.7235
529 617 0.2120
680 771 2.8252
186 275 0.3582
147 291 3.5984
545 657 0.6986
782 795 1.9579
126 771 0.8491
87 784 4.7481
266 453 2.9632
263 780 4.2843
261 784 4.0037
560 742 1.0173
541 652 1.2914
734 787 2.3109
522 561 4.9860
312 424 0.7737
514 718 3.5627
506 729 0.5145
36 653 3.2704
770 800 3.4599
214 230 0.7440
721 760 2.8024
391 492 2.9466
89 251 0.3661
55 336 2.3134
220 442 3.5486
638 716 1.9448
634 733 1.3622
314 739 4.2986
322 566 3.8073
207 646 3.6148
525 661 2.0152
24 782 1.9427
534 739 4.9053
257 473 1.3946
451 656 3.9166
613 721 3.2412
333 723 3.5431
253 449 1.5707
96 340 1.9971
161 322 1.3066
504 506 4.2365
258 303 4.0834
100 405 2.2766
31 766 0.2784
793 795 1.7783
568 624 1.3915
369 437 4.6827
454 776 3.2432
98 331 3.5415
151 236 4.5015
796 798 0.7565
424 542 2.7712
457 604 1.8298
423 751 1.8162
429 437 1.7011
619 704 3.6641
631 671 0.9930
590 774 3.5636
237 688 3.2724
393 699 2.2379
260 650 2.4727
359 632 0.9252
686 702 4.0304
91 528 4.3217
515 705 4.8429
539 697 3.2725
119 161 2.6471
551 564 3.9870
67 619 0.7021
146 161 2.3135
574 709 3.6008
723 742 4.2805
597 691 2.0689
198 625 0.5765
2 522 1.0872
709 771 0.1888
720 777 4.0313
305 429 3.8697
486 635 2.6725
790 793 1.8212
353 628 0.7449
253 785 4.6796
595 796 0.8275
485 617 1.6134
403 785 4.2392
662 693 3.0251
91 602 1.0190
260 656 1.9413
18 278 2.5359
286 606 4.6941
418 762 4.1510
156 782 0.2550
423 684 0.1881
635 762 2.6281
786 795 4.6583
196 785 1.0437
452 713 1.8359
696 764 3.2262
586 712 2.4082
177 553 2.8099
677 777 3.8806
90 780 4.9438
493 650 3.6347
309 360 2.7911
182 581 4.0106
783 797 0.0818
421 429 2.8277
111 335 3.0099
771 796 0.3291
96 754 2.6010
94 795 4.5062
295 635 3.9771
763 797 0.4047
599 741 1.9045
695 764 0.4996
530 685 2.9780
491 587 3.7066
315 658 1.8469
380 780 0.4306
75 604 0.2993
538 765 2.1733
559 619 3.4112
15 343 4.5766
385 424 1.3595
483 632 0.0725
193 246 4.9132
493 569 1.2472
420 725 2.9855
584 664 3.1055
85 451 4.2612
394 671 3.9933
124 195 0.4906
157 606 4.3026
269 411 0.9616
700 728 2.7289
190 388 2.0489
156 770 3.6236
569 622 0.4684
691 725 3.7134
74 201 1.9618
660 693 2.3029
87 560 3.0684
332 662 4.2122
577 795 0.5969
424 517 3.5474
196 644 4.4473
613 624 3.8000
80 211 3.7809
458 606 0.6935
609 704 0.5378
243 325 3.2252
141 480 3.0932
796 799 4.7195
517 780 0.7770
582 744 1.4149
681 772 1.3758
783 800 1.2457
567 723 1.5896
572 718 4.0662
770 793 2.8989
275 360 1.6107
189 379 2.5185
536 742 0.6428
661 744 2.8181
337 345 4.9637
2 253 0.0885
475 532 4.2141
520 713 1.1866
304 474 0.1759
794 795 2.2482
84 106 0.4120
369 727 4.5863
327 378 4.5287
142 151 3.2441
119 155 1.6602
174 704 3.8559
47 330 3.8654
8 743 2.9530
258 758 2.6353
233 799 1.1926
457 701 1.8630
702 762 0.8284
667 688 3.7916
51 481 2.0090
162 648 0.1619
523 545 0.1880
375 483 4.9555
444 524 4.7635
129 678 4.7354
137 693 3.8749
231 406 1.8604
691 737 2.8707
682 712 2.5855
311 519 2.3360
135 621 3.7298
315 678 4.3622
582 591 4.0166
231 381 2.5549
520 721 2.2028
676 746 3.8102
16 370 2.8026
132 251 3.4332
587 772 3.6697
20 322 2.4113
331 508 3.2166
700 701 2.8464
611 723 0.8427
722 787 2.9520
227 489 2.5398
109 469 4.5823
183 426 1.7746
573 740 3.4158
490 497 0.3018
364 517 1.1382
69 619 0.0092
49 577 1.5523
306 718 0.4638
589 612 3.3517
47 227 2.6171
95 715 0.2631
53 125 4.0028
623 779 0.7729
105 545 3.8134
222 608 2.1170
245 682 4.2983
67 786 1.3496
493 703 4.3960
237 645 2.6122
522 686 3.9028
71 480 2.8076
16 289 0.3525
227 414 4.9573
660 743 2.7697
691 697 4.4307
297 661 1.3326
124 759 3.3870
299 665 1.7922
212 379 4.2717
146 620 1.0965
575 581 2.1355
47 153 2.8049
461 486 2.1188
338 516 4.9892
92 740 3.2180
207 283 4.5032
247 372 0.2627
14 549 3.2300
289 793 2.0542
774 781 1.1056
253 657 0.8302
628 722 3.8695
382 797 4.2132
73 631 0.2830
16 113 0.8020
750 791 4.4852
227 786 4.9748
437 736 0.9080
197 576 2.6183
76 636 4.8954
141 478 3.9487
332 783 2.8534
322 641 3.5269
345 696 3.8082
175 703 4.3782
237 523 1.4164
361 378 2.9189
306 726 3.5759
87 425 1.4351
192 621 4.2129
697 771 1.7024
722 790 2.1879
497 663 0.3814
197 681 0.9168
198 414 4.5106
575 764 1.1777
237 264 3.5746
601 742 0.7778
421 508 2.2758
398 570 0.4351
497 629 0.0597
330 733 2.3911
172 765 2.3757
728 776 0.8147
398 623 0.5888
611 733 2.4703
136 424 3.4831
106 211 0.2361
509 545 3.6930
102 400 1.9413
689 738 1.0962
373 708 4.4386
667 687 4.8601
79 747 3.2402
211 475 3.1134
357 577 2.3928
467 719 0.1972
504 625 4.5352
687 703 4.7867
549 616 4.3643
142 677 4.4052
384 718 2.5514
792 800 3.9262
455 666 0.2881
691 707 4.9881
562 768 0.1242
423 774 4.8032
654 734 3.0423
242 708 2.1065
334 412 0.1865
486 737 0.2373
46 703 2.5146
783 795 4.9051
790 794 1.1287
414 574 3.5326
466 499 4.4844
175 772 1.2780
656 733 3.4156
467 554 4.3618
672 786 4.4202
246 691 1.9572
349 491 2.1642
176 771 2.2900
33 171 3.4423
375 486 3.5087
270 672 1.5215
674 774 1.0604
418 771 2.7144
179 522 2.1620
276 469 2.7233
464 701 1.9852
168 211 0.5087
638 690 3.6877
256 472 0.7711
293 762 2.3920
457 683 0.8878
139 305 0.9597
490 516 3.2686
489 549 1.4997
126 355 0.4339
771 782 2.8671
228 285 4.5682
242 523 0.4873
717 731 2.5049
639 798 2.8822
294 563 3.6156
121 310 4.9799
516 707 1.3982
398 551 4.5364
747 777 3.4468
172 739 2.2497
500 609 3.2461
107 760 0.5273
159 595 4.3994
688 776 2.8994
742 759 1.5741
681 784 0.9951
605 704 2.5880
21 547 0.6822
758 789 1.1312
492 549 4.3112
34 149 0.2181
501 594 0.5695
566 606 1.8515
169 623 4.0167
734 737 1.0929
250 610 2.5011
309 336 3.1001
722 791 4.3692
361 799 1.0619
789 798 2.5622
60 185 4.0207
506 513 2.5146
217 251 0.7942
623 671 3.1472
72 538 1.5571
510 604 0.2491
143 544 3.9562
694 769 3.6370
7 153 2.2702
764 779 4.6211
320 766 2.2017
115 601 0.1217
433 742 4.9716
381 383 2.9595
477 795 0.7140
15 133 4.5230
20 436 3.3486
447 449 0.9426
377 626 2.9170
333 387 2.8989
718 763 2.8773
197 209 4.4030
21 342 3.0987
711 800 1.7951
581 615 2.5254
444 692 1.5994
231 525 4.1267
301 747 3.8724
626 662 2.2051
63 224 2.9083
611 626 1.5384
2 547 4.8142
435 622 4.5642
573 617 3.2166
270 758 1.4082
119 408 0.4625
649 728 0.0053
111 741 4.8898
630 652 1.2338
272 325 1.2124
721 738 0.6556
799 800 1.5095
259 666 4.3755
514 780 0.2828
25 205 1.5859
488 514 4.1958
363 681 2.4956
675 793 2.3951
333 734 4.4976
693 800 4.9537
333 782 3.0097
166 514 0.2829
640 655 4.4537
238 394 1.0629
797 800 3.2580
447 529 4.1209
510 560 1.4060
585 673 2.5770
437 451 2.6704
31 577 2.3233
323 787 0.6203
763 772 0.2805
487 567 0.4939
461 770 4.2839
138 364 3.0093
332 667 4.7895
385 489 0.1750
467 756 1.9403
186 287 0.5792
12 662 0.0639
479 713 3.8047
717 792 3.2539
578 728 3.2137
601 702 0.7606
506 709 4.9172
563 659 1.3016
30 44 2.0441
307 636 1.2329
141 288 3.2191
253 508 4.1642
238 414 2.9387
436 754 1.0721
650 743 4.5427
646 670 4.9328
241 382 2.9072
374 437 0.1981
185 588 2.7035
272 659 3.4967
117 765 0.4750
547 708 1.0260
145 540 0.4361
656 747 3.1782
13 27 3.7902
563 745 0.2599
181 519 0.6035
197 324 4.4681
252 798 1.4602
287 428 4.9546
498 667 3.4191
89 428 3.7584
601 719 4.4220
647 660 0.1202
346 657 0.2446
105 172 3.1803
679 724 0.5990
285 547 3.0463
711 784 4.4412
45 348 4.4682
122 401 3.4291
786 795 4.7560
573 792 0.0216
526 651 1.4243
627 755 4.3718
87 611 4.3023
771 800 4.1663
582 715 3.2181
798 799 0.2558
460 517 4.5345
217 345 4.0056
322 796 4.1669
481 648 1.8898
304 465 2.1846
719 732 1.7203
140 243 3.9042
612 711 2.9132
199 740 1.3079
20 645 3.4299
213 392 1.8994
241 275 3.9418
76 296 2.7614
701 723 1.1832
207 243 0.5425
345 667 2.0772
432 637 4.3808
752 769 4.3667
322 685 0.1956
519 752 0.2389
756 788 0.4748
122 374 4.5221
377 505 1.5872
120 180 4.6427
586 699 1.7055
506 773 2.8017
170 356 2.0837
266 643 0.7736
689 767 4.0846
40 465 3.0076
673 767 0.0701
736 738 1.8279
514 614 0.1867
170 739 1.9796
681 745 2.0604
458 542 4.2726
379 424 4.3697
339 757 2.0811
496 625 4.7216
4 10 0.1530
360 503 0.2208
578 621 3.5948
671 741 4.1455
62 131 3.1867
117 267 0.3840
196 298 0.6091
593 597 0.5896
278 385 2.1762
270 525 3.8071
722 737 1.7419
359 738 1.5090
695 734 4.7144
511 530 4.5059
747 798 2.4476
521 530 2.1267
562 629 2.9786
691 703 1.0752
363 615 4.3350
576 715 4.5127
464 620 4.7419
687 797 3.0529
51 197 0.3983
273 512 2.5519
548 583 2.6949
679 774 4.2584
264 686 3.0925
291 659 0.7952
435 799 1.9344
719 775 2.4646
192 499 0.5352
482 722 4.5404
379 570 1.7605
730 787 0.2203
191 257 1.7278
323 431 4.0201
265 359 4.9424
212 791 0.8946
539 685 3.9264
654 701 4.3123
47 272 2.9727
395 508 3.9885
398 493 1.8089
772 773 0.8211
506 602 0.0867
591 782 1.6313
265 281 2.0112
154 679 0.3742
94 661 1.4492
645 669 2.2179
692 736 3.4452
322 397 4.1034
590 773 3.1584
406 750 2.6839
118 568 1.6864
49 147 1.2032
591 643 0.5133
591 605 2.2751
414 422 4.2486
23 88 0.1767
421 529 4.0157
143 675 4.6737
34 586 3.5990
584 730 4.8240
61 658 0.9967
495 665 3.9519
754 771 3.0889
396 737 4.3118
114 643 0.0604
555 706 1.6447
695 734 3.9621
574 667 2.0253
187 213 1.3749
790 799 2.9448
275 426 0.0252
554 797 2.8051
775 794 4.3628
342 422 1.6348
12 540 0.0983
500 578 1.6889
566 647 0.6101
340 368 2.1169
22 71 3.3433
461 591 4.5160
400 762 3.8643
754 790 2.9558
424 482 4.2875
31 521 1.2746
787 788 1.7721
758 772 1.0162
237 593 2.5897
346 724 3.2073
438 733 4.2995
727 746 4.5121
778 793 1.3153
716 724 2.8275
767 789 2.4582
130 631 4.0456
113 478 2.0331
601 639 2.1757
791 794 2.6108
412 438 2.1873
67 333 1.7095
536 557 4.9795
417 589 1.2353
393 633 3.4992
728 747 4.3606
727 777 3.3506
467 721 2.6255
587 602 3.2746
541 633 4.7599
479 644 4.0675
630 685 2.6972
231 665 2.8442
313 713 2.1457
743 760 3.6218
262 527 2.2602
621 654 1.2847
313 498 4.7774
345 605 1.0329
752 770 0.2390
722 743 1.1158
56 575 4.6710
487 741 0.1949
633 644 1.3411
264 328 4.9900
143 571 2.3985
79 180 4.7945
349 418 4.7277
170 796 3.5356
135 558 4.9842
9 237 4.3574
62 455 2.2373
712 799 4.3147
752 792 4.7601
49 340 3.0721
665 696 4.7886
474 715 4.2103
338 526 0.9642
397 587 4.2787
732 770 1.3327
329 416 4.8349
383 531 0.4811
459 522 4.2006
538 624 2.1598
211 675 0.6716
762 763 0.4677
607 733 3.3145
758 762 4.9053
232 387 4.0481
583 697 1.0912
534 546 2.4350
576 721 2.7692
685 793 4.6752
125 713 4.4335
413 655 2.5822
507 517 2.6494
68 147 3.5539
300 502 0.0271
149 493 0.2857
96 174 1.7086
276 483 0.4192
119 768 1.7050
381 487 1.3941
544 798 0.5837
515 704 0.6531
192 627 4.8053
92 498 0.7656
531 797 4.6834
34 412 0.4197
439 735 4.9524
15 380 2.3639
469 551 1.7952
624 800 1.3601
786 792 2.7842
558 686 0.1760
711 793 0.3090
466 796 3.7080
247 479 2.5883
201 245 4.7261
792 794 0.2250
352 397 1.6678
63 291 1.3789
561 580 2.4600
116 206 1.8922
357 586 3.4688
249 703 0.4550
416 437 1.4956
418 641 1.8070
41 330 3.8807
238 596 0.6684
221 307 0.8930
647 700 4.4021
367 567 1.1209
406 606 4.4610
597 673 1.8994
655 701 4.8999
4 675 3.2485
391 667 2.9609
91 707 4.8226
390 603 1.5550
47 89 4.5508
375 656 3.8433
709 779 1.9969
393 597 3.1256
29 346 4.8926
66 72 1.1981
330 785 0.2967
294 659 2.2359
378 755 1.6275
492 640 1.5186
783 796 3.8923
591 733 3.1381
27 235 2.0704
628 739 2.3090
721 727 2.3447
570 764 2.0739
739 781 1.6439
385 660 1.7204
380 793 4.3070
84 113 2.5856
435 523 3.2375
215 542 0.4511
776 787 4.0501
293 404 0.7564
242 740 2.1517
148 328 4.9363
365 737 1.6403
509 767 2.2901
579 666 0.9974
167 682 1.4402
200 447 0.4248
514 551 4.2395
197 717 0.6082
778 791 0.9086
757 795 1.6545
325 631 1.4675
525 793 3.7292
350 605 3.4369
379 762 4.1395
660 731 3.9174
690 769 0.2576
312 471 2.5144
767 800 3.3285
204 289 3.4459
548 643 1.4487
729 787 4.9371
200 543 3.8337
542 653 1.4153
378 519 3.3286
218 525 1.8173
332 708 4.2574
261 545 2.0949
554 774 3.4889
427 742 2.3087
616 707 3.3924
398 701 0.6256
44 644 4.6266
346 643 4.4231
311 649 1.6691
277 611 2.5850
556 564 2.2521
742 787 0.7832
311 558 2.7254
787 791 0.6310
731 782 1.0039
666 760 0.6361
229 792 0.0918
358 449 3.2831
368 657 0.8000
208 252 0.6618
710 721 1.6072
235 516 4.1524
120 774 2.7650
621 729 2.9574
112 482 3.0556
689 796 1.8618
647 757 4.5888
74 696 2.8589
752 797 2.5344
280 604 3.5465
513 724 1.8406
213 760 1.6351
491 763 0.7124
507 774 0.1315
35 280 2.6395
477 688 1.7816
288 394 2.4382
118 474 4.0595
606 759 2.0589
585 764 1.2772
550 719 1.4462
313 448 1.2322
25 715 2.7779
472 497 2.6377
798 799 1.2926
553 779 0.9002
639 766 4.6181
518 591 1.5622
796 800 3.8218
684 688 2.2979
780 797 2.1844
225 337 2.7607
536 792 1.0813
585 652 4.8457
264 661 3.5385
776 778 1.3549
43 221 0.7423
333 363 4.5982
42 579 1.1332
769 774 3.0986
483 633 3.0706
628 669 1.8775
588 607 3.6603
623 712 0.6661
178 180 2.3108
657 753 0.4419
479 771 1.7835
23 781 2.5271
15 725 4.3118
646 712 4.0261
224 575 0.1864
680 786 3.6003
684 786 2.5880
147 372 0.6106
585 740 1.9486
322 401 2.6079
526 635 4.3481
6 563 0.1454
135 507 3.6272
333 766 1.8978
119 324 2.5027
178 471 1.0174
773 791 2.7617
718 738 4.5576
272 375 0.0425
538 716 3.2236
38 41 3.8257
631 635 1.9557
794 795 1.1212
92 392 0.8171
2 783 4.6659
148 676 0.0325
91 437 3.2662
570 760 4.5161
386 694 3.9248
356 684 3.5873
704 778 4.2922
686 786 4.8104
462 525 4.1095
341 614 1.6818
120 703 3.0895
440 602 0.5819
554 675 4.1926
288 555 0.8713
89 501 0.3066
461 629 1.6274
695 715 3.3293
507 686 3.4373
741 746 0.2369
64 93 1.5559
668 766 1.4597
277 296 4.8388
245 492 2.4428
106 118 4.4201
270 638 0.8052
55 233 0.7791
116 465 0.4052
292 722 0.0866
249 310 0.9812
78 649 4.3896
128 388 4.4673
682 719 3.9987
754 770 3.3317
75 167 4.7493
623 766 3.9097
591 710 3.3904
476 634 2.1888
195 486 4.6956
366 722 3.4261
261 548 3.6791
87 782 4.2629
108 729 2.0209
142 341 3.7241
658 767 3.0051
45 118 1.5109
125 659 2.6558
598 747 4.8672
5 732 3.0304
605 676 1.6078
601 775 0.1385
80 225 4.7064
587 599 1.7230
293 507 3.2749
137 381 4.1314
570 593 4.0655
720 766 2.1096
40 61 0.0923
22 323 2.6194
529 703 2.2874
214 417 3.7591
94 415 4.4609
531 629 3.9560
595 711 4.9745
510 635 4.0776
74 352 3.2283
713 799 4.5274
725 736 1.7920
548 650 4.8421
581 718 0.6834
640 763 1.2851
174 734 0.2093
376 704 3.9530
353 737 0.8676
45 210 0.4315
103 486 2.8630
762 776 2.7617
95 576 0.3525
152 711 2.2824
264 742 3.0236
455 548 1.4369
123 128 4.2572
636 745 4.9879
142 535 4.9007
764 790 4.2814
632 704 3.6812
366 687 2.6280
358 606 2.9149
60 602 3.4297
98 351 1.2940
57 648 4.8371
512 790 2.2120
749 779 2.0939
196 585 3.9612
649 652 1.0007
598 756 3.8905
694 783 1.2412
257 459 1.3109
96 785 1.3095
635 800 2.5635
289 782 4.4476
494 499 2.1765
522 778 1.2442
556 603 1.0918
400 576 4.8726
621 636 3.3079
431 541 0.2284
371 383 0.9449
794 798 0.9276
600 688 2.3715
210 414 3.8968
5 388 2.8777
435 449 1.0773
515 776 1.3462
118 713 3.2687
515 568 4.8065
310 488 2.0896
787 795 3.6723
429 537 2.2864
372 423 0.0930
185 418 2.7296
684 685 4.3735
641 670 2.1663
525 578 1.9933
230 519 4.1055
507 681 1.4433
30 590 1.1390
717 756 0.3363
24 34 3.6044
398 588 2.3229
496 755 4.3153
572 709 4.7781
799 800 3.9914
569 683 2.6193
275 689 4.7543
779 787 1.7202
426 650 3.8786
587 776 1.9065
256 587 1.5828
387 498 2.8779
473 621 2.1197
750 768 1.2749
367 690 1.3454
384 610 2.1353
589 690 3.5835
58 314 3.6548
550 736 3.1390
516 652 3.1922
282 472 2.3080
412 603 0.3825
419 542 4.4681
253 596 4.5938
713 714 2.8210
687 700 4.0958
243 748 3.1997
398 664 0.4504
45 273 0.6138
615 743 4.5280
104 662 4.7278
341 501 4.8374
496 666 1.2742
3 660 1.8175
25 431 4.9347
624 761 1.1855
444 627 3.9678
26 237 3.2448
632 722 1.7796
53 450 0.3396
357 409 1.4822
204 678 3.5869
761 797 1.4524
773 786 1.7990
187 483 4.3062
83 373 1.3902
147 724 0.8257
196 375 0.3073
390 567 1.9973
37 769 4.8656
756 775 3.4177
718 736 0.1604
671 776 3.1905
109 229 2.6810
694 709 3.9377
85 447 3.8364
789 791 2.2936
472 570 2.8159
688 780 1.5462
384 501 3.2013
653 684 3.7113
86 457 3.4117
645 790 3.8235
82 612 1.6396
458 682 1.7174
325 423 1.6628
237 550 3.9197
790 797 4.9753
323 419 3.6680
567 731 4.9360
705 779 2.0910
237 386 2.7268
596 606 3.9360
692 777 3.3478
527 571 0.9798
691 792 0.0917
128 182 4.8802
282 524 0.1045
316 758 0.5077
302 500 2.1261
691 789 4.5135
481 788 2.8765
341 373 0.4595
423 669 1.1764
530 573 1.1053
126 397 0.5208
621 757 0.1582
509 796 0.8597
140 284 3.2060
125 210 0.3124
690 751 4.6629
769 772 0.4917
332 761 0.9666
220 664 0.0089
154 639 1.1539
582 695 3.8451
648 800 2.3512
247 670 3.0787
309 691 1.6456
150 758 0.7640
267 535 1.4661
314 354 1.6777
381 440 4.7481
445 531 0.0594
70 120 0.6760
369 672 3.4102
764 792 3.6805
37 631 4.4339
163 467 1.5264
635 742 3.0313
774 795 2.6641
257 697 1.2073
415 501 4.9995
270 772 4.8758
660 735 4.8639
544 760 2.0057
676 791 2.1574
133 345 4.1504
334 482 4.8088
249 421 4.2546
17 333 4.8984
238 618 1.9709
592 689 1.7858
781 789 2.2563
705 766 1.5634
75 278 4.0101
172 533 4.9989
19 129 1.8408
554 627 2.7133
704 751 4.3612
793 797 1.7624
287 624 0.8388
332 659 1.8868
417 626 0.4066
390 456 2.0663
631 647 1.8632
484 597 4.8933
100 511 2.6100
21 790 1.5296
739 748 0.1878
143 704 2.2059
99 662 2.5005
33 694 4.7612
340 631 1.3495
356 527 3.0332
289 792 3.1271
164 630 3.9506
716 761 4.2692
72 180 4.8423
611 647 4.8347
219 222 3.0843
696 715 4.9989
700 755 1.2517
81 231 3.6695
449 560 3.9456
126 719 4.8987
127 376 1.5302
591 785 0.4662
476 681 4.2673
321 638 0.4147
595 680 3.5916
679 693 0.2299
36 337 4.9874
582 585 0.1025
692 725 2.7291
469 484 3.4213
450 604 1.5058
422 551 1.4798
348 785 1.6906
777 785 3.7732
603 766 1.8634
672 730 1.7219
767 794 2.5109
326 481 2.2357
239 355 3.5443
479 502 1.7598
298 684 0.9254
152 321 2.7253
698 790 1.2135
309 405 0.0493
598 737 2.0511
508 624 2.4007
595 630 4.3916
673 720 3.4137
792 794 3.1292
363 544 0.0976
569 709 1.4741
476 580 4.2017
198 699 4.7113
212 753 1.3431
538 597 4.4179
626 770 2.7358
617 768 1.5472
194 724 4.6670
643 681 2.0970
535 671 1.0435
156 287 0.1010
239 482 2.5171
151 208 1.6694
461 717 0.9603
526 669 3.2380
183 746 1.4545
764 794 4.0266
36 157 1.5351
401 562 0.1384
208 245 2.8868
555 613 2.1945
727 750 0.9745
450 579 2.4202
161 535 0.0911
618 666 0.8103
28 504 4.6314
81 607 3.0795
475 597 4.3043
7 782 3.9859
334 633 0.5234
78 587 2.4653
532 614 4.5738
521 762 2.2308
77 262 3.6342
369 433 4.8608
561 657 3.0369
436 551 3.3138
608 777 2.4201
674 777 0.1481
182 755 3.2863
169 731 4.5263
77 682 1.6449
436 526 3.0635
573 669 1.3412
415 454 2.9014
394 480 0.5241
348 766 3.2579
735 744 4.0018
523 770 2.6452
605 700 4.1556
489 555 4.0073
620 674 3.4070
508 599 1.0799
66 203 0.7740
559 575 1.2929
587 690 2.1225
140 673 2.2622
315 414 4.6353
740 782 1.6586
485 638 0.3340
371 778 1.1685
691 699 0.7652
655 719 4.7308
416 587 4.2594
250 460 3.4025
468 644 1.1076
378 708 4.5542
555 700 0.6240
123 348 2.4825
549 666 4.0933
147 713 3.1542
73 417 3.9684
257 645 4.7275
374 379 0.7995
302 799 3.9146
152 716 4.4274
612 749 1.1141
623 735 4.2906
21 786 0.4194
374 499 2.6030
368 566 2.8029
797 800 2.0872
281 374 2.8244
633 731 2.0323
464 564 3.4347
771 795 3.5949
600 618 0.8134
46 85 3.2514
4 82 0.4373
677 689 4.6867
494 674 2.1728
322 507 1.5578
287 415 3.9300
555 779 4.7484
191 515 1.4095
317 770 4.5002
667 768 3.2344
339 440 1.7717
237 320 4.6358
505 745 3.5653
718 731 4.9722
289 471 4.8635
344 526 3.1181
80 734 0.8020
372 634 4.1297
605 660 3.5602
424 469 0.7264
761 779 0.2231
16 335 4.3876
100 446 2.8951
273 557 2.0646
333 528 0.6841
44 538 3.2344
622 684 4.6900
620 723 4.4156
411 428 0.1047
382 460 0.2167
32 341 1.3765
310 528 2.8911
707 742 3.2017
594 642 3.5824
759 796 1.0821
137 196 3.0479
325 349 0.9090
587 775 2.5970
641 751 0.7052
413 485 2.1157
258 492 1.9221
614 725 0.1310
95 336 4.9478
394 654 4.0522
432 550 1.8648
447 685 2.7425
182 220 3.9274
365 557 4.0041
428 528 1.9044
565 737 1.7379
660 751 3.8839
462 601 2.5395
249 725 3.3658
605 760 2.2056
690 748 2.3913
99 318 3.7590
7 487 2.2406
355 531 0.3362
255 566 2.4933
135 207 3.0572
204 221 2.5103
185 271 4.8890
73 541 0.6905
571 773 1.6884
757 792 0.2841
54 621 3.5020
180 603 0.4489
16 310 3.9705
392 552 1.8092
361 412 0.5139
308 695 4.0243
232 264 4.9828
85 648 3.5306
733 748 2.3036
423 698 4.3781
710 752 0.6985
7 713 3.8297
255 417 1.0542
504 618 1.4906
562 674 0.1985
603 678 3.4753
144 158 0.0612
684 743 4.8636
6 271 1.6072
137 674 3.1263
795 796 3.1749
1 303 3.8520
555 691 2.2934
322 727 4.3329
241 656 0.2312
407 730 0.8789
287 435 4.4388
777 789 2.9101
55 763 3.7137
396 501 0.2342
117 562 4.0138
721 729 4.8000
139 152 4.3166
155 564 1.1938
75 682 0.5102
649 744 2.9065
288 625 1.2568
607 746 1.3604
588 663 4.6888
417 697 1.9887
665 761 1.4798
268 530 0.3923
31 290 4.9484
159 797 3.1511
65 402 3.9851
222 438 2.0981
64 361 4.5606
791 793 2.1089
578 709 2.2528
690 717 3.0584
438 799 3.0310
149 424 2.7394
501 582 0.2417
144 367 3.5131
543 670 0.2742
183 235 4.5245
536 691 3.8612
215 609 1.2414
464 534 3.9279
717 746 3.2469
305 720 1.7272
681 713 4.2340
445 557 1.2660
415 636 3.3907
387 388 0.8224
643 685 2.1061
751 753 4.0015
152 430 1.3191
759 773 0.5512
569 593 4.2555
262 648 2.1887
180 453 0.5729
422 619 0.7308
469 662 4.4314
595 726 3.8655
427 458 3.1720
181 472 2.4500
130 470 1.0020
486 518 1.6691
156 466 3.2920
9 506 3.1203
12 459 4.0266
443 511 0.9051
28 40 1.3958
54 359 0.3746
798 799 2.7325
672 772 2.8151
554 796 0.3169
375 722 4.1094
398 454 0.3440
202 752 4.7718
575 595 1.2519
514 543 2.5221
769 785 3.4027
232 461 3.1439
416 525 2.9027
693 697 4.3682
683 796 3.0263
648 787 3.7716
165 674 0.8546
76 675 0.4776
623 785 4.3499
215 492 1.1011
208 234 1.0999
149 252 3.2223
328 594 2.4928
729 782 4.2096
633 714 0.0041
333 650 1.8057
190 515 4.2996
763 766 0.3013
479 789 0.9077
663 744 3.0343
45 62 1.5026
337 476 3.7218
694 773 2.0021
297 740 1.9748
304 471 0.1223
761 762 2.0389
49 592 4.1447
148 246 0.6442
537 707 0.4615
357 754 4.5759
266 276 0.9167
703 779 3.2126
696 771 3.8048
320 632 3.4815
80 685 4.9629
54 800 3.5708
82 230 0.7551
449 467 3.8351
308 796 4.2445
620 710 3.9796
108 684 0.7681
473 707 2.1641
438 792 1.2252
591 631 4.4831
485 649 0.8554
21 364 3.6365
547 715 2.6247
433 509 0.3535
126 145 4.1830
438 500 1.6116
767 791 4.3332
530 703 0.4829
569 685 2.9790
472 681 0.7598
12 568 2.0334
698 794 4.6468
33 125 0.9085
396 542 2.9177
582 764 1.0013
177 399 0.2497
126 292 2.1231
127 217 1.8606
129 624 2.7371
758 761 3.5602
766 769 3.3826
548 716 2.9235
109 526 3.0938
273 744 3.3807
612 660 4.2287
513 721 3.9412
515 634 0.0519
129 357 1.5621
727 742 3.6559
106 567 4.1175
603 738 3.4550
376 635 2.4623
9 23 3.6430
278 386 3.6067
422 437 2.9672
677 762 0.7986
135 338 4.5790
721 780 0.6181
676 712 1.0023
509 783 0.3173
146 663 2.5545
714 771 3.7229
18 123 2.7970
706 778 4.7259
663 768 3.3490
489 524 0.3224
428 622 0.1092
670 725 4.0132
37 426 1.2865
770 774 2.4806
785 797 0.2635
708 797 2.0932
508 524 3.5759
411 580 3.2363
125 696 3.6637
191 790 0.7779
620 635 0.4963
277 340 0.4684
447 777 3.9153
717 745 3.0615
182 189 2.1353
798 800 3.6658
297 612 4.8622
499 580 1.9041
661 724 0.6008
598 662 2.3331
256 618 4.2389
670 727 2.6629
646 701 1.8445
178 684 2.8542
328 359 2.2404
738 773 0.5897
253 444 2.6172
497 572 1.0715
791 794 0.2722
585 771 2.8564
377 798 3.2038
138 740 4.0981
561 774 4.9352
405 426 2.8020
50 530 2.2310
479 687 0.2444
574 648 4.8147
763 792 0.0377
356 522 2.0975
684 790 0.9148
508 772 4.0885
513 630 0.8772
165 781 4.1491
784 794 3.1247
150 725 0.1562
291 342 4.8993
425 650 4.3394
621 649 2.7303
43 339 2.6247
127 225 3.5616
6 719 2.6555
23 102 0.5634
721 786 4.2957
166 418 3.1172
117 482 1.8225
59 621 3.3695
344 393 3.7774
600 719 2.6463
489 550 4.2495
401 428 3.0162
402 752 4.8096
166 714 4.1458
756 779 1.8730
607 700 0.3173
10 722 4.9177
605 751 4.0099
639 727 4.7719
574 611 1.8183
279 711 2.5286
762 791 3.3903
101 514 3.5981
761 782 4.1603
573 600 2.4801
59 399 2.3337
586 622 2.9385
409 476 3.0450
489 709 0.6800
209 706 3.3870
343 773 1.7835
791 797 1.3751
281 788 4.4766
44 269 2.9404
117 509 3.9649
235 601 0.0286
705 731 4.2811
9 270 4.8963
86 560 2.3479
654 702 4.0991
267 717 2.2869
529 592 2.2095
226 376 0.7180
221 402 0.2448
369 589 3.5052
569 719 0.4164
139 469 1.0024
85 268 4.3482
118 470 0.7250
447 644 4.6505
453 677 2.0967
587 725 0.7933
305 409 4.7932
681 729 1.5695
504 530 2.5706
191 597 3.3717
144 257 4.5742
444 622 4.3982
703 748 0.6268
221 413 3.3925
486 772 2.9192
566 715 1.2713
712 746 1.5372
105 414 2.6464
768 800 2.6507
788 790 3.5124
490 716 4.8664
795 799 4.5041
280 556 1.9095
36 638 3.5218
522 756 4.9942
390 496 0.4878
571 789 2.7837
288 433 0.8371
711 763 2.9579
85 498 0.3642
209 751 1.8851
143 555 0.3186
343 528 0.4212
605 799 0.5771
515 619 4.2872
740 782 1.7598
107 510 1.8217
350 382 0.9618
263 423 4.8416
607 647 4.9961
580 722 1.2336
665 768 3.3396
778 795 2.9011
346 749 3.2968
631 791 3.3048
657 673 3.3630
319 501 4.1728
672 752 1.0045
713 783 4.5175
775 781 1.4767
300 431 3.2407
676 717 4.1148
569 638 4.6646
471 734 3.9923
57 541 2.6998
569 668 4.1438
405 613 1.5873
75 208 3.0785
495 710 1.8481
515 591 0.9677
676 711 2.3128
384 630 3.9715
54 119 3.8159
222 688 2.1393
599 742 3.4963
258 472 1.2416
519 592 3.5356
121 234 4.6694
54 554 4.0927
778 798 1.4218
677 755 1.6817
29 536 2.3902
679 785 4.9005
14 47 3.4158
152 552 2.1520
18 740 2.4802
531 763 3.2566
136 715 1.1672
526 672 2.7128
480 710 1.2802
330 624 4.3979
742 782 3.2695
680 785 4.7658
155 257 4.8949
114 583 2.4148
596 651 3.4137
271 564 0.3597
216 739 1.7650
353 426 0.6948
540 711 2.5077
642 729 0.0664
754 768 1.5837
505 508 4.7074
135 448 2.2406
158 753 2.3929
779 789 3.8342
22 693 4.9842
83 602 1.4408
107 559 1.7405
778 780 0.3327
333 336 1.5175
94 369 0.6948
538 620 1.8529
294 564 2.1633
489 786 1.8927
199 656 1.9365
663 692 0.4860
364 443 1.3226
275 375 3.9147
138 788 0.9346
39 365 2.8292
756 797 4.6324
661 732 2.6154
761 792 2.2830
541 675 2.5937
14 293 3.7026
616 702 4.5821
273 557 4.9294
642 644 3.9481
654 676 3.8174
137 268 4.0117
590 702 1.8344
668 685 4.2548
402 610 3.1118
542 565 0.5281
340 699 1.1244
154 797 3.2592
501 526 3.1865
627 684 1.1291
758 799 3.4884
59 500 2.7192
774 791 2.7599
159 282 1.7181
578 673 0.8144
697 725 3.3163
515 676 3.1251
337 387 3.9617
553 676 1.9664
106 267 1.0966
488 726 4.3921
385 689 0.7499
791 792 2.4547
388 443 4.8271
652 793 0.9492
90 460 4.7664
29 709 4.2278
482 710 0.4685
82 346 4.0935
276 465 4.5205
597 799 4.6052
655 723 3.9994
45 213 1.7236
105 465 0.6836
759 772 4.2451
623 632 0.3435
344 593 1.4092
684 758 0.5423
70 380 4.0937
122 332 3.0958
727 799 0.7411
763 764 2.3028
442 577 4.5414
646 690 1.7077
673 747 0.2874
554 573 3.6597
485 656 1.9842
797 798 1.4011
257 765 0.0339
659 773 4.6757
347 454 1.5788
626 704 0.9377
84 621 4.8807
588 717 4.4887
340 766 1.7419
48 394 3.7196
178 717 3.7717
369 430 4.0029
696 698 1.6809
297 323 2.3245
480 589 2.8280
177 640 0.8817
591 699 2.9292
76 148 4.0497
66 650 4.6196
398 500 4.2122
745 762 3.9768
75 369 4.5473
408 602 1.4788
284 398 1.9932
365 486 1.3952
652 746 4.7292
310 711 0.6912
790 798 1.7098
352 784 1.9344
319 389 2.9087
247 588 2.0244
399 712 2.2145
324 452 1.0796
740 745 4.8966
122 794 3.2965
671 742 4.6908
300 756 0.6149
128 546 2.6134
746 787 1.4326
367 620 0.5353
542 565 2.1254
458 645 3.0803
172 460 2.2400
