711 3190
1 211 0.1526
1 388 0.4445
1 389 0.4666
1 74 0.2915
1 45 0.0940
1 418 0.4007
2 212 0.3130
2 548 0.5274
2 221 0.5622
2 554 0.0105
2 626 0.5833
2 443 0.0154
2 124 0.0441
2 239 0.4858
2 208 0.2973
3 424 0.0361
3 162 0.3988
3 292 0.5956
3 563 0.0670
4 151 0.4946
4 680 0.0200
4 286 0.1734
5 508 0.4580
5 700 0.2804
5 354 0.4294
5 98 0.4273
5 614 0.2346
6 552 0.1656
6 37 0.4829
6 391 0.5079
6 548 0.2612
6 638 0.0078
6 641 0.3318
6 132 0.2771
7 485 0.2841
7 56 0.2032
7 376 0.0253
8 367 0.4130
8 637 0.4104
9 120 0.0007
9 691 0.0175
10 29 0.5746
10 66 0.3418
10 357 0.5936
11 57 0.4563
11 323 0.1111
11 547 2.8192
11 248 0.1451
11 646 0.0157
11 105 0.2984
11 161 0.2571
11 105 0.2834
12 353 0.2147
12 198 0.4883
12 94 0.0509
13 101 0.1029
13 183 0.4032
14 17 0.3674
14 4 0.4548
14 156 0.2645
14 351 0.1413
14 384 0.3901
14 82 0.1137
14 105 0.2414
15 187 0.4353
15 265 0.3961
16 274 0.3509
16 640 0.2456
16 366 0.3918
17 373 0.3196
17 173 0.2787
17 452 0.3856
17 314 0.4120
17 100 0.3802
17 168 0.5294
18 158 0.0830
18 436 0.3426
18 442 0.5591
18 284 0.4001
18 473 0.5066
18 367 0.5666
18 174 0.1700
18 294 0.4028
18 563 0.1874
18 61 0.1241
18 469 0.0404
19 124 0.4719
19 185 0.1053
19 542 0.5789
19 384 0.4740
19 458 0.1971
20 638 0.3575
20 113 0.4417
20 591 0.2100
20 358 0.3723
21 20 0.3743
21 645 0.1220
21 361 0.4839
22 337 0.2533
22 37 0.1643
22 709 0.1400
22 430 0.2183
23 280 0.1231
23 427 0.5427
23 509 0.4563
23 276 0.2264
23 432 0.2749
23 603 0.2377
24 264 0.1576
24 594 0.5332
24 133 0.5322
25 531 0.5028
25 488 0.1497
25 426 0.3123
25 536 0.4364
26 662 0.3227
26 669 0.5764
26 399 0.3410
26 492 0.4952
26 600 0.3879
27 1 0.2760
27 618 0.4766
27 551 0.5397
27 519 0.0258
27 322 0.3832
28 169 0.0571
29 442 0.3370
29 244 0.1022
29 397 0.4721
29 684 0.0185
29 274 0.2435
29 235 0.3922
29 76 0.4478
30 150 0.4801
30 393 0.0047
30 382 0.2126
30 394 0.0123
31 64 0.3850
31 164 0.1192
31 695 0.4641
31 532 0.1809
31 98 0.3363
31 525 0.0609
32 234 0.1005
32 572 0.3564
32 480 0.2013
32 547 0.5763
32 585 0.2458
32 615 0.1396
32 182 0.2308
32 8 0.4300
33 236 0.3764
34 611 0.3981
34 333 0.0689
34 688 1.2263
34 641 0.5674
35 327 0.1807
35 334 0.4271
36 520 0.3029
36 492 0.2859
36 415 0.3101
36 174 0.0188
36 261 0.4597
36 706 0.3006
37 320 0.4352
37 382 0.4077
37 297 0.2834
38 170 0.2068
38 641 0.4853
38 395 0.5740
39 34 3.8960
39 97 0.3422
40 230 0.2805
40 381 0.0935
40 539 2.8637
40 314 0.4499
40 57 0.3412
40 546 0.2548
41 320 0.5512
41 575 0.4064
41 172 0.5090
42 253 0.4730
42 80 0.1744
42 519 0.5714
43 243 0.1035
43 637 0.4269
43 505 0.4246
44 507 0.4693
44 362 0.4539
44 691 0.4253
44 42 0.0884
45 681 0.2014
45 303 0.2955
46 318 0.0864
46 457 0.3545
46 233 0.2065
47 158 0.4670
47 430 0.0236
47 670 0.4035
48 342 0.5839
48 357 0.2419
48 494 0.3599
48 60 0.0203
49 383 0.1422
49 658 0.1518
49 522 0.5677
49 392 0.4850
49 94 0.2786
49 551 0.0638
50 324 0.3261
50 621 0.2298
50 568 0.4985
50 328 0.0730
50 100 0.0509
50 80 0.3147
51 243 1.7291
51 249 0.1689
51 619 0.1617
53 352 0.4527
53 499 0.2362
53 698 0.0648
53 293 0.1305
53 270 0.5547
53 600 0.2755
54 528 0.5926
54 296 0.3832
56 139 0.4803
56 692 0.2834
56 362 0.0316
57 262 0.5875
57 412 0.5527
57 230 0.4443
57 502 0.0697
58 207 0.0120
58 678 0.2896
58 175 0.2732
59 90 0.4767
59 202 0.1035
59 171 0.3402
59 688 0.5551
59 437 0.5239
59 18 0.2218
60 288 0.4473
60 673 0.3403
60 354 0.3700
60 95 0.3582
60 127 0.1584
60 513 0.3764
61 593 0.3951
61 38 0.2182
61 220 0.1903
61 167 0.5748
62 14 0.0972
62 160 0.1474
62 28 0.2950
62 167 0.5787
63 575 0.2437
63 328 0.0465
63 308 0.0777
63 87 0.0947
65 600 0.0201
65 51 0.0859
65 376 0.0016
65 170 0.5645
65 65 0.0868
65 237 0.1854
66 137 0.5560
66 453 0.1019
66 151 0.3668
66 11 0.4276
66 61 0.4122
67 413 0.1676
67 468 0.1995
67 671 0.0531
67 586 0.3000
67 474 0.2587
68 298 0.2735
68 247 0.2562
68 543 0.3100
68 402 0.5104
68 654 0.5089
68 366 0.5775
69 141 0.3676
69 710 0.3759
70 269 0.1998
70 321 0.1040
70 362 0.0216
70 655 0.2129
71 158 0.1852
71 705 0.5717
71 311 0.3967
71 206 0.2103
71 444 0.2558
71 261 0.1911
71 199 0.5692
72 377 0.4550
72 587 0.0271
73 85 0.2214
73 370 0.0356
73 228 0.4901
73 708 0.4191
73 18 0.1587
73 485 0.0897
74 605 0.5708
74 18 0.0451
74 648 0.1908
74 256 0.5454
75 695 0.2550
75 704 0.1071
75 455 0.1550
75 16 0.2110
75 538 0.3379
76 218 0.1245
77 48 0.0774
77 144 0.4470
77 69 0.1538
78 28 0.0518
78 707 0.0592
78 578 0.3522
78 247 0.3106
79 432 0.4364
79 577 0.1328
80 60 1.6157
80 107 0.5780
80 202 0.4307
80 58 0.1612
80 540 0.0467
80 35 0.0370
80 515 0.4766
81 1 0.0258
81 480 0.3545
81 248 0.2816
81 221 0.3232
81 622 0.1265
81 514 0.0126
81 669 0.2497
81 533 0.4345
81 212 0.4026
82 231 0.2268
82 468 0.5568
82 650 0.4017
82 340 0.5036
82 36 0.5523
82 554 0.3004
82 647 1.4701
82 677 0.5905
82 565 0.3049
83 702 3.9549
83 563 0.4783
84 171 0.3545
84 636 0.2580
85 392 0.1447
85 88 0.0062
85 242 0.2070
85 164 0.3145
85 440 0.1253
85 650 0.2298
86 665 0.3138
86 709 0.5330
87 173 0.5417
87 333 0.4342
87 321 0.2440
87 42 0.1082
87 469 0.4992
87 246 0.3333
88 302 0.0523
88 172 0.1850
88 569 0.4508
88 383 0.1026
88 215 0.5319
88 303 0.5295
88 123 0.2789
88 325 0.4298
89 225 0.5006
89 441 0.5034
89 55 0.1451
89 662 0.2861
90 443 0.2100
90 217 0.5856
90 498 0.4618
90 415 0.0902
90 212 0.4079
91 578 0.4897
91 577 0.5807
91 481 0.5850
91 653 0.3560
92 530 0.5814
92 527 0.0635
92 560 0.3736
92 573 0.3333
92 488 0.0180
92 181 0.3423
92 684 0.4836
92 85 0.5249
92 460 0.3497
93 16 0.1528
93 427 0.2436
94 74 0.1671
94 615 0.5566
94 44 0.0455
94 121 0.2900
94 456 0.0856
95 203 0.4952
95 514 0.2693
95 647 0.1162
95 684 0.1624
95 368 0.4055
95 210 0.2871
95 116 0.2713
95 586 0.4859
96 117 0.0371
96 667 0.5860
97 507 0.5511
97 501 0.1764
97 84 0.3635
98 340 0.3648
98 118 0.4859
98 696 0.0579
98 438 0.1503
99 530 0.0185
99 48 0.3348
99 61 0.3439
99 569 0.0278
99 605 0.0112
99 594 0.2514
100 62 0.1339
100 282 0.0299
100 448 0.4976
100 531 0.2965
100 562 0.3615
100 217 0.0050
100 238 0.3036
100 521 0.1935
101 499 0.1234
101 559 0.4104
102 91 0.3283
102 285 0.4130
102 534 0.3679
102 411 0.1818
102 695 0.4077
102 646 0.5842
103 559 0.1264
103 608 0.4525
103 175 0.2224
103 8 0.5048
104 419 0.2397
104 183 0.3167
104 274 0.5550
104 656 0.4953
104 37 0.4594
104 150 0.0551
105 686 0.3182
105 14 0.2891
105 688 0.5369
105 529 0.5442
106 592 0.4547
106 625 1.9338
107 466 0.5041
107 126 0.3176
107 549 0.4867
107 263 0.4244
108 150 0.4409
108 239 0.5058
108 32 0.3231
108 680 0.1564
108 619 0.4169
108 181 0.1138
109 341 0.3129
109 229 0.4790
109 53 0.0083
109 302 0.2076
110 646 0.5737
110 522 0.1835
110 654 0.0168
110 607 0.2649
111 114 0.3894
111 54 0.1210
111 543 0.4381
112 284 0.4769
112 465 0.4600
113 90 0.0356
113 318 0.5958
113 706 0.0077
113 277 0.1206
114 391 0.0837
114 524 0.2619
114 68 0.2082
114 40 0.3361
114 580 0.3467
115 668 0.2535
115 446 0.0426
115 517 0.5765
115 233 0.4580
116 524 0.5715
116 350 0.5049
116 376 0.1300
117 289 0.3638
117 608 0.2469
117 377 0.3788
117 363 0.2737
117 548 0.0875
117 238 0.5965
118 685 0.3933
118 197 0.4784
118 598 0.1634
118 619 0.0662
118 660 0.0199
118 291 0.4267
118 377 0.1315
118 45 0.1381
119 433 0.3550
119 259 0.2038
119 120 0.0651
120 344 0.0610
120 508 0.3088
120 598 0.4007
120 422 0.2159
120 552 0.2395
120 55 0.4645
121 656 0.4835
121 334 0.3073
121 292 0.4118
121 15 0.4680
123 283 0.1366
123 498 0.2623
123 309 0.3972
123 155 0.4732
124 669 0.2248
124 91 0.5165
124 123 0.4161
124 423 0.5139
125 254 0.4477
125 172 0.4668
125 212 0.2890
125 598 0.5929
125 247 0.5669
125 609 0.2928
125 558 0.1858
126 462 0.3927
126 219 0.3482
126 112 0.5159
126 493 0.1365
126 387 0.0658
126 424 0.0830
127 539 0.2660
127 186 0.3749
127 84 0.4318
127 593 0.1563
127 20 0.5780
128 147 0.0920
128 508 0.4265
128 398 0.1446
128 17 0.3417
129 344 0.5240
129 298 0.1272
129 290 0.2867
129 357 0.5329
129 510 0.5617
130 686 0.4081
130 64 0.3467
130 485 0.2247
130 259 0.0487
131 364 0.3176
131 160 0.5221
131 360 0.2969
131 328 0.1732
132 546 0.4870
133 403 0.4939
133 264 0.3464
133 710 0.3952
134 221 0.3945
134 452 0.1397
134 108 0.0748
134 682 0.4338
134 604 0.0436
135 156 0.1764
135 118 0.0315
135 273 0.1033
135 691 0.5593
135 4 0.1884
135 73 0.1763
136 429 0.4794
136 174 0.1253
136 658 0.1985
136 79 0.0780
136 248 0.0719
136 650 0.4558
136 66 0.4671
137 368 0.5048
137 465 0.4547
137 475 0.2793
137 398 0.2389
137 214 4.3997
138 164 0.2927
138 189 0.5363
138 189 0.3020
138 202 0.0529
139 389 0.4288
139 401 0.4518
139 311 0.5457
140 128 0.2375
140 344 0.0822
141 200 0.5843
142 31 0.1083
142 313 0.2703
142 688 0.2173
142 493 0.2571
142 237 0.5577
143 383 0.3556
143 165 0.1032
144 75 0.0351
144 563 0.3790
144 133 0.0466
144 648 0.3217
145 106 0.0580
145 301 0.5580
145 594 0.2913
146 313 0.1723
147 18 0.1948
147 12 0.3798
147 365 0.0817
147 640 0.3350
147 61 0.3104
148 145 3.3616
148 223 0.0171
148 634 0.0470
149 412 0.0549
149 99 0.3406
149 282 0.5193
149 469 0.0009
149 116 0.4551
149 119 0.3062
149 439 0.5938
150 394 0.1223
150 517 0.1453
150 362 0.4069
150 272 0.3269
150 405 0.5536
151 516 0.0494
151 485 0.0379
151 336 0.1480
151 216 0.3131
151 285 0.3282
151 372 0.5750
152 19 0.0274
152 81 0.1091
152 280 0.2975
153 196 0.5809
153 85 0.1806
154 643 0.3361
154 477 0.2922
155 170 0.1703
155 430 0.3831
155 549 0.3842
155 513 0.5655
155 353 0.3631
155 1 0.5638
155 685 0.5981
156 686 0.1602
156 46 0.1780
156 705 0.3860
156 456 0.4033
156 471 0.4169
156 621 3.0041
157 547 0.3530
157 245 0.3935
157 22 0.3184
157 486 1.5543
157 54 0.1121
157 291 0.3997
157 387 0.4037
157 662 0.5702
157 128 0.0927
158 365 0.5772
158 582 0.1505
158 344 0.0680
158 613 0.2652
159 416 0.1699
159 433 0.1298
160 499 0.4529
160 506 0.4849
161 413 0.1717
161 270 0.4792
161 420 0.0714
161 519 0.1746
161 185 0.4963
161 16 0.3279
162 620 0.0451
162 537 0.2048
162 313 0.5152
162 489 0.4365
162 333 0.2619
163 423 0.1173
163 681 0.5793
163 267 0.1782
163 422 0.4062
163 11 0.1870
163 241 0.0455
164 126 0.3466
164 370 0.0722
164 89 0.2955
165 290 0.1114
165 527 0.3041
165 547 0.1847
165 303 0.1764
166 402 0.0022
166 620 0.3874
166 44 0.3842
166 387 0.2783
166 313 0.3687
167 684 0.5612
167 64 0.0366
167 590 0.5582
167 109 0.1286
167 187 0.4772
167 690 0.4537
168 460 0.3657
168 665 0.0198
168 394 0.1989
169 271 0.3906
169 200 0.2268
169 385 0.1121
169 471 0.1297
169 508 0.0653
169 81 0.2912
169 486 0.0999
169 232 0.1160
169 351 0.1300
170 274 0.0308
170 150 0.0491
170 371 0.1777
170 583 0.3189
170 197 0.3232
170 30 0.4864
170 345 0.2523
171 649 0.5039
171 277 0.4241
171 259 0.3734
171 589 0.5064
171 632 0.4964
171 164 0.3431
171 475 0.1271
172 472 0.5248
172 530 0.0152
173 398 0.4208
173 165 0.5243
173 169 0.0267
174 537 0.3678
174 636 0.4374
174 660 0.4236
174 312 0.1417
174 520 0.5205
174 627 0.2953
174 396 0.3595
174 210 0.4203
174 335 0.2061
174 665 0.4825
175 21 0.3438
175 256 0.0995
175 133 0.0325
175 284 0.2842
176 166 0.2580
176 621 0.0234
176 477 0.2827
177 410 0.3758
177 102 0.2244
178 193 0.5504
178 544 0.1875
178 680 0.5326
178 157 0.1695
178 127 0.3827
178 484 0.4438
178 388 0.1209
179 511 0.0803
179 597 0.1981
179 16 0.5227
179 205 0.2696
180 126 0.4840
180 537 0.3404
180 559 0.3252
180 384 0.2431
180 467 0.1716
180 200 0.2851
180 103 0.3030
180 387 0.2155
181 398 0.4811
181 617 0.1656
181 506 0.1116
181 35 0.5718
181 146 0.5738
181 210 0.5387
181 458 0.0509
182 652 0.4631
182 53 0.4217
182 452 0.4703
182 559 0.0563
182 406 3.4860
183 270 0.4624
183 3 4.7322
183 274 0.1086
184 459 0.4362
184 402 0.4773
184 532 0.0311
184 274 0.3071
184 94 0.0983
185 461 0.4485
185 444 0.3065
186 467 0.1419
186 89 0.5016
186 315 0.5379
186 138 0.4068
187 445 0.3484
187 157 0.1203
187 23 0.2047
187 550 0.3489
187 489 0.3084
188 448 0.3256
188 396 0.5973
189 121 0.0613
189 130 0.0868
189 490 0.4670
189 15 0.5345
190 86 0.0884
190 193 0.2824
190 455 0.5578
191 299 0.5270
191 295 0.4125
191 696 0.3927
191 261 0.1635
192 312 0.4637
192 211 0.5080
193 565 0.3950
193 112 0.5063
193 187 0.1995
193 574 0.2795
193 512 0.4737
193 457 0.5284
194 582 0.3799
194 379 0.2029
194 569 0.3059
194 113 0.4735
195 445 0.0502
195 497 0.5612
195 194 0.0354
195 694 0.2324
195 44 0.3346
196 97 0.3798
196 21 0.1064
196 463 0.5895
197 266 0.5557
197 553 0.5135
197 596 0.2054
197 317 0.5462
198 450 0.3542
198 500 0.0862
198 348 0.0130
198 245 0.3244
198 435 0.2027
198 246 0.4489
198 49 0.0184
199 613 0.2950
199 334 0.0964
199 374 0.4599
199 658 0.0337
199 369 0.3630
199 406 0.2864
199 148 0.1369
200 623 0.3958
200 611 0.1404
200 705 0.1121
201 288 4.9155
201 613 0.1910
201 293 0.2708
201 521 0.0129
201 428 0.5417
201 232 0.8603
202 638 0.2513
202 576 0.5762
202 624 0.3534
202 355 0.3031
202 255 0.2793
203 15 0.4535
203 327 0.2392
204 225 0.4082
205 395 0.3469
205 563 0.5140
205 413 0.5313
205 636 0.4274
206 513 0.3656
206 269 0.4592
206 430 0.5465
207 705 0.5767
207 353 0.5046
207 518 0.5259
207 662 0.1220
207 63 0.3070
207 371 0.0615
208 708 0.3261
208 11 0.5931
208 329 0.3073
208 606 0.2280
208 411 0.3847
209 314 0.3962
209 384 0.2720
209 417 0.0760
209 608 0.1514
210 327 0.3161
210 239 0.5346
210 502 0.0263
210 165 0.3090
210 686 0.2320
210 595 0.3699
210 567 0.4934
210 21 0.2540
211 517 0.1601
211 154 0.3261
211 492 0.4336
211 473 0.1988
211 277 0.2391
212 51 0.1880
212 117 0.3960
212 430 0.0634
213 406 0.5265
213 372 0.3424
213 340 0.1718
213 508 0.5191
213 607 0.3093
214 462 0.5859
214 702 0.0123
214 12 0.0855
215 248 0.2365
215 618 0.5224
215 607 0.0098
215 620 0.2044
215 192 0.0758
215 32 0.2950
215 40 0.4822
215 29 0.0324
215 11 0.5203
215 403 0.0322
216 398 0.5667
216 414 0.3941
217 305 0.1931
217 296 0.5278
217 366 0.0835
217 520 0.3933
218 195 0.4205
218 301 0.2844
218 546 0.0769
218 314 0.0687
218 514 0.1627
218 605 0.5162
219 94 0.0491
219 310 0.1652
219 593 0.2329
219 460 0.2829
219 563 0.0216
219 160 0.2627
219 355 0.5292
219 206 0.4753
220 280 0.3096
220 53 0.3168
220 430 0.6171
220 373 0.2718
220 469 0.1266
220 313 0.5456
220 528 0.3341
220 577 0.0563
220 19 0.3063
221 311 0.3532
221 588 0.0922
221 268 0.4244
221 258 0.5970
221 114 0.4379
221 6 0.1634
222 559 0.1789
222 164 0.0040
223 225 0.0376
223 32 0.1364
223 117 0.0358
223 388 0.5446
223 647 0.5661
223 640 0.3864
223 438 0.5979
224 26 0.0082
224 319 0.4112
224 609 0.0582
224 588 0.5148
224 499 0.1330
224 459 0.2294
224 326 0.5850
224 227 0.4184
225 418 0.4198
225 474 0.1342
225 157 0.0608
226 335 0.3279
226 306 0.0333
226 214 0.3713
226 392 0.4935
226 205 0.1089
226 557 0.0627
226 216 0.2819
226 447 0.1099
226 21 0.3604
226 390 0.4038
227 137 0.4608
227 647 0.0039
227 40 0.4156
227 623 0.1380
228 690 0.5573
228 464 0.1259
228 76 0.1706
228 639 0.0082
229 380 0.0450
229 321 0.0909
229 503 0.1182
230 190 0.3738
230 426 0.4825
230 331 0.4185
231 600 0.0823
231 273 0.3716
231 221 0.0728
232 89 0.3124
233 71 0.2317
233 331 0.0449
233 477 0.0966
233 214 0.3321
233 292 0.1249
233 313 0.3310
233 607 0.0168
233 124 0.5459
234 566 0.5767
234 136 0.1126
234 504 0.4914
234 207 0.1157
235 244 0.2167
235 210 0.4766
235 447 0.5707
235 243 0.5812
235 365 0.5636
235 541 0.2448
236 218 0.4437
236 146 0.4504
236 447 0.2990
236 438 0.3752
236 480 0.4891
237 511 0.1022
237 234 0.1177
237 222 0.1323
237 358 0.2325
238 628 0.2110
238 618 0.5805
238 197 0.4313
238 53 0.1967
238 84 0.2230
239 156 0.3569
239 85 0.4954
239 298 0.4447
239 604 0.3076
239 642 0.1574
239 121 0.1455
239 591 0.0134
240 292 0.0787
240 472 0.4579
241 580 0.0438
241 112 0.2901
241 647 0.0666
241 137 0.5222
242 592 0.4827
242 682 0.3015
242 558 0.2150
242 607 0.0254
242 582 0.2609
243 498 0.2529
243 1 0.2580
244 636 0.4011
244 522 0.2461
244 674 0.3511
244 487 0.4298
244 706 0.3297
244 512 0.5683
244 176 0.2794
245 227 0.1907
245 223 0.4380
245 476 0.2424
246 173 0.3655
246 361 0.1649
246 642 0.0822
246 399 0.2528
246 43 0.0932
246 609 0.4233
246 230 2.1544
247 371 0.1802
247 438 0.5995
247 452 0.0516
247 108 0.5116
248 360 0.3952
248 326 0.2680
248 523 0.4447
248 30 0.0047
248 153 0.5886
248 70 0.1529
248 595 0.2124
249 2 0.1481
249 385 0.3539
249 179 0.2096
249 473 0.1058
250 237 0.2821
250 1 0.0239
250 570 0.4827
251 80 0.2486
251 317 0.0243
251 326 0.4554
251 161 0.0682
251 557 0.4754
251 396 0.3605
251 367 0.0755
251 543 0.2795
252 195 0.2542
252 234 0.3071
252 602 0.5314
252 274 0.1077
252 673 0.4738
252 167 0.1575
253 165 0.3895
253 425 0.1202
253 422 0.4029
254 582 0.4040
254 94 0.2226
254 651 0.5896
254 316 0.0726
254 225 0.2846
255 285 0.0263
255 380 0.3529
255 449 0.0813
256 160 0.2015
256 587 0.2015
257 54 0.4027
257 266 0.5491
257 251 0.1252
257 389 0.4805
257 410 0.0781
258 448 0.5205
258 54 0.2818
258 307 0.1092
258 419 0.1973
258 123 0.2657
258 516 0.0800
258 57 0.4284
258 69 0.4498
258 373 0.5122
259 454 0.2429
259 345 0.5574
259 534 0.3116
259 388 0.1853
259 569 0.4838
260 293 0.2523
260 518 0.5718
260 33 0.5397
260 710 0.0494
260 688 0.4217
261 616 0.3091
261 404 0.4403
261 509 0.0830
261 419 0.4937
261 537 0.2962
261 365 0.1560
262 229 0.3242
262 137 0.1991
262 12 0.5571
262 132 0.4368
262 192 0.3980
263 202 0.4105
263 633 0.1782
263 274 0.2948
263 86 0.3852
264 507 0.0754
265 140 0.5643
265 478 0.5992
265 63 0.5815
265 291 0.0416
265 99 0.4421
265 107 0.3706
265 65 0.5531
265 591 0.2822
266 430 0.5382
266 195 0.1016
266 552 0.1395
266 629 0.1860
266 191 0.3076
267 171 0.5356
267 381 0.5714
267 312 0.3933
267 202 0.0972
267 473 0.0829
268 76 0.5695
268 34 0.1739
268 631 0.5709
268 401 0.0285
268 299 0.2244
268 397 0.1242
269 230 0.5115
269 236 0.0884
269 454 0.0016
270 703 0.1387
271 383 0.1323
271 185 0.4606
271 79 0.5070
272 587 0.2197
272 524 0.4924
272 664 0.5934
272 552 0.2609
272 201 0.4881
272 161 0.3054
272 201 0.1354
272 237 0.2276
272 226 0.3091
273 484 0.5854
273 128 0.2646
273 606 0.5121
274 162 0.0952
274 639 0.2047
275 551 0.3835
275 362 0.0588
275 227 0.2809
275 263 0.2188
275 363 0.1251
275 550 0.0906
276 455 0.4354
276 67 0.3948
278 156 0.3778
278 229 0.4789
278 673 0.3730
278 323 0.5547
279 652 0.0873
279 153 0.0185
279 443 0.5272
279 426 0.2247
279 264 0.5427
279 522 0.0862
279 78 0.0308
280 468 0.5434
280 83 0.1037
281 404 0.4977
281 631 0.0434
281 293 0.3996
281 632 0.4379
282 643 0.1938
283 531 0.3686
283 68 0.2467
283 276 0.4500
284 46 0.9480
284 472 0.1178
284 559 0.0951
284 405 0.3264
284 128 0.3931
284 89 0.0304
284 443 0.4323
284 480 0.1904
284 568 0.0253
285 23 0.0269
285 136 0.3351
285 350 0.5757
285 642 0.1844
285 432 0.2839
285 127 0.5447
285 410 0.5544
286 400 0.1120
286 372 0.3073
286 132 0.5453
286 284 0.3206
286 287 0.3709
286 623 0.2224
286 313 0.5391
287 489 0.1308
287 35 0.0588
287 9 0.0441
287 52 0.0556
287 326 0.2179
287 46 0.3686
288 497 0.3157
288 330 0.1586
288 288 0.4110
288 277 0.3642
289 483 0.3284
289 677 0.1495
289 150 0.2444
289 339 0.0724
289 593 0.3663
290 251 0.0869
290 490 0.0298
290 339 0.4691
290 505 0.1098
290 559 0.3757
291 416 0.2794
291 297 0.0105
292 526 0.1789
292 138 0.1839
292 536 0.5677
293 375 0.4664
293 605 0.1807
293 419 0.4424
293 526 0.2868
293 269 0.2756
293 311 0.4871
293 126 0.4612
294 343 0.0023
294 497 0.1511
294 522 0.4969
294 196 0.3474
294 304 4.9628
294 17 0.3744
295 424 0.4803
295 268 0.2280
296 557 0.1671
296 396 0.3027
296 185 0.3482
296 197 0.5004
296 224 0.2359
296 472 0.2246
297 610 0.0208
297 244 0.5578
297 330 0.4031
297 550 0.2534
297 437 0.5567
297 627 0.1119
298 175 0.3930
298 547 0.2351
298 493 0.4183
298 134 0.0233
298 440 0.5753
298 220 0.0858
299 403 0.3417
299 71 0.1286
299 134 0.1032
299 557 0.2148
299 606 0.5508
299 705 0.3390
299 232 0.5745
300 577 0.0388
300 7 0.1911
300 10 0.5543
300 609 0.1305
300 272 0.2303
301 471 0.4188
301 331 0.5968
301 359 0.5746
301 519 0.5389
301 517 0.2312
301 465 0.4292
302 246 0.5606
302 157 0.2985
302 512 0.0801
302 702 0.1703
302 455 0.5078
303 178 0.0404
303 437 0.4441
303 334 0.2602
303 43 0.4941
303 150 0.3321
304 104 0.4869
304 63 0.3039
304 57 0.1432
304 287 0.0888
304 24 0.4470
305 105 0.5445
305 358 0.4681
305 518 0.2433
305 287 0.3982
305 522 0.0225
305 507 0.0945
305 189 0.0055
305 226 0.3300
306 12 0.0432
306 221 0.2500
306 23 0.5555
307 675 0.0646
307 76 0.4182
307 677 0.0959
307 524 4.3916
308 431 0.1125
308 676 0.5342
308 431 0.5145
308 248 0.2862
308 584 0.2874
308 425 0.2059
309 617 0.5434
309 540 0.4627
309 700 0.5483
309 248 0.4008
309 540 0.3472
309 13 0.5530
310 686 0.2996
310 552 0.5323
310 176 0.4194
311 222 0.0490
311 221 0.5331
311 414 0.5165
312 258 0.2377
312 456 0.2994
312 611 0.2313
312 76 0.3452
312 534 0.2643
313 269 0.2157
313 609 0.5584
314 181 0.3264
314 105 0.4719
314 481 0.5860
314 468 0.0883
314 609 0.0789
315 539 0.4612
315 325 0.4599
315 383 0.5338
315 674 0.0200
315 520 0.4694
316 540 0.3338
316 624 0.4707
316 111 0.3814
316 276 0.5359
317 651 0.4588
317 392 0.3078
317 677 0.3827
317 463 0.5455
317 485 0.3609
318 114 0.3267
318 106 0.4473
318 296 0.1298
318 257 0.4596
319 80 0.0320
319 551 0.5553
319 529 0.2512
320 233 0.1104
320 2 0.2531
320 263 0.2985
320 257 0.2839
320 99 0.0798
320 685 0.1054
320 345 0.3952
321 108 0.2844
321 694 0.0673
321 133 0.1280
321 344 0.3527
322 433 0.0944
322 601 0.1802
322 679 0.4162
322 300 0.1124
323 245 0.3866
323 273 0.3633
323 39 0.5800
323 237 0.1984
323 102 0.1214
323 22 0.5341
324 533 0.2226
324 405 0.1952
324 236 0.4549
324 347 0.1337
324 493 0.1710
324 1 0.4396
325 465 0.3945
325 253 0.5556
325 442 0.1061
325 531 0.2935
325 377 0.2674
325 246 0.2212
325 321 3.6810
325 695 0.5626
326 395 0.1417
326 41 0.3530
326 458 0.5442
326 596 0.3207
326 309 0.0971
326 270 0.4926
327 307 0.5850
327 251 0.0078
327 27 0.2676
327 181 0.0161
327 137 0.3912
327 401 0.2200
328 363 0.1079
328 142 0.0935
328 691 0.0622
328 142 0.2034
328 603 0.5474
328 189 0.4865
328 349 0.1185
329 388 0.1426
329 256 0.2044
329 168 0.1366
329 245 0.4733
329 128 0.2153
329 464 0.5826
329 376 0.2001
330 470 0.4941
330 644 0.0906
330 184 0.2272
330 549 0.3315
330 59 0.3658
330 336 0.3827
330 169 0.5588
330 364 4.2852
331 574 0.3925
331 126 0.5265
331 465 0.5131
331 280 0.1206
332 103 2.9159
333 220 0.1747
333 196 0.2751
333 599 0.2280
333 259 0.4780
334 682 0.5481
335 182 0.5715
335 169 0.4235
335 39 0.4336
335 65 0.3797
335 139 0.3048
336 90 0.0222
336 213 0.3189
336 291 0.5094
336 299 0.1949
336 210 0.2018
336 242 0.3817
336 427 0.4175
336 489 0.1036
337 148 0.1457
337 185 0.1259
337 122 0.2119
337 639 0.2484
337 337 0.5618
338 12 0.4991
338 23 0.0898
338 509 0.5286
339 475 0.2538
339 243 0.2854
339 607 0.1351
339 352 0.1119
339 204 0.2395
339 12 0.1155
340 41 0.2431
340 507 0.0417
340 403 0.4231
340 223 0.2123
340 661 0.5860
340 202 0.3358
340 18 0.1311
340 691 0.5528
341 105 0.3227
341 230 0.3022
342 76 0.1841
342 276 0.5606
342 156 0.3042
343 219 0.3254
343 111 0.1235
343 10 0.3183
343 62 0.0207
343 654 0.3015
343 338 0.3699
344 386 0.4608
344 461 0.1175
345 149 0.4317
345 350 0.2222
345 309 0.0732
345 147 0.0826
345 527 0.1925
345 228 0.1755
345 39 0.1271
345 191 0.5548
346 632 0.0357
346 569 0.5593
347 686 0.0492
347 339 3.2667
347 266 0.2625
347 363 0.3066
347 238 0.0311
347 662 0.4244
348 136 0.5106
348 391 0.5261
348 409 0.0134
348 42 0.0041
349 70 0.3649
349 247 0.1029
349 646 0.0280
349 620 0.0318
349 455 0.2452
350 636 0.2443
350 499 0.2031
350 495 0.3563
350 567 0.0106
351 199 0.3115
351 262 0.1782
352 38 0.2597
352 613 0.1467
353 318 0.0261
353 650 0.3138
353 86 0.4094
353 173 0.4611
353 437 0.3316
354 152 0.2062
354 540 0.1231
354 182 0.5250
354 318 0.0364
355 58 0.0114
355 220 0.2803
355 506 0.1984
355 11 0.1700
355 688 0.5253
355 106 0.2968
356 547 0.0627
356 611 0.3726
357 352 0.0393
357 217 0.3568
357 278 0.4027
357 39 0.0341
357 149 0.2150
357 44 0.5165
358 221 0.4464
358 224 0.3633
358 129 0.2747
358 328 0.5231
358 603 0.2532
359 228 0.5976
359 620 0.3136
359 234 0.3928
359 478 0.4495
360 331 0.3299
360 511 0.0278
360 541 0.2137
360 680 0.5697
360 59 0.2751
360 490 0.3045
360 554 0.3832
361 365 0.1122
361 39 0.4478
361 173 0.3007
361 505 0.4132
361 595 0.5231
362 82 0.1597
362 629 0.1444
362 358 0.1312
362 26 0.1280
363 605 0.1479
363 114 0.3255
363 106 0.0445
363 510 0.0185
363 117 0.5678
364 445 0.2235
364 384 0.1831
364 49 0.2602
364 323 0.2370
364 677 0.0402
364 309 0.3830
364 162 0.4361
364 450 0.0404
364 329 0.3491
364 386 0.3857
364 605 0.3668
365 384 0.4149
366 259 0.3468
366 223 0.3765
366 474 0.5435
366 710 0.0536
366 711 0.0281
366 90 0.3085
366 167 0.5728
366 195 0.2854
366 188 0.5417
367 357 0.1899
367 302 0.1302
367 149 0.5613
368 265 0.5948
368 459 0.3158
368 535 0.3867
368 35 0.4595
368 6 0.3678
368 230 0.1570
369 589 0.1368
369 311 0.4802
369 245 0.2997
369 471 0.3432
369 663 0.3700
370 262 0.3427
370 9 0.1008
371 47 0.3867
371 519 0.1688
371 316 0.4011
372 364 0.0462
372 450 0.1448
372 382 0.5796
373 83 0.3837
373 695 0.3899
373 573 0.1626
373 2 0.2281
373 280 0.2429
374 652 0.5205
374 242 0.4067
374 599 0.4992
374 476 0.3876
375 408 0.0233
375 361 0.2290
375 395 0.2779
376 306 0.5465
376 99 0.2708
376 153 0.1356
377 376 0.2736
377 648 0.2925
377 693 0.5225
377 74 0.3981
377 434 0.3772
377 227 0.0480
378 595 0.3135
378 605 0.3444
378 266 0.4106
378 176 0.4346
379 179 0.5671
379 341 0.5056
379 618 1.2782
380 67 0.0895
380 277 0.4298
380 589 0.1370
380 254 0.3255
380 388 0.2210
380 82 0.4395
381 510 0.4144
381 250 0.1492
381 252 0.5034
381 245 0.1537
381 629 0.0866
381 162 0.4693
381 620 0.3758
381 64 0.3900
381 463 0.1532
381 601 0.0289
382 439 0.1666
382 688 0.1850
382 371 2.5289
382 58 0.2721
383 87 0.0194
383 645 0.1288
383 239 0.3484
383 256 0.5905
383 554 0.0289
383 172 0.4524
383 466 0.5364
383 512 0.1706
384 508 0.3338
384 601 0.0632
384 281 0.5941
384 662 0.4142
384 152 0.1718
385 543 0.3459
385 351 0.0371
385 694 0.4110
385 686 0.1182
385 620 0.0847
385 283 0.4392
385 191 0.5502
385 349 0.4891
386 153 0.0216
386 379 0.5262
387 67 0.1403
387 624 0.5901
387 22 0.5392
388 113 0.3726
388 526 0.4091
388 441 0.2384
388 330 0.2873
388 450 0.1731
389 217 0.4288
389 498 0.5565
389 221 0.0115
390 687 0.5221
390 549 0.4000
390 516 0.4005
390 174 0.4514
391 53 0.4310
391 546 0.1206
392 248 0.0141
392 697 0.4999
392 555 0.1505
392 635 0.1679
393 531 0.4571
393 269 0.1248
393 103 0.4053
393 289 0.2368
393 602 0.2812
393 1 0.2380
393 693 0.3131
393 355 0.0284
394 362 0.0224
395 333 0.5602
395 499 0.1705
395 557 0.2299
395 687 0.4198
395 68 0.2052
395 633 0.5709
395 56 0.1940
396 418 0.1179
396 451 0.1896
396 42 0.4490
396 648 0.0767
396 286 0.5997
396 606 0.3194
396 85 0.2087
397 326 0.4030
397 90 0.3945
397 701 0.3888
397 643 0.2727
397 629 0.1267
398 359 0.5928
398 243 0.4854
398 536 0.4803
399 228 0.0094
399 448 0.3592
399 245 0.1437
400 501 0.2067
400 612 0.2342
400 135 0.0325
400 342 0.3814
400 513 0.5078
400 52 4.5321
400 346 0.3035
400 123 0.3435
401 542 0.2828
401 546 0.4001
401 263 0.5445
401 304 0.4650
401 180 0.2602
401 379 0.4356
401 253 0.4138
402 453 0.4068
402 566 0.5193
402 260 0.3569
403 441 0.2446
403 316 0.4790
403 285 0.2370
403 458 0.2671
404 308 0.5608
404 179 0.4619
404 599 0.3865
405 314 0.2589
405 175 0.0413
405 530 0.5931
405 190 0.0830
405 44 0.1142
405 348 0.5435
406 24 0.4575
406 220 2.9822
406 225 0.0425
406 169 0.4238
407 445 0.2978
407 382 0.0362
407 84 0.4593
408 415 0.5571
408 54 0.5365
408 451 0.1981
408 481 0.5810
408 91 0.4593
408 267 0.5531
409 135 0.2193
409 555 0.1691
409 95 0.0205
409 362 0.2362
410 168 0.5625
410 371 0.3432
411 311 0.0344
411 208 0.3748
411 37 0.1431
411 366 0.1379
412 686 0.2399
412 503 0.3514
412 171 0.3728
412 265 0.5320
412 415 0.5081
412 194 0.3680
412 173 0.4444
413 515 0.1923
413 150 0.0094
414 557 0.4613
414 343 0.0175
414 439 0.5399
414 55 0.5022
414 690 0.1433
414 220 0.1317
414 394 0.4292
414 415 0.4885
415 24 0.1349
415 178 0.1791
415 44 0.4446
415 346 0.3255
415 245 0.0902
416 276 0.3716
416 278 0.3568
416 677 0.4136
417 97 0.0902
417 206 0.5578
418 483 0.5682
418 390 0.3639
418 278 0.4011
418 246 0.2272
419 107 0.5504
419 114 0.0495
419 304 0.2423
419 150 0.4646
420 532 0.4121
420 366 0.4385
420 137 0.0780
420 513 0.1869
421 15 0.4232
421 546 0.0780
422 313 0.0559
422 64 0.5970
422 210 0.0718
422 143 0.2669
422 166 0.1486
422 628 0.3086
422 216 0.5929
422 249 0.4181
423 224 0.3496
423 192 0.2664
423 569 0.3276
423 5 0.1505
423 120 0.0354
423 404 0.5275
424 286 0.1878
424 176 0.5040
424 229 0.1814
425 511 0.2038
425 533 0.2585
425 670 0.3071
425 155 0.3565
425 448 0.5575
425 194 0.3908
425 621 0.1497
425 329 0.1440
426 677 0.4881
426 438 0.1591
426 40 0.4654
426 362 0.4846
426 674 0.2788
426 33 0.4293
427 513 2.3956
427 602 0.4946
427 71 1.4253
427 108 0.4964
428 213 0.2779
428 43 0.4058
429 373 0.0385
429 233 0.2139
430 283 0.4841
430 166 0.5671
430 116 0.5280
431 708 0.5076
431 448 0.3078
432 43 0.3268
432 50 0.1329
432 139 0.5757
432 286 0.3735
432 431 0.5788
432 351 0.4156
433 695 0.4250
433 709 0.3363
433 160 0.5671
433 113 0.3116
434 160 0.4596
434 603 0.3577
434 26 0.0796
435 485 0.2447
435 521 0.0053
436 606 0.5192
436 447 0.1872
436 93 0.0195
436 665 0.5713
436 296 0.5374
436 532 0.3477
436 592 0.3647
436 511 0.4937
437 246 0.1567
437 322 0.2050
437 379 0.0503
438 701 0.3286
438 209 0.3356
438 533 0.5019
438 708 0.3950
438 436 0.2592
438 659 0.2276
439 39 0.5830
439 628 0.0940
439 112 0.1376
439 657 0.4706
440 66 0.1792
440 527 0.5059
440 575 0.3882
440 477 0.2318
440 532 0.0983
440 153 0.5427
440 526 0.0539
440 655 0.4724
441 106 0.3375
441 427 0.1015
441 230 0.3802
441 224 0.4108
441 148 0.3403
441 272 0.4679
441 474 0.0294
441 38 0.1262
441 328 0.1509
442 600 0.5290
442 260 0.0582
442 542 0.3956
442 341 0.5394
443 26 0.4532
443 705 0.4989
444 70 3.2686
444 600 0.4551
444 240 0.0859
444 580 0.3710
444 200 1.3346
444 575 0.2550
444 598 0.1655
445 323 0.0756
445 36 0.0762
445 16 0.4675
446 633 0.4465
446 423 0.2474
446 609 0.2433
446 210 0.4954
446 602 0.5736
446 499 0.5002
446 634 0.1232
447 485 0.2821
447 107 0.4123
447 201 0.3544
447 637 0.1418
447 368 0.3537
447 500 0.5750
448 207 0.4099
448 37 0.1870
448 220 0.3294
448 601 0.5547
448 345 0.0573
448 442 0.4269
448 231 0.1966
448 314 0.1656
448 460 0.1962
448 180 0.0495
449 550 0.1053
449 91 0.5437
450 221 0.5780
450 649 0.4586
450 23 0.2028
450 409 0.0594
450 347 0.2277
450 178 0.3976
450 591 0.5884
450 526 0.3862
450 300 0.5754
451 77 0.3129
451 476 0.0442
451 547 0.4609
452 461 0.3962
452 340 0.0960
452 69 1.8245
453 572 0.3920
453 288 0.1418
453 347 0.5897
454 53 0.0254
454 555 0.0727
454 145 0.1559
454 66 0.0461
454 95 0.5466
455 433 0.2206
455 456 0.5439
455 418 0.0388
455 486 0.0584
456 69 0.5516
456 588 0.2962
456 43 0.4501
457 202 0.5812
457 440 0.2162
457 482 0.3488
458 644 0.3970
458 359 0.5220
458 73 0.4019
459 584 0.2412
459 475 0.2842
459 485 0.2597
459 86 0.5286
459 666 0.2814
459 226 0.3400
459 551 0.2485
459 657 0.2431
459 538 0.4009
459 696 0.2263
460 588 0.0166
460 419 0.1364
460 689 0.5339
460 378 0.4210
460 540 0.3331
460 468 0.3530
460 490 0.4729
460 109 0.3346
461 475 0.5939
461 335 0.4927
461 87 0.3284
462 268 0.2524
462 445 0.3428
462 259 0.2989
462 329 0.5665
463 537 0.2412
463 121 0.2264
463 239 0.4736
463 177 0.3847
463 419 0.5838
463 623 0.2323
464 547 0.5849
464 160 0.0796
464 337 0.5127
464 201 0.5308
464 285 0.0282
464 300 0.5636
464 123 0.0541
464 278 0.5762
465 649 0.5921
465 74 0.3656
465 554 0.0973
465 60 0.3933
465 589 0.3695
466 495 0.3862
466 362 0.5263
466 312 0.4426
466 241 0.5622
466 29 0.3891
466 119 0.5389
467 477 0.5797
467 261 0.5617
467 226 0.5234
467 168 0.2967
467 548 0.2342
468 141 0.2126
468 328 0.3787
468 493 0.3662
468 516 0.0239
468 248 0.1715
468 255 0.2558
469 653 0.1033
469 626 0.0806
469 683 0.2195
469 153 0.1613
469 618 0.0400
470 158 0.4041
470 541 0.1852
470 157 0.4077
470 700 0.4778
471 624 0.1862
471 326 0.1552
471 564 0.3447
471 306 0.5546
471 520 0.0992
471 621 0.0810
471 555 0.4640
472 614 0.2629
472 481 0.2065
472 545 0.5955
472 412 0.1392
472 471 0.3463
473 478 0.1052
473 673 0.3947
473 47 0.0545
473 574 0.1449
473 700 0.4162
473 253 0.2051
473 242 0.2616
474 174 0.1575
474 295 0.1528
474 140 0.0511
474 65 0.0523
474 192 0.0706
475 30 0.5818
475 197 0.5289
475 206 0.4803
475 82 0.5933
475 616 0.1602
475 198 0.5296
475 260 0.3310
476 505 0.0664
476 468 0.5222
476 616 0.3865
476 97 0.0143
477 258 0.4693
477 113 0.5479
477 362 0.1079
478 78 0.2940
478 152 4.6480
478 112 0.3311
478 400 0.3313
479 496 4.0893
479 60 0.1586
480 379 0.3812
480 418 0.5240
480 13 0.3059
480 273 0.5460
480 470 0.0457
480 374 0.4485
480 187 0.2377
480 160 0.3163
481 102 0.2291
481 625 0.0047
481 673 0.1772
481 318 0.3282
481 268 0.3896
482 705 0.0040
482 93 0.5840
482 206 0.3965
482 92 0.2821
482 407 0.5887
484 546 0.0713
485 663 0.2373
485 688 0.0373
485 105 0.2238
485 589 0.1282
485 395 0.5527
485 285 0.4620
485 409 0.3567
486 604 0.4346
486 274 0.2348
487 232 0.2600
487 415 0.1713
487 692 0.1364
487 318 0.5528
487 324 0.4770
488 147 0.1037
488 318 0.4158
488 233 0.5117
488 61 0.5899
488 168 0.1108
488 328 0.5993
488 343 0.3034
488 169 0.3363
488 468 0.4987
488 555 0.1661
489 107 0.1237
489 373 0.0533
489 688 0.1363
489 130 0.5040
490 491 0.1734
491 237 0.5596
492 142 0.1578
492 173 0.0291
492 640 0.0728
493 254 0.3690
493 591 0.3274
493 112 0.3454
493 642 0.5830
493 214 0.3549
493 481 0.1901
493 651 0.1565
494 628 0.4258
494 248 0.2654
495 504 0.3971
495 43 0.1670
495 476 0.4753
495 555 0.3272
495 226 0.3788
495 432 0.5111
496 3 3.5678
496 686 0.4230
496 143 0.4661
496 234 0.1021
496 544 0.5346
496 217 0.1517
496 527 0.0282
496 130 0.3488
496 694 0.0415
497 442 0.1681
497 389 0.3619
498 427 0.3406
498 122 0.3289
498 467 0.3856
499 100 0.0579
499 225 0.2025
500 155 0.5375
500 458 0.6472
500 249 0.0819
501 360 0.2881
501 44 0.1568
501 96 0.4148
501 333 0.1359
501 294 0.0007
502 511 0.1419
502 432 0.4346
502 599 0.3027
503 634 0.4064
503 586 0.0725
503 585 0.5681
503 324 0.4344
504 334 0.2690
504 281 0.1574
505 105 0.1509
505 419 0.0556
506 270 0.5778
507 219 0.4963
507 580 0.1460
509 357 0.0666
509 655 0.5973
509 6 0.5570
509 681 0.0897
509 26 0.3060
510 502 0.0061
510 244 0.2431
510 280 0.5411
511 261 0.3877
511 653 0.5904
511 649 0.2770
511 297 0.3396
511 164 0.4333
511 579 0.2249
511 502 0.1322
511 287 0.5498
511 410 0.2970
511 382 0.1932
512 272 0.3940
512 490 0.4546
512 333 0.5245
512 422 0.1361
512 270 0.1245
512 659 0.1124
513 487 0.1779
513 366 0.5649
513 100 0.1583
514 406 0.4728
514 86 0.4889
514 676 0.2617
515 86 0.3241
515 180 0.5046
515 517 0.5807
516 132 0.5948
516 148 0.4221
516 641 0.0531
516 268 0.4938
516 18 0.3775
516 677 0.2508
516 507 0.3728
516 629 0.1172
516 675 0.5728
516 157 0.2435
516 555 0.1897
517 30 0.1428
517 275 0.2156
517 268 0.4157
518 78 0.5733
518 498 0.5024
519 202 0.4994
519 265 0.5971
519 146 0.0207
519 673 0.1656
519 629 0.1049
519 412 0.2624
520 223 0.1918
520 561 0.3066
520 55 0.2880
521 322 0.1952
521 574 0.4162
521 245 0.1893
522 490 4.6839
522 152 0.2746
522 246 0.4152
522 91 0.2279
522 20 0.2673
524 15 0.2562
524 165 0.1714
524 273 0.1684
524 396 0.5846
524 479 0.1991
524 352 0.2975
524 681 0.0216
525 199 0.3343
525 226 0.4928
526 553 0.4655
526 90 0.0514
526 494 0.1971
526 625 0.2466
527 125 0.5598
527 685 0.1178
527 305 0.3846
527 560 0.5073
527 181 0.0898
527 347 2.1930
528 314 0.2667
528 64 0.5681
528 615 0.1226
529 555 0.5716
529 254 0.1896
529 138 0.0224
529 33 0.1439
530 95 0.3791
530 551 0.2559
530 440 0.2785
530 432 0.1458
530 109 0.2137
530 596 0.3309
531 329 0.0425
531 374 0.3672
531 14 0.0346
531 496 0.4998
531 95 0.1632
532 217 0.4609
532 110 0.1863
532 37 0.3798
532 622 0.1938
532 206 0.5037
532 675 0.0446
532 200 0.1839
532 143 0.2088
533 413 0.4311
533 249 0.5052
533 234 0.0277
533 685 0.3988
533 206 0.3607
533 657 0.3523
534 100 0.5822
534 26 0.3805
534 628 0.5639
534 312 0.1771
535 168 0.4281
535 419 0.4378
535 295 0.1799
535 468 0.5368
535 80 0.4512
535 526 0.1979
535 402 0.1339
535 543 0.3423
535 270 0.4586
536 672 0.1552
536 593 0.2688
536 330 0.0568
536 147 0.0964
536 324 0.2783
536 604 0.3518
536 487 0.4369
538 583 0.5639
539 678 0.2990
539 485 4.1090
539 472 0.0409
540 498 0.3249
540 2 0.3387
540 219 0.5854
541 68 0.1852
541 151 0.0628
541 702 0.3345
541 588 0.1831
541 509 0.5573
541 649 0.3842
541 484 0.4157
542 331 0.4944
542 214 0.0540
543 430 0.4489
543 639 0.5002
543 636 0.1298
543 495 0.1591
543 188 0.3431
543 230 0.4939
543 452 0.0545
543 178 0.1563
543 429 3.3892
543 496 0.2141
544 42 0.1993
544 271 0.4171
544 699 0.4720
545 436 0.1997
545 477 0.5619
546 485 0.0893
546 121 0.2236
547 83 0.3436
547 72 0.0151
548 536 0.9362
548 594 0.1580
548 573 0.1697
548 375 0.1631
549 41 0.0811
549 127 0.3095
549 639 0.0922
549 382 0.4966
550 210 0.5973
551 350 0.0219
551 202 0.5868
551 262 0.2242
551 440 0.1241
552 474 0.0927
552 323 0.1079
552 476 0.4277
552 648 0.2667
553 312 0.3209
553 96 0.4799
554 607 0.2308
554 690 0.3906
554 401 0.3234
554 403 0.4826
555 674 0.0242
555 165 0.0345
555 420 0.4317
556 349 0.0758
556 596 0.4868
556 260 0.0937
556 691 0.3524
557 527 0.5193
557 234 0.3458
557 448 0.4640
557 256 0.1308
557 174 0.0858
558 130 0.0177
558 48 0.5957
558 64 0.1628
558 241 0.0810
558 401 0.2335
559 550 0.1209
559 255 0.1712
559 73 0.0050
559 206 0.3076
559 461 0.5377
559 61 0.5527
559 135 0.0843
560 570 0.0506
560 677 0.1562
560 655 0.1462
560 473 0.4376
561 641 0.0339
562 109 0.0437
562 1 0.5901
562 619 0.5620
562 95 0.3819
562 291 0.5435
562 87 0.2809
562 471 0.3580
562 653 0.2336
563 173 0.4089
563 176 0.4248
563 211 0.5879
563 668 0.5094
563 114 0.4530
564 146 0.0432
564 220 0.3048
564 93 0.2204
564 21 0.0825
565 532 0.5622
565 218 0.1071
565 550 0.2664
566 527 0.3066
566 611 0.5674
568 578 0.1927
568 296 0.5721
568 356 0.3740
568 290 0.0671
568 321 0.2893
568 638 0.3352
568 402 0.5520
569 431 0.0644
569 334 0.5556
569 570 0.3086
569 580 0.0294
569 289 0.4991
569 225 0.3212
570 695 0.5524
571 10 0.2938
571 690 0.5595
571 328 0.0891
571 220 0.4289
571 620 0.5205
571 567 0.4992
572 306 0.5014
572 187 0.0871
572 372 0.4559
572 543 0.1484
572 605 0.4151
573 113 0.4396
573 683 0.4182
574 12 0.0920
574 448 0.5814
574 420 0.3274
574 461 0.2318
574 253 1.9683
574 606 0.2159
575 340 0.0843
575 223 0.1645
575 242 0.5656
575 255 0.1149
575 620 0.0580
575 336 0.5618
575 572 0.0769
575 274 0.5661
575 260 0.3116
575 593 0.1598
576 496 0.0583
576 129 0.4974
576 545 0.1906
576 355 0.5014
576 218 0.0514
576 370 0.2750
577 257 0.4899
577 142 0.5462
577 242 0.0446
577 634 0.5058
577 670 0.4711
577 308 0.1557
577 79 0.1875
577 185 0.3405
578 638 3.1859
578 560 0.0734
578 218 0.0795
578 483 0.2562
578 102 0.1094
578 460 0.2257
578 541 0.5349
579 403 0.1726
579 183 0.3350
579 409 0.3739
579 74 0.1959
579 611 0.5213
579 467 0.3348
579 258 0.4291
580 516 0.3992
580 282 0.2889
580 481 0.3968
580 178 0.3071
580 354 0.5178
581 196 0.4190
581 594 0.5888
582 529 0.5740
582 434 0.0785
582 547 0.4839
582 140 0.5282
582 451 0.1873
583 438 0.4112
583 322 0.5215
583 470 0.5183
583 643 0.3164
584 706 0.2624
584 103 4.2257
584 445 0.0001
584 509 0.3194
584 249 0.0540
584 346 0.0100
584 389 0.3569
584 625 0.5361
585 138 0.4676
585 335 0.1724
585 237 0.2890
585 274 0.3521
585 59 0.3875
586 320 0.3439
586 23 0.5123
586 478 0.3874
586 321 0.2359
586 137 0.4358
587 694 0.5552
587 514 0.1123
587 440 0.1899
587 91 0.3811
587 238 0.0509
587 400 0.5222
588 141 0.3673
588 78 0.5916
588 441 0.1326
588 189 0.5173
588 384 0.4205
589 11 0.0835
589 290 0.1315
589 505 0.4769
589 155 0.0546
589 185 0.1937
589 379 0.0671
589 332 0.2124
589 193 0.5282
590 12 0.0783
590 211 0.1310
590 112 0.3365
590 705 0.3184
591 198 0.4118
591 676 0.5506
591 602 0.1009
591 116 0.0001
591 244 0.1760
591 622 0.1208
591 209 0.5793
591 533 0.2487
592 94 0.4590
592 489 0.3532
592 686 0.2589
592 2 0.3906
593 232 0.3593
593 566 0.0531
593 577 4.3290
593 329 0.4653
594 370 0.3318
594 380 0.1180
595 524 0.2022
596 706 0.1954
596 705 0.3847
597 476 0.4289
597 582 0.5356
597 119 3.9159
597 454 0.3515
598 53 0.3253
599 383 0.5739
599 682 0.0801
599 128 0.0172
599 61 0.0680
601 243 0.4666
601 151 0.2096
601 423 0.1651
601 453 0.3134
602 4 0.2889
602 413 0.5760
603 225 0.1673
603 341 0.2764
603 14 0.0531
604 224 0.0175
604 350 0.3734
605 326 0.3109
605 596 0.3143
605 55 0.1860
605 400 0.3966
606 559 0.2684
606 5 4.8880
606 221 0.0759
606 113 0.4358
606 11 0.2629
606 420 0.3468
607 303 0.3852
607 179 0.5459
607 300 0.1466
608 663 0.1196
608 178 0.3221
608 25 0.4431
608 687 0.0143
608 522 0.3874
608 8 0.0867
608 155 0.2326
609 392 0.0634
609 295 0.2052
609 502 0.2623
610 311 0.1578
610 97 0.0038
611 26 0.3212
611 445 0.4934
611 529 0.2727
611 67 0.2351
611 536 0.3503
611 94 0.3484
612 504 0.1234
612 518 0.2705
612 368 0.4539
612 199 0.3535
612 315 0.0450
613 8 0.5429
613 263 0.5234
613 127 0.1068
613 16 0.0949
613 388 0.5738
613 94 0.2307
613 93 0.5046
613 92 0.0335
614 572 0.0120
614 636 0.5732
614 178 0.5622
614 100 0.0604
614 14 0.2670
615 456 0.4917
616 269 0.2662
616 221 0.4534
617 106 0.3211
617 192 0.0646
617 78 0.4789
617 261 0.1216
617 346 0.3791
617 438 0.1870
617 299 0.3609
617 33 0.4517
618 249 0.1815
618 170 0.4001
618 379 0.4730
618 228 0.0035
619 214 0.5373
619 371 0.3297
619 412 0.2218
619 69 0.1464
619 371 0.1542
620 528 0.0454
620 191 0.1671
620 213 0.5088
620 189 0.2574
621 711 0.4084
622 52 0.1756
622 262 0.5138
622 597 0.4432
622 319 0.2213
622 248 0.5693
622 193 0.0296
622 289 0.5971
623 405 0.5848
623 473 0.0319
623 564 0.4248
623 342 0.0020
624 175 0.3041
624 254 0.4643
624 374 0.4246
624 298 0.5508
624 701 0.4904
625 519 0.2779
625 22 0.0956
625 245 0.0017
625 12 0.2601
625 213 0.0849
626 362 0.1445
626 122 0.5608
626 34 0.0664
626 357 0.2666
627 38 0.2592
627 698 0.1688
627 200 0.3089
627 232 0.3273
627 613 0.2530
627 9 0.2552
627 350 0.3232
627 557 0.1300
627 552 0.0771
627 662 0.5393
628 484 0.4567
628 673 0.1424
628 354 0.1266
628 625 0.3172
628 459 0.1260
629 370 0.2577
629 19 0.0616
629 116 0.0259
630 468 0.5557
630 556 0.3595
630 626 0.5908
630 63 0.1993
631 35 0.5167
631 394 0.0830
631 491 0.0085
631 684 0.5459
632 115 0.4579
632 600 0.0386
632 615 0.5474
632 610 0.2202
632 580 0.3670
632 443 0.1361
633 454 0.4717
633 372 0.4625
633 595 0.3950
633 418 0.3343
633 644 0.2814
633 151 0.1130
633 241 0.5419
634 176 0.5706
634 40 0.2095
634 225 0.4446
634 151 0.5681
634 292 0.2510
634 638 0.5571
635 662 0.1003
635 188 0.5693
635 378 0.1975
635 614 0.1190
635 602 0.1563
635 573 0.2953
636 555 0.5872
636 431 0.4740
636 273 0.4526
636 405 0.2662
636 401 0.4203
637 680 0.3663
637 416 0.1181
638 152 0.2321
638 58 0.4374
638 585 0.2109
638 634 0.0040
639 531 0.0499
639 268 0.0323
639 284 0.5678
640 261 0.2952
640 485 0.2760
640 118 0.3232
640 358 0.3749
641 399 0.0404
641 486 0.2136
642 569 0.2081
642 228 0.0919
642 68 0.2749
642 641 0.1573
642 136 0.1392
642 395 0.1751
643 107 0.3962
643 570 0.0477
643 662 0.4559
644 354 0.0764
644 57 0.1810
644 271 0.2048
644 647 0.3426
644 531 0.5526
644 32 0.0262
644 535 0.0591
644 627 0.0971
645 188 0.0588
645 65 3.2674
645 51 0.1757
645 296 0.2863
646 351 0.4636
647 615 0.5979
647 440 0.0833
647 618 0.0433
647 612 0.2671
648 343 0.2571
648 653 0.2079
649 336 0.0608
649 338 0.1711
649 652 0.5790
649 252 0.4879
650 217 0.4616
650 641 0.2066
650 187 0.2803
651 693 0.1120
651 432 0.1431
651 257 0.4548
652 78 0.1554
653 620 0.0422
653 41 0.0706
653 500 0.2485
654 391 0.1659
654 134 0.1981
654 403 0.1132
655 360 0.2201
655 238 0.1214
655 6 0.4399
655 112 0.2274
655 428 0.5957
656 105 0.2555
656 344 0.5387
656 567 0.0170
656 465 0.3711
656 110 0.0562
656 633 0.5703
657 311 0.0126
657 658 0.1634
657 2 0.4112
657 10 0.1028
657 694 0.2625
657 126 0.1964
657 286 0.1198
657 422 0.2191
658 678 0.3585
658 132 0.2922
658 413 0.4235
658 528 0.4189
658 486 0.4597
658 441 0.5695
658 11 0.4201
658 488 0.5708
658 4 0.1310
659 88 0.4922
659 92 0.1259
659 392 0.2474
659 450 0.1737
659 683 0.1272
660 176 0.4314
660 184 0.1780
660 410 0.2298
660 109 0.1102
660 410 0.0092
661 269 0.1574
661 332 0.4827
661 586 0.2071
661 347 0.0299
661 23 0.5689
661 536 0.5235
662 358 0.0151
662 22 0.4319
662 569 0.3694
662 291 0.5452
662 608 0.0743
662 460 0.5276
662 586 0.2647
663 490 0.4603
663 673 0.2262
663 340 0.4176
663 264 0.3356
663 673 0.4394
663 574 0.5084
664 569 0.3474
664 217 0.5777
664 331 0.5204
664 235 0.3496
664 547 0.2668
665 460 0.5121
665 175 0.0551
665 586 0.1091
665 360 0.4044
665 692 0.4958
665 370 0.1775
665 72 0.3313
665 73 0.0019
666 370 0.1084
666 102 0.2822
666 369 0.0297
667 443 0.4244
667 22 0.2554
668 624 0.4672
668 292 0.2817
668 234 0.3570
669 147 0.2665
669 32 0.5592
669 592 0.2362
669 257 0.5441
670 313 0.2894
670 264 0.4736
670 143 0.1593
670 620 0.2042
670 652 0.1351
670 14 0.4482
670 547 0.5324
670 581 0.5887
671 382 0.0040
671 148 0.1559
671 27 0.4988
671 143 0.1137
671 602 0.4802
672 286 0.5349
672 559 0.0748
672 595 0.0292
673 505 0.1128
673 383 0.4618
673 386 0.5679
673 696 0.2346
674 672 0.0508
674 603 0.0920
674 68 0.5948
674 250 0.3975
674 443 0.4387
675 538 0.3795
675 298 0.0088
675 194 0.4876
675 170 0.1625
675 230 0.5783
676 657 0.1087
676 650 0.1391
676 562 0.0175
676 487 0.3143
676 227 0.5112
676 649 0.3237
677 642 0.3632
677 637 0.2467
677 102 0.5881
677 617 0.3620
677 68 0.1401
678 155 2.7801
678 675 0.3556
678 350 0.2296
678 226 0.4560
679 633 0.3891
679 484 0.4560
679 265 0.4277
679 214 0.4534
679 354 0.5974
680 711 0.1208
680 381 0.3471
680 321 0.4738
680 587 0.0688
680 274 0.3047
680 504 4.2233
681 92 0.3786
681 583 0.1078
681 202 0.3741
682 518 0.0308
682 443 0.5375
682 708 0.5954
683 323 0.3247
683 64 0.4073
683 373 0.2890
684 571 0.2218
684 394 0.4879
684 126 0.0716
684 564 0.2034
684 140 0.4873
685 593 0.4502
685 257 0.4118
685 503 0.4498
685 142 0.4779
685 346 0.5678
685 321 0.5225
685 58 0.2814
686 301 0.0975
686 132 0.1178
686 642 0.5248
686 543 0.4140
686 122 0.5117
686 703 0.0160
687 685 0.1670
687 519 0.3158
688 703 0.4216
688 213 0.3244
688 157 0.0918
688 398 0.5913
689 217 0.0027
689 349 0.1094
690 303 0.0961
690 547 0.4240
691 404 0.3381
691 274 0.1066
691 135 0.5961
691 654 0.0492
691 527 0.1120
691 668 0.2460
691 291 3.8507
692 575 0.0366
692 435 0.4775
693 53 0.1132
693 567 0.4846
693 675 0.2970
693 323 0.2122
693 542 0.4694
693 155 0.0062
694 606 0.1175
694 206 0.2818
694 250 0.2258
694 492 0.5417
694 619 2.5739
694 206 0.2376
695 654 0.0913
695 199 0.4448
695 121 0.1126
695 368 0.5224
695 305 0.2668
696 39 0.2277
696 182 0.5296
696 408 0.3032
696 664 0.4223
696 278 0.4580
697 574 0.2785
697 303 0.1213
697 347 0.1303
697 640 0.1195
697 445 0.3632
697 591 0.2180
697 301 0.0307
698 220 0.0237
698 272 0.3822
698 464 0.2347
698 248 0.1942
699 26 0.3669
699 363 0.3123
699 228 0.5683
699 367 0.0845
700 321 0.0197
700 452 0.1058
701 643 0.5983
701 211 0.5987
702 618 0.0191
702 528 0.4642
703 108 0.2781
703 2 0.3569
703 408 0.5590
704 641 0.3147
704 647 0.0295
704 641 0.5363
705 382 0.2962
705 151 0.4062
705 308 0.5778
705 647 0.2921
705 175 0.2761
705 494 0.4241
706 302 0.2056
706 123 0.0588
706 193 0.0568
706 364 0.3747
706 430 0.5456
706 598 0.5838
707 151 0.3076
707 297 0.2496
707 609 0.2468
707 210 0.3775
708 542 0.1325
709 521 0.3154
710 248 0.5175
710 344 0.5214
710 337 4.7749
710 177 0.5034
710 400 0.4659
711 160 0.0154
711 221 0.5193
711 222 0.4266
