205 550
1 201 0.2692
2 33 0.5834
3 167 0.4951
3 129 0.2464
3 34 0.2995
3 94 0.0995
3 147 0.1250
4 7 0.3312
4 152 0.1915
4 126 0.5325
5 192 4.1311
5 29 0.0861
5 152 0.5431
5 8 0.3726
5 122 0.3795
6 56 0.0944
7 76 0.0358
8 23 0.5903
8 155 0.0043
9 194 0.3877
9 83 0.2247
10 100 0.0263
11 32 0.2595
11 125 0.4701
11 125 0.4040
11 173 0.3448
11 66 0.1705
11 107 0.2371
11 65 0.0688
12 204 0.5324
12 151 0.0074
13 27 0.2043
13 182 0.2006
13 74 0.4004
14 1 0.3019
14 143 0.3091
14 194 0.4703
15 60 0.2922
15 111 0.4490
15 143 0.1598
16 8 0.4479
16 140 0.5768
16 117 0.4752
16 110 0.3396
17 52 0.2796
17 9 0.0466
17 66 0.5172
18 200 0.2185
18 79 0.1991
18 46 0.1710
18 83 0.1802
18 70 0.3140
18 121 0.3688
19 44 0.2879
19 130 0.1947
19 40 0.1711
20 139 0.3766
20 120 0.0720
20 86 0.0651
21 195 0.4952
21 7 0.3658
21 126 0.1852
21 23 0.5546
21 193 0.1825
21 82 0.2870
22 81 0.2013
22 126 0.4910
22 89 0.3491
23 38 0.1418
23 171 0.4216
24 47 0.3604
25 22 0.4131
25 197 0.1264
25 159 0.3952
25 24 0.1441
25 163 0.5575
26 189 0.4901
26 7 0.2467
26 4 0.5258
27 173 0.3627
27 83 0.5577
28 140 0.2983
28 153 0.2160
29 160 0.5732
29 40 0.5060
29 69 0.5137
29 194 0.1689
30 202 0.4753
31 139 0.1468
31 75 0.5109
31 49 0.1639
32 77 0.3139
33 167 0.4149
33 46 0.2800
33 63 0.0617
34 184 0.5896
34 142 0.0098
34 144 0.1348
34 98 0.4208
34 86 0.3675
35 129 0.1890
35 137 0.2291
35 5 0.3829
36 111 0.4130
37 200 0.0171
38 82 0.3570
39 151 0.0204
40 28 0.0041
40 97 0.4964
41 203 0.5901
41 82 0.5295
41 5 0.0346
41 180 0.1723
42 21 0.4277
42 51 0.5158
42 90 0.3491
43 81 0.1640
43 189 0.3587
44 168 0.2854
44 82 0.0707
45 168 0.3263
47 11 0.2352
47 185 0.0333
47 77 0.3953
48 72 0.0772
49 32 0.3800
49 76 0.2357
49 54 0.1279
50 70 0.5144
51 78 0.4399
51 167 0.2095
51 109 0.4483
51 114 0.2485
52 152 0.4236
52 59 0.2328
52 4 0.3622
53 139 0.3137
53 65 0.1138
53 67 0.4464
53 165 0.0269
53 204 0.1585
53 95 0.5239
53 83 0.5876
54 33 0.5427
54 88 0.0779
54 22 0.1549
54 114 0.0667
55 38 0.3931
55 69 0.2945
55 204 0.1764
55 64 0.0881
55 32 0.1030
56 43 0.1650
57 13 0.5920
57 18 0.2211
57 18 0.3373
57 174 4.4111
57 191 0.5135
57 4 0.0047
58 78 0.3626
58 146 0.3101
58 205 0.1053
59 70 0.5409
59 35 0.4677
61 48 0.2309
63 48 0.3967
64 17 0.1591
64 118 0.1826
64 43 0.2717
65 109 0.5410
65 128 0.1887
65 162 0.0845
65 14 0.3180
65 26 0.3397
66 91 0.1034
66 1 0.1762
66 205 0.0708
67 17 0.2859
67 47 0.3902
67 100 0.2698
67 88 0.0023
68 136 0.1314
70 100 0.5391
70 79 0.2570
70 164 0.1709
71 43 0.0751
71 29 0.0932
71 131 0.2444
72 38 0.1183
72 28 0.5997
72 12 0.2642
72 130 0.5601
72 120 0.4084
72 32 0.4694
72 98 0.1301
73 134 0.1625
73 70 0.5145
73 113 0.5111
74 106 0.5785
74 82 0.3705
74 62 0.5027
74 116 0.4356
75 101 0.5129
75 122 0.5467
75 107 0.1424
76 199 0.3947
76 115 0.5417
76 54 0.5859
78 131 0.5109
79 72 0.4459
79 141 0.3695
79 74 0.1927
80 61 0.4638
80 111 0.0641
81 175 0.3595
81 148 0.3114
81 102 0.3247
81 110 0.4038
82 26 0.1200
82 43 0.3672
82 97 0.5636
84 125 0.3874
84 205 0.3743
84 143 0.1175
85 51 0.4996
86 113 0.2401
86 40 0.0153
87 155 0.5941
87 25 0.2499
88 41 0.4788
88 180 0.4435
88 144 0.4511
88 89 0.5248
89 77 0.2249
89 11 0.4039
89 36 0.0423
90 86 0.1532
90 56 0.5333
90 158 0.5044
90 40 0.0216
90 144 0.2916
90 129 0.1862
91 91 0.0643
91 186 0.0047
91 50 0.4545
91 29 0.4919
92 6 0.4193
93 66 0.3283
93 145 0.1052
94 142 0.4168
94 72 0.1917
94 110 0.3408
95 44 0.4284
95 180 0.0889
95 107 0.3842
96 44 0.5780
96 25 0.3484
96 120 0.5937
97 160 0.5785
97 2 0.2752
97 142 0.5319
97 27 0.2594
97 119 0.5168
98 197 0.4180
98 63 0.3655
98 50 0.3147
98 125 0.2303
99 123 0.1644
99 57 0.1337
99 104 0.1976
100 35 0.1630
100 69 0.4872
101 22 0.1306
101 103 0.3183
103 123 0.2139
103 138 0.4773
103 123 0.1950
104 134 0.0723
104 110 0.4921
104 71 0.0339
105 195 0.4938
105 15 0.0571
106 103 0.3873
106 126 0.5102
106 10 0.0472
107 159 0.2207
107 165 0.2652
107 120 0.5843
107 184 0.4816
107 153 0.4927
107 43 0.3658
107 135 0.1072
107 28 0.2195
107 114 0.1955
108 22 0.1046
108 50 0.4847
108 13 0.0726
109 60 0.5860
110 1 0.0835
110 71 0.2166
111 85 0.2771
111 33 0.3983
111 72 0.3595
111 181 0.2114
112 176 0.0197
112 111 0.2285
113 168 0.5634
113 44 0.2577
113 69 0.1591
114 13 0.2558
114 135 0.3769
115 94 0.5817
115 142 0.2083
116 25 0.1067
116 183 0.1915
116 168 0.3019
116 200 0.4134
116 98 0.1190
116 168 2.5365
118 48 0.1111
119 71 0.1474
119 159 0.1760
119 177 0.1143
120 182 0.5606
120 59 0.0091
120 155 0.5147
121 29 0.1700
121 180 0.3669
121 137 0.3479
121 162 0.4554
123 3 0.5769
123 135 0.4524
124 23 0.3876
124 135 0.5286
125 9 0.0764
125 179 0.1014
126 148 0.4815
126 126 0.2476
126 203 0.3805
126 9 0.1593
127 108 0.0864
128 64 0.2703
129 16 0.2046
130 64 0.4843
130 76 0.0798
130 51 0.2107
130 91 0.3630
130 173 0.3464
131 44 0.2969
131 42 0.0087
132 2 0.0272
132 102 0.5981
133 86 0.4695
133 28 0.1236
133 2 0.2203
133 47 0.0344
134 38 0.0958
134 128 0.0490
134 107 0.1376
134 4 0.4406
135 149 0.1419
136 71 0.0455
136 96 0.5195
136 124 0.2047
137 191 0.0366
137 124 0.1419
137 180 0.5132
138 192 0.2726
138 77 0.3778
138 66 0.1523
139 33 0.3840
140 105 0.5947
140 67 0.5553
140 184 0.2477
140 56 0.4661
140 20 3.2143
141 158 0.2392
141 38 0.2567
142 201 0.3169
142 86 0.2863
142 166 0.5604
142 8 0.3768
143 127 0.1492
143 142 0.0658
144 160 0.4512
144 28 0.4954
144 156 0.4893
144 145 0.4510
144 81 0.5406
145 87 0.1312
146 98 0.5646
146 198 0.3769
146 41 0.5139
147 150 0.0325
147 31 0.5321
147 103 0.2261
148 188 0.4437
148 4 0.1260
148 67 0.3523
149 38 0.3026
149 187 0.3022
149 6 0.5820
149 180 0.5346
150 131 0.0439
151 119 0.0887
151 90 0.5080
151 47 0.2022
151 128 0.1214
151 92 0.5756
152 112 0.0961
152 143 0.3245
153 126 0.4101
153 25 0.0741
154 145 0.3413
155 185 0.4694
155 128 0.2645
156 204 0.0491
156 94 0.5677
156 195 0.5225
156 43 0.2712
157 172 0.5741
157 156 0.2548
157 30 0.0909
158 188 0.4636
158 44 0.4362
158 47 0.4202
158 5 0.5041
159 71 0.3541
159 17 0.3459
159 77 0.4609
159 15 0.5195
161 5 0.2934
161 180 0.2316
161 88 0.4845
161 30 0.4554
161 159 0.5798
161 107 0.3404
162 149 0.5770
163 125 0.0796
164 96 0.4126
164 173 0.4600
164 40 0.2684
164 46 0.0204
165 83 0.1454
165 3 0.0646
165 5 0.1471
165 137 0.3836
166 14 0.1320
166 141 0.4867
166 155 0.4026
166 129 0.5159
167 177 0.3017
167 118 3.6639
168 50 0.4318
168 14 0.4828
168 145 0.5479
169 117 0.2624
169 166 0.0043
169 178 0.4143
169 167 0.2783
170 11 0.5148
170 32 0.0837
171 84 0.2604
172 162 0.2254
172 188 0.4201
173 33 0.1024
174 2 0.4243
174 6 0.4835
174 131 0.3798
175 102 1.4423
175 139 0.1276
175 41 0.4409
176 100 0.1947
176 84 0.5965
177 87 0.0421
177 76 0.1759
178 40 0.4905
178 30 0.5306
180 82 0.5706
180 23 0.2601
180 140 0.0660
180 6 0.5714
182 165 0.1531
183 53 0.3085
183 168 0.1201
183 126 0.2772
183 154 0.0660
183 198 0.2984
184 42 0.2698
184 44 0.1715
184 4 0.3714
185 135 0.2336
185 48 0.5598
186 76 0.4290
187 194 0.0046
187 125 0.1326
187 33 0.1109
188 178 0.0803
188 152 0.5507
188 6 0.4688
189 134 0.2574
190 160 0.5688
190 164 0.0288
190 172 0.2912
191 144 0.5414
191 26 0.2697
191 10 0.4414
191 101 0.4842
191 199 0.2828
192 100 0.2083
192 91 0.1739
192 38 0.4760
192 179 0.5899
192 195 0.4213
193 104 0.1160
193 178 0.0539
193 2 0.1171
193 193 0.5871
193 181 0.4606
194 13 0.1329
194 20 0.5567
194 141 0.3222
195 51 0.0809
197 70 0.5400
197 138 0.0708
198 3 0.3111
198 25 0.3160
198 64 0.0835
198 95 0.2761
198 193 2.5647
199 202 0.4564
199 94 0.3032
199 27 0.5121
199 162 0.0524
199 134 0.2344
200 56 0.5109
200 110 0.0873
200 45 0.5339
201 115 0.1671
201 124 0.2273
202 17 0.4050
202 168 0.0840
203 111 0.3938
203 125 0.2926
203 74 0.2501
203 163 0.4461
204 145 0.2616
205 108 0.4217
205 62 0.4952
205 115 0.2173
