152 1410
1 81 0.4078
1 75 0.0028
1 117 0.5807
1 41 0.4754
1 49 0.1565
1 51 0.4864
1 28 0.2697
1 7 0.4921
2 79 0.3245
2 119 0.4190
2 54 0.0965
2 106 0.3232
2 43 0.0350
2 91 0.3846
2 102 0.0128
2 148 0.5019
3 74 0.0687
3 136 0.1013
3 145 0.5053
3 25 0.3116
3 91 0.2550
4 149 0.4640
4 96 0.5939
4 35 0.3904
4 141 0.0553
4 21 0.0124
4 1 0.1918
4 9 0.0667
4 85 0.4302
4 118 0.1456
4 100 0.5273
4 53 0.4781
5 66 0.1288
5 104 0.5528
5 114 0.1377
5 79 0.2809
5 20 0.5945
5 132 0.2807
5 139 0.5382
5 39 0.5367
5 12 0.1061
5 82 0.3730
5 127 0.0537
5 14 0.3160
6 105 0.2261
6 142 0.5740
6 144 0.3037
6 142 0.0185
6 34 0.0548
6 147 0.0482
6 36 0.4500
6 28 0.5145
6 42 0.0041
6 53 0.4326
6 110 0.2343
6 49 0.0349
6 121 0.4695
7 3 0.0123
7 108 4.7167
7 33 0.5566
7 21 0.3030
7 12 0.5837
7 4 0.5199
7 76 0.3030
7 56 0.2643
7 71 2.1578
7 99 0.2105
7 68 0.0403
8 68 0.5507
8 63 0.5879
8 121 0.1535
8 19 0.5699
8 140 0.5503
8 41 0.3693
8 52 0.4147
8 64 0.0961
8 6 0.0675
8 142 0.4124
9 64 0.4283
9 37 0.1101
9 108 0.2314
9 89 0.3155
9 30 0.0146
9 18 0.1030
9 115 0.4709
9 100 0.2877
9 11 0.1376
9 77 0.0729
9 52 0.2544
9 44 0.2380
9 143 0.1310
10 28 0.2122
10 149 0.4232
10 92 0.1686
10 82 0.2858
10 4 0.0213
10 28 0.4777
10 111 0.1872
11 109 0.3654
11 114 0.3323
11 62 0.5827
11 34 0.3081
11 92 0.1988
11 114 0.4626
11 129 0.1555
11 57 0.0034
11 87 0.5849
12 69 0.0600
12 50 0.4049
12 78 0.1900
12 7 0.0772
12 148 0.0570
13 71 0.2811
13 106 0.1824
13 49 0.1549
13 144 0.0400
13 6 0.4648
13 47 0.3271
13 132 0.2317
14 140 0.2767
14 94 0.1760
14 49 0.2032
14 141 0.0767
15 69 0.3849
15 31 0.4998
15 42 0.5610
15 58 0.1898
15 8 0.0084
15 52 0.5758
15 125 0.3412
15 7 0.3418
15 69 0.4713
15 120 0.5157
15 98 0.3894
15 45 0.1591
15 138 0.4347
15 94 0.5733
15 61 0.5034
16 55 0.2771
16 44 0.1727
17 137 0.2196
17 31 0.4015
17 132 0.4201
18 59 0.1855
18 11 0.2512
18 122 0.2594
18 106 0.0827
18 78 0.3842
18 22 0.4339
18 103 0.3151
18 57 0.5198
18 8 0.0626
19 31 0.1253
19 106 0.4499
19 97 0.0168
19 26 0.0917
19 104 0.4399
19 77 0.4334
19 64 0.2103
19 107 0.1842
19 83 0.4612
19 23 0.1942
19 110 0.3089
19 71 0.4935
20 63 0.2626
20 24 0.0908
20 49 0.3693
20 92 0.4245
20 97 0.3905
20 84 0.3993
20 80 0.3917
20 55 0.0054
21 50 0.5840
21 85 0.4441
21 33 0.5757
21 149 0.1901
21 23 0.5628
21 77 0.5249
21 106 0.1807
21 12 0.0448
21 4 0.4327
21 109 0.2398
21 5 0.0070
21 125 0.5021
21 38 0.2449
22 23 0.4417
22 88 0.2807
22 43 0.4320
22 90 0.4891
22 127 0.0632
22 135 0.1842
22 30 0.5392
22 14 0.1297
23 81 0.0173
23 115 0.1766
23 41 0.4122
23 45 0.1923
23 53 0.5367
23 19 0.4664
23 105 0.5983
23 70 0.4842
24 3 0.2790
24 120 0.2839
24 59 0.0298
24 99 0.3469
24 65 0.3466
24 111 0.5231
24 61 0.0623
24 84 0.2587
24 43 0.0541
25 134 0.3126
25 44 0.0229
25 89 0.4061
25 12 0.3790
25 12 0.3770
25 146 0.0782
25 11 0.1699
25 67 0.3338
26 29 0.1032
26 9 0.1983
26 56 0.2403
26 58 0.1812
26 107 0.4945
26 58 0.3428
26 21 0.4951
26 2 0.0881
26 100 0.4061
26 54 0.1867
27 77 0.2051
27 41 0.5750
27 58 0.4206
27 118 0.4791
27 27 0.0037
27 96 0.2635
27 5 0.5901
27 119 0.4681
27 31 0.0716
27 85 0.2204
27 13 0.5636
27 24 0.3408
27 139 0.1764
28 93 0.4563
28 92 0.1994
28 6 0.5042
28 45 0.3305
28 39 0.0693
28 40 0.0331
28 94 0.1941
28 22 0.1732
28 8 0.4998
28 38 0.5464
29 146 0.5708
29 148 0.4866
29 2 0.1027
29 138 0.5169
29 12 0.2450
29 147 0.4847
30 50 0.3872
30 136 0.0855
30 131 0.4943
30 71 0.5383
30 107 0.3141
30 58 0.1587
30 134 0.3015
30 1 0.0217
30 63 0.0537
30 122 0.2633
31 11 0.0868
31 65 0.1249
31 4 0.3628
31 98 0.1451
31 133 0.0564
31 143 0.4551
31 7 0.2690
31 106 0.5397
31 38 3.2902
31 49 0.3544
31 114 0.3239
31 38 0.4074
31 10 0.5795
31 42 0.4803
31 93 0.2061
31 133 0.0872
32 79 0.5993
32 20 0.2159
32 75 0.4413
32 14 0.3375
32 13 0.5381
32 111 0.0275
32 145 0.5125
32 78 0.2514
33 36 0.3931
33 51 0.4355
33 130 0.2901
33 2 0.3375
33 25 0.0519
33 138 0.3006
33 35 0.1448
34 145 0.5634
34 144 0.2643
34 20 0.3328
34 145 0.4122
34 37 0.1833
34 98 0.0454
34 92 0.0135
34 133 0.2034
34 133 0.5937
34 136 0.1071
34 112 0.5303
34 46 0.1198
34 42 0.4766
34 55 0.2930
34 103 0.3054
34 52 0.0161
34 147 0.5928
35 12 0.3584
35 5 0.4530
35 89 0.5252
35 146 0.2180
35 141 0.2081
35 49 0.0195
35 27 1.3392
35 95 0.2388
35 95 0.1617
36 101 0.0208
36 94 0.2385
36 109 0.5804
36 5 0.4386
36 63 0.3240
36 98 4.5184
36 75 0.5248
36 108 0.5911
36 139 0.2370
36 45 0.3217
37 73 0.5856
37 111 0.4990
37 82 0.0076
37 104 0.5041
37 20 0.5238
37 8 0.4311
37 73 0.4903
37 25 0.4334
37 134 0.5628
37 112 0.1107
38 28 0.2020
38 42 0.5804
38 144 0.1277
38 23 0.5134
39 6 0.2031
39 25 0.2888
39 151 0.4028
39 150 0.4582
39 17 0.5172
39 58 0.4503
39 29 0.5639
39 40 0.5238
39 54 0.1733
40 70 0.3457
40 34 0.0081
40 65 0.4357
40 4 0.3673
40 80 0.3656
41 75 0.5921
41 143 0.4595
41 149 0.4585
41 124 0.0646
41 28 0.3003
41 16 0.0253
41 7 0.0600
41 10 0.2836
42 130 0.0027
42 2 0.5656
42 119 0.4859
42 65 0.1933
42 119 0.2196
42 133 0.5545
42 32 0.2236
42 67 0.3906
42 148 0.5204
42 68 0.0337
42 11 0.2711
42 24 0.3573
43 59 0.0500
43 75 0.4834
43 56 0.4004
43 113 0.0963
43 143 0.0580
43 49 0.2619
43 36 0.2641
43 32 0.4288
43 98 0.1180
43 141 0.3904
44 82 0.5524
44 77 0.4758
44 80 0.3298
44 94 0.3547
44 115 0.1888
44 105 0.4977
44 77 0.2415
44 89 0.0396
44 6 0.3160
44 131 0.0254
44 71 0.1013
44 68 0.5911
44 147 0.5479
45 7 0.2250
45 12 0.0490
45 133 0.2793
45 90 0.1326
45 131 0.2746
45 42 0.5420
45 11 0.0400
45 124 0.1013
45 13 0.0021
46 96 0.0902
46 73 0.0124
46 101 0.5534
46 142 0.5511
46 66 0.5558
46 13 0.1627
46 72 3.0153
46 40 0.0597
46 136 0.1986
46 131 0.0846
47 91 0.0083
47 97 0.3775
47 57 0.0240
47 17 0.1747
47 80 0.4392
47 97 0.2980
47 58 0.5741
47 68 0.1750
47 57 0.3706
47 48 0.0112
47 3 0.4473
47 118 0.5256
47 12 0.5371
47 138 0.0624
47 84 0.2108
47 151 0.5440
48 146 0.4058
48 63 0.5834
48 112 0.4750
48 68 0.3882
48 133 0.1549
48 142 0.4915
48 127 0.2468
49 149 0.1168
49 47 0.5455
49 113 0.4902
49 73 0.2228
49 103 0.3588
49 57 0.3585
49 142 0.1499
49 106 0.3052
49 61 0.5495
50 78 0.5965
50 25 0.2303
50 140 0.5591
50 44 0.3405
50 91 0.0845
50 22 0.2632
50 83 0.4702
50 30 0.4680
50 134 0.1466
50 93 0.5770
50 21 0.2389
51 125 0.1649
51 144 0.3706
51 91 0.4587
51 25 0.4854
51 138 0.4227
51 38 0.4508
51 77 0.4685
51 96 0.2524
51 115 0.1062
51 131 0.2456
51 116 0.2584
52 38 0.4625
52 75 0.3658
52 23 0.5333
52 85 0.4699
52 68 0.5533
52 70 0.4331
52 92 0.4526
52 19 0.1264
52 63 0.4006
52 126 0.3557
52 132 0.0964
53 92 0.2456
53 114 0.5958
53 13 0.5245
53 127 0.4072
53 135 0.0291
53 88 0.5988
53 34 0.3333
53 1 0.3283
53 57 0.3730
53 101 0.5813
53 74 0.3526
54 70 0.1440
54 55 0.3795
54 122 0.1208
54 102 0.5546
54 93 0.4740
54 90 0.4352
54 19 0.5330
55 120 0.0476
55 117 0.4371
55 102 0.0542
55 112 0.3710
55 49 0.5295
55 23 0.5611
55 144 0.4555
55 33 0.1322
55 33 0.5256
55 118 0.1228
55 107 0.2594
56 152 0.1077
56 33 0.1454
56 44 0.5738
56 7 0.0591
56 134 0.1774
56 88 0.4809
56 51 0.4705
56 149 0.3549
56 88 0.4775
56 4 0.3687
56 26 0.3272
57 143 0.0990
57 116 0.5194
57 96 0.0644
57 47 0.2235
57 44 0.4546
57 117 0.5174
57 18 0.5204
57 25 0.3478
57 111 0.5199
58 85 0.5667
58 105 0.1327
58 30 0.4408
58 56 0.2899
58 3 0.0395
58 130 0.4562
58 123 0.1754
58 129 0.3972
58 60 0.2481
58 108 0.4523
59 94 0.4781
59 111 0.3244
59 113 0.4486
59 6 0.5094
59 25 3.7743
59 147 0.4924
59 95 0.5580
59 6 0.1844
59 122 0.5390
60 82 0.4198
60 10 0.0094
60 135 0.5280
60 15 0.4538
60 24 0.0997
60 62 0.2482
60 29 0.4491
60 35 0.2849
60 17 0.5427
60 27 0.2292
60 64 0.4897
60 116 0.5602
60 117 0.4783
60 89 0.5004
60 121 0.5580
61 67 0.5692
61 78 0.4933
61 46 0.5153
61 34 0.4553
61 44 0.5897
61 114 0.1943
61 16 0.0198
61 32 0.1760
61 98 0.4872
61 120 0.5439
61 139 0.5672
61 127 0.0016
61 101 0.2970
62 29 0.1517
62 124 0.2314
62 1 0.5364
62 98 0.4360
62 18 0.5667
62 49 0.3882
62 110 0.0411
62 74 0.2846
62 130 0.0992
62 145 0.2383
63 4 0.5616
63 75 0.2418
63 67 0.0602
63 65 0.5310
63 109 0.1365
63 2 0.0553
63 70 0.4577
63 26 0.1443
63 128 0.3486
63 115 0.4257
63 59 0.4309
63 19 0.0132
63 136 0.4454
64 120 0.1545
64 79 0.4672
64 66 0.0703
64 89 0.3507
64 82 0.3309
64 122 0.2222
64 115 0.2667
64 140 0.0073
64 90 0.5223
64 3 0.5282
64 58 0.2031
65 58 0.1318
65 78 0.5050
65 134 0.4806
65 43 0.2808
65 144 0.0134
65 133 0.2448
65 36 0.5473
65 79 0.1922
65 118 0.4122
66 28 0.3803
66 121 0.3241
66 142 0.2116
66 41 0.1202
66 96 0.2254
66 125 0.2576
66 32 0.1356
66 82 0.2410
66 83 0.2720
66 12 0.3432
66 133 0.5157
66 119 0.1434
66 93 0.1827
66 11 0.2460
67 27 0.4303
67 106 0.4882
67 75 0.1622
67 39 0.1422
67 130 0.2176
67 38 0.5394
67 96 0.2013
67 9 0.3173
67 147 0.1433
68 121 0.4162
68 25 0.1188
68 63 0.1806
68 61 0.0492
68 114 0.3563
68 73 0.1321
68 63 0.4455
68 89 0.0714
69 148 0.2401
69 143 0.3862
69 14 0.2688
69 146 0.1948
69 79 0.0260
69 149 0.2120
69 13 0.0753
69 76 0.1511
69 90 0.0047
69 5 0.2635
69 134 0.1906
69 24 0.5757
69 66 0.1479
69 61 0.5420
69 137 0.0085
70 72 0.2271
70 113 0.4530
70 124 0.1226
70 145 0.1427
70 109 0.3452
70 138 0.2917
70 65 0.2294
70 22 0.4296
70 80 0.5477
70 140 0.2500
70 47 0.1508
70 34 0.1122
71 123 0.3169
71 28 0.4794
71 66 0.4881
71 47 0.5794
71 60 0.2631
71 119 0.1875
71 97 0.0220
71 145 0.0319
71 122 0.0945
71 141 0.4986
72 72 0.1486
72 71 0.5393
72 49 0.5193
72 10 0.1422
72 11 0.2761
72 93 0.0125
72 15 0.0371
72 128 1.6813
72 8 0.1088
72 105 0.2362
72 92 0.4017
72 62 0.3794
72 24 0.4887
72 24 0.3748
73 29 0.3886
73 129 0.4071
73 31 0.1681
73 24 0.3280
73 87 0.4851
73 54 0.1958
73 111 0.2599
73 58 0.1690
74 25 0.4510
74 58 0.5074
74 58 0.3076
74 44 0.1084
74 106 0.3563
74 121 0.5264
74 42 0.4213
74 136 0.0434
75 112 0.5527
75 125 0.3121
75 112 0.1381
75 4 0.5968
75 104 0.3212
75 104 0.5350
75 147 0.3181
76 115 0.3363
76 138 0.5437
76 37 0.5945
76 138 0.0727
76 84 0.0938
76 30 0.5958
77 151 0.1476
77 117 0.5611
77 131 3.0878
77 66 0.3229
77 23 1.8222
77 92 0.1348
77 69 0.3646
77 151 0.5568
77 109 0.0495
77 53 0.4346
77 116 0.2819
77 56 0.1003
77 69 0.3009
77 2 0.2268
78 151 0.4784
78 86 0.5195
78 119 0.1570
78 112 0.5241
78 69 0.1577
78 102 0.3721
78 93 0.0441
78 29 0.3842
78 19 0.1184
78 142 0.4198
79 151 0.3800
79 21 0.4204
79 151 0.0855
79 37 0.5852
79 148 0.5413
79 3 0.1636
79 60 0.4530
79 118 0.0191
79 50 0.1814
79 150 0.2957
79 77 0.0283
80 58 0.3515
80 88 0.5258
80 35 0.5062
80 63 0.1378
80 16 0.0711
81 2 0.4658
81 126 0.0013
81 71 0.3275
81 142 0.1764
81 27 0.0677
81 123 0.2546
81 85 0.1409
82 83 0.4994
82 127 0.0509
82 83 0.4769
82 80 0.1897
82 74 0.2083
82 28 0.0704
83 11 0.4485
83 59 0.4359
83 92 0.4127
83 123 0.2718
83 69 0.5099
83 57 0.4937
83 30 0.5331
83 120 0.3811
83 86 0.0270
83 69 0.5013
83 94 0.0239
83 149 0.1778
84 41 0.3972
84 145 0.2225
84 86 0.4541
84 126 0.1737
84 128 0.3183
84 41 0.1468
84 83 0.2950
84 46 0.3129
84 37 0.5763
84 75 0.4744
84 119 0.1405
84 147 0.0351
84 60 0.1087
84 97 0.3246
84 30 0.4871
84 77 0.3565
85 151 0.3736
85 117 0.2812
85 2 0.3968
85 21 0.3612
85 56 0.0364
85 83 0.4270
85 68 0.4808
86 64 0.0563
86 86 0.5373
86 39 0.1715
86 53 0.3471
86 151 0.4870
86 134 0.0028
86 20 0.3726
87 96 0.2229
87 113 0.4278
87 90 0.1617
87 43 0.3232
87 29 0.0750
87 150 0.1826
87 114 0.0981
87 150 0.0187
88 74 0.5966
88 72 0.4951
88 47 0.3111
88 28 0.4240
88 134 0.3929
88 112 0.2375
88 122 0.1882
88 70 0.4952
89 131 0.3721
89 70 0.4502
89 40 0.0092
89 13 0.4269
89 35 0.1598
89 98 0.4999
89 108 0.4256
89 140 0.5093
90 145 0.4959
90 83 0.0162
90 100 0.0692
90 147 0.0077
90 42 0.4214
91 139 0.1445
91 6 0.1514
91 89 0.4570
91 133 0.1768
92 121 0.4299
92 46 0.1091
92 98 0.1647
92 143 0.0323
92 38 0.3397
93 100 0.0758
93 7 0.3881
93 82 0.1326
93 2 0.1567
93 75 0.5528
93 136 0.4794
93 8 0.4972
93 23 0.1608
94 72 0.2257
94 12 0.4913
94 83 0.0035
94 31 0.1472
94 78 0.1639
94 145 0.5671
94 52 0.2072
94 33 0.2597
94 54 0.2320
95 137 0.5764
95 13 0.3918
95 8 0.1755
95 78 0.4461
95 151 0.4518
95 60 0.4645
95 91 0.5145
95 96 0.5365
95 140 0.1380
95 32 0.2829
95 65 0.1872
95 130 0.5194
95 52 0.2332
95 75 0.1295
95 138 0.0268
95 79 0.3782
95 103 0.1512
96 3 0.1127
96 33 0.3790
96 148 0.1168
96 9 0.2872
96 120 0.1506
96 51 0.5528
96 126 0.4122
97 77 0.3214
97 8 0.4341
97 72 0.3105
97 101 0.0329
97 134 0.1019
97 5 0.2133
97 112 0.0030
97 133 0.0388
97 17 0.1947
97 79 0.4993
98 110 0.5839
98 114 0.3281
98 131 0.1317
98 42 0.5120
98 104 0.4002
99 20 0.1243
99 33 0.4255
99 49 0.2470
99 84 0.5587
99 133 0.0567
99 126 0.3062
99 32 0.1661
100 129 0.3582
100 140 0.4289
100 137 0.0422
100 149 0.3154
100 38 0.2183
100 86 0.4478
101 96 0.4540
101 83 0.1973
101 101 0.4697
101 41 0.5931
101 117 0.0523
101 48 0.0914
101 79 0.0297
101 39 0.1288
101 41 0.0316
101 120 0.3148
102 125 0.1443
102 41 0.2940
102 53 0.5528
102 121 0.1739
102 62 0.1487
102 28 0.1995
102 20 0.3970
103 83 1.2763
103 63 0.4014
103 15 0.5521
103 131 0.0283
103 72 0.1440
103 24 0.2443
103 97 0.4817
103 10 0.1565
103 92 0.4701
104 31 0.4644
104 14 2.7481
104 87 0.2376
104 102 0.3842
105 101 0.2327
105 55 0.0527
105 1 0.1303
105 136 0.0173
105 55 0.2114
105 103 0.0264
105 134 0.4710
105 92 3.7907
105 15 0.5935
105 123 0.2391
105 147 0.0898
105 17 0.0605
105 76 0.2148
105 6 0.5675
106 53 0.1339
106 34 0.2321
106 26 0.1511
106 100 0.1446
106 83 0.0956
106 28 0.2112
107 135 0.3108
107 11 0.2314
107 28 0.5140
107 97 0.2901
107 149 0.5916
107 55 0.3851
107 131 0.4562
107 147 0.1555
107 82 0.5169
107 42 0.2774
107 135 0.0651
107 73 0.2970
108 147 0.1262
108 120 0.5453
108 102 0.3726
108 138 0.0224
108 74 0.3801
108 100 0.2062
108 120 0.5345
108 58 0.1319
108 120 0.3237
108 103 0.3941
108 108 0.0743
108 121 0.2309
108 14 0.2371
108 6 0.3987
108 81 0.1482
108 49 0.4463
109 62 0.0787
109 15 0.2104
109 65 0.0403
109 115 0.0151
109 93 0.0085
109 4 0.1311
109 134 0.4643
109 138 0.4954
109 51 0.2525
109 78 0.5540
109 112 0.5759
110 118 0.5736
110 145 0.1602
110 56 0.3524
110 17 0.0881
110 28 0.3454
110 39 0.0078
110 58 0.4371
110 50 0.1460
111 43 0.3172
111 51 0.2019
111 81 0.0913
111 37 0.5319
111 134 0.2297
111 50 0.2283
111 36 0.4789
111 148 0.2516
111 135 0.0636
111 31 0.0892
111 120 0.1800
111 57 0.5708
111 133 0.3176
111 68 0.3048
112 149 0.2975
112 76 0.0893
112 31 0.0312
112 63 0.2363
112 18 0.5270
112 94 0.0349
112 11 0.2762
112 27 0.1547
112 102 0.2795
113 85 0.4670
113 16 0.1848
113 38 0.0257
113 52 0.2741
113 118 0.4846
113 54 0.5802
113 66 0.4961
113 93 0.4702
113 76 0.3337
114 124 0.3201
114 73 0.1608
114 84 0.0383
114 20 0.1464
114 68 0.1433
114 75 0.4301
115 89 0.2402
115 10 0.3960
115 102 0.0531
115 113 0.1370
115 107 0.4377
115 46 0.2485
115 9 0.0160
116 8 0.2512
116 95 0.2204
116 46 0.0746
116 73 0.2725
116 49 0.3220
116 63 0.3177
116 144 0.5493
116 45 0.3154
116 119 0.4268
117 151 0.1893
117 123 0.3590
117 115 0.5230
117 77 0.5739
117 100 0.5557
117 146 0.5036
117 98 0.4817
117 106 0.1661
117 104 0.2935
117 64 0.0806
117 150 0.4946
118 107 0.2069
118 95 0.4937
118 100 0.3328
118 49 0.4471
118 151 0.0820
118 48 0.3373
118 3 0.3678
118 21 0.2698
118 108 0.2334
118 37 0.0282
118 71 0.5288
118 152 0.4500
118 10 0.4349
119 21 0.2092
119 149 0.1696
119 26 0.4926
119 2 0.0137
119 142 0.3234
119 8 0.0205
119 42 0.4008
119 33 0.5632
119 137 0.4230
119 95 0.0132
119 129 0.2270
119 48 0.2627
120 90 0.3919
120 9 0.0407
120 25 0.0011
120 47 0.1070
120 33 0.1187
120 26 0.5191
120 149 0.4634
120 16 0.4538
120 85 0.5161
120 135 0.1079
120 37 0.1204
121 119 0.1043
121 109 0.1091
121 148 0.3832
121 148 0.0245
121 149 0.4690
121 69 0.0830
121 107 0.3926
121 35 0.0383
121 103 0.1140
121 150 0.1201
121 84 0.5064
121 17 0.3747
122 42 0.5472
122 100 0.0486
122 108 0.2567
122 105 0.0047
122 10 0.1974
122 14 3.9575
122 54 0.2039
123 15 0.0433
123 107 0.5908
123 83 0.1728
123 85 0.4034
123 91 0.5840
123 77 0.3486
123 2 0.4873
123 19 0.3048
123 37 0.3068
123 119 0.0704
124 108 0.1033
124 52 0.3392
124 21 0.2783
124 68 0.3249
124 106 0.4492
124 151 0.0925
124 120 0.2380
125 109 0.1873
125 52 0.1641
125 124 0.4475
125 77 0.5976
125 47 0.5744
125 20 0.4089
125 151 0.5484
126 1 0.0639
126 40 0.5646
126 61 0.0679
126 66 0.4655
126 30 0.1477
126 84 0.2346
127 12 0.2916
127 12 0.1782
127 125 0.3088
127 114 0.2231
127 128 0.3534
127 38 0.3595
127 46 0.3110
127 115 0.0561
127 74 0.2433
127 12 0.1963
128 87 0.2527
128 139 0.0417
128 40 0.1617
128 43 0.1279
129 68 0.0055
129 86 0.0625
129 2 0.4150
129 115 0.1910
129 132 0.3924
129 107 0.4288
129 34 0.5638
129 44 0.3171
130 91 0.4516
130 99 0.3254
130 121 0.1142
130 12 0.1687
130 35 0.4566
131 54 0.2148
131 137 0.0583
131 53 0.2272
131 16 0.5822
131 46 0.4681
131 84 0.0316
131 63 0.2185
131 70 0.1958
131 27 0.0824
132 58 0.2074
132 124 0.5332
132 20 0.1298
132 38 0.1618
132 113 0.1630
132 62 0.4609
132 19 0.3505
132 25 0.5490
132 109 0.3837
132 45 0.5434
133 13 0.5280
133 41 0.1016
133 63 0.3565
133 117 0.1214
133 16 0.5869
133 106 0.3665
133 85 0.3030
133 7 0.2937
133 68 0.4475
133 87 0.5437
134 51 0.4630
134 27 0.2949
134 124 0.0691
134 124 0.0391
134 143 0.4153
134 104 0.4345
134 112 0.3869
134 45 0.3499
134 104 0.3449
134 71 0.2777
135 118 0.4321
135 49 0.2914
135 18 0.5434
135 95 0.1822
135 55 0.2735
135 126 0.2349
136 39 0.2244
136 142 0.0155
136 118 0.2100
136 120 0.1565
137 143 0.3677
137 49 0.2867
137 68 0.3361
137 30 0.4654
137 64 0.5311
137 56 0.2272
137 128 0.3073
137 40 0.3500
137 17 0.5597
137 59 0.3147
138 105 0.1214
138 149 0.1014
138 7 0.4382
138 124 0.0635
138 87 0.5427
138 22 0.4878
138 84 0.1156
139 86 0.1356
139 114 0.1663
139 19 0.3297
139 32 0.5602
139 118 0.0518
139 79 3.8599
139 56 0.3691
139 137 0.3584
139 100 0.0342
140 139 0.3817
140 45 0.2682
140 115 0.2129
140 95 0.1818
140 14 2.8868
140 99 0.4888
140 65 0.3320
140 142 0.3884
140 98 0.5955
140 43 0.1578
140 40 0.3548
140 144 0.5473
141 126 0.5929
141 51 0.1446
141 22 0.0342
141 86 0.3431
141 15 0.3197
141 126 0.0953
141 67 0.2936
141 121 0.5836
141 120 0.3447
141 97 0.4414
141 48 3.5828
141 29 0.4428
142 119 0.0737
142 107 0.4822
142 146 0.1661
142 145 0.5429
142 150 0.1578
142 148 0.0506
142 21 0.3662
142 47 0.4171
142 23 0.4862
142 50 0.3106
142 3 0.5039
143 24 0.4064
143 59 0.5175
143 15 0.5541
143 74 0.3201
143 138 0.4475
143 91 0.1832
143 122 0.2311
143 33 0.4858
143 107 0.4344
143 39 0.1446
144 30 0.5123
144 27 0.2521
144 35 0.1077
144 8 0.3232
144 132 0.0340
144 29 0.1959
144 18 0.3811
144 66 0.1250
144 25 0.1324
144 18 3.9804
144 126 0.4645
145 98 0.2614
145 59 0.0777
145 9 0.5387
145 117 0.2265
145 28 0.3116
146 18 0.4179
146 25 0.3529
146 106 0.2765
146 17 0.3696
146 102 0.3691
146 90 0.4619
146 89 0.1882
147 68 0.2758
147 48 0.5323
147 45 0.5437
147 64 0.5687
147 15 0.2557
147 35 0.4023
147 95 0.3605
147 103 0.4763
147 144 0.2531
147 59 0.5293
147 70 0.5840
148 150 0.5913
148 104 0.1832
148 122 0.1678
148 152 0.2817
148 21 0.4521
148 22 0.3803
148 114 0.5442
148 135 0.1979
148 143 0.3340
148 145 0.3774
148 89 0.3865
148 51 0.2883
149 39 0.5832
149 13 0.5532
149 112 0.5274
149 95 0.2157
149 97 0.0077
149 111 0.5758
150 74 0.4495
150 112 0.4505
150 28 3.8648
150 60 0.1790
150 119 0.4340
150 146 0.0311
150 3 0.3039
151 141 0.3723
151 114 0.2682
151 96 0.2258
151 40 0.0669
151 116 0.2441
151 105 0.3956
151 70 0.2616
151 140 0.4208
151 102 0.4153
152 134 0.0462
152 39 0.4511
152 2 0.0123
152 76 0.1860
152 73 0.2546
152 123 0.4807
152 124 0.4010
