197 855
1 131 3.7756
1 185 0.8680
2 87 4.5092
2 123 1.6537
2 34 2.1757
3 117 1.2421
3 88 3.6228
3 158 1.0402
3 187 3.8919
3 146 1.4263
3 168 2.5880
3 27 0.6328
4 101 0.8149
4 74 4.7162
4 137 0.0107
5 145 4.3494
5 41 0.0922
5 44 3.2136
5 105 3.0940
6 78 3.7847
6 71 2.1366
6 95 3.6930
6 65 3.8723
6 101 1.7457
6 194 0.3090
7 52 0.6482
7 98 3.0806
8 178 1.7914
8 73 3.8441
8 122 2.4762
8 172 1.5550
8 119 3.5787
8 190 2.5672
9 98 2.6185
9 136 2.8799
9 167 1.9592
10 122 2.4422
10 83 0.9955
10 6 1.4468
10 25 3.5566
10 80 0.7127
11 179 3.4412
11 168 1.9640
11 127 1.3302
12 174 1.3519
12 105 1.7339
12 33 2.2230
13 117 4.3871
13 46 2.9123
13 145 0.8877
13 19 3.2073
13 171 0.1877
14 4 1.7640
14 137 4.6910
14 188 4.6647
14 22 0.1495
15 118 4.4733
15 60 2.1381
16 188 4.3907
16 31 3.9050
16 109 2.9869
17 63 1.4776
17 76 2.6751
18 129 2.8462
18 19 1.4151
18 179 4.2882
18 181 3.6722
18 89 1.0860
19 144 2.4371
19 30 4.3750
19 50 0.4787
19 184 2.3544
19 44 0.5505
19 104 1.7282
19 29 3.4377
20 190 0.7796
20 47 4.9042
21 5 3.3907
21 176 0.3253
21 67 4.2893
22 74 3.3889
23 178 4.1666
23 59 0.2759
23 59 2.7987
24 22 1.2107
24 196 4.3339
24 2 2.4051
24 16 4.6670
24 45 3.6729
24 135 0.0864
25 131 2.3065
25 12 2.1692
25 29 0.8364
25 88 2.7656
25 53 1.3753
25 171 0.2431
25 20 3.7641
26 156 1.2344
26 93 2.4360
26 165 0.0421
26 158 1.5914
26 17 0.8711
26 162 2.3474
26 197 0.9684
26 19 4.9631
26 185 0.1511
27 29 1.5314
27 119 4.4578
27 76 3.0839
27 11 1.2827
28 144 2.8953
28 50 4.3272
28 124 4.0847
29 54 1.6268
29 34 3.9489
29 42 3.2706
29 61 1.8544
30 8 2.1614
30 18 4.3640
30 58 4.8391
31 155 1.3036
31 152 2.5164
31 161 4.4170
32 164 0.7959
32 88 2.5562
32 73 1.7776
32 67 0.7935
32 54 2.0114
32 22 0.6586
32 156 2.2587
32 179 4.8155
33 183 3.6712
33 56 1.3349
33 122 0.3088
34 48 0.1996
34 21 4.6650
34 21 1.3784
34 2 2.5750
34 117 0.7893
34 28 0.3826
35 155 2.0270
35 89 2.2535
35 171 1.6752
35 7 0.4822
35 59 1.4536
35 58 2.9106
36 52 1.2955
37 71 4.3591
37 44 4.4628
37 161 0.3519
37 86 1.7269
37 137 3.9784
38 158 2.4857
38 159 1.6323
38 41 2.4315
38 28 2.2140
38 128 1.1148
39 90 1.9932
39 127 0.6001
39 182 1.5295
39 150 0.3308
40 148 3.0151
40 22 3.4791
40 44 1.4282
41 24 3.8906
41 84 1.8102
41 81 4.5876
41 51 4.7882
42 34 2.0914
42 183 4.5309
42 148 2.3152
42 117 2.3117
42 147 4.8621
43 142 1.9735
43 106 2.4529
43 59 1.2856
44 55 2.6842
44 127 1.1651
44 95 4.0961
45 51 4.5073
45 180 2.6840
45 52 3.6677
45 185 3.0756
46 86 0.7566
47 168 0.5924
48 25 1.4443
48 174 1.0068
48 143 2.0802
48 87 2.2831
48 118 2.0726
48 55 1.0752
48 147 0.2721
48 90 1.8495
49 40 3.7620
49 95 0.1611
49 159 0.8154
49 145 3.5255
50 70 1.9666
51 123 1.3722
52 140 0.1691
52 188 0.9404
52 197 0.7552
53 27 0.9251
53 159 1.4231
53 93 2.5874
54 35 0.5024
54 143 2.3088
54 39 2.0809
54 30 4.6769
54 58 3.8490
54 68 0.4243
54 109 2.9737
55 140 4.3420
55 195 1.3454
55 51 4.6654
55 111 1.2989
55 73 2.6098
56 145 2.6998
56 89 3.7252
56 128 1.9612
56 160 3.9215
57 120 1.0197
57 149 1.8290
57 105 4.9252
57 174 1.0119
57 104 4.4928
57 126 1.1918
58 22 1.6779
58 98 0.1796
58 54 3.6736
59 194 3.4393
59 151 0.6389
59 55 0.7796
59 73 2.0781
59 52 1.3324
60 67 3.7169
60 193 3.1220
60 53 2.1427
61 19 0.4733
61 6 4.3754
61 158 0.2801
61 14 0.4538
61 127 3.7029
62 114 3.4780
62 184 2.7054
62 128 2.3347
62 183 1.1837
63 160 4.0883
63 153 1.0105
63 158 1.6608
63 85 0.4379
63 128 1.8883
64 195 0.4541
64 39 4.4600
64 196 4.2770
65 103 3.9874
65 67 2.0926
65 13 1.7528
65 162 4.8196
66 80 3.4765
66 110 1.9130
66 6 4.6889
66 83 4.0862
66 37 0.2541
67 193 0.0893
67 21 3.6186
67 80 3.3948
67 133 1.4571
68 110 4.1479
68 137 2.7032
68 144 4.5138
68 154 4.6623
68 5 1.3194
68 42 4.6654
68 181 3.3437
69 47 0.0034
69 4 3.0729
69 131 2.0023
69 157 1.3384
70 109 0.9119
70 160 4.7080
70 10 4.0364
70 19 3.3120
70 118 0.5397
70 70 1.6202
70 122 0.2298
71 178 0.6895
71 122 0.9639
72 34 1.2983
72 75 2.8766
73 9 3.5446
73 181 2.7425
73 148 2.9888
73 172 0.0254
74 62 3.2629
74 194 0.7701
74 79 0.8267
74 177 4.9260
74 64 4.7775
75 94 2.5054
75 193 4.5798
75 171 2.0489
75 4 1.9166
76 155 1.7446
77 154 2.8662
77 74 0.9409
77 133 2.5265
78 117 4.7514
78 116 4.5345
79 83 3.3507
79 158 1.7748
79 146 4.8163
80 170 4.6548
80 88 0.0038
80 146 3.0973
80 147 3.6921
80 164 1.7354
81 45 3.1993
81 177 2.3308
81 197 0.8244
81 166 3.7752
81 97 2.2416
81 74 1.3131
81 179 4.0607
82 61 1.5518
82 43 2.8346
83 96 4.5312
83 52 4.4645
83 130 3.4453
83 156 0.0181
83 196 4.9813
83 177 4.7466
83 28 3.1536
83 162 0.0166
84 192 0.4892
84 87 0.4673
84 173 4.4742
84 146 3.9125
85 88 0.8117
85 196 1.9991
85 66 0.2682
85 41 3.1440
85 108 0.1393
85 187 2.6549
86 135 2.6397
86 197 4.3595
86 4 0.6566
86 189 3.6594
86 52 4.4248
86 162 2.1413
86 135 1.3506
86 5 2.7925
87 156 3.9575
87 37 4.3714
87 77 4.8837
87 38 3.3226
87 23 4.4054
87 41 0.2682
87 160 0.2405
87 26 3.4918
88 101 2.5973
88 33 0.2688
88 56 4.1387
88 30 1.5833
89 7 1.6232
89 134 2.1168
89 138 2.4618
89 137 1.2925
89 152 0.1575
89 48 3.4902
90 7 1.9923
90 178 0.2002
90 33 0.6818
90 114 2.4734
91 52 4.5693
91 180 3.4983
91 52 3.3590
91 130 2.4200
91 186 4.1231
91 80 1.4328
92 161 0.2498
92 92 0.8098
92 57 2.8887
92 21 0.3099
92 86 4.5190
92 86 0.8533
93 170 4.1966
93 197 3.5218
93 62 4.7795
93 8 4.9141
94 83 1.7558
94 183 1.4317
94 64 0.5659
94 79 0.8282
94 143 1.1661
95 115 3.4765
95 51 1.3392
95 52 0.8339
95 19 1.4769
95 115 4.3038
96 117 2.2603
96 42 4.2866
96 181 2.1483
96 165 1.7547
96 69 0.9811
97 133 3.0858
97 3 2.2235
97 49 0.9540
97 156 0.2667
97 90 1.3583
98 68 4.4787
98 100 4.7842
99 180 1.8714
99 189 3.8223
100 191 2.2230
100 113 2.4110
100 89 0.6065
100 54 4.1890
101 166 1.8126
101 45 0.3075
102 187 1.4770
102 53 0.5537
102 98 0.5891
102 52 1.8386
102 183 2.7118
103 193 4.8372
103 147 3.7865
103 3 4.9691
103 183 2.7237
104 88 2.8136
104 33 1.1419
104 97 3.3954
104 97 2.9350
104 79 2.4922
105 126 1.9513
105 40 3.5819
105 167 4.4939
105 135 3.5139
105 58 3.9521
105 72 4.8267
105 81 0.2586
106 63 2.0280
106 127 0.5423
106 156 4.4189
106 18 3.7943
106 61 3.1440
107 124 4.4868
107 2 0.7287
107 181 0.6838
108 115 0.4443
108 142 1.3625
108 59 0.8566
108 24 4.4955
108 168 0.4506
108 192 3.0515
109 16 2.1508
109 12 3.4318
109 1 0.8997
109 53 3.0552
110 125 3.3657
110 10 2.7545
110 91 0.8655
110 150 4.9111
111 50 2.8761
111 197 0.2550
112 118 0.4078
112 53 0.0290
112 19 3.8006
112 117 4.2211
113 80 4.3513
113 125 1.0384
113 129 3.6014
113 161 4.6829
113 190 0.3348
113 101 0.0061
114 133 4.4462
114 76 1.1932
114 121 2.4760
114 31 3.4693
114 170 4.4432
115 121 3.9951
115 1 2.5493
115 89 3.9373
115 184 1.0181
115 77 3.9216
116 44 3.1555
116 102 2.6600
116 118 3.6094
116 21 4.6994
117 121 0.7487
117 29 2.4122
117 30 1.1100
117 143 2.3190
117 165 4.4574
117 29 0.4441
117 100 1.1283
117 91 2.4533
118 70 2.5450
118 54 3.1981
118 90 0.7428
118 36 0.4271
118 170 3.9627
118 52 1.4055
118 55 1.0308
119 87 3.9964
119 147 0.1832
119 75 3.4949
119 170 2.9775
119 74 1.5929
119 126 4.1802
119 51 4.9512
120 117 1.7849
120 159 2.7972
122 150 3.9579
122 21 2.9504
122 171 2.6563
122 34 0.6453
123 169 2.7561
123 145 2.7393
123 194 2.7296
123 177 0.2469
123 161 4.5278
124 145 0.8356
124 92 2.4932
125 48 1.7715
125 174 1.7622
125 132 3.6659
125 63 3.0959
125 22 4.4043
125 169 2.6963
125 85 1.7654
126 41 3.9741
126 55 1.6073
126 66 2.3925
126 19 1.2105
126 58 0.2868
126 20 0.9053
126 100 1.0985
126 32 4.5179
126 173 2.3549
127 73 3.1410
127 129 3.9711
127 182 3.3663
128 178 2.2554
128 16 1.8633
128 183 3.0947
128 123 0.0216
128 17 0.0423
128 26 0.1365
129 6 3.2911
129 148 2.1591
129 171 4.0544
129 177 0.5694
129 65 1.7942
130 89 0.7707
130 32 3.5483
130 91 1.3691
130 62 1.8422
130 32 4.8417
130 79 1.7637
131 11 0.3064
131 129 4.1166
131 170 0.0472
131 118 0.4902
131 139 0.7954
131 120 2.3828
132 93 4.2512
132 14 0.2672
132 177 2.6570
133 89 0.8755
133 63 4.8086
133 115 2.9351
133 57 4.7435
133 69 1.0889
134 3 4.9031
134 149 0.9223
134 72 3.4776
134 14 3.8799
134 74 3.2561
135 129 3.3751
135 136 3.5773
135 106 2.6979
136 63 3.2418
136 7 1.9005
137 98 4.2996
137 127 0.6411
137 178 2.1116
138 88 4.5266
138 2 2.9027
138 183 3.1460
138 14 0.0188
138 186 0.7719
139 38 1.5741
139 178 0.7790
139 14 3.8767
139 46 2.0192
139 173 4.6416
140 189 1.6670
140 94 3.1718
141 192 0.4767
141 101 3.8926
141 91 1.1365
141 195 0.5721
142 147 1.8066
142 26 2.8767
142 182 1.5096
142 182 3.1476
142 20 4.8806
142 74 4.6901
143 17 2.8438
143 12 0.6495
143 186 4.9243
143 30 3.3355
143 167 2.8405
144 93 4.1810
144 2 3.8285
144 113 0.1073
144 121 4.2938
144 174 1.3557
144 21 4.7726
144 46 2.7536
144 149 1.9990
145 53 2.7238
145 63 2.0232
145 175 0.9088
145 30 4.4079
145 194 1.1699
146 125 3.5840
147 160 0.4834
147 173 0.9913
147 92 2.6427
147 97 0.0885
147 25 1.3481
147 191 3.2973
147 22 3.3810
148 85 0.7312
148 32 0.0212
148 73 4.4772
148 183 0.4869
149 101 4.4916
149 143 1.5976
149 153 0.3544
149 37 3.7229
149 103 1.0411
149 55 3.1556
150 74 1.6094
150 110 3.2609
150 176 2.3712
150 161 3.5220
151 140 2.7519
151 27 1.2155
151 88 1.4498
151 7 1.0592
151 162 2.3517
151 96 3.9996
151 105 3.5685
152 80 1.7578
152 57 2.1888
152 96 1.4665
152 101 2.4937
152 111 1.5313
152 23 4.5538
153 188 3.7120
153 183 2.8565
153 145 0.4549
153 91 3.2522
153 138 1.5941
153 100 4.6167
154 152 0.1450
154 189 3.5564
154 92 0.0972
154 124 3.4904
155 134 1.0597
156 108 2.9549
156 165 3.4433
156 22 2.2787
157 99 2.9768
157 53 3.0360
157 94 4.8198
157 34 3.9121
157 191 3.7678
157 114 1.3408
158 80 0.6068
158 145 3.9533
158 52 4.1881
158 55 0.6242
159 119 2.2216
159 47 2.5958
159 193 0.0919
159 36 1.3501
159 174 1.9543
159 63 1.2898
160 70 0.7673
160 99 0.1766
160 186 4.5393
160 143 2.3045
160 146 3.5940
160 38 3.7654
161 154 1.0851
161 131 0.0206
162 58 0.6045
162 122 1.9775
163 100 0.9908
163 57 4.8250
163 44 2.6593
163 20 0.1584
164 162 2.5175
164 18 4.2952
164 29 0.4238
164 120 3.5918
164 148 4.0992
165 69 3.7179
165 45 4.2356
166 46 1.2592
166 173 1.6363
166 188 3.5315
166 1 2.3611
166 150 4.8411
167 8 2.4618
167 22 0.0429
167 5 4.5396
167 121 2.7351
167 47 2.7547
167 37 1.6857
167 100 1.5669
168 112 2.2431
168 82 2.7038
168 155 0.9245
168 167 1.0732
169 115 3.0945
169 155 0.9977
169 65 4.9086
169 48 3.9348
169 188 0.9387
169 10 3.9614
169 51 2.2304
170 183 1.2608
170 155 1.4305
170 93 2.4469
170 86 4.5536
170 8 2.5741
170 123 0.2783
171 94 1.0741
171 109 3.2711
171 20 1.0143
171 146 4.8451
172 7 2.0247
172 165 2.5388
172 113 3.9329
172 129 2.4796
173 51 3.8333
173 181 0.9137
173 55 0.2980
173 181 0.2134
173 69 0.6309
173 105 0.5148
173 20 0.6463
174 12 4.4616
174 93 0.4718
174 35 1.5915
175 90 4.2495
175 184 3.0771
175 194 2.3812
176 95 2.6299
176 64 1.2033
176 118 4.1643
176 127 4.3092
177 191 1.3746
177 196 0.6582
177 89 2.8538
177 54 4.8752
177 10 1.5551
177 106 1.9529
178 49 2.3367
178 31 4.7874
179 94 4.1219
179 192 3.9019
179 130 2.9220
179 119 4.4600
179 35 1.1816
179 170 3.8106
180 155 1.3789
181 96 0.1497
181 141 4.3275
181 49 1.7906
181 120 1.5255
181 193 1.3680
182 72 0.4295
182 29 3.7635
182 13 4.5531
182 192 4.5773
182 23 4.5688
183 127 1.3842
183 168 3.2032
183 134 2.5315
183 21 4.5300
183 59 3.8683
183 94 2.6081
184 55 0.8553
184 118 1.7507
184 32 4.9487
184 79 1.0837
184 192 4.7916
184 60 4.8608
184 185 1.5322
185 111 2.1092
185 178 1.5380
185 10 0.8911
185 76 0.4092
185 60 3.2557
186 18 4.2129
186 166 2.1610
187 93 0.6384
187 106 3.6313
187 69 0.0628
187 88 4.1483
187 133 2.5553
187 101 4.6646
187 15 4.4467
188 111 4.8150
188 96 2.8172
188 29 3.5157
188 129 0.6258
189 179 3.2941
189 53 4.0081
189 72 4.0255
190 105 1.9171
190 76 4.2337
190 81 2.9747
191 52 2.1065
191 27 1.3310
191 18 0.3496
192 174 3.1427
192 99 0.8519
192 113 3.8360
192 98 4.9132
192 156 4.2756
193 19 3.1677
193 161 2.3564
193 152 2.1133
194 28 1.1079
194 138 0.6717
194 86 2.5419
194 53 3.9008
195 80 1.6295
195 182 3.9098
195 175 0.5425
196 107 0.0178
196 112 3.9197
196 126 4.1287
196 75 2.6069
197 57 0.3000
197 39 4.2942
197 152 2.8621
197 102 4.9116
