216 790
1 60 0.1860
1 18 0.3420
1 89 0.2809
2 14 0.1369
2 95 0.4785
3 45 0.4172
3 139 0.3486
4 214 0.3901
5 42 0.5528
5 148 0.5304
5 161 0.2360
5 102 0.5770
5 114 0.0483
5 78 0.0011
6 154 0.5098
6 87 0.1664
6 91 0.4007
6 37 0.4970
7 73 0.2389
8 197 0.2411
8 208 0.1331
8 64 0.5352
8 19 0.2250
8 56 0.5702
8 118 0.0874
8 129 0.4176
8 71 0.3997
9 42 0.0785
9 162 0.2304
9 22 0.3565
9 134 0.0799
9 80 0.5654
9 162 0.1868
9 208 0.0584
10 212 0.2892
10 112 0.2322
10 74 0.1522
10 135 0.3795
10 52 0.2363
10 1 0.2924
11 65 0.2528
11 64 0.0242
11 22 0.0336
11 150 0.5094
11 120 0.4518
11 171 0.5383
12 165 0.3212
12 83 0.0191
13 161 0.5335
13 38 0.5783
13 207 0.3432
13 7 0.5036
13 22 0.5805
13 130 0.5688
14 138 0.1133
14 105 0.0699
15 15 0.3945
15 185 0.3464
15 195 0.0972
15 115 0.5160
15 198 0.2581
15 46 0.1827
16 149 0.4187
16 156 0.2987
16 118 0.4293
18 37 0.0123
19 183 0.0178
19 102 0.5120
19 197 0.4833
20 15 0.4379
20 120 0.5116
20 7 0.0789
20 197 0.4462
20 169 0.2464
21 111 0.4229
21 198 0.3970
21 135 0.5291
21 216 0.2904
21 85 0.1264
21 153 0.2874
21 49 0.5967
22 99 0.2968
22 23 0.3325
22 166 0.4312
22 25 0.2809
23 32 0.2225
23 103 0.2071
23 216 0.2617
23 9 0.5750
23 69 0.0834
24 24 0.3274
24 122 0.3328
24 205 0.0624
24 81 0.3615
24 52 0.1566
24 213 0.4164
25 36 0.5235
25 149 0.1036
25 169 0.3896
26 148 0.0926
26 129 0.5070
26 108 0.2817
26 216 0.4672
27 207 0.1696
27 109 0.4339
28 33 0.4039
28 205 0.0002
28 139 0.4249
28 186 0.5666
29 169 0.2514
29 20 0.0556
30 28 0.4885
30 93 0.3933
30 116 0.3363
30 185 0.3817
30 16 0.0534
31 215 0.1016
31 79 0.5719
31 72 0.5588
31 186 0.2348
32 63 0.1486
32 208 0.0722
33 152 0.2625
33 112 0.2687
33 51 0.4961
33 43 0.3726
33 129 0.4094
34 212 0.3714
34 207 0.5784
34 58 0.0404
34 31 0.0572
34 17 0.4459
34 120 0.1166
34 118 0.2934
35 192 0.1227
35 156 0.4051
35 41 0.4268
35 17 0.3703
35 158 0.4298
36 76 0.1588
36 69 0.2807
36 176 0.5308
36 117 0.4008
37 104 3.0764
37 92 0.5422
37 119 0.1024
37 186 0.0014
37 121 0.2227
37 145 0.4248
38 89 0.5556
38 187 0.5225
38 5 0.3061
38 203 0.5107
38 83 0.0714
38 13 0.4944
38 106 0.0025
38 153 0.1865
38 128 0.3800
39 6 0.1795
39 66 0.5094
39 129 0.4220
39 101 0.0211
40 179 0.1188
40 47 0.5797
40 192 0.3655
41 113 1.0652
41 127 0.0525
41 186 0.3227
41 32 0.2244
41 159 0.1535
41 192 0.0714
42 192 0.0902
42 118 0.5872
42 203 0.1349
42 191 0.0857
42 188 1.1380
42 84 0.2927
43 8 0.1637
43 2 0.0136
43 111 0.3757
44 176 0.0693
44 92 0.4816
44 14 0.0010
44 171 0.3953
45 111 0.3245
46 126 0.4668
46 98 0.1421
46 27 0.0806
47 159 0.3709
47 206 0.5286
48 138 0.5976
48 216 0.0772
48 106 0.3553
48 79 0.2960
48 144 0.1279
49 204 0.5777
49 60 0.4163
49 117 0.3472
49 24 0.1535
49 198 0.5049
50 13 0.2034
50 47 0.3325
50 73 0.4260
51 70 0.4015
51 194 0.0160
51 24 0.5205
52 177 0.3978
52 172 0.5746
52 84 0.0557
52 214 0.1932
52 17 0.1210
52 163 0.0176
53 192 0.2127
53 47 0.1865
53 185 0.4735
54 197 0.4439
54 54 0.4937
55 109 0.5839
55 46 0.0692
56 8 0.1492
56 35 0.3464
57 68 0.4510
57 123 0.3101
57 66 0.5260
58 66 0.1061
58 162 0.2070
58 192 0.0069
59 107 0.3257
59 115 0.4785
59 167 0.5924
59 100 0.1819
59 25 0.0505
60 124 0.4138
60 197 0.3963
60 163 0.2897
60 67 0.2605
60 187 0.1750
60 204 0.1997
61 92 0.1398
61 77 0.0801
61 196 0.4179
61 117 0.3687
62 31 0.1002
62 40 0.1126
62 207 0.4884
62 201 0.4366
62 202 0.3379
63 80 0.5260
63 197 0.3615
63 38 0.5453
63 78 0.2328
63 125 0.3800
64 206 0.5537
64 79 0.3705
64 40 0.4524
65 98 0.5672
65 208 0.2619
65 66 0.4203
65 123 0.4226
65 196 0.0873
65 209 0.3899
65 140 0.4819
66 148 0.0397
66 74 0.1928
66 93 0.2308
66 209 0.1482
66 52 0.4020
66 183 4.9673
67 139 0.3237
67 45 0.1191
67 121 0.4668
68 192 0.3126
68 88 0.4917
68 97 0.1429
68 32 0.0703
70 171 0.5618
70 147 0.4752
70 47 0.0611
70 153 0.0334
70 126 0.5002
72 63 0.3645
72 173 0.0089
72 88 0.5220
73 100 0.1081
73 81 0.5738
73 213 0.4395
73 204 0.5431
74 160 0.2465
74 10 0.5303
74 54 0.3531
74 95 0.4730
75 179 0.1113
75 120 0.3414
76 48 0.5918
76 212 0.3404
77 172 0.3075
77 38 0.5875
77 27 0.1247
78 196 0.5447
79 205 0.2482
79 77 0.5587
79 149 0.1138
79 1 0.5250
80 100 0.0808
80 36 0.4744
80 145 0.5104
80 82 0.5134
80 203 0.1920
80 140 0.0985
81 75 0.2875
82 56 0.4945
82 13 0.5948
83 180 0.0721
83 77 0.2096
83 76 0.5238
83 122 0.5844
83 197 0.4447
84 211 0.2721
85 168 0.3806
85 26 0.5615
85 20 0.2470
86 69 0.3491
86 145 0.2911
86 134 0.0857
86 51 0.2079
87 116 0.4117
87 41 0.3152
87 36 0.4846
88 119 0.2203
88 103 0.2645
88 8 0.5744
88 113 0.5350
89 96 0.1525
89 121 0.1637
90 51 0.0662
90 15 0.1810
90 157 0.3857
91 47 0.3819
92 48 0.5894
92 42 0.0997
92 21 0.1077
92 114 0.1457
93 96 2.7953
93 154 0.3069
93 142 0.3851
93 205 0.2767
94 83 0.1450
95 156 0.2925
95 7 0.1891
95 114 0.0219
96 202 0.5858
96 108 0.4029
97 2 0.4851
97 34 0.0054
97 69 0.3578
98 24 0.5430
98 216 0.0808
98 145 0.1358
98 85 0.4740
100 1 0.1669
100 216 0.0135
100 186 0.1161
101 138 0.4418
101 15 0.1744
102 64 0.2069
102 84 0.3791
103 83 0.5951
103 138 0.4186
104 3 0.0820
104 65 0.1409
104 3 0.2429
104 167 0.4399
105 77 0.1627
105 174 0.0927
106 53 0.4677
106 66 0.2239
107 116 0.0242
107 138 0.1084
108 135 0.4663
108 14 0.5525
109 86 0.0777
109 45 0.5659
109 203 0.0563
109 141 0.4058
109 74 0.3520
109 68 0.0341
110 23 0.1669
111 180 0.5129
111 169 0.5533
111 201 0.5182
112 22 0.0872
112 186 0.3338
112 80 0.4408
112 129 0.4528
112 213 0.0566
112 126 0.1752
113 156 0.1630
113 210 0.4037
113 28 0.4424
113 73 0.5275
113 163 0.1062
113 53 0.2365
114 126 0.4633
114 48 0.0107
114 156 0.3325
115 19 0.3308
115 113 0.1291
115 198 0.5185
115 134 0.1971
116 162 0.4911
116 171 0.3994
116 142 0.4862
117 165 0.0275
117 35 0.5501
117 149 0.1843
117 183 0.4135
117 57 0.1869
119 179 0.0310
119 203 0.1870
120 147 0.4528
120 158 0.5034
121 85 0.0919
121 131 0.2944
122 65 0.1862
122 191 0.0315
123 111 0.2562
123 191 0.1054
123 145 0.2320
123 19 0.3646
123 152 0.0043
124 153 0.0963
124 96 0.3036
124 210 0.4005
125 133 0.1285
125 70 0.2277
126 73 0.3970
126 30 0.0972
126 210 0.4326
127 184 0.5705
127 115 0.1281
127 39 0.0620
127 134 0.2088
128 89 0.2285
128 65 0.2485
128 192 0.5463
128 169 0.3161
128 128 0.2488
129 10 0.2465
129 187 0.2467
129 121 0.5233
129 158 0.4635
129 112 0.4949
130 143 0.2431
130 36 0.1736
131 13 0.0847
131 56 0.2553
131 157 4.4325
132 50 0.5178
132 54 0.5223
133 186 0.5417
133 74 0.4984
133 200 0.5306
133 184 0.1676
133 198 0.0166
134 164 0.5750
134 165 0.4309
135 51 0.0437
135 80 0.1046
135 100 0.5980
135 62 0.2606
135 160 0.3988
136 86 0.4879
136 55 0.3525
136 198 0.3252
137 121 0.0834
137 68 0.3550
137 146 0.2159
137 187 0.0117
137 100 0.3768
137 98 0.4579
138 3 0.1025
139 188 0.5825
139 44 0.3194
139 81 0.0840
139 37 0.0815
140 85 0.4109
141 79 4.2685
141 108 0.2712
141 212 0.3505
142 22 0.4779
142 211 0.1958
142 186 0.3234
142 100 0.5657
142 81 0.1913
142 9 0.2380
144 91 0.2413
144 47 0.5349
145 135 0.2499
145 27 0.5939
145 72 0.1035
145 189 0.1722
145 29 0.2473
145 187 0.3948
146 154 0.1581
146 84 0.5975
146 131 0.2048
146 153 0.3282
146 213 0.5175
146 71 0.3046
147 72 0.2320
148 162 0.3242
148 91 0.5419
148 51 0.4228
149 73 0.0569
149 110 0.3789
149 159 0.1903
150 13 0.4967
150 175 0.3217
150 119 0.0621
151 22 0.3105
151 14 0.3295
151 2 0.3180
152 19 0.2538
152 22 0.0403
152 20 0.3911
153 160 0.0670
153 76 0.1845
153 185 0.0853
154 200 0.2027
155 76 0.3690
155 127 0.0333
155 98 0.4738
155 126 0.0932
155 174 0.4845
156 207 0.4309
156 123 0.1678
156 6 0.0205
157 35 0.5312
157 99 0.1932
158 107 0.3802
158 114 0.0325
159 44 0.3479
159 160 0.5570
159 108 0.2703
159 209 0.5820
159 147 0.2167
160 47 0.4030
160 188 0.1406
160 135 0.2612
160 214 0.2695
160 7 0.3296
160 197 0.0458
160 63 0.5921
160 199 3.5279
161 176 0.3795
161 153 0.3709
161 97 0.2341
161 205 0.4261
161 96 0.1025
161 55 0.2182
162 168 0.2116
162 4 0.4660
162 40 0.1535
162 48 0.4157
162 215 0.0004
163 210 0.1010
163 160 0.4235
163 85 0.2242
163 165 0.1886
163 209 0.3613
164 204 0.0915
164 200 0.0176
164 192 0.3293
164 50 2.1226
165 14 3.2523
165 145 0.0463
165 123 0.4151
166 209 0.1030
166 52 0.4513
166 49 0.0921
166 2 0.5349
166 99 0.1806
166 37 0.5104
166 164 0.0439
166 116 0.5770
167 52 0.5987
168 109 0.0901
168 191 0.4127
168 178 0.1390
168 88 0.4520
169 104 0.4668
169 130 0.5193
169 186 0.1589
169 135 0.2949
170 168 0.4020
170 104 0.5080
170 92 0.2476
170 213 0.0371
170 18 0.0526
170 108 0.0689
170 14 0.3815
171 201 0.1799
171 176 0.4094
171 145 0.5813
171 137 0.1937
172 119 0.1221
172 40 0.1738
172 4 0.0582
173 156 0.4863
173 198 0.0017
173 142 0.0890
173 190 0.5084
173 20 0.0661
173 133 0.4703
174 201 0.1623
174 172 0.3498
174 158 0.2199
174 189 0.2392
174 17 0.3222
175 178 0.0126
175 121 0.5349
175 210 0.3266
175 184 0.0269
176 177 0.0397
176 205 0.5130
176 43 0.3466
176 97 0.0989
176 128 0.5961
176 143 0.5696
176 199 0.0067
176 155 0.2263
177 4 0.5120
177 215 0.2282
178 113 0.3917
178 174 0.2771
178 205 0.5572
178 69 0.5537
178 70 0.4332
179 143 0.3741
179 149 0.1329
179 108 0.0062
179 207 0.4361
179 201 0.1389
179 190 0.5911
179 172 0.5858
179 75 0.5834
180 54 0.0013
181 165 0.0552
181 145 0.0323
181 42 0.4469
181 185 0.5812
181 108 0.4978
182 111 0.2391
182 88 0.0707
182 26 0.0180
183 191 0.2169
183 159 0.5203
183 152 0.1491
184 83 0.4211
184 156 0.4232
184 198 0.3439
184 38 0.4750
184 100 0.5436
184 182 0.3078
185 83 0.3996
185 43 0.9634
185 11 0.2577
185 110 0.4713
185 159 0.1504
186 54 0.1275
186 15 0.4748
186 113 0.3827
186 66 0.0424
186 122 0.0196
186 151 0.3925
186 8 0.3098
186 208 0.4405
186 63 0.4102
186 195 0.4678
187 189 0.5084
187 178 0.1393
188 205 0.0426
188 122 0.3425
190 113 0.0463
190 47 0.5333
190 162 0.4071
191 57 0.3275
191 105 0.4313
191 128 0.0080
191 27 0.2572
191 203 0.5538
191 9 0.1119
191 207 0.2792
191 63 0.5427
191 90 0.3869
191 69 0.0434
192 80 0.4759
192 149 0.3971
192 26 0.1044
193 187 0.1427
193 34 0.4033
194 72 0.1341
194 43 0.0347
194 215 0.3225
195 85 0.5217
195 135 0.5047
195 121 0.1296
196 116 0.0187
196 130 0.2985
196 55 0.4307
196 89 0.1354
197 184 0.0323
197 197 0.1432
197 96 0.1613
197 132 0.0252
197 170 0.5520
198 93 1.7090
198 131 0.5825
199 15 0.4447
199 51 0.1144
200 6 0.4554
200 138 0.2100
201 18 0.3641
201 200 0.0160
201 1 0.5362
201 166 0.5725
201 30 0.3741
202 173 0.4365
202 149 0.0218
202 6 0.1311
202 92 0.3054
203 176 0.1460
203 177 0.1272
203 100 0.0945
204 16 0.0840
204 55 0.0946
204 90 0.4339
204 39 0.5068
204 72 0.2576
204 152 0.2122
205 173 0.1825
205 201 0.4282
205 79 0.4709
205 9 0.1660
206 116 0.2663
206 129 0.2933
206 26 0.5732
207 82 0.4507
207 25 0.1501
207 99 0.2020
208 27 0.0035
208 124 0.1216
208 150 0.2859
209 104 0.1182
209 187 0.1567
209 80 0.0823
209 121 0.4927
209 153 0.0279
209 34 0.2385
209 99 0.3767
209 189 0.4243
209 196 0.3975
209 36 0.0339
209 109 0.3610
209 90 0.0545
210 195 0.3543
210 94 0.1051
211 11 0.4949
211 63 0.0083
211 208 0.1174
211 169 0.2859
211 173 0.3980
212 37 0.2062
212 26 0.4314
213 206 0.2194
213 104 0.5500
214 126 0.2437
214 26 0.0465
214 113 0.2112
214 124 0.3788
215 185 0.4407
215 2 0.5302
215 7 0.4157
215 26 0.1896
215 69 0.1515
216 26 0.3886
216 160 0.2631
216 124 0.4754
216 108 0.0620
216 18 0.5024
