239 780
1 192 0.2289
1 127 0.2743
1 100 0.3313
1 35 0.0304
2 215 0.3441
3 134 0.5446
3 150 0.1210
3 24 0.3076
3 192 0.4193
3 132 0.5788
3 41 0.5384
3 173 0.0414
3 91 0.4918
4 105 0.1984
5 72 0.0798
5 132 0.5649
5 228 0.3669
5 177 0.4691
6 220 0.5320
6 110 0.3459
7 103 0.1708
8 201 0.5941
8 214 0.2038
8 205 0.0075
8 220 0.4982
8 13 0.4919
9 215 0.3826
9 224 0.5078
10 168 0.3286
10 20 0.3799
11 56 0.0959
11 65 0.5941
11 127 0.2652
11 59 0.2897
11 184 0.1863
12 168 0.4322
12 156 0.5202
12 226 0.0148
13 142 0.2890
13 184 0.2155
13 72 0.3913
13 92 0.0869
13 12 0.5423
13 136 0.4948
14 175 0.0961
14 42 0.3043
14 149 0.0958
14 78 0.1689
14 187 0.4608
14 96 0.0684
15 152 0.2727
15 196 0.0194
15 191 0.4340
16 158 0.4461
16 231 0.1590
16 190 0.2270
16 14 0.2560
17 142 0.5324
17 179 0.1170
17 57 0.5606
18 149 0.4856
18 202 0.2057
18 212 0.0950
18 36 0.3145
18 155 0.1355
19 139 0.2044
19 151 0.0737
19 53 0.2316
19 171 0.5328
19 237 0.5570
20 82 0.4433
20 53 0.1759
20 53 0.0515
21 76 0.2101
21 190 0.4642
22 166 0.5325
22 5 0.1303
22 164 0.5003
23 201 0.4395
23 167 0.4506
23 174 0.2217
23 116 0.0975
23 232 0.0861
24 24 0.5657
24 127 0.2749
24 80 0.4310
25 220 0.0278
26 188 0.5937
27 187 0.0980
27 117 4.9023
27 37 0.3613
28 62 0.4606
28 130 0.3229
28 221 0.3469
28 86 0.4287
29 126 0.5508
30 223 0.2723
30 57 0.3575
31 85 0.1913
31 52 0.4533
32 8 0.1271
32 4 0.2607
33 73 0.4388
33 138 0.0281
34 67 0.2312
34 116 0.4102
34 178 0.4327
35 141 0.5639
35 124 0.5815
35 128 0.5385
36 175 0.4280
36 67 0.5417
38 61 0.4820
38 93 0.4710
38 194 0.1810
38 190 0.0489
39 212 0.3288
40 105 0.4019
40 126 4.2253
40 200 0.0985
40 200 0.4466
40 157 0.4199
41 36 0.0959
41 26 0.2433
41 226 0.0706
42 154 0.4591
42 19 0.2577
42 193 0.5463
42 38 0.1989
42 238 0.1506
42 140 0.3270
42 130 0.4748
43 26 0.3791
44 127 0.4917
44 213 0.3743
44 130 0.3476
45 50 0.2222
45 36 0.2198
45 93 0.2927
45 80 0.0617
45 208 0.1953
45 52 0.0690
46 182 0.3165
47 94 0.4102
47 187 0.1774
48 213 0.3280
48 10 0.2904
48 122 0.1393
49 19 0.4245
49 106 0.5671
49 156 0.1448
49 99 0.4784
49 187 0.1460
49 48 0.1042
49 202 0.3608
50 224 0.3961
50 143 0.4983
50 168 0.2236
50 19 0.4411
50 120 0.4392
51 182 0.1464
51 150 0.0270
52 133 0.4775
52 59 0.0377
52 150 0.5154
53 92 0.5960
53 72 0.0446
53 238 0.5826
53 74 0.3351
54 57 0.4637
54 25 0.2235
55 74 0.2039
55 75 0.5980
55 231 0.0539
55 40 0.2105
56 154 0.4760
57 153 0.2842
58 148 0.5969
58 56 0.1981
59 140 0.3049
60 69 0.5116
60 207 0.3764
61 185 0.5300
61 148 0.3972
61 180 2.0418
61 21 0.3741
61 208 3.7216
62 71 0.4833
62 148 0.1806
63 127 0.1170
63 194 0.4057
63 159 0.3461
64 55 0.1077
64 9 0.0383
64 141 0.4091
64 56 0.2899
65 154 0.0983
65 55 0.0909
65 31 0.1378
66 85 0.0990
66 102 0.0565
66 123 0.1476
66 179 0.2056
66 40 0.2463
66 63 2.3863
66 24 0.5057
66 209 0.0126
67 225 0.2910
67 51 0.2396
67 170 0.5076
67 39 0.2905
67 206 0.3978
68 130 0.4195
68 112 0.3439
69 18 0.5089
69 181 0.2581
70 115 0.3009
70 118 0.1173
71 149 0.5800
71 52 0.3649
72 166 0.4753
72 96 0.3970
72 81 0.3834
72 237 0.4974
72 207 0.2811
73 166 0.5212
73 123 0.5219
73 73 0.3675
74 70 0.4384
75 195 0.0199
75 43 0.4165
75 23 0.1459
75 80 0.5280
76 198 0.0893
76 138 0.1513
76 144 0.2616
78 26 0.3561
79 172 0.0440
79 53 0.4558
79 159 0.2477
80 107 0.4049
80 17 0.3066
80 172 0.2403
80 137 0.3217
80 81 0.1840
81 67 0.2866
82 237 0.4752
82 53 0.4897
83 16 0.2866
83 212 0.1710
83 48 0.4211
84 200 0.0559
84 148 0.2230
84 160 0.2868
84 225 0.4968
84 77 0.4803
84 148 0.4156
85 62 0.1192
85 139 0.4902
86 27 0.3679
86 39 0.4770
86 68 0.2696
86 191 0.2115
87 142 0.5632
87 55 0.2497
87 163 0.2612
88 222 0.2488
88 230 0.1077
88 212 0.1899
89 131 0.0868
89 21 0.5875
90 204 0.5778
90 60 0.4874
90 222 0.4988
90 129 0.2927
90 168 0.3857
90 161 0.1283
90 114 0.3580
91 232 0.0896
91 231 0.4495
91 147 0.3325
91 91 0.4749
91 173 0.5785
91 107 0.5919
91 98 0.0830
92 111 0.5738
93 37 0.4145
93 213 0.5618
94 219 0.3296
94 21 0.2176
94 169 0.2802
94 64 0.2350
95 108 0.4841
95 171 0.2392
96 59 0.0539
97 167 0.3598
97 195 0.3513
98 182 0.0982
98 207 0.0325
98 111 0.2664
98 48 0.4664
99 132 0.0074
99 117 0.5191
99 108 0.1213
101 62 0.2147
101 21 0.2927
102 24 0.5433
102 96 0.4505
102 192 0.2887
102 41 0.1176
102 156 0.5612
103 161 0.0505
103 92 0.4166
104 238 0.2209
104 113 0.2713
104 136 0.5333
105 102 0.0394
105 84 0.2537
106 97 0.2157
106 171 0.3355
106 206 0.5302
106 216 0.5937
106 200 0.0011
106 127 0.3781
106 82 0.4583
106 147 0.2268
107 102 0.4701
107 74 0.4273
107 108 0.5427
107 152 0.0306
108 86 0.0995
108 228 0.5470
109 191 0.2034
109 196 0.4410
109 235 0.0485
109 220 0.3847
109 201 0.1462
109 22 0.4641
109 81 0.3471
110 75 0.5117
110 156 0.4777
110 197 0.0590
110 233 0.5407
110 237 0.1681
111 126 0.3604
111 124 0.5598
111 49 0.4633
111 63 0.1379
111 162 0.2810
111 63 0.5802
112 31 3.0268
112 192 0.4891
112 187 0.3376
113 214 0.3421
113 168 0.1416
114 47 0.0259
114 34 0.5300
115 188 0.1576
115 11 0.5508
115 183 0.4835
115 145 0.3928
115 235 0.1421
116 180 0.2609
116 158 0.5854
116 198 0.3143
117 8 0.0849
117 137 0.0177
117 192 0.2226
117 227 0.0924
118 186 0.5796
118 202 0.0944
118 163 0.3890
120 4 0.3646
120 37 0.4028
120 38 0.3476
121 58 0.4048
121 195 0.5524
122 170 0.5746
122 199 0.3947
122 31 0.1127
123 174 0.1587
123 202 0.3724
123 31 0.5292
123 33 0.5308
123 62 0.4168
123 115 0.4311
124 84 0.4168
124 142 0.2839
124 123 0.5753
125 215 0.1598
125 139 0.5807
125 214 0.1257
125 169 0.1879
125 56 0.2886
126 176 0.5783
126 56 0.2207
127 87 1.6394
127 169 0.4700
127 202 0.3134
128 41 0.5891
128 148 0.4245
128 51 0.0818
128 91 0.5792
128 201 0.3439
129 153 0.1331
129 144 0.1535
130 47 0.0021
130 15 0.4772
130 60 0.4814
130 207 0.5205
130 208 0.5515
131 45 0.1716
132 6 0.0140
132 221 0.3219
132 170 0.3397
132 136 0.5263
133 128 0.4351
133 6 0.4971
133 95 0.5997
134 39 0.4668
134 129 0.3368
134 16 0.3131
135 40 0.5117
135 205 0.1413
135 213 0.1786
136 90 0.2983
137 232 0.0273
137 193 0.1813
137 60 0.0657
137 114 0.3846
138 141 0.3448
138 82 0.1643
138 191 0.3602
138 112 0.4998
138 193 0.0429
138 20 0.5575
138 14 0.4588
138 210 0.2901
139 53 0.1271
139 85 0.3436
139 7 0.0072
139 8 0.3852
140 156 0.1874
140 73 0.1346
140 92 0.1940
140 103 0.0581
141 38 0.1487
141 91 0.3275
141 146 0.1563
141 202 0.0661
142 203 0.1693
142 43 0.1313
142 22 0.5645
143 30 0.1850
143 12 0.4472
144 28 0.5135
144 126 0.0554
144 219 0.0502
145 129 0.5394
145 125 0.4944
145 105 0.1308
145 122 0.0988
146 158 0.2597
146 7 0.3879
146 81 0.5459
146 68 0.0539
147 197 0.4749
147 47 0.5451
148 144 0.0981
148 77 0.2330
148 21 0.5753
148 195 0.5641
149 7 0.3655
149 218 0.0622
149 172 0.0206
150 54 0.4101
150 152 0.4219
151 199 0.3688
151 144 0.2766
151 68 0.5364
151 141 0.3728
151 21 0.0461
152 232 0.4172
152 190 0.3990
152 136 0.2329
152 161 0.4183
153 151 0.5893
153 220 0.5689
153 178 0.0132
155 80 2.7056
155 199 0.0400
155 205 0.5960
155 230 0.1012
156 64 0.4256
156 3 0.2375
156 106 0.4437
156 184 0.5010
156 79 0.4945
156 230 0.0247
157 33 0.4793
157 34 0.5699
157 111 0.1812
157 190 0.2018
157 48 0.5173
157 60 0.4631
157 71 0.1852
157 227 0.3602
157 32 0.3825
157 211 0.1794
157 237 0.4079
158 13 0.2493
158 82 0.1525
158 118 0.3039
159 125 0.0320
159 122 0.1710
159 47 0.3553
159 77 0.4280
160 211 0.3362
161 129 0.4015
161 66 0.5377
162 13 0.2480
162 181 0.5330
162 53 0.5931
162 208 0.1063
163 80 0.0348
163 211 0.4724
163 223 0.5904
163 120 0.4087
163 118 0.5432
163 68 0.3478
164 37 0.3330
164 216 0.1550
164 220 0.1083
164 122 0.1777
164 47 0.0190
165 101 0.1436
165 238 0.4241
166 40 0.2478
166 89 0.0731
166 3 0.4977
166 16 0.2486
166 187 0.1559
167 65 0.1363
168 46 0.3696
168 128 0.0250
168 35 0.0184
168 7 0.5713
170 93 0.2590
171 45 0.3351
172 65 0.4066
172 182 0.2225
173 102 0.0599
174 51 0.3951
174 185 0.4681
174 182 0.0352
175 102 0.5230
175 128 0.5082
175 143 0.2921
175 121 0.4043
175 113 0.5772
175 57 0.2019
176 181 0.1061
176 230 0.0001
176 32 0.3978
177 131 0.2124
177 9 0.0308
178 185 0.0684
178 174 0.4666
179 70 0.0570
179 41 0.3407
180 215 0.3973
180 100 0.1128
181 179 0.3540
181 37 0.5971
181 149 0.5239
182 239 0.2074
182 101 0.3958
183 79 2.4051
183 126 0.3524
183 106 0.1752
184 115 0.4504
184 105 0.0470
184 180 0.3240
185 103 0.4938
185 146 0.1969
185 150 0.1689
185 209 0.2727
185 147 0.4454
185 170 0.1612
185 199 3.3810
185 142 0.3977
186 195 0.3812
186 99 0.5755
186 124 0.5561
186 177 0.1723
186 99 0.4078
186 137 0.5957
186 131 0.4359
188 167 0.5846
188 203 0.5934
188 164 0.2953
188 214 0.3862
188 49 0.2421
188 127 0.2474
189 136 0.4531
189 202 0.5838
189 27 0.5427
189 183 4.5291
189 80 0.1151
189 211 0.2625
190 117 0.3600
190 21 0.5427
190 151 0.0621
190 228 0.5125
190 182 0.2163
190 84 0.1349
190 75 0.1010
191 171 0.2921
191 3 0.2509
191 25 0.5755
191 17 0.3807
192 79 0.4344
192 202 0.1019
193 235 0.0009
193 185 0.3882
193 45 0.1560
193 111 0.3564
193 230 0.2054
193 97 0.2481
194 24 0.1555
194 9 0.0817
194 82 0.1517
194 79 0.5709
195 233 0.1022
195 198 0.2864
196 208 0.2177
196 73 0.0487
196 97 0.3115
197 199 0.2478
197 239 0.5857
197 112 0.2350
197 55 0.1960
197 200 0.4649
197 134 0.2796
197 239 0.1050
198 50 0.3279
198 1 0.5265
198 9 0.3281
199 170 0.4022
200 20 0.2278
200 21 0.0965
200 68 0.3086
200 27 0.3810
200 67 0.3224
200 196 1.2340
201 206 0.5274
201 173 0.4178
201 123 0.2513
201 220 0.1531
202 34 0.1338
202 92 0.5598
202 141 0.3578
203 163 0.1613
203 100 0.5215
203 121 0.4581
203 3 0.2767
203 39 0.4468
203 104 0.5929
204 50 0.0689
205 161 0.4428
206 228 0.3010
207 162 0.5538
207 202 0.2039
207 230 0.3118
207 149 0.2064
208 46 0.2298
208 125 0.3269
208 123 0.4425
208 155 0.5494
209 182 0.4822
209 90 0.2751
209 32 0.3736
209 43 0.3501
210 223 0.0995
210 51 0.4502
211 7 0.2495
211 194 0.1366
211 11 0.1901
211 193 0.0544
211 148 0.5646
211 161 0.4607
211 181 0.2733
212 211 0.2914
213 53 0.4766
213 206 0.4756
213 25 0.0126
213 219 4.0782
214 77 0.5969
214 31 0.0140
214 90 0.4376
214 133 0.4957
214 77 0.1149
215 192 0.5701
216 16 0.5457
216 85 0.1664
216 161 0.0623
217 20 0.1231
218 106 0.5637
219 27 0.1375
219 123 0.3284
219 230 0.3071
220 124 0.5538
220 206 0.4424
220 214 0.1749
220 104 0.2138
221 73 0.3691
221 182 0.2905
221 150 0.1361
221 19 0.5088
222 29 0.3526
222 12 0.4894
222 213 0.3976
223 111 0.1608
223 19 0.2146
223 168 0.0680
223 171 0.4066
225 188 0.2232
225 111 0.5814
225 93 0.0566
225 58 0.3478
225 176 0.4858
225 62 0.5779
225 203 0.4829
225 124 0.4170
226 102 0.0927
226 116 0.2665
226 234 0.1156
226 147 0.3013
226 148 0.1771
226 128 0.2207
226 102 0.3377
227 119 0.0968
227 92 0.5049
227 157 0.0754
228 175 0.4576
228 28 0.0793
228 33 0.1549
230 68 0.4848
230 166 0.5374
231 197 0.3179
231 105 0.4695
232 127 0.1734
232 31 0.1421
233 215 0.2008
233 24 0.4411
233 140 0.5789
234 73 0.0829
234 204 0.4653
234 166 3.1502
234 164 0.1974
234 206 0.4265
234 44 0.0970
234 186 0.5108
234 167 0.0868
234 77 0.2646
234 47 0.1744
235 195 0.2625
236 59 0.1512
236 11 0.5598
236 114 0.5684
237 157 0.5325
237 92 0.3773
237 40 0.4478
237 15 0.4709
237 109 0.2590
238 48 0.3277
238 233 0.5944
239 71 0.0378
239 10 0.2912
239 163 0.2902
