253670
285785
49251
240099
163565
353769
21033
494269
21793
102225
118973
445065
444049
412222
134280
98345
19583
242103
599218
429331
106659
207857
669167
49383
158823
258747
125816
433116
94870
653023
4913
37723
780646
545285
377967
72418
255905
217347
41905
849251
12434
78884
1658
596383
1738
14108
3681
587275
120041
87115
68598
87100
627707
388123
712274
837295
605931
30995
200864
274853
139817
546439
14435
487601
3031
482642
616015
25053
266753
69386
69151
323119
331593
571707
548050
389305
139262
159327
143253
110143
583285
104635
171698
192969
24868
25287
63097
24296
193796
43243
94119
155572
92837
118564
259037
283690
51034
57145
148168
