99
763162829 215501134
148532355 872641138
455427027 76769111
953768829 616848643
197802472 84198287
133948007 306458860
184560611 470997794
90289877 333092965
25332417 4841108
28625435 476655076
62863477 336568809
742879062 705576635
296423998 222954113
116430383 392981094
67535025 259791266
686283813 252095635
730789060 776573689
437704947 926944340
704991148 463037363
922701739 345632974
973195691 430475904
557858685 568591102
136052540 854282683
791545215 120882713
513863806 101051727
863386682 65820109
325611374 598830611
35533690 908916781
227920649 473238637
688377471 932911796
936275999 472679267
371561076 728484787
577255067 484492794
618042277 297034651
376378458 506092315
979330951 746845252
389727252 768123299
72040868 761288327
349124435 244401756
51146513 99026817
862976138 696114541
643456347 727977188
764430623 881903493
569743657 728446199
959856651 641784524
489734527 161497435
738702627 397802018
883124575 197507318
347865067 786787435
377156963 864542968
768876610 873129657
445036505 152111723
340525631 950561539
927854658 23700331
604662877 369897863
344715771 968651276
884784739 458831917
969947099 329821245
463459987 162989079
132899134 469365447
267945333 670396862
467612381 95362887
672691651 800325568
375778985 691366593
417518807 95439465
44773254 448909453
418822379 14720354
778730697 882282365
204164161 298171112
199003799 981156581
989551984 449951149
984949347 309680714
13721089 76311435
231078158 686412739
230295681 146672159
466822909 22060545
112800061 497048689
795219800 73266113
61318037 994223599
296691097 744404738
65583431 842005132
680060606 79304519
765717257 352502615
370512254 996012937
351691121 925325208
524911417 33763178
688871434 991734325
341299363 399579487
983259111 84817339
493405511 132466557
829222076 558988941
974471689 509282683
272937795 109043413
950323567 643450049
105056351 154531037
568775258 748006029
790453696 395141971
660976748 131753061
794721457 484645160
