355091864
114658117
320384219
409242358
7740631
20357278
170332337
73225118
11586923
13823256
21187142
569348387
98761905
29570058
20071811
290937142
419218989
242852501
111076959
513352758
227678660
529651063
122206307
169336127
331226265
663079349
308486033
34256011
55877529
144002411
935505127
126676423
570045013
355044067
217947355
325168483
209535503
28590335
118578161
42219011
599133489
247048046
458648294
235965005
636331862
398362174
559972214
474579907
121566025
302254626
116533743
199505057
262726857
655992577
502017949
269407586
751364166
260591135
379897028
123706237
82877915
325516626
272719473
243868227
244096350
35861995
353007476
255260780
193148082
6015199
217447365
218913320
11253909
157666057
150493142
271372435
71368581
559573177
5857557
111226709
10546498
659807257
215601489
163028955
321066347
119692900
237584563
101237755
813801340
231265103
785489829
538407044
66420217
671294638
99624556
35789665
409252123
188840081
630492152
