99
470081529 972027852
413076039 852264318
290846013 730949481
504170274 53170106
797130089 370829970
997746290 628843992
107344575 790892604
949454318 119145512
689547066 138076234
187284104 178393288
333029098 307601380
248588188 598621484
80360362 462729522
930715112 882331028
434391381 575603382
644525528 123938448
455363328 518864343
673884085 747084793
248116322 969429258
381048370 178831435
704276635 815439750
606951164 201318512
554155798 129350585
779143542 85386372
125823742 918284166
756765980 681876905
514877476 141727550
254954285 90878625
157787332 98257640
249440670 971145414
320471580 147708494
857886507 686193549
343255796 109863950
143430863 445212813
592921306 287180816
924810412 278025002
964218550 864249178
860493600 497172346
48921012 859839903
153720624 455459910
3529786 744318022
60736814 770152568
76752662 375755616
615619184 927962198
462865712 356122940
760350831 293222760
186888596 610162042
28615587 190418382
979990226 267733226
894844533 156746358
304023330 210226595
679329278 176968496
999745212 292196458
847498232 678694898
554057686 358167182
298607914 256118462
386005095 45968796
108711738 925734116
82490068 873122608
273746592 199769326
470839648 721268954
499519419 269577543
84011954 780981020
597659657 635829460
563324430 60169113
986591438 260021374
964458958 632303078
119947494 170914140
874168362 531413043
480273660 691143669
391670367 297458319
988781412 639734325
322266057 849874503
281496042 860930016
24630572 9872929
138819498 659012486
176930968 578719416
564823730 143337702
476824602 4633542
996162942 353971521
867022816 987498787
12984009 577716966
223021348 821971161
148317522 5085063
704087372 325248490
436320826 756258510
942442038 22005489
718254807 874394751
765549684 102194199
201898292 505927444
515995094 658952964
132388648 86766250
385864064 754703898
706360100 549895570
916562220 11987825
3316167 520007907
346474941 28731492
47816514 271220208
936679764 445923339
