99
322 665
918 784
690 816
232 672
860 74
504 622
602 294
866 354
370 5
497 287
852 934
44 248
610 238
945 564
531 135
840 464
820 135
266 814
364 638
322 288
592 204
952 614
678 753
636 210
678 279
168 316
287 70
280 120
512 198
256 92
882 174
834 956
972 891
566 832
850 796
156 327
810 978
807 363
720 372
546 934
612 258
738 813
406 749
975 708
538 914
867 729
58 968
339 936
860 675
141 597
279 456
456 328
936 746
246 274
982 650
208 824
532 686
154 336
336 399
612 688
156 370
672 196
718 868
832 956
194 750
920 530
54 861
894 525
200 176
802 146
774 750
162 326
978 256
432 579
644 622
609 417
736 222
690 935
572 274
384 129
370 486
470 175
448 870
873 711
135 635
960 554
458 418
710 336
584 996
170 565
445 970
680 52
824 814
687 816
900 248
154 510
285 657
82 722
302 964
