99
4614 5384
6788 2992
766 9316
2286 8416
5862 8932
6936 8166
5260 8195
6796 1566
4860 8770
8113 4009
3860 8878
5764 7338
5885 5255
7022 9252
6046 5452
6843 9222
8416 4846
2112 5943
6286 3390
9938 5576
8345 3080
8778 6808
9023 6293
9682 6350
1160 2284
9810 1182
5566 6826
4730 3218
8810 2516
9638 7154
5596 4768
1574 8622
905 1140
7330 422
3564 411
6528 2373
1416 8470
7092 2643
2074 4348
1122 4352
5358 9936
6351 1236
1161 9987
3778 7002
5472 5524
9614 4652
7516 8288
8595 2076
605 9480
7342 5122
8790 3308
6126 3854
8162 9260
7322 5677
7548 6116
6865 1425
2122 7514
8072 1688
1893 9687
5730 2846
5466 2580
2216 8770
9486 5756
8456 2384
7076 5964
6018 3315
3048 6344
9122 3344
2114 4812
6686 2308
9762 5442
9892 4480
2134 3274
5008 3436
7904 6216
8154 7203
6214 2156
8606 608
1448 896
6456 2562
5520 675
3566 1744
2630 8274
7130 5910
1071 2125
7434 1856
1712 8881
7198 5558
6232 5682
6210 6628
9537 8382
6858 9434
538 6592
8316 2250
9328 6106
1738 1912
8139 4284
3099 2586
6195 7359
