99
51 45
48 57
69 6
90 34
72 40
30 78
58 96
100 74
46 69
75 45
57 51
63 91
72 58
82 36
100 35
10 16
60 99
36 50
6 2
33 66
96 60
39 6
92 38
42 64
52 42
52 65
20 48
55 25
94 34
93 63
52 38
49 77
68 50
35 7
2 80
18 100
30 15
68 56
62 92
4 36
84 72
24 57
64 30
82 48
22 38
35 25
94 2
96 2
24 92
98 7
63 77
60 38
81 48
55 75
26 70
66 42
66 87
2 42
34 74
55 11
100 50
3 21
70 21
34 48
100 80
100 44
96 42
54 98
63 63
76 84
72 62
80 42
92 62
36 58
20 98
8 48
33 39
12 86
3 48
60 38
20 65
22 12
62 64
54 4
55 55
96 32
90 12
75 21
84 81
90 81
76 92
24 84
60 54
45 81
92 66
10 50
8 20
3 84
14 100
