100 2
529 172
288 745
155 571
75 140
229 204
176 48
978 729
245 562
831 553
857 931
272 321
391 627
340 736
563 726
178 696
900 705
869 905
453 741
478 245
882 425
450 776
474 147
226 437
710 56
991 285
989 980
608 98
609 665
555 171
112 731
588 11
438 456
918 608
918 114
855 518
540 23
296 732
171 520
889 598
578 598
885 285
581 211
384 189
596 656
81 706
389 667
437 545
125 354
155 760
189 727
281 727
752 575
180 921
816 68
241 393
668 125
398 248
56 499
157 650
158 236
358 545
904 793
810 747
868 964
509 774
412 788
503 163
85 682
805 899
470 45
13 137
889 409
105 662
628 261
314 784
498 389
51 402
902 859
151 488
825 377
264 955
168 485
120 969
887 642
870 356
688 881
214 295
11 317
958 637
298 989
143 795
380 192
917 1
53 67
490 596
445 472
553 330
958 390
301 563
35 888
