50 100 3731
1 42
1 37
1 64
1 81
1 73
1 10
1 11
1 16
1 22
1 2
1 71
1 61
1 77
1 75
1 67
1 12
1 24
1 21
1 27
1 70
1 90
1 28
1 35
1 78
1 6
1 65
1 92
1 7
1 49
1 20
1 50
1 89
1 79
1 46
1 48
1 53
1 76
1 59
1 41
1 72
1 8
1 14
1 56
1 32
1 85
1 44
1 3
1 17
1 23
1 66
1 99
1 4
1 5
1 45
1 19
1 68
1 97
1 87
1 52
1 69
1 15
1 80
1 25
1 40
1 39
1 88
1 62
1 83
1 51
1 57
1 47
2 70
2 94
2 60
2 72
2 68
2 33
2 5
2 75
2 9
2 77
2 17
2 55
2 25
2 23
2 24
2 22
2 42
2 11
2 89
2 1
2 27
2 49
2 40
2 3
2 95
2 84
2 12
2 81
2 53
2 76
2 88
2 2
2 47
2 21
2 80
2 51
2 20
2 100
2 14
2 66
2 35
2 82
2 97
2 90
2 61
2 6
2 78
2 52
2 57
2 96
2 62
2 64
2 10
2 73
2 54
2 16
2 34
2 46
3 58
3 99
3 14
3 35
3 93
3 22
3 2
3 32
3 31
3 69
3 21
3 86
3 19
3 41
3 97
3 90
3 50
3 59
3 88
3 92
3 11
3 40
3 77
3 76
3 6
3 74
3 71
3 82
3 23
3 18
3 70
3 26
3 62
3 78
3 16
3 61
3 17
3 10
3 48
3 51
3 44
3 55
3 47
3 43
3 8
3 46
3 57
3 75
3 37
3 42
3 36
3 85
3 15
3 9
3 60
3 65
3 45
3 20
3 29
3 98
3 24
3 94
3 63
3 56
3 100
3 95
3 68
3 67
3 38
3 91
3 28
3 4
3 80
3 81
3 7
3 49
3 34
3 13
3 5
3 30
3 87
3 73
3 1
3 33
3 89
3 27
3 53
4 7
4 95
4 35
4 32
4 42
4 26
4 24
4 51
4 5
4 40
4 81
4 91
4 19
4 11
4 93
4 33
4 37
4 59
4 61
4 76
4 87
4 89
4 96
4 10
4 29
4 67
4 48
4 43
4 52
4 80
4 85
4 66
4 12
4 99
4 77
4 36
4 34
4 72
4 41
4 17
4 83
4 8
4 3
4 78
4 39
4 15
4 4
4 53
4 44
4 1
4 97
4 73
4 90
4 98
4 56
4 49
4 46
4 47
4 62
4 68
4 64
4 74
4 55
4 14
4 92
4 86
4 22
4 84
4 25
4 45
4 27
4 82
4 57
4 94
4 2
4 75
4 100
4 69
4 21
4 60
4 16
4 88
4 50
4 63
4 6
4 31
4 58
4 9
4 18
4 30
5 33
5 96
5 56
5 75
5 78
5 35
5 99
5 7
5 74
5 6
5 88
5 28
5 52
5 17
5 72
5 98
5 76
5 1
5 89
5 46
5 55
5 5
5 15
5 80
5 49
5 30
5 71
5 85
5 31
5 65
5 63
5 84
5 37
5 29
5 93
5 59
5 20
5 24
5 70
5 66
5 41
5 97
5 82
5 87
5 83
5 95
5 18
5 10
5 34
5 69
5 22
6 57
6 67
6 46
6 52
6 68
6 37
6 18
6 36
6 72
6 79
6 45
6 44
6 38
6 30
6 65
6 34
6 27
6 6
6 43
6 9
6 61
6 97
6 15
6 90
6 98
6 99
6 16
6 95
6 35
6 14
6 86
6 31
6 75
6 19
6 5
6 40
6 17
6 89
6 84
6 55
6 39
6 74
6 73
6 2
6 53
6 93
6 21
6 49
6 64
6 25
6 47
6 77
6 60
6 10
6 1
6 70
6 41
6 69
6 29
6 58
6 50
6 8
6 96
6 22
6 32
6 48
6 12
6 78
6 20
6 33
6 80
6 63
6 24
6 87
6 62
6 76
6 23
6 42
6 66
6 28
6 26
6 59
6 7
6 92
6 91
6 83
6 4
6 51
6 94
6 81
6 100
7 92
7 26
7 82
7 65
7 67
7 13
7 18
7 40
7 33
7 77
7 88
7 21
7 90
7 97
7 93
7 19
7 89
7 3
7 53
7 96
7 83
7 85
7 36
7 48
7 31
7 6
7 46
7 45
7 72
7 61
7 50
7 1
7 80
7 47
7 63
7 17
7 4
7 10
7 73
7 99
7 5
7 35
7 28
7 91
7 69
7 49
7 11
7 16
7 39
7 60
8 97
8 38
8 72
8 43
8 100
8 96
8 66
8 41
8 99
8 18
8 77
8 26
8 47
8 54
8 17
8 21
8 14
8 4
8 40
8 50
8 27
8 31
8 19
8 35
8 86
8 33
8 84
8 89
8 12
8 16
8 13
8 37
8 45
8 23
8 2
8 60
8 63
8 93
8 67
8 59
8 87
8 85
8 1
8 8
8 74
8 29
8 61
8 30
8 32
8 90
8 53
8 94
8 44
8 51
8 62
8 78
8 68
8 73
8 65
8 92
8 39
8 9
8 91
8 10
8 55
8 7
8 11
8 34
8 3
8 64
8 46
8 28
8 36
8 5
8 25
8 70
8 71
8 20
8 98
8 52
8 79
8 76
8 49
8 56
9 19
9 23
9 45
9 2
9 15
9 24
9 60
9 49
9 43
9 34
9 64
9 12
9 56
9 14
9 17
9 48
9 89
9 36
9 71
9 70
9 94
9 97
9 44
9 27
9 21
9 92
9 28
9 50
9 40
9 33
9 93
9 38
9 10
9 78
9 18
9 76
9 9
9 53
9 22
9 59
9 66
9 6
9 32
9 74
9 62
9 72
9 30
9 82
9 52
9 81
9 77
9 86
9 35
9 69
9 75
9 91
9 61
9 51
9 20
9 8
9 41
9 46
9 47
9 83
9 13
9 95
9 68
9 3
9 57
9 85
9 98
9 96
9 7
9 11
9 55
9 100
9 87
9 1
9 26
9 99
9 65
9 90
9 67
9 63
9 37
9 39
9 5
9 4
9 84
9 16
9 58
9 54
9 29
9 73
9 80
9 25
10 63
10 25
10 32
10 29
10 84
10 13
10 91
10 97
10 81
10 49
10 34
10 48
10 76
10 30
10 26
10 55
10 22
10 94
10 39
10 57
10 52
10 65
10 64
10 21
10 44
10 68
10 9
10 18
10 42
10 8
10 45
10 60
10 36
10 82
10 2
10 83
10 35
10 41
10 78
10 1
10 11
10 27
10 70
10 46
10 72
10 73
10 90
10 54
10 58
10 96
10 62
10 74
10 4
10 88
10 31
10 100
10 71
10 89
10 99
10 28
10 47
10 98
10 10
10 40
10 14
10 67
10 43
10 59
10 50
10 95
10 37
10 75
10 20
11 40
11 90
11 20
11 36
11 24
11 83
11 93
11 21
11 75
11 39
11 25
11 76
11 38
11 61
11 44
11 96
11 14
11 52
11 18
11 1
11 42
11 94
11 7
11 10
11 63
11 80
11 67
11 45
11 68
11 58
11 2
11 60
11 22
11 47
11 66
11 32
11 65
11 82
11 92
11 9
11 28
11 72
11 34
11 97
11 70
11 62
11 59
11 89
11 51
11 84
11 13
11 6
11 98
11 100
11 37
11 69
11 5
11 73
11 33
11 64
11 15
11 87
11 11
11 16
11 27
11 57
11 81
11 46
11 26
11 88
11 41
12 99
12 10
12 67
12 2
12 98
12 71
12 66
12 22
12 27
12 73
12 63
12 76
12 49
12 1
12 52
12 91
12 24
12 19
12 72
12 17
12 39
12 55
12 42
12 30
12 20
12 47
12 46
12 78
12 32
12 11
12 5
12 6
12 21
12 59
12 61
12 74
12 9
12 81
12 68
12 82
12 100
12 31
12 34
12 36
12 54
12 12
12 25
12 35
12 44
12 77
12 65
12 93
12 23
12 13
12 38
12 83
12 60
12 87
12 8
12 48
12 50
12 7
12 86
12 89
12 29
12 92
13 66
13 84
13 48
13 29
13 2
13 47
13 25
13 77
13 12
13 21
13 90
13 27
13 52
13 98
13 36
13 44
13 10
13 43
13 42
13 81
13 4
13 50
13 11
13 71
13 87
13 31
13 59
13 60
13 19
13 28
13 94
13 24
13 1
13 37
13 75
13 39
13 5
13 80
13 35
13 33
13 23
13 13
13 79
13 72
13 69
13 100
13 93
13 57
13 55
13 53
13 78
13 49
13 85
13 74
13 51
13 95
13 22
13 46
13 58
13 8
13 16
13 7
13 38
13 45
13 15
13 97
13 92
13 64
13 63
13 96
13 32
14 28
14 92
14 66
14 88
14 77
14 24
14 57
14 56
14 69
14 11
14 67
14 82
14 75
14 6
14 71
14 64
14 58
14 60
14 74
14 80
14 38
14 2
14 73
14 14
14 42
14 37
14 83
14 51
14 81
14 20
14 22
14 86
14 9
14 3
14 40
14 96
14 19
14 13
14 79
14 29
14 49
14 35
14 97
14 62
14 45
14 61
14 34
14 84
14 16
14 41
14 90
14 1
14 70
14 23
14 8
14 68
14 55
14 10
14 54
14 30
14 43
14 39
14 44
14 17
14 72
14 48
14 31
14 27
14 26
14 52
14 4
14 25
14 100
14 89
14 63
14 12
14 99
14 98
14 65
14 76
14 91
14 32
14 87
14 59
14 21
14 33
14 50
14 5
14 36
14 78
14 47
14 7
14 46
14 18
14 93
14 53
14 15
14 95
15 34
15 26
15 92
15 12
15 89
15 41
15 45
15 14
15 13
15 37
15 54
15 20
15 8
15 52
15 100
15 86
15 10
15 81
15 44
15 42
15 51
15 84
15 22
15 35
15 9
15 98
15 6
15 27
15 50
15 93
15 36
15 95
15 97
15 77
15 4
15 76
15 83
15 72
15 99
15 28
15 33
15 25
15 61
15 49
15 43
15 87
15 32
15 80
15 73
15 21
15 74
15 75
15 7
15 78
15 2
15 19
15 5
15 23
15 63
15 56
15 3
15 64
15 67
15 46
15 30
15 40
15 48
15 91
15 65
15 79
15 96
15 15
15 66
16 18
16 25
16 17
16 46
16 11
16 60
16 81
16 61
16 73
16 53
16 8
16 70
16 74
16 82
16 3
16 24
16 52
16 5
16 49
16 56
16 69
16 58
16 57
16 48
16 72
16 89
16 27
16 16
16 43
16 85
16 15
16 12
16 84
16 77
16 21
16 28
16 71
16 7
16 44
16 22
16 45
16 91
16 64
16 38
16 55
16 87
16 20
16 93
16 63
16 78
16 14
16 10
16 6
16 31
16 19
16 40
16 95
16 13
16 1
16 94
16 68
16 80
16 75
16 83
16 99
16 34
16 47
16 36
16 35
16 33
16 30
16 96
16 76
16 4
16 88
16 26
16 32
16 66
16 37
16 62
16 29
16 86
16 9
17 50
17 49
17 43
17 91
17 33
17 38
17 17
17 77
17 15
17 85
17 80
17 89
17 8
17 14
17 34
17 67
17 4
17 65
17 51
17 9
17 40
17 94
17 95
17 93
17 66
17 100
17 10
17 5
17 3
17 24
17 27
17 29
17 22
17 55
17 30
17 68
17 20
17 74
17 54
17 62
17 58
17 81
17 23
17 59
17 72
17 19
17 13
17 64
17 46
17 2
17 11
17 28
17 32
17 63
17 56
17 47
17 60
18 71
18 45
18 80
18 15
18 67
18 25
18 88
18 85
18 65
18 27
18 8
18 26
18 62
18 32
18 29
18 34
18 63
18 68
18 59
18 46
18 35
18 64
18 73
18 7
18 50
18 72
18 10
18 78
18 61
18 91
18 66
18 42
18 87
18 54
18 75
18 96
18 53
18 21
18 83
18 77
18 82
18 86
18 100
18 47
18 84
18 3
18 48
18 51
18 19
18 9
18 95
18 90
18 98
18 56
18 44
18 60
18 18
18 94
18 30
18 52
18 22
18 23
18 69
18 70
18 33
18 81
18 58
18 39
18 1
18 41
18 74
18 76
18 89
18 6
18 28
18 13
18 24
18 36
18 97
18 14
18 31
18 99
18 38
18 17
18 20
18 37
18 55
18 57
18 5
19 98
19 78
19 72
19 79
19 12
19 62
19 85
19 49
19 61
19 26
19 93
19 53
19 7
19 99
19 35
19 52
19 23
19 30
19 77
19 50
19 3
19 82
19 70
19 69
19 4
19 41
19 95
19 19
19 90
19 56
19 6
19 10
19 1
19 86
19 57
19 2
19 89
19 63
19 5
19 58
19 97
19 47
19 68
19 15
19 37
19 28
19 9
19 87
19 25
19 33
19 96
19 39
19 84
19 40
19 13
19 48
19 81
19 36
19 27
19 22
19 75
19 71
19 42
19 60
19 32
19 73
19 8
19 31
19 54
19 74
19 18
19 14
19 46
19 29
19 67
19 20
19 91
19 55
19 59
19 24
19 65
19 66
19 100
19 17
19 76
19 80
19 44
19 21
19 16
19 51
19 92
19 45
19 11
19 88
19 83
19 34
19 38
19 43
19 64
19 94
20 87
20 85
20 56
20 94
20 14
20 35
20 67
20 22
20 63
20 98
20 48
20 8
20 38
20 44
20 2
20 80
20 79
20 64
20 24
20 16
20 13
20 47
20 36
20 54
20 39
20 9
20 58
20 15
20 65
20 50
20 69
20 95
20 37
20 40
20 26
20 27
20 77
20 31
20 66
20 30
20 18
20 10
20 76
20 4
20 96
20 51
20 33
20 86
20 83
20 29
20 91
20 71
20 3
20 75
21 6
21 28
21 26
21 25
21 33
21 43
21 61
21 14
21 71
21 24
21 79
21 35
21 8
21 80
21 38
21 31
21 20
21 13
21 73
21 60
21 27
21 29
21 15
21 92
21 95
21 89
21 84
21 94
21 34
21 54
21 16
21 1
21 7
21 42
21 5
21 65
21 18
21 41
21 58
21 76
21 87
21 12
21 23
21 30
21 91
21 37
21 90
21 56
21 66
21 63
21 22
21 62
21 19
21 85
21 10
21 96
21 74
21 52
21 50
21 47
21 48
21 93
21 3
21 69
22 95
22 93
22 57
22 8
22 75
22 63
22 52
22 44
22 33
22 40
22 48
22 37
22 11
22 62
22 1
22 84
22 42
22 87
22 82
22 81
22 94
22 45
22 99
22 72
22 24
22 17
22 25
22 15
22 49
22 89
22 80
22 77
22 2
22 67
22 71
22 91
22 21
22 60
22 7
22 23
22 92
22 98
22 14
22 43
22 47
22 79
22 83
22 64
22 70
22 88
22 9
22 32
22 16
22 96
22 54
22 34
22 20
22 12
22 35
22 85
22 90
22 36
22 31
22 22
22 29
22 53
22 46
22 55
22 50
22 100
22 86
23 46
23 37
23 98
23 76
23 56
23 97
23 9
23 68
23 45
23 88
23 77
23 90
23 84
23 16
23 100
23 47
23 43
23 78
23 66
23 73
23 25
23 44
23 64
23 82
23 38
23 33
23 96
23 79
23 21
23 95
23 20
23 14
23 35
23 74
23 55
23 10
23 6
23 40
23 67
23 91
23 72
23 69
23 2
23 86
23 87
23 71
23 13
23 42
23 39
23 52
23 70
23 80
23 34
23 7
23 30
23 4
23 18
23 36
23 75
23 83
23 24
23 60
23 50
23 32
23 27
23 28
23 85
23 92
23 54
23 93
23 99
23 3
23 31
23 63
23 62
23 94
23 26
23 61
23 57
23 65
23 17
23 81
23 19
23 53
23 41
23 8
23 15
23 49
24 32
24 51
24 14
24 40
24 86
24 50
24 85
24 24
24 44
24 33
24 59
24 39
24 78
24 73
24 12
24 29
24 5
24 3
24 6
24 19
24 20
24 95
24 66
24 30
24 70
24 25
24 93
24 57
24 46
24 69
24 64
24 7
24 94
24 60
24 53
24 83
24 54
24 2
24 47
24 11
24 84
24 41
24 18
24 79
24 81
24 34
24 23
24 55
24 36
24 9
24 48
24 15
24 31
24 65
24 92
24 1
24 26
24 90
24 99
24 16
24 43
24 88
24 89
24 38
24 68
24 96
24 58
24 72
24 21
24 63
24 87
24 98
24 4
24 35
24 56
24 13
24 82
24 52
24 49
24 100
24 27
24 71
24 97
24 77
24 76
24 42
24 74
24 80
24 67
24 75
24 17
24 28
24 8
24 91
24 37
25 42
25 82
25 16
25 47
25 28
25 10
25 30
25 90
25 31
25 71
25 100
25 29
25 1
25 6
25 5
25 48
25 50
25 99
25 53
25 35
25 7
25 78
25 43
25 17
25 76
25 95
25 63
25 58
25 64
25 93
25 13
25 86
25 20
25 92
25 67
25 61
25 97
25 34
25 98
25 52
25 36
25 81
25 27
25 32
25 62
25 54
25 94
25 66
25 41
25 33
25 96
25 4
25 55
25 72
25 18
25 56
25 89
25 14
25 73
25 3
25 23
25 70
25 69
25 88
25 45
25 79
25 11
25 12
25 84
25 65
25 40
25 91
25 68
25 49
25 22
25 37
25 46
25 85
25 59
25 57
25 39
25 2
25 24
25 77
25 60
25 51
25 8
25 74
25 9
25 26
25 21
25 87
25 80
25 44
26 30
26 88
26 12
26 11
26 91
26 92
26 16
26 54
26 57
26 1
26 34
26 35
26 87
26 80
26 46
26 17
26 68
26 79
26 58
26 61
26 94
26 75
26 77
26 42
26 96
26 60
26 89
26 24
26 49
26 95
26 84
26 26
26 100
26 10
26 43
26 13
26 8
26 86
26 6
26 63
26 71
26 81
26 7
26 33
26 76
26 66
26 99
26 22
26 37
26 52
26 36
26 9
26 47
26 98
26 83
26 55
26 65
26 5
26 72
26 73
26 39
26 29
26 38
26 15
26 97
26 41
26 44
26 56
26 85
26 70
26 62
26 28
26 3
26 51
26 50
26 4
26 21
26 20
26 31
26 82
26 19
26 2
26 40
26 67
26 93
27 89
27 1
27 13
27 29
27 2
27 100
27 38
27 62
27 3
27 84
27 66
27 88
27 78
27 67
27 53
27 50
27 28
27 65
27 57
27 16
27 74
27 6
27 26
27 59
27 58
27 97
27 61
27 82
27 8
27 77
27 41
27 39
27 27
27 64
27 48
27 99
27 20
27 43
27 24
27 75
27 46
27 37
27 40
27 73
27 23
27 55
27 34
27 21
27 70
27 81
27 18
27 91
28 29
28 81
28 37
28 56
28 52
28 61
28 21
28 100
28 74
28 28
28 31
28 98
28 9
28 39
28 94
28 55
28 22
28 24
28 60
28 68
28 23
28 44
28 71
28 17
28 2
28 15
28 8
28 26
28 82
28 57
28 72
28 86
28 67
28 3
28 89
28 36
28 13
28 58
28 14
28 42
28 43
28 78
28 32
28 62
28 65
28 46
28 92
28 1
28 12
28 79
28 66
28 16
28 53
28 50
28 64
28 69
28 76
28 7
28 80
28 30
28 40
28 85
28 11
28 10
28 54
28 49
28 35
28 19
28 75
28 27
28 97
28 45
28 41
28 33
28 93
28 99
28 84
28 4
28 59
28 95
28 47
28 70
28 63
28 6
28 25
28 77
29 56
29 49
29 91
29 9
29 42
29 94
29 51
29 22
29 17
29 85
29 10
29 26
29 21
29 70
29 41
29 72
29 80
29 6
29 25
29 14
29 16
29 44
29 23
29 83
29 79
29 67
29 36
29 59
29 3
29 89
29 48
29 71
29 76
29 84
29 61
29 100
29 75
29 18
29 20
29 93
29 28
29 99
29 65
29 15
29 86
29 62
29 55
29 97
29 73
29 46
29 30
29 87
29 37
29 45
29 90
30 91
30 17
30 98
30 29
30 54
30 70
30 81
30 42
30 77
30 72
30 47
30 96
30 5
30 10
30 48
30 60
30 69
30 27
30 61
30 22
30 64
30 16
30 26
30 76
30 37
30 13
30 32
30 66
30 49
30 51
30 68
30 41
30 2
30 34
30 18
30 86
30 25
30 23
30 36
30 99
30 83
30 24
30 46
30 74
30 1
30 82
30 44
30 7
30 52
30 38
30 56
30 95
30 59
30 39
30 80
30 87
30 67
30 65
30 93
30 4
31 52
31 64
31 57
31 37
31 87
31 75
31 18
31 16
31 68
31 6
31 29
31 14
31 42
31 90
31 25
31 99
31 9
31 8
31 33
31 92
31 60
31 21
31 62
31 89
31 7
31 93
31 49
31 32
31 88
31 79
31 80
31 83
31 40
31 61
31 5
31 26
31 67
31 76
31 82
31 53
31 51
31 27
31 3
31 45
31 95
31 2
31 77
31 17
31 55
31 65
31 15
31 47
31 13
31 20
31 72
31 81
31 66
31 28
31 59
31 78
31 63
31 19
31 34
31 1
31 10
31 50
31 30
31 97
31 71
31 84
31 22
31 70
31 46
31 11
31 31
31 41
31 39
31 73
31 4
31 58
31 98
31 54
31 35
31 24
32 90
32 27
32 15
32 2
32 24
32 67
32 56
32 78
32 38
32 12
32 58
32 51
32 66
32 30
32 44
32 55
32 70
32 48
32 98
32 92
32 47
32 61
32 54
32 25
32 85
32 17
32 74
32 6
32 89
32 62
32 37
32 69
32 10
32 49
32 60
32 31
32 9
32 23
32 97
32 21
32 20
32 72
32 14
32 1
32 46
32 45
32 5
32 41
32 52
32 71
32 84
32 88
32 16
32 93
32 76
32 4
32 28
32 94
32 43
32 83
32 18
32 3
32 80
32 50
32 64
32 40
32 26
32 7
32 77
32 73
32 22
32 35
32 59
32 81
32 32
32 100
32 33
32 79
32 19
32 13
32 95
32 63
32 8
32 11
32 86
32 82
32 57
32 99
32 34
32 87
32 29
32 91
32 39
32 65
32 53
33 75
33 11
33 66
33 45
33 4
33 67
33 43
33 83
33 7
33 51
33 1
33 60
33 33
33 85
33 21
33 8
33 15
33 52
33 18
33 88
33 9
33 29
33 61
33 47
33 6
33 68
33 70
33 13
33 17
33 91
33 28
33 58
33 89
33 62
33 96
33 63
33 82
33 99
33 54
33 65
33 74
33 56
33 24
33 93
33 10
33 59
33 50
33 87
33 80
33 25
33 73
33 94
33 57
33 72
33 2
33 81
33 46
33 40
34 54
34 39
34 13
34 92
34 41
34 86
34 34
34 62
34 12
34 87
34 20
34 19
34 35
34 61
34 11
34 69
34 76
34 2
34 30
34 79
34 50
34 43
34 81
34 77
34 88
34 66
34 57
34 85
34 47
34 55
34 14
34 52
34 90
34 100
34 83
34 5
34 4
34 3
34 82
34 72
34 75
34 36
34 58
34 78
34 48
34 74
34 27
34 22
34 42
34 99
34 97
34 17
34 24
34 60
34 9
34 64
34 18
34 31
34 8
34 15
34 67
34 37
34 10
34 44
34 65
34 28
34 29
34 63
34 16
35 61
35 23
35 19
35 8
35 96
35 31
35 9
35 79
35 60
35 91
35 58
35 5
35 75
35 82
35 100
35 39
35 77
35 68
35 38
35 52
35 88
35 17
35 7
35 24
35 94
35 26
35 32
35 56
35 21
35 25
35 15
35 55
35 2
35 48
35 14
35 70
35 28
35 53
35 95
35 40
35 87
35 36
35 69
35 34
35 16
35 62
35 65
35 98
35 81
35 49
35 54
35 12
35 51
35 63
35 29
35 84
35 42
35 10
35 73
35 66
35 50
35 4
36 92
36 65
36 56
36 86
36 13
36 16
36 46
36 33
36 32
36 60
36 94
36 49
36 27
36 89
36 61
36 44
36 26
36 21
36 75
36 10
36 31
36 69
36 25
36 14
36 3
36 81
36 93
36 73
36 47
36 24
36 72
36 85
36 23
36 2
36 70
36 87
36 76
36 50
36 57
36 51
36 30
36 6
36 63
36 43
36 37
36 77
36 79
36 84
36 5
36 40
36 97
36 28
36 8
36 74
36 15
36 41
36 54
36 4
37 82
37 85
37 63
37 24
37 29
37 40
37 32
37 13
37 9
37 7
37 30
37 62
37 17
37 69
37 60
37 78
37 26
37 46
37 50
37 43
37 41
37 10
37 90
37 45
37 79
37 8
37 36
37 89
37 57
37 92
37 80
37 3
37 20
37 34
37 2
37 44
37 81
37 19
37 71
37 75
37 12
37 4
37 14
37 11
37 25
37 61
37 23
37 65
37 68
37 47
37 54
37 93
37 27
37 22
37 59
37 49
37 31
37 21
37 38
37 77
37 51
37 76
37 55
37 1
37 74
37 52
37 35
37 66
37 100
37 18
37 58
37 98
37 15
37 96
37 99
37 48
37 94
37 16
37 37
38 63
38 49
38 72
38 12
38 54
38 48
38 88
38 31
38 33
38 9
38 1
38 58
38 53
38 19
38 60
38 64
38 26
38 4
38 22
38 57
38 17
38 36
38 80
38 78
38 43
38 46
38 73
38 20
38 81
38 83
38 86
38 62
38 76
38 35
38 8
38 27
38 94
38 11
38 79
38 15
38 92
38 97
38 25
38 21
38 2
38 59
38 51
38 14
38 56
38 99
38 95
38 50
38 41
38 98
38 23
38 87
38 32
38 74
38 66
38 77
38 37
38 6
38 52
38 89
38 30
38 38
38 42
38 34
38 65
38 93
38 82
38 29
38 18
38 68
38 84
38 69
38 13
38 100
38 45
38 40
38 5
38 91
38 70
38 3
38 75
38 39
38 61
38 71
38 47
39 94
39 46
39 83
39 60
39 78
39 31
39 37
39 95
39 12
39 98
39 5
39 24
39 51
39 1
39 80
39 68
39 85
39 86
39 65
39 61
39 52
39 63
39 76
39 15
39 4
39 17
39 72
39 97
39 45
39 3
39 50
39 91
39 67
39 2
39 36
39 48
39 35
39 93
39 27
39 14
39 41
39 70
39 73
39 56
39 81
39 23
39 32
39 30
39 26
39 20
39 96
39 77
39 28
39 47
39 90
39 69
39 55
39 64
39 7
39 100
39 92
39 8
39 54
39 29
39 43
39 89
39 42
39 10
39 13
39 53
39 84
39 88
39 18
39 62
40 10
40 88
40 12
40 7
40 44
40 63
40 36
40 82
40 56
40 81
40 11
40 97
40 72
40 14
40 20
40 99
40 79
40 78
40 28
40 50
40 1
40 26
40 17
40 43
40 70
40 60
40 100
40 48
40 57
40 32
40 98
40 35
40 52
40 6
40 83
40 84
40 42
40 90
40 73
40 13
40 21
40 93
40 27
40 96
40 8
40 41
40 86
40 55
40 68
40 30
40 24
40 76
40 47
40 87
40 4
40 65
40 49
40 33
40 62
40 40
40 2
40 80
40 89
40 95
40 29
40 45
40 37
40 38
40 51
40 92
40 46
40 69
40 67
40 15
40 53
40 74
40 31
40 75
40 85
40 59
40 66
40 64
40 58
40 91
40 25
40 3
40 18
41 41
41 17
41 29
41 79
41 18
41 39
41 13
41 63
41 89
41 70
41 11
41 51
41 44
41 71
41 38
41 35
41 76
41 45
41 15
41 68
41 37
41 24
41 97
41 55
41 20
41 88
41 54
41 60
41 43
41 26
41 75
41 25
41 6
41 28
41 31
41 3
41 82
41 87
41 1
41 36
41 32
41 69
41 47
41 98
41 84
41 56
41 99
41 86
41 21
41 90
41 42
41 80
41 62
41 27
41 95
41 85
41 83
41 52
41 5
41 78
41 23
41 19
41 96
41 66
41 93
41 4
41 94
41 8
41 58
41 65
41 12
41 74
41 48
41 34
41 72
41 92
41 40
41 2
41 50
41 49
41 33
42 85
42 81
42 78
42 41
42 71
42 26
42 46
42 89
42 36
42 13
42 66
42 31
42 88
42 95
42 97
42 3
42 98
42 68
42 87
42 49
42 91
42 28
42 17
42 5
42 60
42 53
42 25
42 51
42 52
42 39
42 20
42 33
42 93
42 69
42 43
42 9
42 22
42 92
42 24
42 7
42 44
42 35
42 58
42 100
42 75
42 94
42 6
42 45
42 8
42 76
42 90
42 29
42 56
42 72
42 37
42 74
42 4
42 64
42 63
42 99
42 19
42 48
42 73
42 32
42 18
42 2
43 46
43 27
43 55
43 48
43 11
43 4
43 79
43 71
43 16
43 94
43 50
43 67
43 21
43 10
43 34
43 7
43 72
43 65
43 82
43 29
43 80
43 15
43 42
43 39
43 89
43 49
43 1
43 54
43 3
43 84
43 12
43 96
43 99
43 75
43 45
43 22
43 56
43 25
43 57
43 2
43 18
43 77
43 26
43 93
43 43
43 19
43 83
43 86
43 9
43 38
44 65
44 70
44 90
44 48
44 11
44 45
44 73
44 94
44 14
44 46
44 98
44 26
44 31
44 76
44 41
44 75
44 66
44 1
44 92
44 89
44 43
44 50
44 25
44 34
44 79
44 59
44 68
44 51
44 81
44 71
44 67
44 37
44 3
44 95
44 82
44 64
44 29
44 42
44 32
44 44
44 52
44 61
44 16
44 63
44 96
44 24
44 4
44 17
44 84
44 23
44 80
44 20
44 62
44 33
44 35
44 22
44 74
44 13
44 21
44 60
44 86
44 99
44 39
44 5
44 9
44 58
44 57
44 40
44 87
44 77
44 2
44 88
44 85
44 49
44 38
44 100
44 8
44 10
44 19
44 55
44 30
44 6
45 89
45 71
45 3
45 17
45 45
45 92
45 56
45 68
45 100
45 82
45 32
45 40
45 87
45 83
45 70
45 53
45 57
45 93
45 47
45 64
45 44
45 37
45 28
45 16
45 39
45 19
45 80
45 15
45 84
45 12
45 73
45 25
45 18
45 2
45 26
45 42
45 13
45 99
45 14
45 48
45 94
45 67
45 63
45 95
45 65
45 49
45 58
45 76
45 55
45 86
45 51
45 4
45 22
45 88
45 33
45 61
45 21
45 7
45 24
45 30
45 8
45 96
45 69
45 41
45 97
45 81
45 35
45 1
45 43
45 78
45 34
45 11
45 31
45 9
45 50
45 79
46 30
46 23
46 88
46 15
46 83
46 80
46 79
46 35
46 3
46 52
46 6
46 94
46 97
46 87
46 47
46 37
46 40
46 20
46 13
46 86
46 57
46 18
46 27
46 5
46 28
46 82
46 42
46 25
46 29
46 55
46 76
46 11
46 93
46 71
46 41
46 39
46 70
46 69
46 51
46 21
46 16
46 34
46 90
46 36
46 22
46 59
46 98
46 60
46 56
46 62
46 74
46 89
46 73
46 54
46 85
46 26
46 24
46 58
46 95
46 77
46 53
46 81
46 84
46 91
46 63
46 10
46 45
46 32
46 17
46 99
46 4
46 9
46 12
46 8
46 96
46 67
46 14
46 46
46 66
46 7
46 78
46 2
46 68
46 1
46 49
46 33
46 19
47 38
47 66
47 53
47 30
47 42
47 29
47 25
47 51
47 36
47 28
47 47
47 44
47 54
47 89
47 20
47 1
47 60
47 91
47 6
47 94
47 12
47 4
47 71
47 24
47 95
47 80
47 40
47 26
47 48
47 46
47 68
47 61
47 16
47 52
47 35
47 92
47 84
47 56
47 37
47 85
47 90
47 34
47 7
47 88
47 99
47 27
47 82
47 5
47 58
47 79
47 69
47 86
47 65
47 83
47 59
47 21
47 17
47 96
47 50
48 35
48 27
48 89
48 60
48 64
48 78
48 62
48 54
48 61
48 43
48 52
48 51
48 48
48 75
48 1
48 94
48 98
48 33
48 42
48 67
48 26
48 88
48 40
48 25
48 85
48 57
48 10
48 69
48 13
48 82
48 86
48 17
48 58
48 59
48 11
48 76
48 4
48 37
48 14
48 2
48 20
48 70
48 84
48 81
48 32
48 31
48 39
48 19
48 99
48 22
48 80
48 47
48 91
48 12
48 38
48 87
48 8
48 50
48 49
48 77
48 9
48 28
48 46
48 92
48 83
48 18
48 41
48 44
48 34
48 36
48 21
48 15
48 68
48 56
48 24
48 100
49 54
49 47
49 59
49 63
49 30
49 56
49 20
49 8
49 70
49 90
49 27
49 43
49 61
49 10
49 14
49 98
49 5
49 93
49 69
49 31
49 44
49 100
49 37
49 87
49 55
49 89
49 84
49 40
49 18
49 24
49 97
49 72
49 4
49 17
49 15
49 62
49 19
49 95
49 76
49 58
49 42
49 82
49 83
49 6
49 66
49 78
49 53
49 51
49 46
49 38
49 96
49 80
50 86
50 41
50 24
50 99
50 79
50 85
50 21
50 63
50 13
50 71
50 43
50 45
50 90
50 33
50 83
50 4
50 44
50 53
50 70
50 17
50 74
50 61
50 49
50 1
50 89
50 92
50 39
50 68
50 23
50 84
50 77
50 22
50 46
50 28
50 20
50 19
50 62
50 51
50 36
50 48
50 3
50 73
50 72
50 6
50 50
50 34
50 100
50 32
50 9
50 56
50 76
50 12
50 10
50 8
50 64
50 31
50 95
50 54
50 98
50 66
50 81
50 57
50 67
50 94
50 97
50 7
50 37
50 52
50 30
50 58
50 69
50 91
50 80
50 16
50 15
50 78
50 2
50 42
50 88
50 47
50 96
50 87
50 35
50 55
