45 74 126
1 55
1 13
1 74
1 45
2 36
2 9
3 57
3 56
3 35
3 48
4 13
5 12
5 44
5 10
6 64
7 20
7 57
7 41
8 6
8 39
8 26
8 74
10 9
10 23
11 24
11 56
11 12
11 3
12 14
12 16
12 19
14 31
14 1
14 28
15 18
15 19
15 47
15 35
15 2
17 24
17 19
17 46
17 48
17 9
18 65
18 62
18 3
18 38
18 74
18 51
19 48
19 33
19 10
21 47
21 10
23 29
24 59
25 12
25 65
25 62
26 55
28 3
28 31
28 44
28 22
29 72
29 31
29 17
29 54
30 35
30 44
31 30
31 26
31 61
31 51
31 65
32 2
32 73
32 31
32 16
32 12
32 53
33 62
33 73
33 14
33 68
33 54
34 22
34 4
34 20
35 49
36 32
36 50
36 45
36 42
37 62
37 73
37 64
38 30
38 22
38 39
38 20
39 52
39 1
39 11
39 73
39 42
40 44
40 29
40 67
40 48
40 27
40 62
41 8
41 13
41 38
41 61
42 6
42 52
42 2
43 19
43 8
43 29
43 48
43 27
43 42
