974
130649494 -334750603 196 194
-128170905 -36925719 192 200
-132188877 -838421900 197 199
-924302066 -208068239 200 192
-225351116 243189063 199 194
698873304 -626471883 192 196
513135835 567427812 199 192
847094373 -611348774 197 200
53900623 859007172 196 199
-325402195 -224151744 191 199
-62573643 -900140325 199 192
-255692211 324504368 196 194
-579790217 -654177105 198 198
-280648988 -926748383 195 200
493195782 110602792 191 198
499254018 804212077 198 194
515735601 -822936946 195 199
-47088690 750836424 197 198
703212452 799899685 192 194
-23079595 676960836 197 199
-977216270 708117615 198 196
633885585 -820844127 195 191
289758665 703348044 200 196
360076473 -952012695 199 197
-922433288 231117092 195 194
-165530132 -791046777 193 193
-991147093 529310353 196 196
58787541 -638255116 196 195
-930137502 456665832 200 198
635821705 -939090635 200 193
764257410 -586700912 198 196
-686197253 -680657863 193 200
550459230 -671126802 193 191
-462173579 -952304123 194 192
577006230 317879388 197 195
679624272 325421551 199 195
-365396265 -196347180 194 193
-135437815 399162422 195 198
812461510 -826819377 194 198
-507477239 15881197 200 192
344754395 791997551 194 198
839693428 -239412084 191 192
-921532696 371778197 196 200
-450283900 32440235 196 197
836093055 -924088683 199 194
327590092 -939183505 191 196
-766002882 -654789925 195 200
361091272 341498633 193 191
-13987463 -245037984 200 198
515549932 -572247961 199 200
799530236 557480815 192 200
-557562597 974785276 196 191
903212947 -454139495 194 192
-393323000 718725944 197 200
-936063982 -100247737 199 195
-906232752 -958271427 195 196
-203309411 -870635148 194 194
-590366756 557956783 194 194
-32046049 -626535314 193 195
-799233686 649525047 195 192
-952098096 -921827080 196 196
796898864 -31781297 195 196
867970966 -85036626 192 196
-43308053 -468166753 193 197
-486285548 -495447193 191 198
-937490410 381946225 191 195
755410911 248470052 191 196
-249488549 687325764 200 196
765498684 -194995804 191 191
773222899 -199238364 199 199
715725011 824192719 196 191
-791457681 -945484511 200 192
-440931703 -951028392 199 191
283434186 -516851650 195 200
731618402 502961734 197 196
42803850 -534755783 192 198
270248413 -561431827 198 196
239329810 -90969373 196 194
-414260301 550179020 194 199
604694509 463336682 200 199
364824643 14659610 199 192
497807960 847447532 191 196
202925618 -907808344 191 192
-590047774 -597835167 199 191
-159266993 -312686153 198 198
596344475 -329081108 193 197
-926385736 -927345176 195 194
388507860 -802062315 193 196
212597295 -962522318 198 199
884925215 -648722981 194 196
-704014972 -86030405 197 196
316134429 797677714 198 199
-662492086 -332641096 196 200
338277796 -317886701 196 191
-392715524 -350148189 196 197
-152210504 -510178531 195 193
-472700848 560781581 193 200
912058600 -879310926 195 192
-112824978 -903762737 197 194
893914977 5151483 192 194
672510387 -992827452 193 196
-310714153 838760899 198 195
-658870938 70430132 193 200
560251602 599036556 194 195
12334489 577646455 196 193
550851882 409915729 194 197
506152992 603966659 191 193
-538365506 -588421349 196 192
-581248800 206831550 199 198
-101891199 -22321285 194 195
-951891154 402002736 196 192
-146444356 382494478 198 195
-187342715 605751732 199 200
-131816186 332785351 196 199
-210731638 -147062165 191 197
264516487 -331522602 200 198
875308948 -912470144 197 192
-82275076 -99055190 196 194
-844536102 -854155261 198 193
380855570 532687184 199 198
-9044731 222741956 197 194
-591956341 -231376498 192 192
621561337 417946074 200 197
-913576529 538295318 196 193
478341527 -81800698 196 194
819144112 -989612457 198 191
-991251365 198676204 195 197
-416120260 563569933 194 200
-361171759 697688140 195 192
-681172006 224999038 195 192
-504538536 -602568496 191 199
935726822 -194121925 193 193
724077377 -606134363 196 192
-595746820 -565383216 194 197
633292988 -940993893 193 192
475092393 90755787 191 195
-359039721 -216469113 198 194
-991470076 110009162 198 192
507440666 284193817 200 191
-909928109 -107924559 195 193
285941078 929952400 196 200
-782914464 -862217982 196 196
-950695522 758318449 197 195
-298409412 417108048 191 199
-946844713 -790824550 194 193
319184612 -92450550 196 191
-955740381 61618334 191 193
953693775 -757873283 197 197
-975404531 -579050347 198 196
-588751976 -409425756 191 196
-798590955 864643488 200 194
134267889 -114151358 194 197
95024092 -747077653 192 197
160471797 372334046 197 198
-713531267 -226791492 192 191
15335225 -302390881 197 195
118558772 819691883 191 198
-737217521 226187582 193 195
-56652577 385374084 199 193
-876260922 465258011 191 191
718180358 -928304067 197 199
444029980 -716128736 196 194
57079772 -20004442 194 199
677604677 -139476008 195 192
-467267773 -901009904 191 198
325177679 873878603 192 195
111769039 -520586259 199 198
944671753 168727958 200 194
240423892 792275865 194 195
-923852872 -965046753 200 194
-132534842 943162862 194 198
-343796794 875536648 200 195
974526744 77268939 192 196
-196336106 96672724 200 194
576086466 324435347 193 192
-654320342 310245041 197 191
-44962742 -159787290 195 200
-272317690 -904424585 194 200
-961261724 -367365052 197 197
-639312052 -108484003 191 196
968784937 573359763 191 194
-477451161 -534269598 200 196
790165749 396371871 199 198
-440866735 -934414386 200 194
-241685323 550055435 196 198
645630850 -880168393 199 191
-395017092 -221089183 197 198
670426814 673252938 193 194
99129053 -654129926 198 193
-188399524 -637875892 191 199
758495979 -250227870 198 197
-332125903 -982890354 191 195
419681434 934703735 195 198
907051695 698362922 200 196
-670209909 -755909863 193 197
917343075 -663859934 192 191
-317989859 313671000 195 198
675795108 916012274 196 191
-481699243 -756946115 197 195
-887320116 -6214492 192 199
-218994405 229582095 198 193
-219538631 -390063224 199 192
-145973087 -912137238 200 191
-575997171 -840037568 191 191
473633433 836057545 200 194
604586171 -747450513 196 199
-504396628 598221722 196 197
-555476418 626458116 195 199
-291443437 -704132766 191 193
-94195990 -476256230 196 195
-388393467 414770464 197 193
574732897 729108437 193 193
417682334 -553721377 196 198
-301171890 -955903740 199 193
494834335 -988233728 199 198
490740741 795875665 198 197
-908257102 -363977380 199 192
159766390 992617334 198 194
259904150 -301355846 198 200
-719731057 -346362679 192 198
99915945 343380009 197 196
239992622 275440624 191 200
139723249 -499077020 199 193
-850685003 396621026 199 199
-967356355 -924374414 191 199
920759273 406048047 195 196
-895307800 328314301 196 197
981951623 160885608 194 191
-643218031 -786802388 198 192
488638236 431336217 193 199
932259198 -584148169 191 196
812472857 498652179 197 196
426794118 -28697694 196 194
-770133295 263891259 191 200
-555278087 806099045 196 199
-180498994 -787502119 199 196
-574304507 799218135 200 200
83070705 -337791829 200 196
78060002 211586100 193 192
-437245369 -170398402 199 200
800903904 -111725986 195 191
-995318375 127900714 192 199
-213483888 -505085024 197 199
-292587143 942167234 196 191
593901722 260390364 193 200
922598536 147686351 195 191
-788211197 -948211812 193 195
-118610213 889422520 196 194
-369787114 658743379 196 193
-360839554 -511540774 191 199
-16625797 812891477 199 191
607575063 519026473 194 198
-368066810 576370195 197 199
-423427102 -166666698 199 193
-114878509 -291036578 197 199
-549097705 -967969976 194 192
690773403 -428065321 194 192
60393905 -347175904 200 199
-681768075 -655146861 192 199
863879613 -884000364 199 196
692369831 -731685254 194 192
101648049 -984399800 194 191
-422920024 -674757728 191 192
-642727704 759634843 193 200
-815914126 677623498 194 191
-817036054 691139012 191 192
-964007849 -419647887 192 198
-303648251 111835689 193 193
380150436 -291389143 195 198
-423272590 272517797 200 197
597760069 779397899 200 196
391549094 -856596539 198 200
673543312 938606670 192 199
482262034 813395341 192 199
-753736193 -510261308 198 197
601574382 -71091369 200 191
637519488 546550503 198 192
-328415348 342156736 198 195
-25929013 254876647 200 194
250796461 785004208 193 196
576127230 -681081145 196 198
-867685804 -303900784 198 197
185837908 109867515 193 193
-961223855 -789920247 193 198
756630256 -504757829 199 192
837398907 -331337773 196 197
923538874 -667997874 191 198
-882993666 -471589566 193 198
-152670710 -857896101 197 200
-161796885 -556735606 196 195
553131909 -910519541 199 198
-700439787 990655831 197 200
-661585646 -726155664 193 195
-57493436 -407969583 191 191
-75967456 574438540 199 192
-897151026 401637642 191 198
543741542 -399206613 197 200
44057781 -449374997 196 193
-359894538 -372495596 200 196
-529323413 -427600452 198 192
-153756116 37810579 196 199
629840997 529736416 192 194
-43308692 -894757932 195 196
359396063 591666624 193 198
-955023637 202122060 198 195
752747063 101133352 197 199
728637756 285386988 194 196
857786536 -966592951 198 193
-76266018 698342192 194 192
80594960 -442357836 195 200
-484599415 -887573653 197 199
556609324 -630873139 199 199
571248921 473081925 195 198
-573268371 -918123630 196 199
219779711 -540567880 194 200
-654644477 -79361930 192 196
-528503385 684442944 197 196
-905398540 -659821588 197 196
-694878888 -903730195 197 197
-534603334 -179717996 197 198
-854119719 858968661 197 191
793361384 -659928157 199 198
-200496036 -359785918 197 198
560852152 134885769 195 198
-328154934 941646180 196 197
-865659056 -268632757 193 197
-172362952 713763618 195 195
-613438026 469541321 195 196
181026334 -899613718 196 191
-559541874 685551814 198 191
-821717752 340817915 200 191
-671779964 -496196727 191 193
-702034195 -86527433 200 200
644839810 -4523447 196 192
-438243477 25477649 196 198
-652464678 -347261069 193 197
-246874786 -561668731 199 191
-876116918 900543595 193 194
93877862 -476600289 195 200
27202984 370331956 194 200
-863679125 -958809019 199 196
-110816113 -518239305 197 191
507238344 576697174 200 198
-918047543 732536011 196 192
-976616367 443833754 192 197
196893701 -832760855 193 197
-309361144 -951719165 196 191
271129144 840065168 192 200
733772503 -494481129 197 193
-12720434 -202695 194 194
-570989169 -969295236 193 199
763240776 290175957 191 200
-413473937 227218323 198 196
394457469 940872229 192 196
841669417 344609848 199 194
37191368 -596502149 195 194
-90983277 266408341 197 200
-881278002 -122117529 195 200
-91412765 -849828814 198 194
440347144 -742746571 195 198
484471753 949892602 195 195
743281183 442033357 192 194
-360840443 -822970879 199 197
-419473027 -519420497 192 197
746987844 251300467 198 193
-870817063 334203242 194 197
484374428 324655140 200 195
581908570 578116014 195 196
380524968 -828046840 200 194
613986518 -828083148 199 198
-651054026 -478395973 194 198
2183530 934360855 196 197
38177674 509889332 191 196
-303391074 -414127057 192 198
910528083 177310732 192 196
-392056902 467365115 193 197
639318276 766708281 193 197
938625134 83612730 194 191
605216757 -153986721 198 200
-367109514 341093402 196 191
-296500914 381518285 198 194
967391228 -693858680 191 195
483452053 -903138297 192 192
564226819 44271054 191 198
-336504313 -397797156 196 194
685815574 225882518 194 195
-928104204 664285040 194 196
-142105206 -482413959 199 192
899104326 -375651375 197 198
-69510054 -899857682 194 192
-802995979 -917614704 195 191
126656350 -857250577 200 199
-402531380 -315792416 194 198
910090103 -307969803 192 193
-791168411 -264669094 191 195
252916947 -674791612 198 197
-50442987 294654863 196 200
394797181 878029808 191 193
960415104 -790608483 196 198
-795342707 875357034 198 195
-587919029 -320438240 192 197
371591957 -930207956 199 198
-194877050 -893972730 194 199
-568764342 -19697100 197 193
-872525885 491159761 194 197
221705921 112377646 191 198
321769163 -975346403 195 197
900010632 -591002267 193 196
88559494 118995183 192 194
188787227 -798998589 191 199
-692971318 -754726015 199 191
225576885 -327923344 193 191
-984247231 84929348 199 191
-950176654 694427499 200 200
719081096 -901162397 198 191
-639648311 -68395960 196 194
-949400778 975511416 198 194
-970970820 507186689 194 193
752460675 -304687887 193 193
367388769 45895567 196 199
-869175086 -236040087 191 194
-689096236 -402271001 193 192
-450917045 -992191209 194 196
-60587169 -157158319 191 198
-329130551 972441167 191 200
332144209 -274723105 192 197
420589008 -889721307 199 200
8690613 803796413 198 191
-579727321 -650731401 194 194
-53002402 -717530033 197 195
-709721242 967786950 192 191
-336855017 -531106269 198 193
-706148749 859167559 193 191
-563039194 -77614095 199 195
-114819049 -964175452 196 195
839620962 -773287686 197 194
-424019087 763616289 197 192
-953913745 457264093 198 198
277567395 129606968 198 199
598500700 343309306 193 192
54993217 13672576 194 194
936058482 786496811 200 196
822321359 552580484 193 194
779292798 158563498 197 194
-225303860 -677028545 195 199
780235548 -545139656 196 196
584467312 -866730576 196 195
476578730 830791187 198 200
-303019884 -996267218 193 191
790229593 -69421137 196 196
-664324301 579454437 191 198
-409465712 -688572651 193 199
-365601196 906043487 197 195
-786579817 -246774356 200 196
-113504932 881018024 193 192
564325563 466240879 191 192
469973662 -671762875 192 198
258815988 758687717 195 199
190658506 262345595 198 195
573772944 737251450 195 191
495811289 -110014897 195 193
643210747 505308803 200 198
238843179 -954476470 199 195
364280763 197490769 197 198
525727894 368884107 195 195
-19911824 -917689999 195 196
344655596 646044812 200 193
235812614 -344088244 193 196
545896859 159471796 200 199
-482703049 505523398 196 191
403563282 -978341557 197 198
71665565 33848702 195 192
-744750838 -40862090 196 199
41447911 171038320 194 200
-330400516 -84427445 192 199
571484311 841197743 196 193
-146814109 -512043216 191 193
993480182 287883957 195 197
162058753 243480901 194 191
-870154045 29567739 192 198
988705650 623120527 197 194
-353324801 -268450819 194 194
647121736 -869145477 194 200
824568620 416271838 192 194
904228622 905057753 197 197
45458063 -267590618 196 199
975890283 -425262110 200 200
604305630 -317575680 199 193
-841938801 963780164 198 199
-452154302 302003670 192 197
285374547 47730566 197 200
-683481244 12142459 193 191
-230283435 246000440 198 199
978409823 -471693436 197 199
103044454 -978518366 200 197
-443577692 -891583243 199 198
924713274 -961375682 197 195
340627988 492747339 192 198
-607005742 491165297 197 195
-644175892 -213774859 196 194
-967774420 -541218016 194 197
-12911452 -479044198 198 193
-605046211 140069968 192 198
101003078 -639573789 196 196
-600949471 37595863 200 199
-617140446 575867140 198 193
-80451211 511692164 198 199
-849566343 -879340076 194 191
-420558092 46661577 198 197
567617379 273328266 191 199
-734085414 -988304400 199 196
-775361835 -715160425 193 195
322435438 300974751 195 193
-270641756 -713402678 198 194
798289486 819031984 194 194
939691908 30226207 194 199
-923112217 734742432 195 196
-139412950 299876786 196 198
164088740 -921427348 195 196
-784071420 -556397624 200 199
744577127 -919184484 194 194
-632587162 429840520 198 197
101388856 -395328608 200 197
634897599 803356904 195 196
390615689 55944260 193 192
-791662602 -921535010 199 199
-990446005 576156382 196 197
-980241243 -521398653 195 199
-440583137 -287461691 192 192
-857621172 771179070 198 198
-771633185 -235493452 194 195
-579620196 107644789 193 194
-983894599 -953561544 196 191
-875096554 -2548335 199 193
-573875600 -936945314 199 191
-458343967 -876213389 199 197
-311158726 711072062 198 196
334767484 -174532674 194 200
589973874 622417998 197 199
-417420860 -588486080 195 192
-542047624 441096461 192 194
-708935522 -727487368 196 199
-664432682 77253283 200 192
53556247 -216643511 198 192
-653055097 858715196 200 199
-463301126 -941329179 200 199
533605172 -771205543 199 193
-359691623 515924654 197 195
-190462533 390512547 198 197
663025179 -749053806 195 198
328199477 -314104435 191 197
469252055 -440855201 199 199
-729623653 -892163721 199 192
-980976547 -699694910 192 196
-470900453 -371676548 191 196
-855751895 -911285505 192 197
331743395 801301608 193 198
-947752199 577211048 197 192
-884377034 426725977 198 192
985870776 296421657 192 197
404257936 -543469618 198 200
-243164528 702103019 198 200
-817057177 -797727991 197 192
-856497143 -571955673 198 193
-918137713 -254570569 192 200
-824843168 -126558692 193 199
-847316363 -460657868 200 194
835763789 -18240498 192 199
438289884 15672939 200 199
-429707690 196762186 199 194
399034195 641436024 195 193
-930519649 918951622 198 192
-483102595 45347188 192 198
918788496 210075505 196 194
749417637 -288994794 200 200
692764709 -985106508 200 196
30566431 -248911972 195 192
947850215 -782694266 197 193
858741758 139552641 198 193
-88979385 464753824 195 191
-637382636 775082887 199 194
-162325256 -44677355 199 195
666327852 -879546404 194 194
-864652911 -887424926 191 194
-136336898 78908864 198 200
296214598 -321584807 193 200
817967834 -689599049 194 192
775154775 -722158671 193 200
-947075785 981911432 195 194
-210249571 -817878597 198 194
-844908648 -87453088 197 195
25121986 567899757 199 199
-500675027 633189635 191 193
-835878820 -878722106 194 196
-568321155 296256156 199 193
574097486 -721950658 194 195
-887522874 -826150832 200 197
-644029429 257893766 200 194
-977042970 -416457912 199 197
-996041803 815401386 198 191
301107373 194711567 195 194
315989461 -193132273 191 197
-896876117 715944089 199 193
993993431 856656741 199 199
-969494092 -63038152 197 193
-952628034 -927963346 197 198
-491904905 404071474 194 193
71989212 907788470 194 198
-44983611 166675557 191 193
973543285 -156808237 199 192
-588347796 530725138 196 198
239898232 -974253925 198 194
-37292077 78363363 197 191
2916371 -888031919 198 197
368555908 -948666748 200 193
959121723 -109082426 200 195
-942406870 -937967749 198 199
-94775986 -386116473 192 199
-855391335 -170693412 197 191
-144947336 792187103 196 198
-276933181 574373421 200 191
538857855 760765716 199 196
812098969 -34907881 198 195
856009693 571665996 191 198
633698248 133084527 198 195
746968055 20157291 194 194
849463879 135869391 196 196
-219427154 46092770 196 196
-527017456 -92333336 198 200
-479051267 -975833432 198 195
-10741313 677278454 199 194
101460803 -947791043 193 194
37809838 818708559 198 196
-308617798 -460054798 191 195
675814593 67536345 200 193
-886370886 177705164 198 192
-914628172 -252800983 194 195
-228634415 -72228370 199 193
-542433564 -693781582 198 200
-789056272 -372654381 193 197
-701429469 -21666988 192 194
518278214 -880048520 198 191
40004178 -813773151 193 197
363932013 20572761 198 195
767771778 748762420 199 196
-470949598 -742425572 191 200
-436207154 -684280303 191 196
-56934683 -602620575 192 199
375712437 762054305 194 194
734522138 467420101 194 200
653646950 1145467 196 196
-978281772 -69013676 193 200
-467734903 785088970 196 200
-957336602 -961545586 199 198
-793309536 -701390879 193 192
-304011454 109715666 192 194
-275713677 -671987085 199 194
795433016 -683643146 193 199
317502321 -575923851 196 193
355062474 -951360153 195 192
833728818 -427563959 193 200
-536593192 -298391887 199 193
217234 274106691 195 191
-763661291 -936238966 196 193
-755709698 -856336195 196 199
-539979341 -937166320 199 192
-513090171 218043974 196 194
266683821 508035849 197 192
-919528111 -764507999 193 191
-62899886 -425248569 194 199
848858122 -261138271 191 192
-344860884 -41021053 196 200
102642752 -977195588 200 193
-914361908 985505078 196 193
56065404 -985521021 198 198
375031182 848852804 200 195
-915655196 662548481 196 192
-910183736 -376576850 192 197
362284879 -997649197 200 196
-38670250 -372757864 197 193
-349953451 561038856 197 192
399060286 -475628637 194 193
-608633304 575269141 200 199
276638297 611102188 195 195
126167022 -516135519 196 197
107287631 -396227952 196 193
-393877149 -263922054 191 192
363320083 -38601024 196 193
-625045816 -184389926 196 191
339981437 909800189 193 194
337585682 -582919516 194 192
-971817329 -870287630 196 197
-386423149 620216862 196 194
-923494738 82539710 196 194
818617656 -912501093 197 192
48897884 586538521 196 199
-745335053 501904701 192 196
264221242 -15444245 191 197
401636239 -618710414 198 195
-488998044 -546180256 193 198
-925963395 -782916653 193 191
299623057 -406570660 194 197
-319071753 -211716601 198 192
-772661728 -241935415 193 191
-887514362 -943422558 196 191
-106350450 107676827 197 193
488966413 -395389885 197 200
58429859 571855068 200 198
788938416 675023171 198 196
-879031137 673727370 192 192
-685472879 769562401 195 194
-619856662 390434146 194 197
299527941 -46965430 197 195
-939288603 552882364 197 194
-989991169 623633392 196 191
48004812 -915741234 198 191
759281937 -106021104 197 192
-579777382 394888649 195 200
16967402 -81096142 193 191
-838145643 -846999902 197 199
106034668 611591924 193 199
16990640 700572128 195 192
176721872 528651819 192 198
612910585 -998623981 198 195
-252128732 -750243625 198 197
644645025 492140291 196 200
-736439498 31975110 191 200
184975208 653495588 198 199
117603865 246389652 198 196
-200521868 436761581 200 196
-182070248 -37935158 193 200
-184042785 -327337989 194 194
-77581613 -681942057 193 195
810198234 -660201301 194 197
371773809 -302535585 198 200
-796523644 -908996543 199 192
337393109 715580245 199 192
4858178 -825182241 199 191
136882602 871546992 200 198
-603274644 466726534 193 194
784784477 953623374 198 195
-854061574 -475051598 193 196
222412818 725464100 196 195
816467557 -667714445 198 199
-952134201 907676825 192 191
-917505416 -186131438 193 200
-462068094 -460794417 199 193
-994067884 -901049288 198 198
-947425914 845040864 194 196
-777494381 -830461133 191 198
895002967 348235057 194 197
680520612 322809710 197 195
83002887 418644858 197 195
-914970228 -80795942 194 199
458409641 -180326577 192 192
-81375864 663936298 191 196
361493515 755855773 191 195
925394640 -703999108 194 191
644235950 604757886 199 195
-219916052 512297435 192 196
-216541355 -50648523 193 198
868555536 -323959273 196 200
495714151 -98414612 193 200
-581961961 161463402 195 195
-230164473 965312654 191 191
-886170102 -902519038 193 199
554755201 162594020 196 192
-472592193 398547146 197 193
-799585025 -363424300 192 192
312616428 523321317 194 192
-722576943 449824385 191 197
-536195860 -981729217 193 198
836099790 543556042 198 199
493553357 854563019 200 191
-130326608 -799116644 192 200
599430502 -8860900 195 198
627714800 -407664775 192 191
-884343459 -325182914 192 193
-875358530 -766087567 199 194
-895300431 268566051 192 200
-335361555 308504170 191 196
15583542 156273641 196 195
357156997 999713477 196 192
-156631071 695318489 191 192
-859829933 -964685627 193 192
-289868541 -577341475 194 194
-343429041 294995962 197 199
-583921635 -344630771 191 191
963873400 -849652008 196 195
306621633 -997041970 191 193
855187860 704601065 194 192
252435907 786864513 193 195
822178887 991120884 196 199
-733704238 854887849 192 192
2400163 -947116420 200 199
-291747191 -908760159 191 192
-758412167 443136656 196 197
298611039 926362435 199 192
483479853 242419633 193 193
-118199501 -715422034 197 199
-871784797 334503373 197 196
41907574 -986561583 197 198
-933678003 -145968713 198 200
-54728871 667014308 192 193
-37332684 -639134072 192 198
-860255284 -495394419 199 200
747025215 -469985298 194 197
-185407332 -954788882 195 192
232230844 979160240 197 192
845115010 -492787126 191 191
361244162 338781478 193 194
-141687862 395294593 196 195
756160521 933475386 192 198
-709402680 -92599529 199 196
437415173 435819191 194 194
333546662 409318757 196 200
240995349 -762832747 191 193
-255619872 -431572510 195 191
907208968 -201342704 196 199
-953531759 463062890 195 194
249054629 -921176223 193 200
-13775752 -224787137 197 194
-936451594 801271789 198 200
63106898 428012032 199 200
665179285 -787146090 192 196
-218718600 650341736 198 192
-698484616 -662611308 200 197
800451583 450577444 192 195
529401221 554179093 196 193
-818091692 723981701 196 196
377769842 24977562 195 193
-694494054 310457064 192 193
523310974 545257003 200 197
48115091 -694506243 198 196
-357117551 857159627 192 195
160253423 700742842 199 197
107438288 492063813 199 197
68561866 554610414 192 191
-567895672 29871447 193 196
-807155137 42252844 200 198
-559973801 -353910792 195 191
-48417035 -576103637 198 196
-866427658 -759581429 200 196
941161413 -59294900 193 194
-714714735 -401174068 193 193
-994047302 577782313 193 198
-539829887 -902547303 193 197
139705541 736479161 197 191
-764915279 -905048271 193 198
-628635555 610677499 195 199
851096070 -623518395 194 197
317186705 487275667 192 192
-913898401 -558614757 196 199
-980832444 -685953001 198 193
-588500304 558294979 199 198
147290492 206556164 200 195
154024246 903842711 194 193
367036563 55208707 191 196
431690312 681604385 194 191
21396405 -33654585 194 198
407730658 -134782852 198 198
179264147 287212685 200 195
-301975984 -551346060 194 200
655210104 977938763 196 194
734297826 501765328 198 192
-590509613 -930018774 198 200
604101964 -555044748 192 192
411300667 -648527886 199 199
216689262 -804869562 196 193
482343123 414747187 197 192
863401127 -313764609 191 194
-483309494 -189079573 197 196
-834797893 -927465968 197 195
995031612 -65628495 197 200
379326758 -436520033 191 198
-85047918 220210081 196 195
415340519 118170053 199 195
-614566408 -928138937 196 192
-389387192 -486202162 195 195
324718265 357873293 200 194
282923678 -859320222 198 194
75051283 -814481235 195 194
-251001267 -783181074 192 196
437029007 -882754022 192 199
235416031 880735970 193 194
805113386 -909314290 195 197
-395516452 47195701 192 194
-742414654 -521129788 199 195
-380450010 188767758 200 195
374286523 -41865057 198 197
174953870 -195949810 194 200
-78703831 140377287 199 193
-126370391 -523012668 197 198
-432326958 204795222 195 191
-895492725 -952435893 197 192
-473565681 -921970354 197 191
266797404 -721384983 197 191
236749961 -452886045 199 194
351164146 -890845689 193 198
102047951 898104520 200 191
-772391795 764283395 200 198
-178405030 158955153 199 196
206519260 -226171054 198 191
-148141408 43312865 193 198
321927882 424556178 200 196
971670133 -65825483 199 192
-104154819 404133791 199 193
154754663 434532518 195 199
51332265 -961943344 199 196
197011809 997598306 194 193
-376056396 939740700 193 197
-164430083 -427028404 196 192
997527774 911747174 198 200
-301561956 96622725 194 196
-646727132 -997575107 191 193
436957411 123296106 193 200
161352762 -226932780 197 195
-376818122 -282204551 197 193
-489947499 -691554300 192 199
-118582704 -977581425 191 193
786682103 776844917 194 200
-274016006 255273276 195 194
257698170 229128786 198 194
-795058755 182707499 193 198
955774720 -45772421 192 191
672023028 -955896724 194 193
-794934671 -893441184 191 196
-871022609 -411632778 198 198
-782271509 -923847567 197 197
331425709 890248423 200 192
-28106439 -684713552 196 197
497993947 876790127 197 200
-316465942 972820097 191 200
869439727 268872755 192 197
375431571 622879621 195 196
-936236804 -316035567 196 198
-239883134 -64053787 194 197
-321289012 100689874 200 191
415976322 374511324 199 193
103817804 75600874 192 193
-99062676 663045963 192 194
-215564930 -909393026 192 194
713486596 563418845 200 193
-900100369 -800557824 200 198
135388389 136462005 196 199
-910331769 189774585 191 195
-583197739 997175988 199 196
-74706785 -950064479 191 200
712981485 8429933 195 198
99036908 -148444895 192 197
-732509697 731624210 191 195
931066386 -793936169 192 198
342525836 -968518144 198 199
73772794 902807137 195 196
752499478 -84997498 194 196
-35061977 -975800248 197 191
-114853962 -489303770 199 197
362251335 242684669 195 199
-173174769 -203454846 193 200
2608986 77054356 197 195
-38947435 -885034047 193 200
870289443 -727283432 197 194
187719070 -905855409 199 197
-881655657 -932813394 197 196
-422117164 415978074 194 193
-488820905 194445188 193 197
990990342 272040087 196 191
-798389205 330307744 196 191
297790050 -473871551 192 196
-201154982 -719561811 192 199
-625417219 -793451859 195 198
-726265252 -620136807 193 195
795841267 894156246 199 196
-58882214 -933339730 192 191
