980
10 21 1 2
-21 0 9 11
0 -23 1 15
-17 -11 8 1
22 0 8 15
-17 -9 10 3
-22 -4 10 12
21 2 10 9
18 -13 11 11
22 -8 14 11
-6 -21 10 12
18 -7 4 4
0 -23 10 10
-1 23 13 10
14 -15 14 4
12 16 13 15
10 -18 3 3
-14 19 5 15
-21 6 3 8
8 -22 3 14
1 23 1 14
-4 20 1 13
19 1 9 8
-21 -4 14 6
-12 16 1 13
-19 -13 5 13
-19 5 12 2
-5 -20 15 11
0 19 2 10
-16 15 7 7
-22 3 6 11
22 1 8 7
19 -11 12 3
21 0 7 7
-19 4 8 2
15 -16 13 5
-19 12 14 9
-19 6 15 5
4 22 7 8
-12 -15 6 4
19 5 13 2
22 1 15 15
21 11 1 2
17 -11 13 2
11 -18 11 9
5 21 5 11
-20 4 10 14
22 5 9 6
-3 -22 7 3
14 -15 2 1
19 0 9 14
13 16 8 9
-20 -6 10 9
-3 -19 11 9
12 19 7 9
-22 -8 14 13
18 -12 15 14
12 -15 7 3
0 23 1 8
-18 7 1 7
5 -20 15 5
-6 21 13 8
-19 -13 8 4
9 19 1 15
-22 -2 6 1
7 22 3 1
19 -2 8 9
-23 -3 15 11
-3 -20 15 9
8 17 8 15
-19 11 3 11
19 -7 3 12
-11 20 12 9
5 19 9 13
-6 22 6 3
1 20 5 10
-15 -13 11 11
-9 -17 10 1
-23 4 3 6
-15 18 3 14
-12 -15 7 13
-13 -16 11 12
3 23 6 8
9 -21 3 15
20 -6 2 5
-19 13 5 9
4 -19 7 11
5 19 9 7
19 2 11 2
12 -18 13 5
16 -15 12 10
-11 21 2 9
17 -9 14 3
-5 19 3 11
-22 -3 13 5
17 9 3 7
-1 -22 15 9
-19 -1 13 1
14 -18 10 3
-5 -23 4 2
-9 -17 4 3
-19 0 13 5
19 12 9 15
-18 -15 13 11
18 15 4 10
3 21 2 7
-13 -14 1 7
-17 9 9 3
-1 23 5 1
-3 20 12 1
18 -9 7 11
20 1 6 13
-14 14 8 15
-21 -5 13 1
-10 20 7 10
13 -18 12 5
19 5 12 12
8 20 4 14
20 3 1 10
-21 -11 8 12
-19 3 3 14
15 14 6 11
20 10 5 4
-19 -2 9 6
1 -19 9 3
16 14 1 1
-13 -18 3 11
21 9 14 4
-9 17 2 7
12 -16 9 2
14 13 6 6
0 21 11 13
-13 -19 1 7
8 -20 15 14
0 19 9 14
-21 -2 3 3
17 14 1 5
0 -21 13 5
21 6 2 11
-17 9 9 11
22 -5 9 14
5 -21 12 9
-12 -18 14 10
24 0 12 8
-22 -1 4 13
-2 19 2 11
-19 0 14 3
13 -14 5 11
22 5 9 13
-23 1 6 13
-10 21 7 9
-17 -14 8 7
0 -20 4 12
-3 19 14 6
-9 -17 15 3
17 11 14 7
7 -20 5 7
-14 13 11 10
4 21 4 9
-21 -6 15 4
3 -21 7 8
-13 15 5 13
4 19 15 9
11 18 8 2
6 -19 1 7
-2 -23 8 10
19 -10 3 2
-19 -2 12 3
20 -10 2 11
-13 -20 15 7
-12 -15 15 1
18 13 2 7
19 -14 5 7
7 22 8 9
-17 16 3 12
22 -7 14 14
-12 16 1 8
-13 18 14 11
-13 -15 11 7
20 -10 13 5
0 -21 11 9
-19 -5 3 5
-4 22 1 6
-2 23 4 3
-20 -3 10 7
20 0 2 13
6 -19 12 15
-21 8 4 6
17 -13 7 8
-5 19 4 5
1 -20 2 6
6 -18 9 4
3 -20 10 15
-14 -15 4 5
20 -5 4 15
0 22 13 3
-9 -18 10 13
1 -19 9 7
-12 -17 12 8
7 21 11 12
21 -7 11 15
3 22 11 6
-8 -18 12 6
8 21 8 1
21 8 5 14
-1 -23 5 12
19 -7 11 12
-21 -10 8 10
3 -22 9 14
18 15 4 12
-17 -10 9 5
-18 7 12 5
-5 19 10 5
-15 -18 8 11
21 9 7 11
1 -20 6 7
13 -19 6 6
20 -5 10 2
-11 18 13 9
10 -17 5 3
15 -16 15 12
15 18 7 11
-4 -20 7 15
-23 -1 14 1
-22 -1 7 2
-20 0 11 4
-21 3 4 13
-2 -19 1 8
19 10 12 10
-11 18 5 6
17 -16 13 9
8 -18 10 7
-12 15 8 1
-4 -21 11 2
-19 -10 7 3
4 -21 2 11
23 -1 12 2
21 2 15 7
-15 -13 7 8
-14 14 14 4
-10 19 4 7
11 18 1 10
8 -22 4 3
15 18 5 9
-19 10 2 2
-21 -2 8 10
22 -6 3 2
16 -12 5 7
19 5 13 14
-18 9 15 11
19 6 5 7
-15 12 7 10
20 0 12 9
-20 7 10 12
-19 6 5 9
3 -23 7 10
-17 -11 15 8
13 -18 10 11
-20 12 10 2
0 22 11 1
-11 16 1 9
23 -2 12 11
-18 -10 11 3
10 18 12 3
1 -21 2 13
-18 -15 8 11
19 0 12 10
-23 -2 10 2
12 -15 10 15
-4 20 2 3
1 22 5 15
22 -3 10 11
-18 12 15 4
-22 -2 14 1
19 -4 11 2
13 -15 4 6
20 10 12 10
-9 17 4 1
-20 12 7 1
20 2 3 2
-15 -16 5 9
11 -17 10 2
15 -13 11 12
10 -19 2 13
-20 6 14 5
21 -2 5 12
-21 4 4 7
-11 16 8 14
19 -12 15 10
-12 16 3 4
-7 -22 15 12
-3 21 2 6
0 21 10 15
-13 18 4 8
-11 21 14 5
-22 -8 11 5
14 19 14 8
17 13 11 7
21 6 10 1
-6 21 6 15
-15 -15 7 3
11 -18 2 7
23 6 4 5
0 21 9 7
16 -17 7 9
3 -23 7 12
-19 -5 12 5
22 6 12 13
10 20 7 6
-18 7 5 10
-18 14 6 13
17 12 11 4
-21 0 12 12
-14 13 8 13
23 1 3 5
3 21 9 6
-21 3 4 10
0 23 4 14
-20 5 3 11
-18 11 14 5
-10 18 8 2
-13 14 15 5
-15 12 2 9
-14 17 6 13
-14 -14 7 8
-23 0 13 6
15 15 8 2
-1 19 13 12
21 7 6 9
-19 6 14 7
8 -22 7 10
-19 -1 14 9
1 -23 8 5
1 -21 2 8
17 -12 9 10
-9 18 13 6
23 -5 6 6
-22 2 5 10
-8 19 11 10
22 9 3 5
-22 8 1 10
6 -21 2 12
15 -15 6 2
3 -23 14 10
6 -20 7 3
10 -21 5 8
20 0 2 13
-1 -19 2 5
12 -16 14 6
-17 13 9 5
-4 -127 28 45
-106 -49 1 27
114 -16 7 43
-40 -109 5 31
-110 -11 14 17
-111 49 14 31
-23 -112 28 33
9 -109 14 11
-104 -68 47 55
35 -114 22 57
-107 -54 31 11
-97 -68 42 31
-72 -99 40 6
41 -103 28 8
65 90 32 35
14 -118 37 25
-95 72 11 53
-1 111 42 26
-39 -113 36 12
30 124 43 12
76 -81 17 18
104 72 25 60
36 -113 27 51
-59 -112 7 20
-121 -37 12 12
-41 101 37 24
84 -93 35 35
-108 -15 47 16
-65 -89 33 19
-37 114 11 52
115 -51 35 46
-91 -77 5 49
73 -93 60 31
103 -64 54 49
-92 59 24 1
125 2 16 58
19 -123 9 18
40 110 2 57
-105 49 43 9
-98 -76 49 58
35 -110 28 40
36 112 28 49
-122 39 41 8
-34 107 58 32
67 -95 41 56
22 -114 53 54
-97 65 54 25
84 76 22 52
19 -110 31 31
80 92 19 24
120 -21 32 8
22 126 31 7
-124 -24 54 25
13 -113 18 54
-59 95 10 9
-89 70 60 7
104 40 37 47
-83 -86 10 35
107 67 35 8
68 -101 6 10
-60 -100 34 53
-24 115 46 33
31 -110 41 30
2 -117 29 3
-53 109 49 55
-110 21 22 13
-111 9 20 7
11 128 17 8
-95 -82 60 45
11 -113 9 2
109 -23 23 23
-77 -92 25 4
36 111 51 23
36 104 35 16
82 82 23 58
103 -41 5 11
120 -10 56 36
-61 94 37 38
40 -106 60 56
-88 66 52 21
-6 124 43 30
-90 87 45 43
52 -98 32 57
-4 -117 8 41
50 -114 16 40
-85 -82 9 34
123 17 22 9
-120 -8 30 60
38 112 21 6
-61 -91 40 15
123 21 11 24
93 -87 4 47
74 -85 26 54
-98 -63 19 15
-19 121 23 6
119 -36 57 5
30 121 10 8
114 -41 22 8
-111 -47 24 22
-101 68 8 37
-96 69 30 17
85 95 31 32
128 -15 29 48
-115 -51 52 24
121 -14 23 46
-111 51 45 17
47 111 39 25
14 -115 53 56
108 27 13 53
102 69 16 6
-28 113 53 57
-11 109 12 34
99 48 11 55
30 -106 4 53
-97 -63 9 13
-61 102 60 5
82 -94 57 2
-39 -121 7 6
117 -2 54 41
-63 -98 6 49
68 -90 35 17
-15 123 10 41
-114 -35 53 14
-114 35 18 18
-47 -106 19 26
-11 -127 23 59
90 -87 31 44
-105 46 32 29
-64 92 45 30
-120 32 10 38
-68 -90 51 6
-63 109 24 25
87 76 50 17
-125 -24 7 15
-117 52 50 25
87 -73 45 41
20 126 10 46
87 -76 23 2
65 -93 8 34
90 -70 50 12
-15 111 20 3
9 111 9 54
52 -98 11 7
48 -109 47 29
-67 -95 14 7
4 115 60 4
65 104 37 39
-98 -48 42 25
126 0 19 31
8 114 25 19
-94 63 17 28
109 3 56 21
119 2 27 49
-100 -46 52 55
-19 -112 25 45
-69 -107 1 35
-26 -124 58 15
123 28 25 2
97 84 29 60
-27 -109 12 26
104 57 15 23
124 -6 17 12
-105 55 48 48
-91 -76 15 27
125 24 33 36
-70 -104 30 56
-83 -95 47 14
-59 112 39 59
-112 32 21 15
-105 65 18 44
63 -90 24 30
-98 59 48 36
23 119 4 49
95 -69 44 38
-98 59 51 56
-18 -115 54 48
-74 102 2 32
93 -81 8 36
116 47 57 54
-116 33 21 24
32 120 4 4
117 -29 34 38
99 -75 33 36
28 122 15 35
-68 90 6 51
-56 -115 26 35
-79 84 20 18
-107 -67 33 46
-106 49 49 20
-32 -106 49 30
-116 -24 57 6
-55 -105 40 46
-14 118 28 29
75 96 55 1
35 122 10 56
-95 -85 41 26
111 40 37 24
-113 -50 45 4
-90 -75 1 51
19 -110 36 44
-55 -105 12 43
-54 102 35 44
-109 31 31 43
-60 -113 8 20
103 -45 43 50
-109 -53 45 22
123 -35 12 33
87 90 17 18
20 107 53 19
105 -71 54 22
102 45 56 13
-115 10 33 42
33 116 23 24
-50 -112 45 32
-112 9 5 52
-82 91 10 6
-47 111 24 42
-81 100 55 15
79 94 27 52
-39 108 26 17
-112 25 32 39
-28 -112 2 30
64 -92 21 38
111 42 35 42
-79 -94 15 27
127 17 41 25
127 -4 8 36
100 63 52 47
-13 -109 17 59
88 -82 20 35
97 78 4 25
17 -121 58 60
64 -98 26 20
55 -108 44 3
-75 -90 39 30
-109 -60 16 28
-104 -44 26 8
-29 118 43 48
115 -48 5 9
-48 115 1 36
121 37 55 2
-109 -60 4 56
-104 35 25 28
98 -54 55 40
-87 76 48 19
17 111 59 19
-52 116 20 15
38 110 42 37
-4 -117 38 44
106 69 31 10
68 93 37 10
0 127 42 4
-91 76 23 45
-85 71 56 40
50 113 46 54
-113 -57 23 46
44 -116 22 45
71 88 55 32
-118 -47 33 56
122 10 60 35
33 109 20 7
114 12 47 32
-14 -121 25 30
-16 118 7 38
6 119 15 47
-45 -112 18 50
114 -37 37 16
-98 63 51 14
-109 -1 12 6
-114 22 37 20
-74 -98 41 56
33 -116 26 54
-18 114 41 18
-76 -88 59 10
-93 -63 26 12
123 15 17 35
89 -77 33 16
44 110 27 23
-72 99 10 26
-102 49 11 43
121 -21 60 53
39 -115 3 56
-95 82 7 11
-112 -28 37 27
-76 97 34 44
-65 -108 58 11
-74 102 28 34
17 -121 17 47
106 28 32 53
104 -72 49 14
-110 27 16 3
-121 19 29 20
42 -101 55 10
76 94 12 42
18 -117 15 23
103 59 2 22
-113 60 7 36
-35 122 41 42
-51 110 36 18
73 104 37 31
102 -59 40 41
-77 -95 14 4
-5 -111 26 24
-95 85 45 37
-77 -91 12 48
120 -36 21 2
127 -11 11 9
35 -114 40 31
76 -91 3 24
-28 -107 27 16
108 -33 39 42
79 -79 18 45
-97 81 33 27
-42 104 28 34
-1 -109 42 23
-115 -24 54 19
-47 102 42 17
58 96 33 47
79 -94 28 29
116 -51 14 16
94 71 42 52
119 0 25 2
54 -106 25 39
25 109 49 26
-88 71 42 8
-69 99 54 47
115 24 8 26
-107 -22 41 29
-34 -113 12 11
-6 -122 13 36
-105 46 6 20
44 -105 45 42
26 113 42 19
7 112 57 32
120 6 57 12
109 60 33 57
-25 109 8 49
79 -91 16 29
39 122 48 17
108 65 58 4
-86 -67 22 4
25 112 27 37
14 122 40 21
-37 -107 18 19
120 34 59 59
-54 -116 27 59
-86 92 15 15
113 5 10 17
0 124 21 32
76 79 60 54
87 68 6 38
30 107 49 30
33 -115 28 50
-73 -97 40 2
112 -30 9 43
87 -81 59 16
-70 84 47 21
-109 46 6 43
62 -99 13 50
-63 -109 11 48
92 69 30 31
-55 96 33 21
20 -114 3 28
126 -15 43 30
117 42 50 37
82 85 12 57
14 118 39 7
110 -23 46 2
-68 93 33 41
51 105 2 46
125 -10 13 34
106 -26 4 37
123 -35 13 48
-104 -44 44 5
-20 -126 3 2
-87 -70 4 21
-103 -52 1 46
-62 103 31 8
105 71 33 38
5 109 6 11
38 107 50 20
101 -53 24 5
-105 -49 58 49
42 -105 9 43
-129 0 28 51
111 -5 50 52
117 29 21 44
25 120 46 38
-97 -65 57 46
41 121 50 38
85 92 26 34
116 54 16 52
94 65 42 20
97 -73 3 57
95 -71 32 3
106 32 33 2
-113 -41 47 51
-107 -57 20 1
-28 113 26 39
-98 50 30 20
-53 -105 31 33
-114 58 29 48
-58 102 42 22
-118 -10 15 53
43 -107 36 51
-44 100 43 28
-45 -112 7 33
6 122 44 42
-48 -109 6 49
-8 120 36 20
-114 -18 33 28
-17 122 20 33
119 -12 15 52
64 99 11 21
-122 -35 45 31
21 124 4 7
-71 91 56 58
114 46 9 53
3 -112 20 39
104 -58 3 41
-109 -33 24 7
96 64 19 4
-111 -5 26 19
-117 -42 26 42
33 104 31 48
0 116 40 51
-40 104 21 5
-17 -122 45 32
119 16 39 38
-54 111 33 17
79 91 36 59
-117 16 40 31
125 2 10 23
118 -25 13 26
-106 56 30 46
-81 84 18 11
84 90 49 41
122 25 57 20
89 -67 18 12
76 88 34 4
89 80 27 15
-97 -56 40 47
-123 -19 33 35
118 -40 45 22
93 58 2 56
37 -108 15 40
-93 67 51 13
29 119 9 56
-107 -52 10 14
119 -41 1 44
-12 -119 18 58
126 4 11 18
37 109 13 4
-115 -39 43 58
-5 112 3 49
110 3 44 32
46 -108 38 25
-114 48 9 17
-10 -122 6 51
-33 -124 8 47
-41 -121 50 11
94 59 1 6
-126 13 54 31
110 61 2 25
-15 110 41 49
-20 115 5 1
-80 99 43 18
82 95 56 35
-118 31 37 16
-105 -55 14 59
-111 3 29 11
-100 60 35 42
-66 87 30 8
10 116 9 38
39 -109 56 43
-116 37 9 18
113 -30 25 29
2 122 27 29
32 -113 39 48
-72 103 30 9
78 93 16 52
-83 83 30 35
-123 -35 10 23
-28 -124 32 19
71 101 47 9
-114 -10 37 46
49 110 25 60
85 85 8 24
89 -89 16 37
12 -119 11 21
-39 -115 35 43
63 -90 1 16
-103 39 16 19
-83 -77 56 28
90 -78 28 2
114 55 26 26
-98 52 2 5
-59 92 25 45
124 -2 27 37
6 125 44 58
127 -2 8 43
-50 113 10 25
105 -65 19 4
-91 -85 29 37
-102 -56 41 60
121 -6 44 48
-42 -110 16 45
-116 18 35 27
-105 36 1 17
-59 -111 34 43
75 93 38 26
66 -95 3 34
111 -54 33 59
68 -90 39 12
-49 115 49 38
15 112 56 19
69 103 36 24
126 17 58 29
8 -128 47 26
21 -119 51 6
34 119 5 31
-23 108 34 30
-18 -115 7 5
124 -13 23 24
60 93 47 33
116 -51 1 57
103 -41 14 35
-127 -6 40 26
-104 -72 56 31
-4 -118 1 30
-52 98 26 18
118 -27 41 27
24 124 59 27
-44 116 24 58
105 55 32 49
121 6 14 42
-60 -103 13 33
-48 -98 54 3
23 109 13 48
-110 31 14 35
-34 -107 2 51
-27 -109 41 25
-68 105 13 9
-122 -37 43 22
-82 -85 54 31
-111 44 25 45
-13 125 24 54
-14 122 21 17
-103 -39 60 37
-104 57 1 6
-52 -112 7 26
-21 122 47 17
-2 115 39 9
-55 -105 53 6
119 16 51 45
43 119 53 19
43 -112 47 53
-17 122 51 50
-54 112 7 51
116 -16 59 55
-114 50 55 25
-124 30 22 10
113 22 46 24
103 -41 42 46
-21 -108 39 37
4 127 18 34
15 125 16 45
34 111 31 23
96 -69 47 21
-111 1 22 50
119 14 13 33
-123 30 19 59
112 -23 27 56
-120 36 22 25
13 -127 9 6
15 -110 28 24
71 -101 44 57
-62 -95 46 8
-38 107 40 42
-68 -105 32 34
53 -101 30 54
-121 21 18 33
-28 -124 38 1
116 -6 17 42
122 -19 31 52
-117 -14 59 45
-15 126 18 26
38 -110 60 5
98 -82 51 13
57 96 45 13
-123 -30 14 57
-18 -119 39 6
61 105 57 2
-116 12 38 6
48 -103 23 52
77 -83 48 16
-105 44 28 28
39 120 41 47
-82 -82 43 30
-125 -26 27 11
-31 -117 4 21
-83 -72 18 26
-108 -64 9 13
-50 103 28 11
114 -12 31 55
-127 -4 41 17
33 124 46 38
-36 -111 40 33
26 -114 45 29
-55 -99 47 1
113 -11 5 2
-97 54 13 1
-114 55 55 17
-106 49 25 8
71 -85 37 10
79 -79 42 42
11 127 10 23
-87 -93 15 44
-71 85 45 17
108 -23 17 52
81 -93 60 43
-15 -127 42 21
-89 83 22 48
122 6 21 24
-101 -41 47 40
44 -110 15 52
-72 -86 9 37
12 120 20 46
-24 -114 21 6
54 97 18 8
