1000
-242452104 695630744 43 150
-950731690 -466841907 183 22
980174777 403165313 48 182
464612196 -176328953 56 95
967846100 239125398 66 198
147866705 904405038 98 63
-396534060 -414049753 135 138
-641739945 -992739118 154 153
555407980 621568947 102 44
-992756607 -73450965 18 171
-817769300 -855401584 104 98
-31730537 -793089490 144 117
446035909 -106356792 66 167
-349435401 480246762 181 140
-933802991 585711114 30 18
445488349 -74501466 170 82
-600416167 -544646777 78 27
381902258 273942694 150 160
418541110 -335346748 9 127
-128436237 944332151 43 25
-309508289 282443707 191 111
-384793178 -117659230 3 185
-679431764 696779031 2 186
-525206083 -943808677 20 151
-488455454 -364892704 178 5
909049990 527966726 116 53
-954863670 -773895325 179 94
-977046822 -700090428 118 91
582353280 703351107 1 55
-561791771 -645379246 39 66
-948600216 394890239 4 55
451081562 -150664978 6 109
484442318 -613190866 66 61
914775860 -128798268 65 191
97306408 698066843 37 187
997976415 815944753 77 48
371812213 740722029 102 43
-904657218 -933080862 61 122
314325731 -201337337 128 46
647997685 483573132 107 156
870382266 -858344630 168 79
-134626545 -637886169 22 64
-939819327 -968251991 3 43
847692762 -378323370 42 128
-785084989 -468525305 123 148
-549089814 155871382 21 118
954534045 -754965253 116 83
728607880 -331257979 190 99
-337086256 -623997844 130 200
-261884013 -755683298 16 15
-723935289 -868544431 9 74
-246867801 610038649 154 12
-858486657 782853275 159 84
-208758991 145370778 153 7
390405525 -701631933 89 158
-32889912 -801623371 9 33
-425621215 217249937 185 173
461566639 -793172849 187 151
-661717280 -770173054 176 120
839865596 -385283320 131 93
-749913693 42799840 128 117
-959313030 -805956320 123 97
-507588253 545474562 6 37
743851191 -469308787 21 129
747941150 952889404 102 142
-987767093 299065239 44 28
528892186 -781406629 148 135
-166689949 353909029 179 160
-750774778 39037306 76 193
233080986 616858750 89 134
14849664 976143294 122 9
-640649141 979592942 137 11
784998698 -882279011 104 7
416786229 674004347 186 168
892597718 442194132 102 122
-351380486 -220328969 81 137
818708337 639060508 129 76
108435610 -238722031 162 75
-410062385 519845682 35 75
351954976 368982371 37 28
486703360 930929340 186 142
457450039 -360518430 109 110
-918324298 426185961 31 170
-941626655 295325063 106 83
-213098077 -479070415 111 134
282207554 116218471 160 170
-511419495 -689325654 197 83
679656717 583046832 62 30
366492524 321739846 172 116
961221416 181599431 25 72
-539698255 512527607 193 91
-339630978 811397697 125 146
-815156365 -117823166 31 190
998395305 -81219659 112 164
229454687 865662707 198 157
301225891 -284934142 187 169
-963194297 407902909 84 73
-557981308 -71766940 97 38
-706722981 929214688 128 42
593128738 669268652 139 174
-596038162 448558168 115 97
-780145139 -858231023 60 150
-992568317 -373090344 58 129
341975514 843957843 97 171
104377104 -269381269 195 198
658851791 -614652958 187 11
-832921917 722228114 4 22
244013118 11724541 147 157
-687200939 -659248188 53 124
-517479210 -650269537 73 27
-23359881 -954582872 155 186
741891325 37567802 156 182
768186534 -810696698 131 78
-425349656 -601070483 41 28
-878842370 842491043 1 102
-293268063 745147146 10 199
-914101042 -526456786 122 102
-176726323 386664745 128 198
284598227 -880435966 183 105
157131836 225991690 86 123
415294992 675487616 1 137
-925582868 -5894408 117 117
-310887013 -61358284 170 125
-463694785 836472978 76 127
-837467456 820077196 28 23
59258294 659061554 172 74
778625588 -538201495 178 178
687790195 -494314186 100 140
-966310218 476014251 29 116
-677363805 382253344 184 184
-826588588 -20474696 60 28
-331485365 -471997266 154 180
-799403717 -919906221 2 178
591671687 -692393876 51 28
-230595370 -615877421 5 178
-110191607 429712256 118 177
-241757141 -936624056 44 56
298145641 -254647821 39 54
724877483 -794744951 34 71
-266742216 218227186 51 68
150837319 -253674597 197 159
53931528 502452446 186 159
886575025 681442742 136 171
-36328650 250876404 147 10
166768701 -710964258 17 95
34387921 -399545794 149 157
-194290744 822777781 28 41
-106478681 934645877 60 39
-466512368 -628437545 149 161
874014901 -837744314 71 79
843698428 248835358 1 131
-647771886 646920347 92 17
935956089 -110373692 111 163
490080514 477931610 119 123
153225743 -855151303 163 64
-920505427 -987389380 54 160
-763310572 -711961246 120 130
-549705560 168705742 160 21
-729942548 670849360 151 167
170286059 40712041 183 101
930338349 830226245 63 17
160674207 68777332 139 104
213626030 -38969147 119 157
-173842174 -990698230 116 56
-850143123 516569587 137 118
-462208319 -545088752 138 134
-874239393 553055887 100 20
-553715719 423933434 120 183
106676031 741456733 199 191
-337249583 -224168111 94 48
736862742 -648037389 157 121
-786219265 -661818377 176 13
854751210 -643031536 131 44
-188120288 710449467 177 73
116021707 -664440572 92 189
759492862 898557562 171 46
492530647 146035521 36 17
921867410 124834729 65 105
476797340 -388780028 25 76
-50598405 257683952 89 159
614652416 -129479030 2 81
-566513211 954636778 153 97
-857287442 -139558805 37 21
-388484891 -391707841 18 157
754327680 311958852 173 43
-710690067 848533388 99 75
-687730288 -328225926 102 109
929458026 215933741 67 195
-913545290 -327414781 75 54
-520261651 -402603222 150 108
457837973 -261186462 80 83
347105697 -149420304 191 130
-984945099 990274715 124 35
691324455 227651821 109 169
899425895 232190162 29 75
-699359745 -111361354 21 120
561223865 -541264953 173 16
56131825 -613448127 75 152
125365411 -106897846 186 61
743681850 -833212872 190 152
-990421805 614114712 187 51
-305717115 986090046 171 134
70796560 -472688650 8 17
415949996 -89314821 136 15
369420226 -924366341 182 5
-537814468 239098255 156 145
-867799592 -67089860 5 13
99697268 43991946 116 64
-489376990 255269653 67 97
93876052 -927776012 30 165
-400464661 631272788 181 136
-605525681 -147809733 102 147
-72176074 420860682 151 60
-487524710 -460966143 156 52
471943997 -404868489 16 19
639123457 417758731 82 21
-474455264 -951356101 117 189
-879132112 -289183903 154 28
-805394763 -122248115 115 157
729942153 286096816 55 32
-440526150 -900030244 91 141
-360996387 -417115003 193 12
178016509 647248207 182 119
-82476710 921054662 139 28
969698562 879087854 168 51
-557579697 -595868728 30 141
281883158 251890943 98 64
-609495889 431595551 95 163
531565308 127432337 103 74
710317334 443584646 85 196
-56650794 -625829183 115 97
-852258168 -917574349 76 195
814029859 -928537958 197 115
-671890333 -423474423 56 26
828416520 972097152 41 185
256209055 701474935 147 116
-318576376 -104141600 190 111
-808040601 -350074775 107 6
24096043 -751869628 54 76
-816927624 -994845672 22 36
929132724 54834169 151 144
631359746 -295422843 170 19
-470809339 -953397592 3 117
600593696 -742339100 185 73
153519301 -58417227 184 101
591507998 363898489 58 194
612028861 182001110 69 38
39671791 -365730759 26 68
689103410 603304927 12 109
-839601564 -496652468 80 98
-597533707 721518081 166 191
979178982 -394288051 63 36
547294722 -631099003 88 74
732799486 -483486656 67 100
698514454 -48085913 90 199
586183328 -657801534 66 92
945503393 -804380572 152 30
-301033040 -508912570 79 55
-934878136 -24487557 197 47
581224393 -52880390 34 68
316020608 65241520 141 47
581754864 284310359 147 71
-911259202 -203840213 69 127
138358253 -11971914 170 199
183647514 -191457479 180 76
299629951 542803457 82 16
-629167748 793573677 14 46
-406790361 -856399155 66 48
61358718 -389520643 47 135
894789716 -385719456 6 115
410440331 204420225 194 137
-955035337 -981269086 135 179
-172726565 -914994535 6 188
627808922 800307086 155 175
446397115 -541743080 173 155
-545625882 -558661011 155 38
51818346 -683047248 172 16
-68766704 492294728 82 180
-450768694 -853857727 116 170
-982610459 933197849 148 177
-981796687 -360932496 116 189
-708109058 -979229378 115 58
-520972458 5416638 165 61
446755627 284280870 50 127
601233622 -834470027 142 71
657824701 785386022 50 160
784044649 174678164 130 191
-39607635 -670907172 119 32
-31839667 322696234 172 76
343466856 531843085 86 199
-610223924 -666216799 11 104
618064071 -89936740 182 46
75593233 190353122 116 87
-171744503 -964029437 47 99
63165080 299274975 41 46
628367803 -382619442 29 89
940076792 -110657201 165 1
-726297764 -587532199 151 113
-253748998 419483161 169 26
-817937227 -607335251 71 7
583017872 -402040863 93 122
-513553947 -658386710 20 134
640888265 -152626741 131 22
464753817 -867129243 110 163
-125270091 132429025 115 146
544896826 56994065 59 181
-671006422 -983046822 6 152
-590382073 649141075 158 200
-900383436 464819001 73 18
806432292 -162451909 151 110
684921350 413875032 83 121
399262142 844942592 35 4
-170112031 -642021852 150 149
414972213 -60632641 129 192
-43679463 -268539066 95 65
-766881639 876250851 17 127
193586205 320032488 144 50
-989903068 -93012354 111 83
-826620970 -720986207 155 174
-876043616 -338219012 177 107
19759137 -173393523 55 103
765973836 404627183 95 126
-863911884 -861248013 191 31
867519192 4356158 157 150
-823095002 473255300 199 131
-767240702 771044708 14 129
-949941500 -715737281 102 39
-53956292 530445430 98 46
-790431741 719070151 100 97
-23786314 -863219608 174 156
-871951267 -803865285 187 79
200490873 740998742 180 73
66770394 -767104671 3 93
-996059964 298934367 22 92
583197087 536963874 82 148
-80074344 -676512870 145 117
-957442719 -694356757 165 121
-705060011 360421537 77 76
556556253 -124837186 154 79
-531322092 -409671916 151 104
-176776587 403873505 148 3
-444675776 -754321280 46 112
782642595 -923210121 11 4
-599722991 -427128846 120 44
-121485602 -505352765 165 188
855068773 -144740208 63 179
730422606 425065167 57 67
-984606750 713180559 170 17
-30429584 -872924131 19 41
-627245411 809523864 105 137
886313743 888727114 141 105
-685885379 -899906989 149 20
-405259753 601095712 159 173
-691128144 667559220 151 63
-54859261 292687958 129 143
-141615131 530492850 159 86
657568719 -272487472 79 109
-610447256 -426185066 46 40
-684941600 -546248663 145 22
-446155652 -298052308 41 196
-844440244 -959598203 168 13
560477370 -130106931 27 62
-984902620 -700329894 4 50
830162956 -472115487 88 28
255397042 759320165 89 187
-814348549 113840885 27 52
567592222 -959177431 74 171
-404713386 -195798735 119 171
-302880584 -574036163 183 139
295856907 571520408 1 88
871190514 639432403 89 24
-980166731 -409093225 3 112
-797256708 969721890 50 144
-63920873 -601454573 196 102
-708115651 -981012533 25 164
-324294915 452678142 134 102
878641979 -294188333 41 39
-870151573 951185240 78 143
443133995 -772561234 118 65
-181654459 -993424329 128 35
976297562 363410377 178 42
761955804 -848895476 144 155
-977391656 451221367 70 31
-243584139 -715938845 132 193
-10127178 406591923 32 51
210293515 705075308 145 64
932514074 -766781987 128 169
-760206316 -587858593 3 199
775551784 -113535269 41 141
37569256 954581383 47 1
258319102 -910092085 31 164
-773514577 682145314 108 46
-58746411 869414938 48 58
427006599 161872391 121 26
395090404 -668565201 194 90
-256423794 292394147 88 143
-968624769 -610491321 84 88
-803393586 -89434919 88 117
-147010651 740129470 32 173
274791136 677002339 171 78
398933629 -663054783 135 181
498817609 -417368146 7 166
-85933346 558422951 7 61
-296666549 937316494 4 83
-820658475 643471838 170 141
-593446729 785291608 57 22
377937430 5566640 146 119
-464914669 -660116885 197 161
-323171667 -353569470 94 95
229062385 -791998149 60 40
766424802 8411466 52 6
-201755688 535091806 88 38
31079996 -286847192 178 69
-649039231 36923586 42 200
-957509775 -258774014 71 110
81109102 -339534534 22 36
306895996 -318380886 130 134
-110379035 -586797260 125 121
421614206 -962591625 126 71
425016534 887820013 109 84
-546510827 -743989163 152 143
292934423 -851545256 95 2
-110319270 -527476036 111 33
132989430 834660132 20 179
-631204402 219859700 113 165
633062441 64996636 85 200
-45078636 -549668239 71 52
-809331874 -970471423 135 101
-861944233 -860170363 43 192
-711715619 834471736 145 112
-840487948 -910519546 97 83
776656939 -564968733 62 138
654890968 -881703875 54 162
183292761 -124119511 161 127
326212251 -120253018 130 178
-238208088 -235748137 30 81
-95918500 462161272 24 82
149149360 -345198233 145 14
-403201426 224118640 48 66
659149908 -961417493 156 29
-990605015 480326208 142 148
-791276950 -940277547 26 102
-60530564 406602954 31 149
-976628831 -82113940 181 70
-767436316 -363020397 151 45
291781371 -804817754 10 146
419300887 -3429943 12 148
-112331083 -808991082 176 104
671335126 -890415932 51 177
-830693479 125686227 30 158
-615194467 -975641788 59 103
-57755728 116179038 172 157
753158642 307964273 153 166
503146519 -48071838 63 159
948498219 -394379175 106 89
-203370257 655971632 192 23
765555700 528015393 151 23
-493782028 320565580 132 106
344923792 558708189 8 17
-472596420 -512654070 173 175
795310203 723529724 140 76
-472025762 669087601 34 10
-872775221 484384091 99 123
-7127925 -544063959 145 129
983951435 297391495 103 160
-529526573 294477233 66 20
-294298225 -614574176 36 156
-127228245 122090359 130 111
-301863565 -750764780 186 75
918322821 450024571 84 1
-213074986 -574711867 76 90
-118775825 -933745782 170 163
216162066 -358419729 122 94
936057505 -853396662 65 33
-467970837 162147051 188 119
-863246238 -53918732 29 199
195316488 449486966 73 62
-247972111 468616707 15 104
893904841 686138089 145 169
604908660 414523914 131 80
-943895816 -741768597 125 43
-595165258 567287989 27 106
-418048608 918851013 176 156
-282551367 -880419598 154 122
421583721 467112577 136 163
-211754364 595656749 66 30
134311190 -411136438 198 3
-996612525 -639834121 82 14
-381602717 478062206 9 26
-102133453 800672434 131 140
572039800 -993206543 47 186
-873626141 604634799 108 135
-75736272 -361276606 97 166
-913103505 -155800886 147 86
433062676 262004744 88 105
622170623 -69216479 70 59
-738637921 -484790371 84 27
-831601584 -71071435 118 17
-64277978 -457397636 2 36
-852762838 789729260 122 45
-719030994 594204417 162 102
-709080117 -411264493 187 160
850740251 254533426 16 28
-962166701 918956285 86 179
-713317734 -612655879 5 83
316272686 949986921 51 62
-654894363 930478252 97 154
572723864 186725817 198 72
-366553414 757919358 125 71
-800828783 663147911 182 70
-229802311 366330797 49 189
137803434 -501117115 167 101
-113772994 -581833278 184 46
-779330005 927601633 107 34
710596237 178650402 187 55
-782107429 -967972465 78 158
789946893 -83879599 28 111
-568215336 -870912639 132 154
495418158 -28082669 142 145
470800217 -30243941 45 176
387922781 642306379 21 178
422424365 -575913274 163 155
602737128 -62480452 9 100
-30452917 -184064563 10 129
732055839 -847292812 191 56
-718205451 -802292926 10 108
169624405 80868902 4 175
-949375039 -974309353 151 96
520513379 -32955830 25 97
391130897 -220942014 52 178
716577534 754880811 30 170
-576667399 44015638 98 193
196722826 604296088 48 177
802003162 242600856 36 120
-824013889 223713439 95 26
101920439 -980430557 121 171
-160870034 -877635256 68 16
-246060917 -96088330 194 171
-488691167 448692022 140 35
-654775988 -987674764 27 39
469137677 -33192126 167 192
-938074918 981227002 111 194
57456793 117402356 19 185
-10511848 687230139 155 120
662111236 757248021 135 72
-486323957 -306926721 42 78
-858234700 453273581 112 66
318115170 -245311110 105 200
721496764 -393050578 191 47
-559307224 563743852 41 170
-466337439 -809111990 154 114
878118149 996886908 185 138
606651281 -31803129 10 126
661270150 -894571598 155 5
558701983 -190028783 70 106
564660107 729026325 105 24
-811507900 -14954554 23 77
-598694349 -351539186 47 13
-160651176 489893951 78 127
339297211 514920462 64 46
-664366315 476557824 123 36
581986227 769137076 192 163
-568375355 352545813 69 154
-65911510 -55842876 129 191
929202571 762085750 68 175
-736937084 731616265 187 142
74026568 428628063 68 133
-203935123 487640482 178 163
-183285341 835613499 151 39
457266927 -661392907 1 173
691152906 -180523780 78 150
763633345 -422316642 140 69
-807714540 204620158 43 178
-211247225 -301114020 119 145
-872485958 82671537 77 74
-577171629 45440805 36 31
-266429344 -258571063 69 136
80036031 -412301579 108 90
407174641 522454537 39 139
-899862106 -445682270 159 108
758937888 -997913848 85 17
-299027868 -989435446 113 129
93236091 -903361460 2 64
142079345 217407988 46 2
958836926 -901115887 137 110
-460901113 703765795 199 129
78736684 -530926011 20 132
23391719 243307177 40 160
245393330 776618723 176 63
787183278 150555687 143 122
247194227 936982143 137 125
6906484 -290359618 126 163
-338959152 888960213 72 136
445242361 77260021 16 198
546334010 821043834 130 82
-83132636 -563266680 42 47
-934131605 -907858985 109 74
95213056 -706456797 148 36
-916958302 -459979717 161 183
249660665 -593330163 145 114
-851853597 470373367 1 165
-599850259 962287216 162 152
635847402 230286842 186 119
667020162 278330226 165 159
222987594 -766332975 184 3
-472789772 876960330 39 127
-730503034 -197645802 110 32
209024035 460924405 98 39
-216185875 -901750551 155 67
-939463336 -374523932 170 21
855762910 204206154 139 26
-664947268 -773343945 136 128
-539676920 -748322730 130 109
-871362400 -905602034 35 120
-250731483 150501695 151 154
-536057547 -95299601 144 179
2949849 971054898 197 67
-550952682 267200765 39 181
-676076728 -875932471 6 5
-649276416 -654153308 84 65
-402476037 798290013 173 117
745204332 248881558 36 3
-748100394 -548346263 108 60
356354137 325777450 38 139
149348700 -899648215 5 19
367552550 445242843 200 23
569310372 140864956 180 157
486711649 -727499138 173 13
-929209126 -765306704 81 161
483574854 344758715 163 61
796412452 -974184779 72 142
351592671 -880052140 80 125
-779700355 -802557164 143 197
642685679 560092693 171 4
-446525998 334812549 112 52
607313412 420659683 16 40
655352979 -655116153 152 186
689642562 -80334335 199 167
-54519114 -116732131 61 111
3215730 413473939 35 176
610916775 -692582272 124 7
867510422 795728294 162 177
-16942805 -139789728 180 160
-866613693 -856859607 200 87
-659459407 -122327498 25 156
797338168 212134822 74 7
-904597310 417641533 117 174
-316368175 247972950 102 153
555390679 -308949576 160 54
-660704930 276331320 30 67
-863458408 715121008 26 53
710777754 591263176 140 148
-678547969 -603600285 55 200
608534537 7805079 158 181
-722037035 311567274 107 191
-587943424 -612728793 143 56
78321631 -785640147 61 103
490691174 -503184359 121 120
-935546999 -789759103 172 156
801504074 365893262 55 106
762292977 465599660 57 67
-674078908 -486579035 200 58
824988239 -7581495 48 169
379689712 -473345059 24 96
-258985205 4905836 198 122
501721477 -826853931 41 80
-616613033 18681163 187 194
-762909222 -274496607 51 156
-956380595 -892857495 175 98
-526920177 707557773 155 16
-447507370 -608580247 184 143
-81925305 -850329642 190 91
154576194 823370787 12 25
996516856 159799603 104 176
-969002882 121426441 169 97
846929834 -717292582 5 41
-757633724 195231978 90 101
-244693897 86030644 116 134
477450397 106176098 28 45
255846456 187723816 135 4
-136389045 502959097 28 165
-484724948 -300742118 140 172
820684323 214891908 68 111
497599326 -65651929 103 4
-870419952 375802191 56 105
-685650813 173958570 38 186
-867348980 -9784984 30 77
-969544815 799488316 80 141
154963765 -724294142 105 19
-25036260 -595709004 142 17
619182904 -116612592 79 183
817735480 284007380 138 82
-487674077 -130291408 139 112
-956332839 -712531673 49 135
277683344 -636651571 12 130
-984646903 -78715158 22 64
196990701 661431326 34 194
-934277679 -237900626 10 179
645486782 -306553513 113 15
977453867 -78982950 49 144
790725642 357837586 55 158
645305913 639962302 92 10
-996689270 -14407946 139 30
906876897 -861634841 45 151
652312838 734569077 144 113
-650815197 653489953 43 186
-800547208 319725954 153 13
-906740644 -868986601 156 200
341367338 540690409 109 4
33169063 -8329449 14 147
977262606 550855703 128 56
541737215 801673371 158 6
388758800 526410900 70 4
32417205 430123711 142 199
-397633982 -399425555 11 175
-415895803 633012165 126 136
26218926 855537233 91 190
-300275863 -915610945 88 96
635244759 561076815 103 127
215266538 -335768541 133 92
-956841289 -601784647 47 118
828339065 632133187 68 36
-914776016 421255277 10 182
-93216206 410973535 69 121
119027120 64493559 62 58
148882614 -501676100 105 126
-940599286 -680553994 53 7
-16322535 594723136 98 178
992938489 630726943 95 107
115376483 -885109287 142 68
536145990 -211621497 50 137
-948131610 -830238931 9 111
234254628 925872269 121 196
-723287479 42933824 121 190
362379831 -609044276 196 49
985678860 -247945156 26 103
-764701861 180338271 161 23
295228984 166975654 43 127
955354157 -873763557 63 148
-704002488 60302670 10 142
-161308709 872797529 137 14
-231752294 -509280592 3 138
-118324867 -527637051 138 146
224417793 407127363 200 133
-560018014 760964360 108 172
-219543634 66698349 50 76
192934792 250956112 175 105
-836224866 478700183 198 27
204014065 -509877115 40 172
-19157706 274419993 61 28
746782942 -862876804 125 88
396766912 -161575476 172 100
-548094764 -201143722 23 3
865554627 696094871 78 172
-200432665 -878729397 29 71
599970786 124155225 97 4
614278111 936195487 127 158
63131832 -710798662 137 127
-721159112 -402425340 14 1
435999184 622097584 52 21
-726529785 -358134375 175 43
-809523151 -354012797 167 185
-232742194 155001394 55 146
-868327029 771711902 149 83
560423741 357525475 192 126
646726813 -791225273 52 102
-193650612 -522832384 55 125
-900734800 -328918743 146 169
312946883 -191931929 163 133
454055275 119339928 69 34
-873142326 -848112725 179 47
923599177 169820527 129 72
-620137646 -949414081 197 168
-888123001 -196369400 22 188
280798216 110881427 113 170
781962684 -151622991 138 120
656445080 674624500 4 108
-353519220 -350649728 142 56
-198762453 330420519 102 77
-647242602 -111132819 148 153
-208030547 579019896 73 54
-764833152 -731085155 41 65
379796272 -312319496 187 109
536057513 -941107278 29 147
586033575 -882416417 54 109
-233066145 -102601854 164 3
-919664982 890238264 80 17
-368378203 911933178 170 52
343469426 777437441 57 75
-953647715 -997973105 92 111
-457776247 548178877 171 67
459587952 -892842203 165 81
-922742266 -163631430 189 190
733766716 841537751 145 135
584292367 -737079825 104 117
-972630295 265422672 168 133
-104623535 671975823 159 104
526519072 749109449 14 26
149804678 -929117065 44 184
-969442914 -172126640 64 21
664241930 -804268197 10 199
-962730447 216885753 86 74
479805928 16853588 190 35
-865207388 -112953091 119 78
-588460916 532522876 181 157
134148678 749840545 134 109
820723480 711374129 92 167
-608236159 958425554 187 172
-993326291 -236381852 122 64
980503901 -923809795 89 183
-54439854 -234436970 169 159
652609939 403049286 36 24
-211911486 787452367 133 193
389809264 566557217 102 98
130447698 -490398056 16 140
-679456149 -421542246 63 161
342075902 -557702864 177 156
-628996306 594215064 90 42
-787705554 12956857 152 186
-731477505 -787528861 162 11
999923506 488809645 155 124
-92116786 -257412193 173 114
252189752 -75339413 5 4
503118341 -303691181 164 196
138605955 -876371662 152 50
570359756 -934238208 43 3
78718650 -71877206 141 146
140593933 134161053 108 192
-524512950 87733062 67 65
830320869 -754386162 130 174
170274426 -460207314 129 120
236101505 -887255556 116 13
-911110865 -51057182 62 92
14704610 -731960344 47 61
196162450 -352989262 159 136
781171791 549549265 127 194
-510201321 270105793 58 102
515719631 -380720661 75 10
159072025 467939803 130 83
580684247 -859444404 95 183
89498414 -935736493 27 25
-667696837 -671725576 38 14
-24714838 195839747 149 106
-402094636 -247438773 99 45
-977332981 -936789693 146 4
-317510354 -779480829 14 72
688458974 -153650706 154 174
-13095110 -583318401 109 105
-519054893 825087934 81 71
-994121290 935781669 37 73
-15862232 911968584 178 134
-482953837 -839197973 130 136
-775987666 782603474 140 182
-996877356 565062304 5 173
-736072050 -457652090 98 41
-40970491 162023205 97 17
-160372509 65391528 40 2
-146310450 -700030525 74 119
-935545589 269323602 4 176
430125629 794650332 111 165
429770158 -390620999 98 157
-973042343 13736301 81 8
556084211 200297377 48 74
-785163065 -426012705 90 27
639378824 913343928 29 127
-934170245 579157053 197 168
-299002992 308315200 143 38
-44518116 685514852 154 196
-852589794 -949066751 152 64
-82814096 -942282617 72 68
258014760 -993028083 141 96
-566524434 -646462418 75 191
-880602138 -867680546 69 19
711476507 -693116136 186 68
615199064 27296527 58 102
-434672269 886405810 97 138
789855413 -963340401 2 70
-905623018 352359272 137 143
211847542 578760677 191 109
932298259 57592264 51 122
189911718 841649318 92 178
-998950465 -595048124 46 200
432248403 267523302 101 136
6445464 -447072052 25 30
-410412453 449936225 99 130
-345188151 -906280966 73 193
524996064 -433367586 53 76
624224678 -212290945 149 149
-518125275 303463240 126 61
708415116 -708031878 61 73
559491424 991135112 160 42
-603420587 406102783 71 161
-291444639 -871838279 91 11
-925602892 559004114 155 173
-874363473 -700441841 200 159
87267214 975743347 59 140
131722939 542103983 1 9
834072106 -996244589 81 83
847406876 -618377009 124 42
787725774 -415680054 3 88
-287518333 -394682556 99 176
-983162090 -352775996 100 39
-53217837 508498 149 178
-171231803 718915006 70 138
113535341 360290221 98 200
216561985 -955987471 83 14
-574364480 563253157 56 47
-999910545 -904342544 135 123
-446508747 -873160169 98 164
-373419812 738238196 154 153
-408736954 -984795347 82 45
734119659 -231847898 134 153
-871557678 738700630 153 61
782713159 399015186 75 32
-185215305 -20489919 78 152
-72316110 -458582189 74 144
-479226005 -120588477 107 185
-529833929 -530659389 89 119
-515454736 -966839032 115 76
-346170576 567015447 28 100
158232429 -875835869 161 141
523179317 798830986 172 166
-369142581 -18930352 117 110
522487460 -614683859 5 56
264727664 -203746538 192 137
265594073 616364879 7 138
502042201 -17184080 13 178
-597652281 -554810409 77 149
-430646277 -671998812 41 41
-873167827 60885411 158 146
-958044942 140884273 7 72
526200415 -86503590 80 32
709749872 -791614978 120 98
824749902 -120306275 187 56
862509645 -895647050 33 117
-450457458 830872508 65 66
-988609951 884512304 58 24
-202085933 199475415 122 80
-807123960 -377791873 151 56
535704538 274597381 40 163
482982404 -554108242 61 59
325585484 -791136602 66 82
-686783651 379769897 199 92
63158757 -311544586 157 7
-574515929 -101882835 183 139
-902407421 666231903 18 174
-859043618 877644320 29 121
4758053 -922901334 36 10
-624493222 -594504553 68 63
-385641155 692578932 96 195
-75134819 752205293 86 140
-706822940 624505593 98 132
-624860889 980376479 70 44
499124734 710359239 17 118
440519911 -817189203 190 117
-887574184 796406424 127 195
-945581777 -861443408 9 70
683651878 -364238696 64 12
-759517051 239202701 103 10
-283775354 216662800 141 158
49555631 46896762 2 119
-390227647 884844817 36 65
-932344387 63052576 133 184
-288024647 -161345942 178 177
-170272996 -437928414 46 35
197832890 -115960739 46 40
-876758039 128502348 50 161
-802318500 76813341 119 132
-876289898 52474871 50 9
-210163960 542228036 25 8
-542203035 -310589643 191 119
528064415 263136167 95 172
825207753 223852892 6 196
-892107848 403131651 188 68
-615849649 -861634965 180 52
67694729 -735987151 183 186
316487720 330019184 194 162
-275236428 -881272583 121 138
-339345873 411453910 8 95
-472893571 -858984899 67 136
217384346 -172254329 131 52
-916606326 246776717 71 26
237658105 742109449 77 188
-993877702 -269038789 173 172
-939019606 -315773283 85 120
-344529513 802814604 58 15
66784866 -974329937 110 97
-980798483 608902175 32 17
-710835802 -268374287 20 74
978402431 233371089 99 89
-172003109 889477775 76 143
-527044662 -719247201 114 86
-35020483 -151755250 5 5
-496424294 -301950387 172 174
-423763970 -853549521 22 101
607869007 -331993596 118 6
399632117 656467536 31 101
-257645022 -37790671 142 70
-295796544 378090216 164 195
658843016 971265676 80 86
