1000
-555545085 502197874 166 8
899516530 -5205347 21 79
547895242 568662052 57 164
-840873342 994372689 38 16
-806950991 -289634860 47 100
-796530355 449577280 132 126
-870860602 -490211606 165 64
591742749 -506923491 41 65
995274383 -695900443 24 67
298894210 -935983005 97 5
632679047 67169953 120 106
-85941006 -714171291 121 4
-3806151 314196119 56 95
-383710249 461074986 20 103
970863381 -699958864 166 83
-206882355 904894957 99 181
-938489134 963237321 199 78
-972745685 191777095 82 116
-888536600 -553442447 173 195
-267613738 -1781355 199 112
-835068884 -115474595 158 68
-801883257 -580855471 171 77
-280814335 269342287 159 111
26753597 -407028192 43 64
-591274519 -753539959 93 150
438237136 -786586874 65 137
-340029321 -189766011 83 142
808452634 -587113968 5 151
297411437 754213361 170 182
-974125758 986287339 58 108
108145979 -193840032 170 177
399131776 -884392388 192 59
-637932347 376866284 8 190
590279410 749815624 78 42
-587434035 630260959 183 152
-956853009 -678906862 102 182
-924693502 -493443978 115 143
-654640286 -941856029 2 94
-283179708 -191363429 22 69
-75755817 -630881636 79 37
745984648 725195438 178 11
327527414 -858345347 52 180
624431965 -360813415 131 110
-39720277 713063383 44 176
-927864243 106805757 70 72
17466081 540556670 165 174
-798290407 164439137 195 177
533557502 331596824 165 103
-90691386 203914941 66 181
198085947 464902116 160 66
-895911299 495590441 127 178
61170176 -386667631 153 135
720138127 -500696627 6 161
-960139957 274318922 87 190
-708725589 879678080 167 114
63791256 484821730 169 72
-458746976 -17237967 52 172
-699819499 744414363 189 156
92521156 -685464485 134 86
-72132116 -168825963 20 164
330477411 -457168624 125 8
817150298 267566210 197 111
-239358 -610504086 176 99
874317645 -552303905 122 22
430458128 804136725 193 31
401067440 -873168067 186 149
-558632552 13610870 34 133
844784908 491826252 97 72
-965342372 -187083028 31 80
-919516819 420088626 142 177
809584541 303554669 27 139
751250764 -409487100 160 46
-752834023 664447903 28 18
791279836 -542679236 166 37
470931635 -800832649 170 96
690993603 176673017 119 185
989589989 -848323252 17 124
571765374 -347210091 52 68
956344578 556694477 158 96
-852792624 -720176932 93 107
944270972 64233519 124 161
521554283 741977841 198 71
941145192 -19853882 166 148
-990664513 -938236918 85 77
-934043817 -949652701 152 159
-444346439 -665586246 178 93
891108231 346905335 188 162
626728403 -776004169 68 128
288229350 885361143 41 186
479855336 -610153611 57 81
369992507 373053773 180 195
287333209 526027463 23 193
428891115 -142682475 103 78
191731279 567631480 122 63
-232946833 -873798293 176 123
-797286109 -331057805 51 42
-593180310 -613570758 179 27
-223724369 513061834 59 139
-261368040 623396637 85 170
1940453 -538601342 114 121
318716183 -924701785 150 15
495446048 -678015530 77 168
-699297470 977023852 90 22
-501517601 -968872862 63 90
-729927267 -999880760 68 165
365697427 657201725 55 188
133114714 -724238310 109 168
-262839652 67098174 41 132
-5087258 -608671611 98 143
-286687140 569676374 110 191
399216578 -180795802 13 178
-297152310 364307826 19 24
216943419 300010885 189 200
-190271038 -83082006 139 77
192679685 -772669801 197 34
294428373 -946149012 118 68
-554820623 -890410387 10 38
531782340 -57376682 181 71
761827516 542455792 200 159
-240720030 189248017 183 191
-658224746 161897122 142 17
-921184885 -344100121 46 154
-116769922 -270204207 140 4
-216353219 -402883192 71 159
-440777226 -343235121 149 116
599388197 -735141272 138 67
807314520 260767337 25 43
-697468294 -326448042 185 162
835449080 -488252475 178 150
167647405 -404808226 55 84
324987567 649675593 88 149
-900691247 -894399091 60 129
-237634211 429811607 196 139
694670335 329089732 5 8
-557626579 -188557619 50 129
484994339 -978537367 90 173
-614273489 37539618 74 117
632731393 535564727 153 113
37756673 390336391 14 27
495937300 961362872 155 42
243690831 -749833699 181 119
579256034 753092184 126 56
-582949083 771507126 136 58
645486112 -991736977 182 25
-101681005 719778054 93 141
107859133 -253613004 53 7
-863276614 965188065 186 41
779067289 -216689109 82 73
33477193 921086261 191 180
526694798 664047067 187 116
288070546 -41553678 125 11
-180774302 -521654943 187 94
-949360537 -893095122 34 198
-294191773 147429838 156 168
-34865745 -855655308 160 98
-72344416 628737840 170 178
402340454 -9339288 109 5
-492775869 -381705906 72 78
576740416 -871362652 41 68
-393017595 103686026 161 70
63107257 919654946 67 86
-80398864 -174732427 5 192
-30387734 -650778837 41 51
977959003 805962010 180 10
-350860926 989815687 14 6
-539373867 -555302563 36 151
-426665215 238058275 170 191
-805739347 -895607472 60 112
876563827 506575877 149 116
-815640197 195279552 60 70
544500715 -280097301 72 71
-621618939 -532810398 33 136
-690478359 -672808003 94 175
-228110566 -159426072 77 20
-921367798 -201603955 163 9
-244695073 -931486827 120 107
575089051 -885906781 23 55
309372771 518999481 76 39
-908581468 669693546 110 195
-863116853 -605809507 130 142
-278617510 533719422 116 126
-773190298 729099592 97 58
-619988011 69070258 67 117
137583432 666144585 24 36
780237805 -394715203 42 129
-875715723 -56908684 168 163
-534698786 582399028 157 115
976589521 -964661515 56 164
421574260 822690770 89 164
404306714 -412710863 21 105
656359395 -910290315 173 180
608370624 -755629653 15 182
-150344856 388802055 62 175
-815590277 684284828 138 138
119200208 432693693 52 82
320548531 858033506 46 145
533240629 395071085 60 96
982360222 901881679 152 171
844107718 199050724 150 95
443421071 201859516 28 169
-556822077 -565596112 143 48
-881311284 866723279 185 78
151933325 -765773412 160 9
-907739907 390022156 153 76
-362390407 15176811 124 169
-230425157 -452504126 139 114
746546598 953933639 8 23
8309507 -977654214 191 32
-543250326 -987358716 79 144
879364564 208890014 22 42
443116602 409587732 50 50
-347873760 -871550199 77 34
-3857035 -160976401 2 9
386519474 578460491 74 25
384910483 855626680 47 143
877972466 68659388 174 94
81300673 628815203 37 190
-309778430 -866446744 31 173
395657341 -241675369 174 182
-260709215 -907825951 168 152
-216285999 -195225880 112 28
-764249036 438100985 53 48
146244017 -111084950 190 37
957574439 416137915 130 65
-102530530 679164565 54 41
665234175 254085235 166 69
-987590135 -200190510 3 5
-255500108 -996256432 108 95
-338965959 545835018 122 6
-163547645 -588187675 5 174
300727376 -911123054 162 168
505014861 775916890 32 84
307597807 559299036 125 135
-334099377 268753641 4 42
-931436870 -595019643 46 177
-738759722 327210952 23 120
-274437677 597273343 126 79
-990914332 -958461519 4 198
-869584573 -890827037 117 89
737606206 -872126454 173 167
539688935 585639048 101 111
-293090959 314341255 152 125
719321612 723976597 101 91
-96296099 339877522 163 25
-210332782 -573071761 56 40
-531533280 -706458990 37 149
-744769673 939262552 189 134
919652451 977259760 52 139
415415160 -681341696 49 2
632999559 958896399 79 125
535389348 896396978 167 3
88790853 793268328 27 72
-927287081 -182810567 63 41
110730444 -951641350 189 172
987621202 226890576 57 6
56666689 954386908 96 2
-874438436 -853355905 156 124
-894459507 -97732167 200 196
-348818837 853830766 198 17
499615446 558447975 40 167
-771846239 853190101 7 6
901548751 106086146 129 106
-814506926 768674984 63 164
575578244 -869326891 166 9
-722682796 866196720 85 52
-379019095 -871867718 47 69
834479401 366392395 38 1
-222643278 -811886772 119 84
-958696671 -422519724 41 34
683566422 -245727632 92 97
-624536295 -403919895 13 150
-273246785 -616990071 111 20
-898276999 -330568254 71 107
-349919619 -179218932 175 136
-960310185 -287967237 136 139
-99854008 -864856748 22 75
-434860119 -980531939 60 56
-373743218 831421550 152 88
-719981992 -213465885 190 24
169544044 -837506749 43 46
-168075003 102802465 152 179
923583533 841353278 114 150
-594097607 195285200 40 186
182944805 -692090388 60 87
-820105974 -605619129 142 10
-921681227 672105845 97 182
-688843688 -534333563 5 158
-371840312 228465999 155 86
-816215184 -549028942 17 150
-855159312 -533795719 51 82
661489482 -591489359 68 40
-283579746 809321878 79 81
-943780899 -853140982 90 76
671481216 362852738 57 130
828519175 857982661 39 17
-61034988 920337992 102 29
-776174598 -583597331 130 91
-117393049 -141691068 173 186
266819573 -371283009 25 28
-709444779 391115102 61 124
390490474 -712948099 199 43
649904639 -25813146 124 168
-315314133 -934503840 184 80
838350506 261931636 60 109
678334306 681551589 152 10
-607623127 202767523 195 47
831484514 903633818 27 136
147265273 -920460562 11 100
-633408661 -197357392 142 180
776829463 -945597936 99 83
972414578 -307395767 163 37
954535869 -610884027 98 128
-929332439 861332048 137 188
-83384077 -438569118 35 190
-682418947 322226212 77 127
401765650 -103496713 26 190
699145895 12394918 121 111
-80686665 -310161830 194 67
382442403 432722307 55 26
821838280 838015751 105 196
551864151 -721242007 183 27
-159811125 887856568 16 129
62599132 496786092 7 135
-754194269 -817232617 125 27
195162302 575123796 90 38
-882521681 -379000566 56 123
-946278260 -28721690 100 174
-338189587 69329204 121 118
348087197 238714255 144 25
-20912825 308800559 154 109
-341896997 673694959 195 135
856462343 -851161730 113 198
723962067 827336401 187 187
-699147813 582369242 61 81
-593836096 735809160 55 118
-342345284 113297926 35 114
-795471467 521352578 138 110
-317330511 97613042 170 93
-376175646 288902163 179 50
437740434 -201425710 47 54
-521572956 -891922969 192 32
542962626 902053051 113 131
490378563 -225947482 1 32
887350444 -996217567 145 179
377651364 905342234 40 54
-144528372 -941654240 98 183
347247923 350807275 32 110
-998102082 -98440571 163 163
-137847186 -787584495 194 193
-885531444 -901509943 76 73
-127457425 -71108125 105 173
-214809339 316721000 103 179
74579586 684815741 32 16
743161501 181805281 150 177
-614871092 -73521067 87 27
828038362 84670400 189 129
297085906 -873044019 122 16
-922037609 -140386004 40 168
788505871 -968136258 140 85
201101096 -880280960 63 35
657051134 -630233154 50 188
551572127 172628151 116 36
-900892917 628601601 15 199
-434211646 43596002 80 61
23068336 -24775000 28 129
834838996 553412066 96 20
437792162 466966386 104 11
439201779 -803838282 45 66
-434071436 -469628754 5 92
702999397 -897814281 79 34
730787321 -917037709 184 28
-20925353 461686662 88 184
-710571986 -156055934 64 11
-750127516 -140257890 182 47
-820775152 207235037 9 28
403396755 -348802747 45 120
181568499 -526273152 163 49
-424087432 698576792 34 42
634055437 531024416 69 37
-154772569 -827209093 172 46
16734973 275995835 9 58
-864262056 -583400259 57 147
623834778 -161620936 174 86
489576317 -941865630 157 169
-468138782 -506551730 17 187
-955458585 504968849 28 53
-111490382 575298295 89 50
748089202 -682934589 47 128
593061246 832347654 186 145
-898536252 -456747207 91 127
381631857 387216815 165 128
445351185 159152320 96 5
652600591 -639352536 143 7
865616313 -942991078 11 84
632307217 225014850 85 173
542080261 -86195469 100 61
-401331463 586717636 157 86
-870029572 -977199202 165 40
410017613 -264490072 167 152
894662248 187745213 108 192
548392677 475116449 150 144
532125371 -969790889 27 142
255223961 -933936690 66 176
-167615806 952631364 36 132
391865353 -941031810 18 135
-918231012 -738351467 126 155
-2841539 -468653357 106 62
719091857 -557681636 54 87
917434814 -53929846 182 138
-23720734 -887789793 31 180
-969210130 -726080105 155 18
-920932388 -776165059 149 166
-864680516 -869555484 52 26
-755390598 288788577 181 64
820135220 318612237 126 30
760930602 982737530 69 169
-218675964 -396696751 58 103
-431970191 -142983512 83 33
130936383 -572020612 50 196
-348185670 166285950 113 15
149246819 231254764 41 23
-627440307 -876837228 38 66
441775009 -673238286 96 164
-837984404 801215363 84 34
-742965036 124094741 88 175
981111229 -752401479 7 165
-324422090 -704056392 113 41
462229558 -439462376 55 130
791792388 -176218954 152 34
-53056182 -801494259 100 181
-474732545 499034394 144 53
152766109 735077227 86 74
-288311680 -963401676 200 102
-715803154 363783006 66 157
659726614 536964177 149 125
-902498199 -893274246 54 143
-69493199 148830557 177 20
347336298 820758675 200 154
172309421 267659295 158 83
-144747126 -956974159 156 195
-920375834 674775155 96 166
-108925487 474653312 122 80
-135866158 315795469 4 197
422521223 -331228392 91 177
817602165 -980325782 197 16
840432893 -945802854 122 67
174372794 154978078 149 69
50520273 -517240144 15 193
-989948637 413856661 158 77
-258973674 -772373370 156 169
543422099 -465250290 117 75
203521318 -319692594 52 37
-300018375 -40484601 52 71
-133771102 -513814076 138 94
641164003 -846443563 114 29
-363683707 224343280 21 57
-509283707 -421624071 133 20
-193997441 -295546761 140 11
239202949 -38752345 85 21
641555062 -955595266 57 40
-143563514 -87508541 110 186
398677384 845173446 31 140
998729884 391043495 168 130
-532096873 -184063861 187 22
394312068 -466059930 193 180
238393310 -267702468 190 12
693545187 275172673 32 2
172093761 794233687 41 48
-440758501 968653550 185 84
666343348 72011766 175 185
-684428386 -860648660 115 142
-192196168 -8401348 163 53
525538722 784972555 32 185
-630213561 -637764780 197 27
637407893 571914227 181 7
218664267 -662349428 7 167
-841179526 -853223411 2 24
71304709 -856349673 160 124
-864481980 52938225 17 53
-955463124 764961579 105 153
402450486 105417335 137 126
467652555 -161882316 104 1
-737451736 -355934165 8 132
-18283592 -984824235 50 83
-985531293 -447507998 58 17
-303857671 -986513184 92 150
-81058606 -651966492 2 25
-887004914 -374547343 129 126
730869992 -869856737 3 100
-179222699 -466683543 100 166
177382293 480726858 49 54
495902623 528689097 136 132
-918818902 970368993 100 181
836372162 -226172809 130 109
121860699 88998682 133 139
714451339 514927460 16 84
497587077 300565617 135 131
833882074 -937475015 96 120
543251844 671260743 173 20
52466192 -972452293 103 44
850433053 -296780398 24 168
477046793 -69980096 76 45
-980981415 423492360 183 78
-209063828 846646397 113 2
-271634 -62266754 132 193
258231 566126626 113 28
89903721 -722180364 48 114
-842116304 542255749 109 150
-902008297 -550430317 69 97
379589587 399822496 141 126
-324168792 417774674 155 181
116937423 425967466 183 190
-783782936 919727313 135 97
338370292 -942267202 124 166
-664447566 -247284678 32 132
-852512576 256726539 33 128
706296223 754423901 25 163
6762749 699496316 41 158
-30212657 -268329806 90 167
-989845987 -537798977 109 78
-765555311 -436267806 174 182
-378535008 -92135551 147 27
660579771 -870718024 158 196
238524869 804722790 124 45
411663043 726580299 7 145
278592967 777782646 102 63
-638030807 -192069858 182 7
270131166 -903955312 84 56
-487706765 -958659344 189 28
-198278542 -363971114 54 182
-382172784 393745563 178 86
50984705 -971052549 82 101
608044103 -905538161 45 23
872244486 -607841303 86 32
200088839 -119812134 38 158
-171251093 57347520 13 143
-48795471 -390264248 122 188
245764639 -729391274 170 56
664354289 -956855303 93 147
924608502 -921333828 47 158
-974355636 469125690 180 51
861284387 -183111184 82 180
697076682 -704011530 137 142
353335991 -83545499 84 73
526190253 -953299197 61 45
-830174117 830242781 52 173
725903831 913039743 72 86
844222268 137571317 195 34
-540786640 -282447275 36 100
534441542 457407069 79 177
753395539 -823954033 119 83
92500468 34276953 156 74
-66505890 -121196033 119 194
-438436900 436257769 118 84
201813865 44568388 169 86
-965343942 -763757686 71 19
-46204961 -906276342 118 134
551130727 753787196 111 19
929833163 -260319620 102 184
773957333 85111608 57 196
963915575 -705748274 189 28
730509496 -694179342 111 114
350389046 -986493370 199 105
-750251056 -843155979 123 184
-749432321 -601685608 118 7
-995382060 -178399221 177 104
561281159 -219935771 39 45
865175837 -992125507 41 165
-845357427 263526780 192 70
569347438 -569902547 135 38
-556395917 -941583316 94 28
-784739295 888728816 12 185
-860440440 293710280 143 101
-884688942 -68699481 4 171
711364748 -407037607 167 139
-546646761 -830381242 55 13
433145539 -124699802 34 130
305397651 -131827633 167 136
-73410948 637076460 115 158
378321628 -955715523 143 189
337994757 727721284 89 169
-488461845 593203643 91 57
-961317612 256826857 195 28
426445615 -679826400 41 107
195473798 445695673 37 3
-833615607 46895354 138 46
-463511834 -750222997 155 195
-705938519 695017696 135 39
275255333 -200217626 160 89
-754497631 477841849 145 158
-412814942 219205290 186 75
539378891 876251825 133 42
174463850 -854628633 44 44
44783075 -104337268 41 42
145439736 -626322405 189 18
-931304710 -513678926 8 177
286103449 714468566 18 19
44826768 -449494087 177 27
769711204 -555472687 53 48
-826704510 -923586616 89 141
-925698896 -457751316 137 133
437911416 -172538024 127 105
201139571 753985514 122 16
-907177060 -348041119 144 190
-781056201 7111360 161 168
557617274 -568644512 147 31
-124117199 -901026050 30 92
-972096313 942943117 184 194
-662291847 -209422081 78 171
618039896 331709803 27 20
-61788331 939372148 35 11
-556152619 965381578 152 181
-174990710 25525911 149 117
456881399 -472623154 147 153
-373649204 608955375 44 85
404414845 483912827 30 199
-872992902 535297306 121 195
-280476538 434262347 167 132
226150847 -936693801 94 29
881204130 -196236555 161 174
829289356 -888132493 90 109
-508239294 -938623212 61 104
670332163 -589057144 188 161
894855683 -766142032 112 182
769155274 892161631 129 89
178940330 888685294 21 130
804507846 -607267335 158 130
196496110 -887088483 103 20
-922704623 -256652857 128 38
-195276069 193472939 141 48
604415795 164566279 8 31
398424247 776738518 165 74
521416502 -301890556 163 185
-560688910 212737534 115 89
605470199 -409397177 18 63
-443969307 584038071 82 25
-820098433 402289760 62 99
-551720949 -700384847 146 48
464181432 -580449895 30 32
-951195025 -664317655 105 78
33791789 -50974782 63 80
-985720896 -213908272 169 105
376694551 56518137 119 46
-506927439 659532799 22 129
-85661089 178498882 27 163
478114035 -177686076 162 20
241864029 -622655457 51 5
-286973112 97668106 35 79
-953306676 -310982152 110 30
475109576 -505607571 86 80
550910567 659986403 77 129
172035554 -239353903 9 66
939144979 -920410414 181 167
-98096490 -578145707 186 140
-200801164 427037387 97 126
-622778154 -999640271 156 124
-458106070 -963484984 105 107
-469092554 723158390 138 14
235661145 63402414 94 53
824048511 -599692547 70 44
-520102961 500612649 162 151
922466943 -344894901 42 132
-917857515 -482446311 57 85
-629570229 50484963 8 102
86999980 -221767488 160 27
-646092746 355683897 192 200
-728397337 383075636 52 175
783383089 -951114680 170 81
402014322 -845604717 31 18
-190499618 -271802176 150 21
245751513 690103957 106 86
-406894727 644352112 139 54
-724899024 162864898 32 31
-628934853 -444712826 183 11
938362810 920874433 137 52
822276106 -992770942 132 182
-838375659 40172114 151 124
768369938 857500499 144 4
400120809 -376159800 41 83
-879291335 -283643221 88 42
879221677 -471106930 73 177
84180244 95910854 187 7
-130698361 336306322 10 99
343535380 991896740 80 122
-115414794 727221629 197 97
437238481 -955915261 101 43
-479558708 707444740 77 158
-723682129 -938534238 200 101
-557124815 -938222530 77 30
10204677 -143669938 188 117
-954847263 -443530804 167 118
-599117712 897017645 192 96
476755627 75164987 192 61
-28233921 15564643 103 173
-424474264 992004178 130 8
905986293 22833280 109 31
-62872897 -29241416 60 181
827088647 983064446 50 185
-607950006 955471215 54 83
705005213 859810044 178 193
-212508616 721855121 53 64
-410063884 109690106 188 53
-45789364 89854869 61 82
-887311852 -270278680 112 6
700479904 -504959278 138 104
-669378480 -765949462 40 115
-957961894 -929195155 197 120
930614889 446519926 64 26
20891399 -712859133 42 116
396830973 286377628 121 162
-771251151 -501372468 43 152
228348852 830362353 157 109
-822080573 798464693 165 148
-967484769 118789003 62 139
189593848 -400667391 10 91
-954147466 -839533776 116 87
-552392909 725744156 155 65
-135361863 11409874 26 187
510037406 -183216381 138 11
-500337676 -763858355 119 152
-965393662 386194082 99 124
-642500562 -730148489 14 87
-130815880 373336974 129 9
533803198 915682444 95 90
493942952 -930582553 106 42
-66656326 578877082 29 33
-751822947 -555658883 43 178
-319517237 -888435887 129 55
497758195 -535939822 130 34
-266088311 -961016306 73 10
412320668 627202000 170 19
395400796 909978464 60 102
831912264 -836552084 143 92
742324998 -890041678 124 52
-445700560 800469766 181 4
912033879 -983721093 58 27
-667144562 -857852615 13 128
-966352568 -922533964 89 101
704668036 -254455542 71 186
-491960726 -270308471 87 91
-106860555 -500080820 182 196
-390122497 723909905 199 144
376896023 -78143022 99 55
-209347762 -946136846 33 77
-951473108 226353444 156 126
303819480 -434829557 178 70
310714901 477783447 55 176
-940008672 360550692 67 174
860469872 -326021401 169 128
-749595144 772110766 71 80
-453515904 738516168 86 135
644895675 -122465482 163 121
-896112039 -644048483 198 196
-78878040 -286195274 65 15
-955895475 787333070 190 54
400114 766845807 27 139
-706659241 -649145454 67 16
-877034689 -624192912 48 161
-885676744 -355173668 95 85
522360850 -975221192 158 166
-619269675 -656663494 113 87
57141233 -434750672 101 159
-794901250 141829241 13 65
-238808599 -884915410 3 161
-534060863 -192348380 176 2
183458709 621840622 163 119
-880816693 -324994992 155 158
-300216183 624740511 75 143
968077018 564330986 181 4
-870419687 621088280 162 17
-384566126 36838325 81 76
151922916 164095835 188 54
971747455 881951562 55 117
356308537 -124814232 187 45
550190777 -374912859 154 147
-897655996 942378028 89 23
359225366 417887869 178 34
-108507499 -367831309 50 176
669007016 -226271918 3 85
937823917 19741789 90 125
-245790296 -944376104 194 42
-69190336 -367136221 38 194
257950920 -739404858 140 126
-944510478 619012828 100 90
-110582951 -916095724 75 151
-431410680 -862929278 79 89
-236684843 876420280 174 27
-251321578 -92616338 104 127
-36992442 -209413904 120 24
423449875 -243034492 169 149
17560650 -484141892 74 174
-865129065 29960724 15 138
-33618647 -51165312 40 74
-61578237 650582517 163 122
379519150 -758841313 100 173
148542349 -723831798 51 109
66754298 -197958879 84 127
559006629 937733851 75 32
-693891689 -376633901 5 200
653326823 842415218 137 130
-356233742 680530176 3 23
183629045 484794916 96 148
725953603 244349994 72 106
520518197 879980521 166 48
-465462006 -598521600 174 24
-808271397 659147047 8 116
-864970502 877278411 115 123
572209982 961632451 4 193
494678979 -879707596 15 177
457603674 -360361739 125 30
883988256 342867395 135 6
75364269 -693319149 53 64
-291840749 -668162622 40 56
990984425 931107846 171 125
660902609 -958426364 199 144
-996793914 879983801 137 19
852792558 -342681498 196 185
296956764 -319768929 167 173
-976901535 814588500 130 88
-878730649 839812181 104 156
-975834089 969360942 11 138
752985140 -167926068 14 102
-126352431 613083563 198 9
345583716 358670933 28 27
-984010566 813513574 164 152
-653739003 -882175871 76 16
932412629 -805559196 104 134
-965747015 586252606 42 98
408129900 -977507550 187 193
-292917264 772282551 46 106
237882466 -662898758 66 135
695772175 -905095556 162 164
908418018 553196724 67 168
671020853 -366302858 184 35
-171862054 501926086 121 85
-59304956 655324161 135 97
530332964 -595555528 89 53
-970756624 347524533 158 43
684625776 833279023 178 104
928183467 42499890 19 39
-551787034 231965485 6 20
865662627 -874615613 6 126
479826826 -505119123 11 23
-997278610 887066744 119 156
-855972432 689352206 8 145
-110606908 146165117 188 21
-168039508 -3978484 124 112
-961478595 -838325506 102 125
393639979 950607707 96 159
928508447 738700900 84 27
-913901870 -228123555 49 121
-488540459 -991730634 76 111
550137925 97376635 55 170
-903941896 -878328807 190 197
117692709 -769451535 108 68
-607777041 694973409 192 139
498097468 658982086 49 68
250199339 -739149517 46 70
32726929 926380094 190 71
787165813 -100492783 133 91
996883852 -119052013 61 157
2619180 -947033599 105 91
-716485134 -733327837 110 26
961645572 -817943747 116 193
841038339 64315363 13 31
325165847 -163611743 52 129
-384715297 557684841 199 69
-690291590 806785531 160 15
-459750130 -220829229 123 51
-167862828 -21956174 93 40
244715989 -650227646 65 115
-468171393 -894493021 59 99
22338695 -332448330 130 95
503939928 301705180 23 32
-288093627 -982458027 53 184
824327504 671494811 198 127
-696818066 285290319 177 107
-884149503 128176421 98 88
477948775 894877362 154 183
852900694 -504385589 33 142
163166082 256814361 37 163
-588964106 338206658 146 68
355748631 -281928803 52 88
-757917640 177796800 14 95
-684396528 -137834658 2 170
990341763 784070898 57 91
531464612 -936018792 25 59
-587888027 270777656 1 56
-619891630 -255069612 18 65
-916862955 -561219886 132 31
156851312 911159934 70 73
-58526913 426197083 168 160
-859121223 477297720 129 141
113884970 333067337 183 136
249564898 -659839242 194 72
610938414 551901345 79 185
-850651915 36888047 1 85
475668162 -598689716 115 27
-835013430 552914383 99 58
-168372182 680683817 169 196
10497889 904583097 88 61
90166786 -886696379 148 37
-546535621 -937970908 109 195
613930438 -204087462 131 124
832800586 -604810317 8 101
-203500033 77199873 127 138
-517369391 382506776 196 28
-84293054 -863484885 176 36
-958901789 95524862 48 151
208828484 -769614454 188 64
-707585361 -117529353 10 78
678383185 339694292 153 124
734883975 222936312 176 95
-847347463 -976777500 32 147
258245630 265849378 175 129
402364494 -911177052 164 59
36864163 708294163 162 200
938679709 308306148 64 101
-956706853 192230224 178 133
-615559132 364612082 9 44
-559935254 315094383 90 84
190833237 701128321 31 20
-180505949 30058356 148 98
-28602343 -866745738 157 21
841548425 502630717 21 88
-336546783 719489035 188 165
-235764389 558827317 49 81
-224044249 218831856 76 98
-613557408 476259165 181 30
29903838 -110745438 49 90
919312918 -940548453 188 128
-807294191 146643095 101 36
-498209836 -437007728 75 182
-865002341 88386613 146 71
-500269718 -994554855 151 34
224277002 20943778 83 195
-650280705 -994522985 176 134
-105268423 -228100825 175 49
-168649278 -142173487 176 132
-995530393 -986207126 119 125
-570698501 -717141456 106 159
371245158 248525602 30 41
253970748 363958531 27 103
-762581339 343400708 97 157
348877723 -165488177 90 54
606410998 -99185184 102 73
758641329 -975009372 4 91
-961216497 -922321926 15 156
-639463382 350939272 115 177
-548018774 -799050705 170 175
564907826 -693032253 77 89
650368455 830716124 197 132
-482255701 -938741762 185 98
-37926946 710574685 122 136
735565313 581284325 178 170
658962399 -984222209 126 18
219233416 -315116609 147 43
-114167314 -88412933 170 65
218554814 118915397 153 22
-197852126 -799919499 153 174
-738661261 -626393312 24 194
-915818628 563513544 129 40
-2685779 838016906 161 173
706311050 -48372563 143 19
636510828 984605488 13 67
-251291093 531474781 132 122
-497093469 -363783565 95 6
-163703064 -885578154 131 76
-659455113 774026753 21 14
190056650 970206349 53 24
660739607 -46333436 197 10
905294002 -70511462 28 183
-233389622 -848064009 50 86
683410773 -700185868 159 57
-63969433 876319052 62 105
843257251 821350991 132 92
447894097 -103956648 105 100
-281233947 -884416892 123 13
69249672 79034518 22 27
-991476945 301733200 162 187
453669191 843078610 72 117
-857107259 330584781 173 62
59420186 -775165615 118 190
-953814624 278763049 81 27
-972677247 105073384 126 7
220656492 -780066401 19 118
298968118 -717783809 144 127
583949391 43380104 114 135
-261024934 783142736 52 161
-33756130 -239322425 23 57
-14488039 -925376309 198 91
353386740 424886478 69 94
-617523786 920388793 100 108
-859677609 -42574531 25 63
239641660 -432445881 142 4
610934224 -908011947 139 43
727647142 298489941 4 165
-940832485 -544850023 173 30
-470226332 57961970 120 10
-664635200 864735387 55 15
