826
-11 -93 80 148
195 209 154 112
-249 -123 180 166
232 -174 9 179
32 -73 107 24
103 -189 84 149
58 -217 200 151
-154 -72 137 18
66 86 196 168
228 11 142 102
116 81 8 121
-100 -50 78 168
240 34 46 136
234 -55 130 81
-220 -106 23 81
-153 229 16 159
-25 15 28 163
113 -195 187 121
190 -169 83 147
-137 193 128 112
97 -146 52 126
207 -67 128 181
-89 90 120 102
-90 -140 77 87
198 -13 94 56
125 -86 146 32
-73 -83 11 180
-7 41 148 91
217 -160 126 199
29 174 65 53
203 42 103 184
-181 215 56 179
-217 120 135 149
-19 10 129 32
113 159 153 91
-170 -144 49 100
-201 -203 73 174
227 -70 173 89
-226 32 49 76
-245 -157 116 104
-247 141 152 2
83 -16 196 80
220 -202 155 148
-52 152 51 3
125 -150 181 75
112 -46 187 154
230 136 33 35
139 87 129 100
-49 -6 180 33
61 136 35 127
-24 -117 137 189
-108 26 177 139
214 119 174 158
12 -72 18 160
-104 -156 132 2
-150 -215 81 13
-6 -97 40 12
39 157 142 26
163 -235 45 30
-131 157 177 21
-221 -167 162 102
-137 -107 138 131
-119 9 147 22
-217 -18 186 179
-9 27 185 178
-148 133 99 78
-244 118 76 95
165 -125 61 5
207 46 141 175
-46 -180 182 78
-52 86 21 129
208 -19 161 158
184 -198 136 98
224 -213 58 186
-170 83 11 133
38 245 144 72
147 -4 169 84
11 -149 90 151
-220 61 96 110
117 90 193 8
-246 -97 43 128
-237 229 113 100
-66 -157 141 75
95 222 171 84
-231 -8 197 92
191 -118 44 86
-203 73 64 91
48 16 120 57
133 52 34 163
-137 -2 194 98
22 47 23 86
-181 -133 13 145
-115 190 73 9
-5 178 52 116
-44 42 111 116
221 -246 59 31
-106 -44 156 93
-161 -141 108 149
-116 111 32 82
27 -195 196 196
-95 163 194 20
184 150 146 46
110 242 149 56
-113 -67 190 8
-99 -117 44 97
95 -10 155 103
-15 81 139 138
-218 -238 78 86
-246 -211 192 72
166 40 84 89
246 -122 112 184
240 -117 20 101
147 -109 35 15
-34 -156 178 141
-73 53 116 116
202 -189 1 146
166 206 199 192
182 -66 113 82
115 178 62 176
-75 -43 2 33
-4 174 171 188
77 64 70 100
116 -246 118 186
-168 68 127 70
-138 248 135 126
208 -206 173 47
71 73 184 187
168 98 26 185
121 -233 132 148
97 -52 55 2
188 -37 85 124
-58 122 71 11
-163 54 50 157
-148 -204 22 22
-43 25 176 5
-62 228 196 153
50 161 162 79
229 -103 113 168
-60 19 142 197
209 132 40 164
-131 -204 93 89
-41 -177 1 115
20 19 48 129
230 61 123 43
170 30 80 85
153 2 74 145
42 -156 129 168
-20 1 51 168
5 -48 28 95
10 67 139 181
-42 -219 43 186
29 -62 122 117
202 -199 156 1
46 106 3 182
-2 -161 193 131
100 80 185 43
39 207 127 13
-58 -201 33 65
-149 2 41 27
-207 -18 185 114
-184 245 4 92
-78 112 152 6
238 170 4 97
88 -60 148 188
249 229 182 75
-60 -207 196 14
42 42 25 189
-49 85 183 161
202 17 131 139
-7 226 50 34
179 -167 74 53
89 -130 152 22
-203 -59 87 133
248 -13 30 83
72 40 178 7
-184 125 44 112
-1 -232 48 126
160 95 129 97
198 90 13 155
77 37 131 164
198 124 64 18
-99 196 189 46
1 75 101 166
-174 67 189 144
70 -72 24 36
-119 -19 124 104
107 181 171 88
100 -214 63 102
-80 -100 197 127
173 -77 99 185
-149 -76 144 199
-208 -220 9 84
20 -36 46 32
136 3 185 169
205 -154 33 108
-242 -92 109 96
223 -220 104 58
43 146 23 2
149 -3 178 118
-249 43 9 186
-182 -127 178 6
-224 204 151 114
-230 83 144 136
180 130 163 5
11 5 52 66
-232 156 54 26
-208 20 64 31
17 145 120 24
-169 -63 143 49
-89 -143 193 45
-171 -216 67 137
-110 111 117 30
96 3 160 120
-206 115 188 166
197 -163 183 3
76 -35 3 102
-1 9 19 97
191 13 150 11
-104 122 35 168
-102 -112 192 103
72 245 13 104
170 116 54 200
-149 117 35 37
39 29 91 190
-165 141 7 109
-131 128 4 108
24 -133 57 190
141 25 171 200
4 -37 81 135
135 -76 195 134
71 88 19 29
-233 213 107 61
219 205 186 113
-179 190 58 189
227 95 21 66
-233 119 183 143
178 21 99 15
150 63 153 93
122 -29 137 123
232 -8 50 43
56 201 192 35
125 127 76 2
68 -46 174 48
-108 85 60 109
124 -180 85 158
51 24 149 189
-240 -225 68 85
229 94 197 117
-199 35 64 140
-58 28 183 91
-113 -239 99 109
18 29 3 158
16 -108 170 39
76 169 46 118
-249 -62 133 65
131 230 19 81
-30 34 163 82
121 14 128 97
54 110 93 27
85 174 168 95
-118 204 174 137
55 60 199 171
-15 56 40 131
-39 -134 53 58
140 33 48 167
-188 -137 26 128
103 -31 144 118
-239 -210 195 63
0 245 6 121
140 -195 115 156
-64 227 46 106
64 -1 185 98
-35 -46 170 184
60 28 50 195
-86 -87 57 193
157 -75 124 51
20 -93 66 81
86 -237 91 180
234 124 124 89
235 48 155 60
-108 -197 32 76
119 203 169 81
-226 -217 162 25
177 181 142 37
-134 -53 163 7
35 202 27 6
-57 -129 172 102
-90 -220 184 78
102 53 109 167
48 -177 60 29
203 73 7 21
58 130 30 148
-197 174 30 145
-1 -60 64 8
-41 192 25 35
161 119 25 9
-76 -135 190 133
163 223 149 49
-230 116 199 155
52 78 105 180
-27 -43 99 134
-9 222 67 162
98 52 72 92
101 -139 28 49
-218 127 103 169
166 195 164 51
207 38 17 114
243 9 67 73
8 -182 194 117
28 101 54 60
-148 -124 38 77
-26 55 84 17
-166 7 55 186
-162 102 141 19
81 -205 157 109
-69 -74 146 175
-59 189 143 139
-101 71 148 196
221 2 158 137
-45 -202 158 193
80 39 43 12
31 168 16 135
-7 215 42 124
47 174 116 187
126 238 110 58
-246 -224 31 9
247 225 24 140
-118 -48 44 133
-6 64 133 38
222 -225 143 100
-28 -35 192 185
-28 121 61 59
165 -151 178 122
232 169 147 8
248 81 86 123
-96 232 197 129
168 0 29 81
29 140 106 171
204 103 26 49
-244 -73 29 38
60 171 93 6
-186 -106 76 191
162 -188 46 161
191 -183 118 42
-28 109 2 146
166 103 8 59
-244 -28 52 185
-29 -238 186 80
234 -219 77 30
-131 -202 64 104
-34 -218 52 109
-49 -241 121 121
168 173 30 122
129 -64 109 37
-130 135 98 161
-211 -57 77 83
113 126 77 105
-142 232 15 140
-151 -74 186 18
188 51 125 106
-24 106 195 106
143 207 43 103
64 115 59 92
-125 -44 83 136
-159 238 71 159
200 -51 128 38
-96 -201 151 113
-81 194 53 28
-118 -3 105 47
-49 -224 92 147
239 -235 122 103
39 -136 103 4
-236 130 181 126
12 66 166 60
-178 18 66 69
97 -9 90 118
-134 81 110 194
-158 67 133 154
5 -169 149 55
-41 -206 25 51
177 -175 144 157
-234 -61 11 62
-221 190 34 76
194 -22 60 123
-182 -190 78 170
-28 -238 194 11
-134 79 174 142
-106 -73 6 150
108 173 114 149
59 -24 167 76
-100 88 67 200
-176 196 108 79
-3 244 7 185
196 71 51 152
195 164 93 176
-226 191 165 98
-205 -16 161 78
-146 105 146 79
-220 -144 54 165
192 206 151 161
46 -209 163 157
157 -7 158 165
-11 102 46 2
48 -135 151 11
89 -54 104 63
-109 194 151 49
14 -227 180 156
-235 -44 200 130
135 -86 8 114
-73 -106 50 117
120 166 185 95
-246 -230 17 135
146 94 41 120
170 139 13 191
-104 -66 44 192
-78 -237 178 43
-94 159 55 137
-45 83 3 56
-149 -175 196 187
-178 208 103 165
-115 70 111 95
234 -195 193 75
-32 232 149 36
-73 140 1 126
64 -65 172 7
63 -231 47 174
61 16 25 194
-193 133 4 79
-78 -57 101 66
-158 -93 192 93
-223 60 153 140
-33 -193 143 105
12 133 155 114
188 -175 143 1
195 -149 37 119
47 -247 49 193
-93 219 179 149
-57 -1 12 171
-89 -30 30 165
-82 -20 14 125
-61 33 159 168
169 -122 82 53
221 115 169 119
60 -130 90 169
18 69 22 69
140 211 135 185
-102 153 35 164
-11 -81 53 48
217 179 10 163
-183 136 152 91
10 140 11 72
-11 172 95 52
121 -242 122 116
-199 11 18 8
-27 -50 122 52
148 212 192 126
-63 115 105 1
-107 -144 97 56
77 153 179 59
60 -184 27 73
-111 -69 196 101
57 -60 143 13
213 -220 194 64
238 -37 132 137
139 -222 35 36
-8 -218 88 84
91 -181 89 66
-13 -247 186 67
116 126 20 133
-106 -224 9 162
227 209 25 154
240 67 146 108
-56 129 64 133
-83 187 59 151
-234 -242 65 147
215 -145 183 50
-17 -67 110 154
164 -21 189 71
-27 141 10 165
122 -185 197 107
-160 168 56 60
212 7 19 115
162 228 84 83
133 -21 14 18
-80 -134 46 75
194 187 129 186
199 -230 186 90
46 -77 93 183
43 136 145 100
115 5 86 115
-154 28 108 122
40 229 96 73
-3 211 51 93
-73 -207 164 131
70 228 153 150
133 -134 155 197
145 -74 33 51
214 -137 144 70
140 162 192 51
125 -69 95 39
232 -128 66 145
-76 -91 91 182
-20 244 63 195
-160 215 42 170
-231 87 51 26
45 86 49 194
46 -65 119 193
-68 -79 46 13
206 -85 177 63
-7 -119 78 67
-90 75 91 93
211 -148 41 85
-189 82 121 43
186 -42 147 170
-137 -166 8 65
-73 45 113 53
16 235 17 90
-243 -240 188 47
-12 -82 123 31
-136 -199 184 163
-93 -223 189 105
-225 195 130 135
-100 240 138 137
-10 77 166 51
41 -244 69 182
-171 48 119 57
136 67 21 42
105 102 32 5
110 114 10 20
-245 -13 128 139
224 -94 36 17
-84 -184 174 1
-116 59 109 42
99 -185 184 179
-179 -163 192 4
-191 29 144 176
-56 21 9 154
41 -198 61 88
-94 -132 85 48
-150 -76 185 10
153 -164 152 45
-28 -146 93 87
240 44 74 36
-40 151 126 17
-229 7 10 86
75 63 84 70
218 231 56 120
179 -182 155 40
-167 -66 89 107
-58 -92 53 181
66 -216 189 78
195 -224 184 114
-52 217 133 145
-85 -227 57 16
-164 -116 55 113
-99 -235 100 162
117 -163 46 141
70 161 199 50
176 238 68 139
-147 -27 43 3
197 -97 30 175
191 214 99 86
147 -222 196 106
-184 151 89 48
37 35 49 86
-116 209 149 47
-114 162 136 168
-81 -11 94 179
-46 218 134 123
57 248 27 184
138 -193 59 174
-178 204 40 99
-15 109 172 89
236 119 34 72
-112 -127 115 169
48 57 77 160
131 105 154 162
194 -209 151 180
-246 83 140 161
160 -173 189 180
-231 -105 167 160
32 107 33 200
17 170 181 148
-244 168 174 9
19 -10 134 127
107 -37 99 84
93 -37 191 39
19 3 151 132
-8 38 46 117
-135 -225 46 31
127 -16 53 26
-17 -15 128 178
5 104 21 61
145 214 179 119
106 -12 144 121
1 -125 66 94
-189 244 120 64
-157 -74 112 117
-56 72 58 116
-205 177 35 138
-53 50 166 55
122 -157 184 96
-135 -169 159 80
74 117 114 177
189 136 163 33
150 -218 107 26
-157 -156 123 164
102 -112 191 109
-188 -200 96 108
-48 36 120 79
-193 68 86 31
56 -16 121 199
232 -5 130 35
110 132 78 36
200 203 44 152
109 53 6 34
-109 23 12 101
128 93 114 84
-137 38 123 151
198 169 117 195
-222 32 166 46
82 138 194 195
-53 32 138 189
-176 158 82 143
92 -35 11 45
177 -177 14 125
76 142 112 88
-169 25 10 28
74 211 103 127
170 -94 192 96
-14 -133 126 81
-27 60 78 159
105 167 143 88
-187 -116 28 108
244 140 118 91
120 177 90 127
-45 -56 104 192
88 -125 96 47
176 -176 37 173
133 -249 72 114
3 -160 25 14
123 66 59 52
192 -31 48 128
-44 62 59 89
81 161 89 162
9 -229 49 136
58 -212 140 85
48 -207 134 11
26 -199 20 158
211 -101 69 31
-193 153 68 68
-143 -135 127 126
89 188 161 168
-148 -152 37 9
194 12 106 129
-60 -8 146 191
-250 68 20 118
97 211 117 41
157 6 173 184
-190 117 106 51
-233 149 51 18
127 222 35 39
116 72 17 93
-68 159 28 115
-119 -68 196 48
-163 80 139 112
96 96 114 63
15 157 7 172
238 -116 107 9
97 -32 93 142
-17 -185 127 61
-176 17 3 155
203 -193 40 198
111 142 139 179
-58 -43 15 5
-75 207 93 174
31 -87 34 199
141 230 99 126
36 226 97 177
-120 -38 71 99
-203 185 28 62
141 158 17 119
-28 -166 194 31
105 147 13 86
-214 -113 70 199
-127 29 157 120
46 11 175 5
-148 28 167 197
207 -249 11 194
-87 99 186 27
-142 -13 35 179
-234 214 54 200
-1 -198 84 123
244 122 135 40
245 -108 21 109
-46 -153 200 187
-18 -237 163 162
137 -3 86 148
-72 97 112 72
-28 -56 147 165
-211 221 45 30
-29 135 28 131
40 -182 67 48
36 96 160 18
80 120 18 123
-29 -33 17 103
-176 149 194 129
94 46 169 92
223 -15 173 165
44 -204 15 200
49 -166 131 33
-149 -165 8 42
113 181 1 25
-223 187 189 18
247 203 2 135
-73 -57 130 170
-65 -100 49 102
3 229 16 64
-103 -198 190 146
237 -1 181 197
-178 -48 192 134
200 -151 105 133
-84 197 93 107
-23 93 47 22
-75 163 93 95
159 30 133 61
107 -193 7 74
71 -54 152 139
121 143 46 143
24 -77 173 150
5 42 89 66
-12 85 149 135
-22 15 146 193
-98 240 48 30
152 -240 107 6
145 -27 118 58
-198 17 93 163
-187 -72 72 66
-20 -79 107 160
-105 70 187 7
-152 123 116 132
-37 1 14 163
217 -135 92 72
-121 113 183 161
224 -69 12 75
141 -213 161 83
243 223 95 67
-226 -112 65 81
113 -127 27 180
-56 178 197 192
112 -237 29 88
-151 241 25 11
87 -177 163 189
20 -170 55 124
191 -134 7 101
182 216 142 23
4 45 77 168
108 198 62 73
161 -178 165 91
2 -240 184 141
-222 191 123 146
170 -99 120 129
-122 -36 81 126
150 -190 8 22
-110 -96 103 84
5 100 23 116
-145 -84 129 139
-119 -40 52 112
-241 -91 63 126
55 31 96 182
109 183 146 128
-102 9 14 154
-62 -110 91 68
32 46 115 66
-147 -10 151 44
56 -16 147 154
81 65 50 161
144 -114 23 145
222 3 65 168
70 222 14 30
246 111 158 56
-30 -120 171 72
-84 -74 63 73
-124 223 41 161
-129 59 46 90
-216 -235 121 68
237 108 31 137
215 -91 121 196
1 63 44 78
-249 73 200 167
88 -83 141 15
224 214 74 134
-28 197 63 72
40 6 67 135
-128 27 90 98
194 -163 153 10
89 -55 172 197
-36 -58 12 123
86 -198 18 153
87 61 159 43
-185 -191 69 174
109 106 186 135
33 232 22 75
186 -22 76 175
-28 25 120 47
119 186 189 131
-16 -45 169 158
102 -179 132 80
-198 167 174 200
35 161 146 112
-13 -181 98 168
91 -77 1 173
-179 165 52 120
-100 190 198 192
-201 134 157 167
95 151 71 88
-12 147 161 45
157 -227 193 107
175 -106 19 42
64 -132 134 171
-160 135 78 137
177 -10 25 75
-210 78 82 181
-231 135 135 153
-202 7 182 48
155 205 52 126
