814
24102 22548 16 88
-20448 23645 178 165
24426 21365 26 10
24603 -17601 48 189
20622 24755 92 139
25005 -17618 44 87
-17209 -20086 103 158
21547 -17422 44 112
24760 21291 154 55
-16696 22432 122 141
-19372 -18052 187 174
-19432 -15837 103 77
-17184 -16869 142 155
24471 -16287 125 171
22815 -20154 154 27
24785 20963 157 25
22704 -16825 2 39
-17684 -18691 39 12
21321 -17673 182 188
24494 -17543 128 135
25126 -17448 80 139
-19006 -16742 184 17
24958 -20373 118 160
-17221 -17598 66 29
-15608 22998 86 91
22695 -18847 140 21
20891 -18609 30 53
23039 -19717 153 70
21731 -18629 183 134
22784 22244 125 28
21523 -20404 188 43
24892 20768 90 56
-16968 -20218 135 75
-16982 21749 71 53
20593 -15973 61 102
22256 22701 30 161
-17223 21610 106 57
22473 24768 125 9
22506 -17009 119 147
21419 24959 113 11
-16661 23380 134 83
-19565 -18142 72 160
22081 24092 1 194
22369 -15738 171 13
-20486 20726 174 152
22332 23543 55 4
22386 25244 27 88
21837 22038 99 108
23942 22523 169 142
-19970 -16120 145 113
-17930 24709 161 68
-19945 -17397 107 81
-17050 22476 65 1
23054 25272 80 166
21554 22425 68 48
22899 -18610 155 58
-20137 -18390 130 66
-16868 -19187 194 183
24621 -16156 97 141
-17232 25068 87 93
-17537 -20404 144 154
24685 -18973 185 182
-20454 -16024 143 7
-16045 -17867 17 160
23612 24749 190 74
22810 22711 104 29
21851 24027 81 112
-15741 -18206 76 33
20652 21376 35 143
23768 -17182 30 54
24979 23905 79 149
23189 23608 137 83
23363 24730 95 97
-16312 -16557 128 55
-16497 -16950 94 120
21463 -18135 171 59
23075 21794 195 24
22754 -16256 79 144
21209 -15812 137 6
-20221 -18600 155 144
23157 -19790 31 163
22647 -15748 163 114
23508 -18043 82 94
20577 -18553 92 57
-16769 -19502 4 17
-20445 -17929 67 99
-17723 21956 171 67
-19178 -19732 34 107
24991 21524 119 45
23717 22346 55 2
22752 23808 126 192
-19652 -18090 109 63
-19935 -15876 43 197
-18289 -19545 62 11
23538 24698 44 88
23941 20911 165 126
20973 25286 130 101
21392 -16792 123 199
20646 24365 14 118
-15932 20905 168 153
21265 -19752 37 173
21747 20780 158 51
20795 20998 199 38
-16642 24487 138 70
-20345 21521 92 80
25196 22968 173 138
-15779 -19229 44 181
-16625 21241 144 157
22541 23420 110 129
-17004 -18395 127 51
24647 -18717 63 142
21983 -20439 151 87
-19479 -17047 35 129
23075 22585 195 92
21366 -18976 5 112
25161 25202 105 25
-16613 -20490 104 87
21865 -17423 116 186
-18131 -19308 122 90
-19342 -17395 150 131
24973 24100 64 172
-18335 20847 124 43
22434 -19671 68 62
-15604 24263 101 107
21193 25274 16 134
23220 -16060 123 173
-17978 24177 49 95
-20153 25375 118 103
20598 -16376 187 157
20601 -20354 5 15
24078 -18522 64 96
-20197 20561 186 19
-15838 21139 135 100
23861 -16064 140 10
-17085 -18220 189 178
-16166 23795 63 8
-17060 -19691 57 22
23017 24467 186 160
23724 -18963 37 118
24573 -19969 142 73
24673 21851 81 132
-16772 24737 45 49
23105 -16961 161 183
-17221 21138 151 179
24987 22932 102 90
-16667 -19701 72 101
24074 -19884 149 100
-16163 -15888 61 136
-16949 24777 60 139
21750 24299 130 144
20661 23860 50 40
-15900 -19986 16 97
22531 23522 74 151
-16615 -19743 45 21
24621 -16547 92 2
-19010 22165 162 184
-16627 -18965 175 182
23940 -16304 45 75
-19634 -16402 50 40
-18894 -18778 144 25
-17004 -16226 77 125
21593 22157 193 31
22379 -17250 184 80
-17321 22301 77 47
-15974 -16047 45 42
-19733 -15768 109 135
24883 -19363 62 159
-19429 -19154 178 153
-15521 -20341 39 96
24292 -17400 99 94
22652 21368 62 99
20693 20974 161 116
-19203 25477 137 37
23334 -17005 1 134
-15589 -15951 197 143
-16852 25356 150 46
-19931 -17883 117 52
23690 -18101 68 176
22544 -16271 66 200
20613 22209 44 168
-19756 21430 74 177
22181 23529 76 93
-17808 -16509 195 153
24446 24835 63 151
-16657 21504 4 10
-20435 23442 62 127
22091 22291 120 157
21448 25148 141 99
-19216 -19019 186 21
24620 -17320 84 25
-20013 -17711 200 131
-19007 -16109 70 157
24960 -20332 125 146
-17328 -16986 13 81
21945 23907 28 149
23508 -15921 156 104
-16355 -20062 121 179
20612 20969 178 190
-15955 21843 41 195
-19194 22825 158 194
22265 -16090 111 116
22589 24446 50 153
-18061 23943 175 143
-15905 -18862 28 24
-18330 24257 104 71
21528 -16208 38 70
23147 -17961 56 56
21053 -18701 153 200
23047 -17104 139 146
-16524 21356 33 70
-19911 -18906 17 126
22608 25140 110 25
25300 -16738 170 146
-19731 -19645 8 113
-16297 21366 164 173
24920 -20054 116 71
25161 23526 152 194
-18157 20689 14 187
23828 23136 182 6
-16311 21312 126 19
21843 21143 17 152
-19286 -17055 69 80
-15806 23783 77 143
-17483 21919 158 142
25493 -16155 151 159
-19585 -17292 27 69
23770 20716 120 136
22417 -17858 74 5
-17544 21385 180 32
24450 22528 122 2
22967 20532 143 6
-16350 22832 153 85
-16380 25376 13 152
22106 22289 146 110
21130 24946 78 37
-18043 21873 175 112
-18942 -15729 130 199
-16687 23819 5 4
23532 -19368 84 87
22524 23578 140 4
-17115 21735 24 152
23696 -17236 177 25
-19001 -15945 106 130
24124 24282 187 43
23418 23660 199 14
23577 -18691 165 179
23499 23800 4 155
-18832 -18580 145 172
20951 23242 25 48
23306 23376 71 134
24682 24365 79 64
22340 22517 148 10
23699 22478 85 157
-18496 -17721 103 24
-17903 23519 67 153
-17006 20961 147 28
21911 20872 188 99
24456 -16269 41 35
-19330 -17262 195 56
20825 -20490 34 12
23152 23012 17 26
24529 -16102 178 166
-18599 -17867 133 140
22415 22633 168 197
-19143 -18848 108 79
20569 25384 96 30
23859 -16091 187 107
23436 23828 46 6
24579 -17967 73 16
-20143 -16644 53 79
23804 25285 64 34
-17200 -16763 120 185
-20420 -19662 97 156
-16275 -17417 89 156
20721 -19479 190 102
-19255 24716 95 3
-16468 22778 65 107
-18299 -16879 7 148
24744 25395 3 154
-20015 22072 80 167
-19999 21888 43 100
23558 -15956 100 136
-17171 25236 43 138
-18236 24284 85 148
21279 -17281 125 67
-16404 21907 126 67
25366 25043 43 30
22039 23819 7 167
24042 -16429 9 120
-19955 24565 165 2
-16517 21971 90 161
20997 23593 112 157
23154 -18616 114 41
-19868 24400 68 37
21590 -18074 98 134
-16738 -17630 72 149
21994 -17971 42 63
-19966 -16426 31 33
-16233 23259 200 100
22352 21448 185 118
-15938 -19793 41 162
24762 24664 113 175
-19059 20753 68 180
21041 -17785 100 169
-16242 -16087 66 191
23513 -20377 41 63
21247 -17567 47 65
23911 20824 100 155
-15548 -18460 20 70
-18614 -18797 73 113
23737 -19265 27 45
25401 -19294 69 21
-15947 21670 35 41
24411 21032 88 116
20827 -15558 12 115
24967 -17815 198 186
-16916 -19377 120 129
21826 -15965 156 64
23577 -15944 150 53
-17019 -20144 72 175
20713 21036 51 200
-16013 21150 36 197
25010 22587 168 22
-15998 24283 48 108
-18897 22106 59 87
21314 25298 125 187
-18239 24358 11 3
-19840 -17169 128 152
-16286 -20113 161 158
21444 -17314 47 37
-17048 -19054 133 99
22582 -17297 142 77
-17701 -15635 20 69
-16949 20631 83 70
20922 -17984 26 46
22464 -18721 16 31
25113 -19927 73 63
22927 -17976 153 181
25317 23287 8 120
20839 25181 103 140
-18481 22470 16 148
25494 22934 65 161
-16262 22070 185 128
24560 -15827 6 90
24645 24109 129 182
24309 22070 62 44
25331 23269 117 84
22850 -18021 41 193
-17338 -16594 34 6
-16442 -19081 61 160
-18231 -16376 58 9
-16921 24413 157 8
-17775 25371 155 73
24533 -19829 64 145
-20179 24211 69 189
23587 -15661 199 13
-17778 -17672 189 169
21801 22266 126 112
23696 -15748 26 136
23548 -16171 27 88
-18411 -18387 54 186
22592 -17361 105 198
25232 -19203 18 166
21635 24997 9 175
24413 22884 72 9
25253 -20390 199 139
-20437 -16699 187 21
22226 20830 81 161
21677 -17698 120 115
23916 -17314 113 83
-18804 21642 104 91
22113 23280 71 74
-18229 -16848 25 27
21055 -17206 55 137
-17291 -16582 185 165
25022 24010 193 98
-17813 -16026 117 84
21948 -16497 29 156
22732 -18781 146 190
-19508 24899 136 13
24105 -17053 164 8
-19227 22236 34 113
24959 -17201 135 106
-18610 -15805 3 24
25421 -17359 83 152
-19418 -16692 173 12
-17529 20509 18 176
21853 -16184 181 160
22579 -19323 83 198
23229 -17928 148 57
22140 21474 78 6
22985 -15676 188 157
-15703 22026 102 181
20717 -19786 27 120
22103 -17043 55 30
23678 -18105 4 168
-18922 25151 10 118
-17467 -18861 197 94
-20226 21602 36 171
-15999 -15764 56 145
-18836 -17406 77 132
21123 -19331 89 49
-19608 -18375 43 6
-17067 24912 58 39
-18188 24511 182 56
-17783 -16870 128 1
22673 21028 12 189
-19568 25358 107 26
22931 22752 10 17
-19679 25369 109 108
-16781 -17012 145 144
-19574 20942 43 171
-18930 22195 36 132
-20006 24432 158 66
22709 24938 7 185
20576 -16691 69 193
21809 24675 119 56
-16540 22056 80 132
22226 -19611 21 78
-17148 21110 77 56
24166 -20492 145 72
25253 22342 187 101
23661 -20416 141 132
-17652 -19364 20 144
-16240 -15803 127 6
21437 22467 175 186
-17966 24899 71 184
24964 -20093 109 33
22644 -19694 90 116
22677 22846 42 38
23591 21016 123 10
-17059 25341 179 155
-16523 -19629 55 103
23314 22480 165 17
24222 -18281 87 67
-18915 -20045 93 141
24108 -18011 51 70
25343 -19013 194 124
23565 -16009 146 152
-19175 -17797 121 86
24191 -17341 179 165
-19867 23228 69 115
-16991 24993 163 86
-16451 -16732 44 4
-16014 -17723 129 13
-18916 -16665 122 110
22132 21251 68 100
23295 -19472 144 44
20536 23020 7 126
25474 -16015 41 153
-19883 22447 112 105
-16354 23787 197 82
-18601 -20011 189 53
-15883 -18086 59 115
24230 25430 57 101
23593 22350 3 63
-15999 21732 89 103
24475 24251 186 160
22174 23430 183 24
-15903 -16510 106 33
-19113 -17756 45 90
-18006 -19674 41 89
-15828 20873 28 199
25231 24863 123 89
21752 21312 36 143
-17322 -16295 190 137
-15967 -17605 185 23
-19538 21518 59 25
-18316 -16427 24 28
-17514 -18360 181 143
21844 24310 154 66
-17190 -20448 141 110
20535 23844 120 186
-17411 -19337 140 135
-19888 -18611 117 132
-19692 -16605 190 23
21100 25382 100 85
-18949 23716 126 168
-18878 -19681 6 31
-16180 22102 89 183
-19523 -18819 166 72
-16488 22558 81 7
-19985 23646 32 154
20899 -16690 179 119
24497 21813 145 99
24846 -20157 78 123
20659 -18167 5 164
22715 20908 15 89
-18787 -19059 196 163
24857 22229 200 96
-16188 -18881 71 134
25465 24187 163 155
-18005 -17960 104 155
20564 20730 71 68
22811 -17786 30 144
21010 -16261 135 17
-18994 21603 189 174
23176 23082 137 94
24729 -15964 91 38
21572 22541 61 149
22827 -17921 75 7
24014 25316 33 19
23636 21979 53 155
23734 25182 129 153
-18836 -18806 133 105
-18727 -16112 138 180
22768 -18626 81 162
22796 -17031 88 57
-17582 23957 164 170
24898 -16855 151 158
23344 -16068 137 191
24824 21197 30 103
-17997 22588 2 82
-16230 -17676 33 184
-17811 21164 186 28
-18317 24049 59 4
-18010 23829 120 130
24069 -19042 161 56
21100 -17032 103 102
-20222 23536 20 24
20536 -16416 112 153
-17888 21457 161 157
-19411 -20059 172 114
24929 23792 100 130
-17933 23579 133 142
-16332 21794 118 148
22901 25310 163 129
24819 25353 11 77
-19449 -19401 166 121
22109 -17020 163 156
20941 24596 190 76
20783 -17203 197 95
23906 22486 67 106
23620 20669 199 192
23549 -18278 143 134
22075 -17640 16 24
-17388 22831 160 131
-18892 22804 152 90
24589 20541 148 164
20768 23583 76 77
24597 -19942 44 117
21403 24430 107 168
-19911 -16444 187 184
23943 23336 78 157
24819 -19787 77 84
20611 -18509 68 87
24877 -19947 22 37
-19397 21480 100 125
-20345 25095 131 200
-15981 22999 9 137
24221 24430 167 116
-19943 24385 173 109
-20023 23347 36 155
24467 -17973 5 154
22299 -17385 67 22
21065 -18986 52 50
-18967 20945 114 47
-16702 -16105 105 162
23603 -16410 45 200
20872 -18651 156 58
20570 21975 97 128
25062 24709 11 54
-17844 25479 178 100
-16127 22002 64 72
-16547 23294 146 85
22047 -20326 184 75
23558 -16698 130 173
20591 -17440 66 69
-19704 23334 86 110
21239 -20270 55 100
-17052 -19372 165 109
-18762 20910 37 93
-20062 23694 119 132
23030 24337 58 12
20543 24212 23 145
22104 21770 122 21
22101 -18525 36 59
-15854 20704 97 56
24943 -19572 60 74
-16652 24893 157 45
21368 -15708 89 150
23411 -16470 3 48
22877 22957 117 187
21572 23651 160 11
22187 20745 71 164
-20085 -18471 74 196
-15883 -20247 4 192
-20115 23886 186 169
-19458 -17947 92 117
23894 -18020 92 183
-18812 20803 19 42
20947 -17960 88 126
23841 21196 40 42
20725 22999 20 34
22424 -18280 89 54
-19932 -17385 99 163
-17747 -19433 109 52
-19700 -17739 87 172
22082 25095 190 182
21540 -17223 111 200
-17218 -16690 16 137
23630 -19645 18 91
24337 20802 106 134
-16033 21357 181 99
-15725 23638 120 89
25496 23562 14 5
23723 -17084 105 93
23459 -17086 105 74
-17142 25153 140 167
20696 22163 114 132
24551 25384 125 104
23086 -15680 177 119
24444 23676 69 176
22782 23018 192 161
-17904 -18059 160 98
-19126 -20387 45 84
21381 20711 68 140
-17613 23962 181 97
-20391 -16452 176 161
-16007 25260 73 165
24413 24803 153 34
24966 23820 157 48
23867 -18213 27 96
22588 -16047 150 74
-16303 24589 2 131
23061 24959 24 19
24578 -16046 40 100
-19988 -17576 124 50
20710 21563 160 188
25064 23026 200 30
-16860 23150 181 63
-17909 23286 157 156
-18537 -19759 41 46
24816 -19272 30 67
-17607 -15814 27 2
22452 24490 20 169
-20231 -16867 48 97
-16115 24789 45 145
20885 -19437 62 106
20589 -18841 79 95
-18136 -17166 88 117
22977 -19980 41 95
23573 23450 47 70
24235 21970 168 10
21730 22803 161 118
-16328 -18605 143 134
24528 -19344 73 167
-16308 -16791 156 194
23605 21941 112 10
-18167 -16419 43 40
23646 22871 89 84
21236 -18974 12 79
22419 -18820 48 107
-19544 -18879 167 136
-19740 -19381 129 18
-19539 -17380 160 157
23630 23309 45 103
-18378 -19892 40 60
22619 -16363 196 6
23068 -20103 85 123
-16496 -17714 156 96
21975 23418 75 47
-19465 -20498 105 70
-18588 -19108 52 155
-15912 -18860 46 24
-17306 -18959 17 105
-19498 -15509 39 36
-19944 22819 118 185
21019 -19729 194 171
-18915 -17699 156 41
-15953 20643 119 178
-16640 25365 170 92
24812 23470 158 31
24929 -20361 124 59
24947 -17860 11 19
22112 21845 186 178
-17571 -19534 97 20
-20339 -17736 56 12
24478 -20261 70 195
-19340 -18404 155 117
24094 22315 186 132
-17818 24423 53 122
24319 23092 12 150
-18373 -19152 161 29
-15749 -19038 9 66
-16796 25052 22 182
25088 -20083 101 5
-15525 23861 35 8
24527 24575 25 200
22025 -15682 47 167
-17240 22801 119 189
22170 22061 96 173
-16588 -15918 187 32
-16600 25456 117 141
20843 -16380 72 114
23789 23252 71 46
-18577 -17418 23 148
-18716 25067 92 64
-16427 -18993 139 144
22347 21008 2 65
-19579 -18950 65 59
-19132 24478 176 35
20957 -16378 22 114
23889 22454 18 17
22376 20947 191 107
-17649 -16230 135 15
22536 24229 188 174
21666 21818 154 69
-19673 22158 172 152
23377 22883 152 38
-17502 -18230 129 124
21698 24390 105 192
23733 24695 122 121
-18061 23521 42 140
22200 23332 136 172
-17230 -19528 162 54
-17869 20600 176 172
-20034 -18636 8 110
21103 -16707 67 157
23739 21829 21 116
25304 21512 136 133
23807 20808 162 163
-18239 21636 60 53
25023 24064 26 55
-18329 -18523 86 39
-19934 22814 182 77
20693 -16592 194 143
-18599 23534 198 189
24985 -18291 15 76
21630 23363 71 21
-18653 -20197 142 79
23707 23215 144 99
22752 23336 131 183
-15935 21963 4 99
24065 -19340 188 200
-16098 -15957 116 62
24718 20916 48 120
-17986 -18297 102 119
22189 -19793 42 63
21604 25159 158 138
-16231 -18449 3 25
22197 21303 65 11
-15667 24983 155 32
24658 21795 166 147
-18828 -17496 67 54
-17023 24773 11 170
22313 -19271 54 56
-16091 -17485 27 113
-16439 25425 110 59
-16744 -17210 38 126
-15707 21389 143 195
23067 24559 182 90
-18738 24176 84 143
-16601 -17391 174 177
-20449 24102 13 139
23755 25405 184 69
20524 21489 136 38
24647 -15699 92 134
22419 22362 157 43
22317 -20043 35 6
20688 -17618 173 194
23530 25005 126 56
-16033 22599 90 190
23590 -19993 193 102
-17246 23881 176 5
23485 -20389 117 180
-16749 -19779 116 160
-16928 -16941 168 58
24566 -17078 164 166
-18030 -15781 174 199
25006 -16017 89 69
24699 -18718 162 68
-17865 -17262 150 19
23408 -18454 104 75
-18774 -19528 90 47
-16939 20853 104 65
23487 -17774 148 145
-19819 -17922 46 179
-19665 -16455 17 31
21762 22432 7 198
-15969 22524 71 44
24524 23185 150 86
-19873 -17529 117 67
21594 -20207 72 9
23817 23303 34 80
-19183 22916 14 148
-20263 -19436 61 7
24597 23279 65 85
24536 -17337 31 26
20823 24004 65 151
-16281 -20458 75 65
21542 23649 49 122
-18436 -17056 52 197
21130 22956 141 22
25404 -17281 198 35
22553 -18162 90 10
-20417 21704 21 89
-19179 21792 14 152
-15843 20858 156 187
21863 23362 37 43
20507 24389 124 161
21514 21146 56 162
-15688 -20070 119 139
24910 25348 152 107
-17838 -17521 118 34
-17568 22345 89 133
23429 21536 149 128
22894 23784 198 67
22528 -18179 13 167
21512 -20350 9 110
-16712 -17616 70 178
-17785 23046 80 190
-18985 -20343 38 85
25021 21788 108 163
