873
-999999971 -999999984 2 174
999999983 -999999937 57 106
999999996 999999900 103 153
-999999905 999999998 9 59
999999963 999999950 169 125
999999939 -999999983 29 28
-999999956 999999938 164 95
-999999974 999999968 174 133
999999974 -999999928 78 32
999999975 999999936 96 25
-999999955 -999999940 185 200
999999902 -999999983 97 58
999999934 -999999978 17 179
-999999916 999999975 108 77
999999932 -999999942 142 185
-999999922 999999912 189 137
-999999951 999999919 19 171
-999999913 999999936 47 188
-999999932 -999999931 148 22
-999999926 999999971 148 22
999999957 -999999969 168 167
-999999920 -999999973 164 178
999999934 999999902 173 170
-999999939 999999955 143 193
-999999988 -999999972 102 176
-999999928 -999999988 135 39
-999999983 -999999928 139 130
-999999935 999999928 58 18
999999959 999999937 108 15
-999999938 -999999933 113 145
999999992 999999951 80 69
-999999957 999999932 71 67
-999999906 999999937 67 148
999999946 999999984 2 50
-999999962 -999999971 144 63
-999999937 999999946 143 12
-999999954 -999999932 189 72
-999999928 999999964 183 21
999999972 -999999998 102 189
999999985 -999999928 122 38
999999902 -999999960 56 177
999999953 -999999926 138 162
-999999995 -999999960 112 194
999999975 -999999930 44 19
999999945 -999999987 2 83
999999974 -999999928 10 32
-999999998 -999999931 46 151
-999999929 999999948 162 63
-999999999 999999909 156 167
999999925 999999912 32 140
999999944 999999949 184 66
-999999944 999999963 147 72
-999999985 999999919 122 72
-999999931 999999980 95 137
999999956 -999999903 165 132
-999999972 -999999905 135 189
-999999916 -999999991 75 108
-999999962 -999999995 177 176
999999947 999999945 117 153
999999997 999999965 102 190
-999999901 -999999929 155 100
-999999951 -999999990 52 96
999999960 999999907 115 121
999999919 -999999961 116 125
999999912 999999961 14 48
999999930 999999968 58 26
-999999919 -999999979 121 35
-999999917 -999999951 98 138
999999904 -999999979 94 95
999999932 -999999920 106 191
-999999934 -999999910 138 12
-999999943 -999999908 170 62
-999999910 -999999956 80 49
-999999920 -999999917 21 95
-999999907 999999980 175 34
999999954 -999999996 195 72
-999999964 -999999978 87 130
-999999922 999999960 74 84
-999999930 -999999950 51 39
-999999967 999999901 148 134
999999927 -999999989 145 52
-1000000000 999999990 114 108
999999935 -999999981 49 83
-999999939 999999908 44 152
999999993 -999999901 190 157
-999999910 -999999943 192 29
-999999946 999999986 91 17
999999980 -999999931 77 52
-999999905 999999997 133 129
999999940 999999902 154 10
-999999996 -999999905 5 181
-999999939 999999975 56 136
999999942 999999924 93 11
999999961 999999913 165 165
999999913 -999999943 138 86
-999999961 999999933 43 38
-999999910 999999924 105 150
999999979 -999999905 131 108
-999999993 -999999936 75 130
-999999913 -999999987 78 162
-999999914 -999999949 137 70
-999999978 -999999934 157 164
999999980 999999908 110 7
-999999996 999999900 9 69
-999999928 -999999997 185 195
999999949 -999999955 159 39
999999909 -999999907 163 13
999999981 -999999964 152 21
-999999989 999999936 144 22
999999943 999999958 28 78
-999999918 -999999936 11 76
-999999945 -999999926 165 69
999999957 -999999953 160 176
999999947 999999925 198 6
999999934 -999999906 16 114
-999999974 999999986 164 25
-999999921 999999928 56 140
-999999919 999999958 180 45
-999999974 999999910 187 156
-999999989 999999927 133 186
-999999922 999999987 102 96
-999999961 999999976 53 172
999999980 -999999924 17 82
999999926 999999970 67 22
-999999923 999999919 75 32
-999999999 -999999931 7 179
-999999955 999999939 187 164
999999914 -999999992 181 138
-999999992 -999999909 25 148
999999994 999999987 10 56
-999999972 999999960 145 143
999999913 -999999991 88 108
-999999921 -999999908 108 117
-999999985 999999915 5 181
-999999904 -999999901 99 9
999999986 999999936 192 68
-999999948 -999999920 75 128
999999983 999999981 189 62
999999932 -999999916 53 2
-999999981 -999999981 52 107
999999950 999999906 115 121
999999950 999999940 160 35
999999939 -999999967 161 147
-999999959 999999994 56 149
-999999909 999999919 173 114
-999999909 -999999996 12 164
999999917 -999999913 160 193
-999999949 -999999959 128 186
-999999939 -999999921 126 103
-999999981 999999968 17 116
999999987 -999999952 163 118
999999918 999999913 77 52
-999999985 999999994 139 51
999999979 -999999967 172 78
-999999950 -999999960 96 121
999999963 999999993 61 148
-999999991 -999999926 144 72
-999999944 -999999969 35 42
999999980 999999923 74 152
-999999941 -999999923 8 151
999999999 -999999991 182 181
999999975 -999999992 157 10
-999999918 -999999959 13 145
-999999905 999999967 162 135
-999999916 999999918 123 163
-999999901 999999981 184 69
999999945 -999999950 184 59
999999991 -999999948 115 154
-999999945 -999999911 86 34
-999999995 -999999989 46 167
999999915 -999999905 110 103
-999999958 999999963 85 190
999999934 -999999953 58 172
-999999938 999999949 104 62
999999992 999999912 147 84
-999999943 999999902 69 135
999999915 -999999948 155 70
-999999982 999999959 149 20
999999947 -999999955 69 189
-999999982 999999958 120 120
-999999969 999999947 31 166
-999999916 999999994 182 187
999999933 999999940 63 72
999999921 999999948 169 159
-999999987 999999912 153 21
999999910 -999999923 49 153
-999999905 999999925 191 114
-999999916 999999942 182 110
-999999927 999999965 38 52
-999999915 -999999909 102 57
-999999935 999999929 151 20
-999999921 999999953 58 29
999999982 999999909 175 124
999999969 999999901 163 109
999999928 -999999974 178 76
-999999980 999999911 120 103
-999999951 999999908 28 87
-999999968 -999999997 84 31
-999999955 999999910 35 72
-999999965 -999999905 4 41
-999999919 999999942 19 178
999999981 -999999906 198 131
999999905 999999951 190 2
999999993 999999904 88 117
999999997 999999905 177 74
-999999929 -999999955 186 71
999999928 -999999980 98 61
999999992 -999999930 2 180
-999999996 999999979 134 99
999999937 -999999918 199 140
999999903 999999967 94 123
-999999962 -999999995 129 55
-999999952 -999999968 93 104
-999999985 999999901 181 90
999999912 999999982 81 173
-999999938 999999918 158 35
999999977 999999959 34 16
999999990 -999999902 5 109
999999989 -999999917 188 19
-999999960 999999916 158 197
-999999960 999999964 190 138
999999907 999999934 169 136
-999999921 999999947 16 95
999999965 999999916 177 108
999999911 -999999923 97 112
999999912 -999999908 142 92
-999999995 999999964 102 62
999999987 -999999966 122 155
-999999980 -999999929 118 188
-999999915 -999999949 159 6
-999999964 999999927 39 125
999999982 999999975 167 49
-999999918 -999999931 32 82
-999999983 -999999973 182 123
999999904 -999999923 17 163
-999999932 999999902 8 59
999999934 -999999929 97 167
999999971 999999902 51 107
-999999980 999999930 64 172
-999999910 -999999994 181 21
999999957 999999962 25 181
999999926 -999999946 113 47
-999999916 999999976 144 120
999999945 999999943 151 56
999999932 999999944 68 169
-999999975 -999999929 192 38
-999999995 999999913 195 115
-999999952 999999940 187 161
999999963 999999945 18 197
999999960 -999999972 136 156
999999979 -999999997 72 47
999999942 -999999907 184 24
-999999904 999999928 44 191
999999935 -999999928 133 191
999999929 -999999949 100 38
999999980 -999999953 3 60
-999999942 -999999979 21 148
-999999987 999999945 70 125
999999997 999999909 53 146
999999976 999999935 127 129
999999929 999999902 40 90
999999986 999999936 148 61
999999920 999999976 76 99
999999920 999999980 105 107
-999999935 999999954 200 140
-999999913 999999931 12 146
-999999987 999999905 96 195
999999983 999999974 88 43
999999915 -999999917 134 3
999999965 -999999957 50 11
-999999945 999999952 92 88
-999999926 -999999944 3 143
999999907 -999999993 54 152
999999979 -999999944 151 190
999999985 -999999929 75 134
-999999931 -999999977 35 185
999999986 -999999994 146 26
-999999999 999999932 127 4
-999999915 -999999959 94 116
999999901 -999999979 64 71
-999999966 -999999912 123 138
999999997 999999908 145 82
-999999998 -999999949 30 70
-999999939 -999999902 55 102
999999995 999999908 124 126
999999997 999999964 187 194
999999926 999999997 187 147
999999946 999999959 141 99
999999944 -999999919 4 46
-999999947 999999944 198 187
-999999994 -999999974 53 56
-999999932 999999947 42 79
999999990 -999999910 38 185
999999996 999999985 36 23
999999968 999999964 110 85
-999999946 -999999991 149 26
-999999974 -999999916 140 10
999999939 -999999909 122 151
999999912 999999956 42 23
-999999922 999999950 25 98
-999999960 999999937 123 182
999999931 -999999995 83 157
-999999934 -999999941 122 59
999999912 -999999912 40 198
-999999953 999999929 104 98
999999953 999999998 148 19
-999999963 999999983 118 18
-999999978 -999999981 28 143
999999939 999999974 185 23
999999972 999999980 78 25
-999999942 -999999991 160 160
-999999991 999999999 171 167
-999999947 999999943 114 47
999999984 -999999943 152 45
999999977 999999900 124 104
-999999945 999999915 92 135
-1000000000 999999997 157 144
-999999992 -999999995 172 122
999999967 -999999918 29 184
999999985 999999906 3 69
999999955 999999932 88 67
999999902 -999999973 62 86
-999999989 999999922 167 47
-999999977 -999999991 31 28
999999964 -999999943 194 66
999999951 999999949 19 30
-999999950 999999918 37 113
999999963 -999999958 81 93
-999999998 999999938 185 189
999999993 999999907 88 96
999999996 999999942 8 41
-999999991 999999985 15 193
-999999916 -999999950 163 130
999999957 999999919 65 137
-999999998 999999913 54 44
999999912 -999999936 112 184
-999999947 -999999989 5 49
-999999911 999999989 35 123
-999999916 -999999999 131 93
999999902 -999999936 1 156
999999965 -999999904 141 169
999999956 -999999942 42 184
-999999995 -999999966 183 74
-999999976 999999986 161 199
999999961 -999999995 150 143
-999999986 -999999908 1 146
999999996 -999999989 32 33
999999941 999999902 86 145
-999999980 -999999936 38 89
999999975 -999999951 200 179
-999999996 -999999964 131 149
999999923 -999999909 90 69
-999999948 -999999966 67 72
999999969 999999960 5 178
999999968 -999999940 101 179
-999999951 999999933 64 81
999999952 999999967 16 6
999999959 -999999989 80 158
999999965 999999932 5 1
999999964 999999936 115 6
999999926 999999911 143 190
-999999925 -999999954 180 129
999999946 -999999971 35 143
999999945 -999999923 35 174
999999919 999999973 174 94
-999999938 -999999923 183 140
999999946 999999911 53 55
999999999 999999933 163 116
999999991 -999999995 101 129
-999999923 999999942 116 175
-999999960 -999999998 96 83
999999925 -999999943 49 77
-999999940 -999999996 59 106
999999992 999999945 13 164
999999970 -999999955 175 150
999999916 -999999974 53 48
999999954 999999910 94 25
-999999950 999999990 19 127
-999999978 -999999914 144 12
-999999959 999999975 92 126
-999999964 999999931 33 176
999999958 -999999955 45 180
999999955 -999999985 92 17
999999982 999999917 45 151
999999982 999999901 165 76
-999999960 999999908 186 19
-999999932 -999999976 200 120
999999997 999999930 162 59
-999999924 999999920 189 97
-999999943 -999999904 100 2
-1000000000 999999902 130 136
-999999963 999999913 84 158
999999959 -999999912 60 91
-999999911 -999999910 1 57
999999972 -999999951 147 31
999999994 999999950 152 18
-999999995 999999971 159 47
999999923 -999999937 21 172
-999999940 -999999955 36 119
-999999923 -999999923 186 62
-999999965 999999963 47 102
-999999904 999999913 184 180
-999999994 -999999975 172 106
999999934 999999939 12 141
999999908 -999999949 70 167
999999999 999999937 199 74
999999914 999999955 9 172
999999974 999999956 37 9
-999999987 999999907 13 116
999999952 999999983 76 71
-999999974 -999999972 147 124
999999983 999999971 198 96
999999952 -999999969 156 1
999999963 999999912 21 135
-999999973 -999999957 159 65
999999942 999999900 171 145
-999999902 999999959 35 197
999999906 999999992 140 181
-999999978 -999999986 15 108
-999999974 999999967 155 194
999999997 -999999956 162 78
999999961 999999969 114 3
999999924 999999971 168 183
-999999941 -999999921 60 170
999999925 -999999928 32 74
-999999902 -999999998 96 170
999999992 999999967 45 51
-999999934 999999910 113 15
-999999917 -999999902 182 57
-999999988 -999999933 37 63
-999999940 -999999987 87 49
-999999960 -999999961 161 42
999999927 999999946 49 181
-999999942 -999999967 148 42
999999998 -999999979 130 154
-999999904 -999999944 20 92
999999984 999999914 115 97
999999905 -999999913 81 11
-999999974 999999998 179 145
999999963 -999999981 62 133
-999999918 -999999946 61 62
-999999984 -999999960 184 60
-999999951 -999999957 140 172
-999999922 -999999907 157 69
999999954 -999999967 78 138
-999999904 999999963 149 149
-999999998 999999963 125 92
999999916 -999999946 14 180
-999999992 -999999982 91 49
-999999917 -999999937 32 30
-999999984 -999999960 130 195
-999999908 999999931 132 43
999999995 999999951 44 44
-999999951 -999999943 89 137
-999999993 -999999913 89 124
-999999949 999999975 5 181
-999999904 -999999980 167 152
-999999951 999999997 140 71
999999942 999999910 6 28
-999999985 999999999 36 188
-999999926 -999999950 26 11
999999900 -999999941 41 167
-999999988 999999901 105 2
999999901 -999999921 150 80
999999911 999999911 140 136
-999999910 999999972 160 185
-999999939 999999939 103 52
-999999939 -999999934 133 40
-999999915 999999996 151 118
-999999971 999999947 79 144
999999942 -999999913 123 194
-999999953 999999962 199 24
999999938 -1000000000 52 173
999999917 999999911 51 154
-999999901 999999907 25 139
-999999976 999999980 24 131
999999910 -999999988 6 197
-999999980 999999929 53 133
999999952 -999999910 63 109
999999925 999999900 7 26
999999965 999999927 66 28
-999999903 999999976 59 66
999999970 999999920 117 84
-999999902 -999999932 53 48
999999994 -999999982 79 156
-999999969 999999963 189 135
-999999933 999999962 190 3
-999999935 999999943 62 183
-999999919 -999999997 139 46
-999999994 999999973 73 100
999999990 -999999998 110 5
-999999928 999999913 49 53
999999910 999999941 96 81
999999990 999999965 148 118
-999999998 -999999907 91 85
999999915 999999986 186 47
999999987 999999956 162 79
999999926 999999951 4 121
999999996 -999999967 14 38
-999999922 -999999911 59 35
-999999997 999999937 175 81
999999912 -999999980 20 62
-999999973 999999949 81 138
999999931 999999985 107 68
-999999961 -999999907 83 36
999999923 999999979 166 135
999999954 -999999989 44 138
999999964 999999935 98 41
-999999954 -999999910 128 163
999999912 -999999945 23 11
999999967 -999999903 33 162
999999963 -999999935 100 126
999999963 999999959 50 184
999999984 -999999937 157 123
-999999954 999999957 73 81
-999999973 999999958 69 90
-999999935 999999912 174 69
999999991 -999999930 97 14
999999907 -999999958 78 6
999999992 999999964 187 94
999999996 999999974 107 47
999999965 999999971 114 148
-999999975 999999948 169 52
999999939 -999999947 67 190
-999999940 -999999968 90 147
-999999947 999999903 49 183
999999922 999999930 178 189
-1000000000 999999956 104 147
-999999949 999999931 183 191
-999999965 -999999959 31 111
999999914 -999999951 197 167
999999951 999999956 139 110
-999999980 -999999999 190 74
-999999955 999999954 1 151
999999932 999999915 7 4
999999999 -999999925 86 55
-999999965 999999960 27 97
-999999918 -999999948 162 35
999999915 999999933 107 94
999999961 999999942 145 3
-999999988 999999902 159 198
999999933 -999999936 71 70
999999930 -999999950 147 106
999999998 999999988 23 92
999999907 999999963 9 28
999999903 -999999917 38 76
-999999908 -999999912 187 12
999999902 -999999919 151 84
999999953 999999953 112 155
-999999949 -999999990 2 51
999999917 -999999986 94 34
-999999924 999999947 175 81
999999915 -999999920 192 7
-999999975 999999908 192 56
-999999904 -999999921 34 81
-999999905 -999999920 183 64
-999999904 999999989 75 167
-999999926 999999995 77 118
999999908 999999983 42 64
-999999951 -999999984 124 177
999999954 999999904 137 42
-999999932 -1000000000 164 36
999999904 -999999916 3 99
-999999903 -999999961 158 54
-999999908 999999953 170 34
999999937 -999999915 162 136
-999999983 999999928 70 68
999999969 -999999945 43 175
-999999974 999999977 76 90
999999967 999999920 174 78
999999979 999999955 89 169
999999973 999999902 139 86
-999999982 -999999902 67 157
-999999927 -999999938 190 109
-999999934 -999999955 36 194
-999999945 999999973 103 61
-999999943 999999936 6 161
999999959 -999999992 46 24
-999999956 999999910 120 168
999999933 -999999994 168 184
999999912 -999999950 44 41
-999999984 -999999914 199 8
999999935 -999999912 1 81
999999908 999999978 102 104
-999999936 999999953 73 50
-999999921 -999999989 47 69
999999996 -999999957 136 11
-999999927 -999999990 118 160
999999957 999999930 11 60
-999999960 999999951 155 118
-999999941 999999922 125 158
999999935 999999992 114 64
999999908 -999999991 172 131
-999999919 -999999978 182 170
999999963 -999999907 53 108
-999999945 999999916 134 66
-999999992 999999959 117 174
999999961 999999905 169 120
999999929 -999999947 37 35
999999910 999999981 51 135
-999999905 -999999964 97 8
-999999988 -999999968 99 55
999999909 -999999932 142 159
-999999902 999999942 114 39
999999967 -999999936 51 48
-999999968 -999999901 186 66
999999974 -999999992 168 131
999999952 -999999971 185 135
999999904 -999999968 43 12
-999999916 999999936 128 196
999999991 -999999987 161 18
999999911 -999999928 90 175
-999999951 999999908 39 124
-999999932 999999993 128 122
999999912 999999923 135 161
999999970 -999999943 153 92
-999999935 999999989 59 142
-999999918 999999983 110 189
-999999931 -999999911 13 173
999999957 999999941 15 129
-999999963 999999984 145 2
-999999999 -999999945 99 95
-999999913 999999943 185 71
-999999981 999999999 140 80
999999929 999999950 176 151
-999999932 999999910 39 152
-999999926 -999999912 142 173
999999948 -999999904 91 124
-999999915 -999999972 151 187
999999949 -999999968 112 94
999999914 999999974 25 70
-999999914 999999963 167 62
999999906 999999996 70 51
-999999935 -999999928 196 196
-999999925 -999999958 30 193
-999999987 999999914 109 127
999999934 999999966 189 143
999999951 -999999965 198 197
-999999907 999999972 123 76
999999994 -999999978 70 132
-999999988 999999938 184 17
-999999951 999999993 72 59
-999999963 999999986 30 144
-999999984 999999953 50 29
-999999927 999999997 25 160
-999999954 -999999975 158 142
999999947 999999934 3 81
999999995 -999999975 136 81
999999921 -999999911 186 57
999999938 -999999967 63 120
999999911 999999984 96 114
999999921 999999961 155 135
999999989 -999999998 183 26
-999999941 -999999992 189 140
999999929 -999999943 14 17
999999947 -999999930 90 6
-999999974 999999945 111 73
-999999929 999999960 196 43
999999997 -999999980 99 20
999999958 999999962 102 44
999999959 -999999910 7 128
999999928 999999942 148 72
999999944 -999999968 158 45
999999969 -999999935 161 179
999999932 999999908 28 15
999999989 -999999902 42 41
-999999969 -999999914 67 55
-999999992 999999978 103 119
-999999914 -999999912 85 52
-999999999 -999999943 188 66
-999999905 999999929 196 195
999999993 -999999924 118 165
-999999945 -999999941 166 171
-999999957 999999960 31 82
-999999930 999999940 192 85
999999901 -999999921 45 108
999999926 999999921 168 137
-999999905 999999910 27 168
999999985 999999906 77 121
999999988 -999999907 28 99
999999967 -999999905 32 41
-999999989 -999999954 7 65
-999999973 -999999948 141 186
999999951 -999999941 127 190
-999999916 999999906 127 16
999999971 999999917 16 50
999999963 -999999981 13 19
999999958 -999999919 146 158
999999949 999999965 103 144
999999961 -999999911 32 94
-999999963 -999999978 90 124
-999999941 -999999916 186 139
999999904 -999999911 160 90
999999940 999999936 194 128
-999999990 999999943 140 135
-999999972 999999976 70 75
-999999956 -999999986 138 49
-999999927 999999915 55 193
999999995 -999999929 161 64
999999948 -999999969 159 147
999999954 -999999969 18 53
-999999954 999999917 93 74
-999999942 -999999915 134 112
-999999951 -999999903 42 22
-999999988 -999999921 95 51
-999999974 999999956 103 174
999999985 999999915 121 143
999999937 -999999965 110 101
-999999906 999999968 132 40
-999999972 -999999913 9 81
999999939 -999999913 90 183
999999945 -999999941 134 13
-1000000000 -1000000000 144 85
999999930 999999939 140 11
-999999993 -999999957 184 138
-999999978 -999999983 50 120
999999937 -999999911 125 122
999999983 -999999945 68 25
999999920 999999923 9 170
-999999953 -999999959 52 46
999999995 -999999963 175 99
999999943 -999999963 109 53
-999999902 999999934 56 35
999999963 -999999940 37 58
999999960 -999999926 44 103
999999984 999999917 64 168
999999952 999999905 4 36
999999992 -999999983 122 123
-999999945 999999967 102 152
999999913 -999999975 183 78
999999908 -999999940 15 63
-999999968 -999999966 102 41
-999999942 -999999972 116 100
999999932 -999999923 152 59
-999999982 999999911 15 113
-999999909 -999999926 5 138
999999964 -999999961 54 35
999999987 -999999962 79 163
999999958 999999961 13 199
-999999958 999999964 76 10
-999999962 999999914 27 165
-999999948 999999935 125 197
999999963 999999922 58 73
999999947 999999903 118 4
-999999921 999999943 195 36
-999999990 -999999988 22 86
-999999965 999999979 44 177
-999999970 999999981 78 66
-1000000000 -999999978 47 119
-999999951 999999987 91 157
-999999914 -999999967 69 199
999999932 999999941 128 91
-999999942 999999928 57 141
-999999963 999999953 119 184
999999992 -999999910 10 67
-999999952 -999999977 180 141
999999912 -999999941 58 25
999999951 999999956 100 65
999999979 -999999931 10 89
-999999986 -999999959 177 173
-999999933 999999986 6 178
999999980 999999916 58 77
999999916 999999914 192 125
999999999 -999999991 126 130
999999947 -999999941 100 78
999999992 999999912 85 124
999999923 999999956 34 88
999999902 999999915 192 9
-999999942 -999999980 198 180
-999999942 999999957 187 101
-999999903 -999999949 29 83
999999941 999999991 115 189
-999999978 999999909 97 153
-999999936 -999999968 94 162
-999999935 -999999928 53 18
999999961 -999999930 172 173
999999922 999999908 143 46
999999985 -999999958 83 44
-999999957 -999999927 78 74
999999910 999999981 143 57
-999999933 -999999985 134 69
-999999997 -999999917 108 33
999999967 -999999920 127 1
999999920 -999999997 99 196
999999971 -999999953 21 99
-999999947 999999942 199 112
999999913 999999966 187 16
999999969 -999999914 19 155
-999999901 999999980 82 197
-999999916 999999958 7 150
999999953 -999999997 54 107
-999999905 999999907 71 32
-999999964 999999979 95 12
999999932 -999999939 116 145
999999996 -999999927 170 102
-999999920 999999930 180 166
999999935 -999999901 106 92
999999964 999999968 200 89
999999930 -999999915 149 123
999999910 999999945 42 109
-999999986 999999959 13 174
-999999957 -999999946 120 116
999999919 -999999947 145 62
999999913 999999902 43 194
999999927 999999979 3 96
999999999 999999971 81 87
999999991 999999963 190 59
-999999957 -999999907 62 199
-999999934 -999999927 187 135
-999999912 -999999938 56 77
999999987 -999999908 188 11
-999999989 999999938 25 93
-999999961 -999999916 43 135
999999987 999999989 89 125
999999913 999999939 26 68
-999999913 -999999970 59 141
-999999950 -999999978 85 135
999999922 -999999925 68 2
999999903 -999999956 31 39
-999999981 999999918 95 185
-999999967 -999999915 5 125
999999986 -999999924 169 51
999999990 999999945 80 195
-999999994 -999999916 86 150
-999999919 999999948 139 77
-999999992 -999999927 58 84
-999999906 -999999906 72 189
999999947 -999999901 50 137
-999999954 -999999920 176 158
-999999989 999999984 35 184
-999999966 999999956 85 31
999999957 999999994 30 181
999999975 -999999917 125 162
999999923 -999999989 49 146
999999980 999999912 123 71
-999999994 -999999953 31 120
999999986 999999968 151 79
999999996 -999999950 84 80
-999999982 999999997 159 54
999999922 -999999901 198 66
999999909 -999999911 60 3
-999999994 -999999990 30 91
999999949 999999982 114 175
-999999937 -999999904 128 149
999999925 -999999975 31 166
-999999970 -999999941 126 10
-999999934 -999999969 35 89
999999944 -999999980 63 137
-999999904 999999925 200 75
-999999952 999999925 26 74
-999999997 -999999929 89 5
-999999952 999999992 2 116
-999999967 999999994 84 44
-999999945 -999999979 59 164
-999999917 999999988 115 166
999999991 -999999925 1 35
-999999977 999999914 71 173
999999962 999999957 74 113
999999967 999999989 133 50
999999954 -999999932 184 110
999999923 999999978 145 148
-999999929 999999933 121 81
-999999966 -999999951 174 195
999999931 999999958 23 168
999999911 999999983 185 24
999999904 999999926 188 51
-999999934 -999999934 166 11
999999998 -999999901 132 182
999999981 -999999996 151 5
999999961 -999999939 29 38
-999999937 -999999907 18 100
-999999905 -999999905 98 104
999999963 -999999958 5 49
