1000
-557048988 -92716759 2 1
-352199465 854614940 2 3
-317400283 643643143 3 4
-824610108 633529762 1 1
-891686133 596161259 3 1
232315727 113801033 2 1
709672141 350496504 2 4
962112916 781548307 2 1
-537151576 -742419720 1 3
961870665 110648960 2 2
40001951 -503013266 4 4
-980788400 215391843 2 4
665589900 980041819 3 4
-315256805 -249578021 1 4
616936901 -753068312 4 2
-530807065 431566170 4 2
-816792480 -67958640 3 4
-745098178 -854921815 1 4
338057278 294903773 1 4
673227668 209785230 2 2
-480724961 191333920 2 4
-795364318 204018234 4 2
-708801644 821572584 3 4
754290516 -239608709 3 2
-846307716 937498036 4 1
-910345550 -591405894 3 4
-240195681 280228081 1 3
-54292376 -714451661 4 2
226092022 464982663 1 2
18861598 430727705 2 4
156929792 310059954 2 4
-289693993 -236263340 3 4
55555925 -136001709 2 2
-376449827 -2273273 3 4
-252567169 383354492 1 3
857873889 693140455 4 1
-878027693 -63517737 4 4
357140244 140833905 1 1
387531060 -633413612 1 2
841778059 -902162932 2 3
-974565927 -250149664 4 3
-231932909 -498499402 1 2
-796434600 515499922 3 1
-742907931 -938560711 3 2
456469273 -620935624 2 2
-752776461 -333874131 2 2
-950313697 634754599 3 2
699625757 743980715 4 4
-808563456 577576182 4 4
824489044 -40496364 1 4
75238847 -971945556 3 3
312989193 332330916 3 1
715128568 -378025181 1 4
-240365229 962352107 1 3
-811119043 -338162573 4 3
139223513 888506714 3 3
-448877283 330660058 1 2
-80843046 -771871887 3 1
858876597 994395802 2 1
-451810310 24382142 3 4
826964641 -884165389 2 4
-39696700 -560884236 3 3
-879910088 149184258 4 2
963969583 259313425 1 2
311515305 -632391348 4 2
55369838 -916811388 2 2
-392338978 -233237213 3 3
852498551 155850712 2 1
-923007755 531979544 4 4
-564769125 -110188103 2 3
-863631110 -444679213 4 1
-156957243 -899661527 2 1
-305189718 -992925586 2 1
620635916 750180120 3 3
129707629 -919186710 4 1
303138783 -165277468 4 1
563254072 232647380 2 3
-32605058 998484948 3 3
-351792031 103763832 4 2
-816886947 491250726 2 1
-854201272 -122076665 2 3
608951960 766434645 4 4
-136800394 -408824059 4 3
297293969 -981145258 2 3
687946992 -286935607 3 3
92965890 -492141713 2 1
43860433 741173859 4 2
897839263 226973486 3 2
-975629402 -956362008 2 4
288112046 485838910 2 1
-848702081 -996171995 4 1
-146937069 448591888 4 2
-646821026 -606473724 2 2
548626108 446144864 4 4
-113719837 -554997107 4 3
-586925204 -363364221 1 2
-932577466 -710038253 4 2
410248740 208050932 2 1
-86722110 561546659 2 2
-638737094 766340821 4 1
455065860 -285558120 2 2
279291047 -143791680 1 1
30230537 -981912438 2 4
-692390149 443305333 2 2
235408928 -772451263 1 1
-80567697 -501825979 2 3
734556643 832710193 1 4
651719465 -904180451 3 1
-769764820 -40698323 2 1
728819049 509526227 2 2
794941508 -388434062 3 3
222366948 -897448641 4 4
-145244854 -689707772 1 1
-881788924 774187449 2 2
495595214 705284072 3 3
-920035120 -168969 2 1
-155205016 -689799939 1 4
-551087029 -573869615 1 2
234709914 -903629169 4 3
-561744997 -690406786 3 4
852271108 293010149 3 3
-998428674 822998536 3 1
-4857992 497166540 1 1
55849393 75106889 4 3
788322040 900644377 3 4
-890077627 -910248637 4 3
-985412263 344632287 4 3
-528384272 -547157260 2 2
554978987 -823596812 2 4
-250272513 556550313 1 4
-880347677 744869496 2 2
416910111 28018068 2 1
-32134371 57748503 2 4
-970026297 77788002 4 1
571182799 -955438560 2 3
-944210562 -957201473 2 3
-386143386 463284777 4 3
156353181 363584101 4 1
-113151871 128521856 2 1
543778725 -843725408 1 3
750704986 -635839293 1 2
547661377 780678689 2 4
498563845 -28639472 2 4
-729065915 406869635 1 3
-137970381 -115209301 2 4
226123208 -981617200 1 1
-452159860 -887028663 1 3
798712358 -908381134 3 1
549824693 401933696 2 3
319646337 -49997578 2 3
-111954119 -329273465 3 3
578948186 158979966 3 3
-899678153 -706505843 2 4
59039271 326445056 3 2
-975192045 606879412 2 3
-398003243 823520313 3 4
462071541 -995662198 2 4
-321499332 -365765769 1 3
368774237 566546549 3 4
887856576 -199761225 4 1
-528491946 988178423 2 1
-725543087 530547325 4 4
725283956 -700735132 2 2
-894699022 -820202934 2 4
18887344 567372520 1 3
866694620 697388013 4 2
-553326491 87985209 3 2
-978659982 -812953563 2 3
-907400487 -507151928 2 3
506469973 -780427222 3 1
259328911 84270282 4 4
547411075 364629889 1 1
-560806339 -581185229 2 1
-949757915 -841595367 1 1
-367819815 -503084405 4 4
821603450 -346479797 1 1
906584290 766719315 1 2
888134865 265570615 2 3
-148214727 -19872 2 1
-232856834 -748287300 3 2
840286996 206336827 4 4
724416659 890529081 2 1
450777836 -790886804 1 1
635626306 124897638 4 2
-116201947 394726948 2 4
-59412157 -375550729 1 3
-965887885 792373116 4 2
-304282747 -198744719 1 2
206376247 -611479399 1 4
688497577 -216690742 3 2
295450124 -8208235 3 4
716573881 -216407218 4 3
296280811 -547111713 4 1
258821164 -910614994 3 4
-751644569 292933279 3 2
-801993719 -55927316 1 3
31663294 404382529 2 2
835686382 -427322776 4 4
-259797200 -16347142 2 3
-900469843 -690706967 2 2
-805751925 395810968 1 1
-753681460 453069239 3 3
-149652910 -505326029 4 1
-647962844 48353372 4 4
-911984389 383700451 2 1
378090986 776218346 4 1
-240445887 -881706214 1 1
-969768727 -140915729 1 2
-265680277 -923004300 4 1
-335405634 -19361737 1 3
-473676054 514941457 3 4
390431533 -121638897 2 2
66523826 330963496 3 3
296834949 -702868835 3 2
804235300 -943610937 4 4
590328968 686982926 3 4
-679474805 -822834957 3 2
127660081 -14880438 3 3
252207133 653984028 4 1
489451986 -504844982 4 1
-577088678 -591507836 3 2
-937064836 719746271 2 2
521609108 867170464 3 2
124559002 -35545572 3 1
-977759009 445084197 4 2
-362428979 149901073 4 2
403686034 889778154 2 3
540702325 -254345628 1 1
-445582548 963613647 2 4
-314149149 -382647384 3 3
266202033 -940023688 1 2
-380609752 -756722613 1 4
-829494307 -358368761 2 1
-541104469 -191923285 1 1
341713053 862581565 2 2
-296094863 -265068270 3 3
327185045 258322589 2 4
-43501339 -986964103 2 1
808940164 -924782954 2 2
-31474135 -719153236 3 2
830454067 139031559 1 4
-133023214 -858134050 3 1
137816593 -938793809 1 4
932614985 841721730 3 3
286654003 112316382 4 4
-254016782 -904330984 4 1
853356494 -592560266 4 1
-651247132 -325601289 4 2
-970192477 -968276713 3 4
963050744 -103215691 3 1
-651730736 -46616311 2 3
-46155574 -866599399 1 4
-866548976 -906985218 4 4
-20500841 -120565758 3 4
-151049642 -314627995 1 2
438441330 197703226 2 4
-508711412 468248854 3 4
433568858 -693144316 4 1
-217815209 781838122 2 1
360559941 736029218 4 2
89574025 494010965 1 3
-770185988 -930926815 4 3
340512363 78764370 3 4
-155034049 -368529955 2 4
-386057433 336254539 4 4
345324783 -952488575 4 4
-483756554 -872490425 4 1
-684390616 876803387 2 3
267859647 405183410 1 2
-185355850 497673659 4 4
752983101 -992327135 3 2
916348794 -549534596 4 4
-238837071 -617192287 4 3
-961787534 -893512287 3 3
266838715 -593027736 1 2
-94783014 582448099 4 2
-338568678 -974407015 2 4
953171650 476075473 2 1
-637324290 558671103 3 4
-433214236 -868459144 4 2
-216764328 327948693 2 3
-385598200 -326035510 3 4
-266415761 881240515 4 3
-570632182 638801225 3 3
-971693660 90799140 4 1
-155085413 981477990 2 1
878546905 207590297 2 1
-244792542 -702150979 2 1
-496819867 538443130 4 3
991249576 117581933 2 2
-784394162 -422649833 1 1
-971070702 -355026344 2 3
-374244484 -942764361 2 1
910819418 470670103 2 3
-609269917 641882676 1 4
575903979 145937542 2 2
-964171058 -920915888 1 1
747681725 -972921482 2 2
920581315 963287564 2 2
-888808910 949510614 1 3
-943253164 -263053394 2 2
34388013 967566254 2 3
-686665930 425118097 3 2
-475224552 889238049 4 1
562290013 -439395610 2 4
-524425189 162488090 1 3
422757080 -751327521 3 3
488136300 533948171 2 4
807938284 544883136 2 3
-225545996 -305157350 4 4
933660709 87788075 4 2
356518105 -689047490 1 3
225434604 -228675530 1 3
-938583189 701009416 2 2
-943793150 484173891 4 4
910343390 544343151 3 1
177593735 570798026 4 1
-161327888 952047739 1 3
-513316783 -375150827 3 4
-922691663 843201323 4 4
-28368903 302742941 2 1
17991978 33047908 2 3
-488635352 74198828 4 1
-913057538 -725775610 4 3
572025705 264536197 2 4
-946186427 -736785831 1 2
535863450 -606986858 4 4
483739962 613171787 2 3
-190855979 -692112589 1 4
-864316902 827135999 4 3
-196433611 -352952253 1 4
-509773166 -109491149 2 4
-565493296 -937747460 1 3
-109369505 -659163371 2 1
-257572217 -720989703 4 1
378353552 -921315903 1 2
-862170693 -959986075 2 2
290696651 -873971243 2 1
698426968 -905736960 1 2
-834324100 -958829845 4 3
921511332 -399817396 4 4
199968513 -335341821 2 1
-650034054 942396296 2 2
201496430 728319498 2 2
987675083 191842089 4 3
961517157 130888086 4 1
637812345 512460478 4 4
-387678282 803488246 2 3
643491788 -613650598 3 1
-275408207 -304023347 2 1
-464440676 74557739 2 3
-375345699 737055754 2 4
764243065 -535154264 1 1
-957251254 578276574 4 4
-706610272 533077444 1 3
858970069 -94288554 3 2
-505007968 354978210 1 1
-957222808 219583825 4 3
-241153436 -421663484 1 2
78294870 383500865 4 2
-98875786 -304945713 3 4
822514431 -203610688 2 2
418501007 -884095841 1 3
-331149253 129987429 3 3
-785706060 163842779 4 3
-364686277 -742928867 2 3
184652379 394160287 2 2
952639091 -884536399 2 1
627637236 -293720343 1 4
-994534281 302668019 3 2
-91766419 276483079 3 3
-983554001 577084328 1 1
-162577943 -769260061 4 4
211987290 472735781 1 1
-820948654 -750843979 1 3
680630384 -868309562 3 2
-888497389 160783972 4 3
730323848 969484683 4 2
584793714 -508926219 3 3
953939825 601239713 2 3
343504337 -356121766 2 1
495525799 -591992021 4 2
-961867287 674577146 1 1
-950562516 571279450 1 3
-752541495 -986543553 3 4
-659878656 977782353 3 3
-856071078 924915058 3 1
-243835133 -902131253 1 4
235474206 -900330796 3 2
251936489 -416483642 4 2
-960858843 142585555 1 4
971180527 -911421359 2 1
-948490751 -928844616 2 4
-276049480 -755853055 2 4
-535126478 -132120558 1 4
-684067039 221038390 3 1
975921577 551407167 3 1
-596708631 80374419 2 3
867443525 -705051121 3 2
792818814 691140405 1 4
-871912115 696844416 2 2
886576454 -295445243 2 4
215335549 -796033671 4 2
655742969 531268510 4 2
984162499 484180899 3 2
20681641 -760029779 3 4
134405679 -259358482 1 1
-38441714 -220259155 4 1
562860296 -57837477 2 2
-914820956 301953102 1 4
314882925 153030946 4 4
234185520 -176857754 1 3
-752843902 70864371 2 3
69459163 267837739 1 4
-530766983 -943618806 2 1
-955595698 430791303 1 2
287832980 607264598 3 2
-203628359 225528377 1 3
-96389662 -888745434 4 1
-907584326 -862204142 2 4
523663830 -660428228 3 3
-929718781 -554360655 4 3
613699005 -607969412 1 1
-644117415 658103307 4 1
772995879 643715566 2 2
999788146 -578116128 4 3
720727453 -244085164 4 3
-880679382 813143127 4 1
-968068845 495500800 4 2
-66437765 954728726 3 3
633819618 -600222408 3 3
922905978 989702203 1 2
-239583829 548418209 2 2
13046738 -387279331 3 1
381041181 -413709456 3 2
774782534 352878151 4 2
869822037 659230041 1 4
-209771160 -344099376 1 3
540364696 -723435190 2 3
994356978 315787026 2 2
664928255 -392710498 1 4
-251986753 -469508654 4 3
-591459066 -870945572 3 2
625913188 -964160180 4 2
-617587611 348251578 3 4
-467671528 172641229 3 3
878422240 -927306832 4 4
25223244 725295571 4 2
-650225491 -457332149 2 4
846273626 97787756 2 1
411189353 -892669088 1 4
-845815593 -110381107 2 4
-295181719 -463403204 4 4
-140597851 237146753 3 3
-568533826 -409659258 3 2
-933896340 456689418 2 2
758365686 -584121831 3 3
-32509741 457155664 2 4
-288135368 -768804036 2 2
398414257 -133950961 2 3
158257059 -896767462 1 2
975360631 -982340792 4 3
-536362558 -740656842 3 2
-18076943 -470258898 1 4
-654544630 -407194904 4 3
-242657639 312945629 1 1
27137351 469206994 2 2
728674483 -721932040 2 3
-592665213 -260552106 3 2
634480763 -764788229 4 3
698808725 -901881794 2 2
631010056 -466751866 1 2
737796480 976465426 3 1
-651989616 -652344806 4 4
56058154 375147736 1 1
447569147 -362751010 1 2
166261393 854903934 1 4
-91023551 -346741492 2 4
-499709156 -539698474 3 3
-637219989 -868699100 1 4
649586 -899423509 3 4
493311789 348659970 2 2
974761151 -598113705 3 2
969088654 274846650 2 4
-892814787 -12133601 1 3
362085980 16161662 4 3
181803053 862376824 1 3
-705351556 544583064 1 2
-533764105 295298030 4 3
768550522 959547684 1 2
154854518 595828025 1 4
521434139 -23540476 4 2
-517126690 628619353 4 1
555501508 844959290 4 3
-851193891 -410179087 4 1
-229927646 -556545447 2 4
135536534 236308249 4 2
160541698 -243396592 3 4
-632075413 -832087432 3 3
-513886871 889358727 1 2
-728302098 -31013561 1 4
694068707 827199410 3 4
337393796 842874816 1 2
741053242 -892533850 2 2
965341592 -270893872 1 1
359502008 -21600358 2 3
-528687512 727426595 4 4
104415023 -42574382 3 4
-587379390 376112925 2 3
-475778608 -893310683 4 4
581822369 861615189 3 4
671040864 175391963 4 4
-32415815 488898808 1 4
-214102344 -820397455 3 2
609327669 257210144 2 2
921159626 -433740956 3 4
-708528985 -813703412 2 1
-971401276 -184307592 2 1
741025303 610421093 2 4
74342788 264582519 1 1
638067833 -958073027 4 1
-755544153 -723518159 4 2
62438531 853783516 3 1
446924624 -163885491 1 1
-81835759 738395640 2 2
-31987550 -53237035 1 4
140366341 -438445895 3 2
443373671 -932774519 1 4
210463137 -66042143 4 4
-983210310 454918984 3 3
-949991511 -68255427 1 1
501224997 496933113 4 1
810699887 -728094410 2 1
-716605794 -368771310 1 2
-471084863 423760548 4 3
156086427 972288809 2 1
488369514 -780934084 3 1
-581632895 357675556 1 1
-878502132 -531624406 3 1
-594901551 475239217 4 2
-747363978 -931685311 1 2
-700784966 -463969771 4 1
-383721702 -171869828 2 3
-391535653 772364726 2 3
233417419 -903166139 3 4
-941831649 651784524 3 4
211274169 -967817428 3 1
-303828305 616372618 2 3
925412665 -51192283 4 2
-870926787 -922855948 3 3
-547045414 -402132137 1 4
-177575740 61418933 2 2
584627831 -944158321 3 1
619273520 642796182 1 1
323320556 -316935959 3 3
-858000155 -980507749 1 1
-926612642 919928863 2 4
455315695 -945023077 4 4
-834410600 908270281 3 4
-205193984 -11986340 3 1
-996714019 -768049801 4 1
841849626 475075853 2 4
-710325264 17686534 4 1
999249578 -715809067 3 4
868682078 925153288 1 4
-338911094 176514125 4 4
-81365866 -173321694 3 3
444997389 713440150 3 1
-127389391 300799722 2 3
-72589078 -433023413 4 3
-198342567 217085658 3 3
-962613929 -346576636 1 1
464138156 758584501 1 1
-693220026 -874772938 4 1
336938414 225414108 2 2
35210049 -365547845 3 4
-885553255 907820659 2 4
55208331 41857668 3 1
-908632316 856865764 3 1
23165363 -871246245 1 3
-89845595 -660180129 2 2
-895098323 216934379 2 1
593615046 294356443 4 3
675512760 -518658553 3 2
-867263016 789959505 3 4
-666514871 40461667 2 2
-738954174 -575147186 4 1
906547749 284211189 2 1
-621520178 -330781494 1 3
-83904296 -664102148 2 3
119769525 -637772898 4 1
-19327575 -352201363 3 3
654239065 -34074239 3 1
770401224 987724195 1 1
721396828 -968552950 2 1
-330289835 480460929 1 3
-561167298 48189987 4 1
921882748 354928407 4 1
-869045915 -105831375 2 4
498487420 111626510 3 4
-340633872 5242837 1 1
-602280032 -717716296 1 1
781793028 -880883204 4 2
979143703 -695980455 2 4
195154888 -729507242 1 1
455672211 -30446012 2 1
608333438 586626296 2 3
-57035664 -40662790 3 4
-730189813 602330464 4 3
773156529 -332469845 2 1
237799327 407465909 1 1
398063598 69459382 3 2
505025063 -554265162 1 4
-987017316 -186786374 4 2
-757749628 473832474 3 1
283963215 185214708 1 1
-234637781 553773402 1 4
-719430327 -608964899 2 2
-343243053 518369000 3 2
-868769492 -945179455 4 2
-549297115 636255571 4 4
-247595293 -683798079 2 3
357467255 -5344921 4 4
-968980782 -506053178 4 4
49639709 -203618562 1 4
-312960301 330209382 4 3
-946546930 343796646 4 2
-225747303 -815316422 4 3
225082193 224955582 2 4
-470217127 977486900 4 3
111945033 887250129 4 3
529492134 142964252 4 3
-891993634 -568351805 3 1
817712482 -204953935 2 2
456908134 871165553 1 1
-300785762 -916322816 4 4
704745683 924296432 3 2
886014872 -912955091 1 3
288518838 -149523742 3 1
-805525427 -329472676 3 2
-382902515 -697519061 4 1
32018113 -712673681 2 2
-816104972 -658557400 1 2
648678341 -116890733 1 1
-711424476 205940376 4 3
-301787545 -972893251 2 4
180321369 986731294 4 4
-638641227 374795942 3 2
-818983709 -21543742 3 3
716206308 213034404 2 4
196164510 900101336 1 3
565865691 -302640797 4 1
562387094 854441215 4 3
-978885756 -886884099 1 2
335187192 201435613 4 4
-925910992 696545965 1 3
-414138619 -892378349 4 3
-77391693 -845415959 4 2
-440237448 -881227183 2 1
838577691 -874371757 1 2
473265520 253481137 4 4
-969186197 494379765 4 4
781099104 366000995 3 3
-64379220 707704464 2 3
88399393 521482161 4 1
716147935 -988992300 3 4
-873803383 -871573161 2 1
-72074103 817290660 4 2
358323725 -746292231 3 3
461362127 389137528 3 2
126015255 94977584 1 2
-182183571 -938363964 1 2
311539391 906215823 2 1
-599998612 -119796322 4 1
-891985310 -621285643 2 2
-93124450 -111543061 2 1
114211060 -882284372 2 4
-108295788 -571910460 1 4
489742573 -982280532 1 1
-646177256 -839924645 1 1
-963243787 665362135 3 2
145616854 -563242399 2 2
-625569013 106147897 3 4
835802847 281306538 1 1
732054493 -197469740 3 2
-274583941 -523724943 1 3
-363014848 -932325016 2 1
350921843 -9192103 4 2
835105275 387678056 1 2
-834002415 -166761519 3 3
356417296 -459571428 3 1
-371690184 44736496 3 4
831665303 -787119339 1 1
536606184 -590402286 4 1
166565682 -973892312 3 1
-148419093 -629996123 2 3
-715113128 -460797466 2 3
927057912 -549115543 1 4
-196632335 135991560 2 3
738838120 431677482 1 1
-336569576 423019775 4 1
221896811 -947447040 2 3
-132570422 -759021155 2 1
-526305444 719010485 3 3
655814951 -241418572 1 4
-499969514 435389215 2 1
-281140241 303398152 4 4
-809830948 -689785769 3 1
-729103304 -146400523 4 2
580774388 492793507 2 1
-919610679 -699279682 1 3
-581547567 -593399771 1 3
466146916 -925732616 3 1
-719540838 966177402 4 4
-904272033 -681079 3 4
794350374 -714102981 2 1
-833832288 -934752930 1 1
-117021628 746942101 2 3
194117059 -184115955 4 2
902886103 612569492 4 4
-532653820 221549371 2 2
-607371037 -252194657 3 1
724535277 -511643070 1 1
804457281 371402003 3 2
811915732 970624994 2 3
549084339 -452589543 4 3
242688146 -404282250 3 3
-321522586 -1909399 3 2
-793284292 145823595 2 4
127250835 -400655329 3 4
-745040324 -295697536 3 3
628222350 -940583043 4 1
769624950 292654435 4 1
-372063327 171225641 1 3
494170876 870624819 4 3
280420161 -974835358 1 3
905787548 487135869 2 2
-737080566 -114445264 2 4
-258829601 -482120890 1 4
-412019384 -778090899 4 1
470045177 -789878081 1 4
-884463121 -902018150 1 1
-318929358 609707755 2 1
188259243 961490803 2 3
575510514 -53436856 2 4
-880645235 838429948 1 3
-354914196 -139474836 3 1
-196475095 233066421 2 3
656658934 -873913566 1 3
677859556 772195813 2 1
-854904844 -788553450 1 3
380185657 333354400 3 3
-580746999 -191787477 1 4
91559560 -461392234 1 1
346622064 736645365 3 3
-216402299 -997336679 3 4
-205014918 -707227012 1 3
-896957949 -674639009 2 2
873713744 -899346440 2 3
888857978 106415753 1 4
383509984 -839372669 1 1
-25712313 -672414104 2 1
-715032073 -826573897 2 4
-143091419 68565628 2 4
-489826426 651893664 1 2
-716754804 -534268023 4 3
-71160204 -990524708 2 1
419351705 -329785874 2 2
149339126 -344621959 3 2
480960935 -876373187 3 4
638687303 765928862 1 4
-369502126 -651887764 3 2
179689581 140671448 1 4
-951128192 462934777 3 4
-974301187 -22288396 2 4
323853139 297566870 3 3
861360096 -674291383 1 1
688136753 194837383 3 3
-222920256 179340408 2 4
401159250 407577619 2 4
62268157 -566634817 4 2
-967525839 111139965 1 2
662043847 910689326 2 2
920577192 -161586661 1 4
654659014 634453640 1 1
917394790 195312120 4 4
-152100237 -453009114 1 1
-12887225 -898424634 2 2
-932464526 -950619068 2 2
504983243 -899990365 2 3
-603784827 19543443 2 3
642738026 -830691283 3 3
-806914819 149913393 2 3
833176056 -889520029 2 1
-967951377 -466407828 3 2
-475077656 19161398 3 4
453864949 -407542181 3 4
-258982547 -188635455 3 4
37219686 137232626 1 1
-731507436 -467525936 1 3
300906138 -538422254 2 2
-842443580 -13401454 2 3
251633347 -810394957 3 4
177982696 776555691 2 1
916437406 -515636003 3 4
27229141 -490028789 3 2
-626949644 -935551173 2 3
769081587 -358457079 4 2
864472375 -77495923 4 2
-685227632 -977971205 4 1
289684302 566405715 3 3
255258106 -679816650 3 4
-963962358 24211864 1 2
-68054875 63266783 4 3
840164798 304995481 3 2
414014258 461762737 3 2
-717613490 131002986 3 2
280211836 -402841122 2 3
-804868693 -577587510 2 1
-518917324 450389414 2 4
499935431 -482879682 3 2
-252279677 -715603092 2 3
842806621 -559598527 3 4
-856861082 109337231 4 1
-862650481 -574474572 2 2
-979380621 270077707 3 4
-897159694 -784249314 3 4
834745580 -416077017 1 4
707074789 187197363 2 4
-52917830 -692688536 1 4
-845533490 -357594857 2 3
-506142770 -702394572 4 1
-204480001 -516276899 1 1
-362903235 -183860622 2 3
586409750 -260062928 2 4
-603679400 273671682 4 2
-188633537 -896604611 2 1
-449000965 758448634 2 2
513329643 -294534454 2 4
702227801 -992813127 3 1
324533345 -649735848 4 4
248550847 961630111 4 1
-398643535 -312523051 4 1
-992120350 -2322934 4 3
912030050 -180753886 4 1
-919735492 -684454563 1 2
-458789914 593594151 4 2
602800141 -904045761 2 3
746467192 -220150162 4 1
663431870 -152465609 2 3
-121460222 -882695312 1 1
475726703 -113580571 3 4
137898926 240273105 4 2
-328025776 218163434 4 4
-694055812 213184310 3 3
766811371 908744329 2 4
220495215 365794915 1 2
-864296990 -263556562 3 2
-197950327 14242788 3 3
889816793 -869707272 2 1
447237107 -119767928 3 1
208246607 -880788668 3 2
-414726537 514190796 3 1
-898076163 -795398814 2 1
-195814829 174935404 2 2
89615109 -60111819 3 4
-561110448 891664782 2 1
18670003 -818777302 4 4
-976059574 -681576537 3 2
627552425 84703385 4 1
821630037 -934657760 2 2
395940360 776070226 4 4
329097640 -947358117 4 1
185060498 -728770899 1 2
-640996723 623950050 1 3
134923796 377673280 1 4
731510499 11380574 4 3
313827384 211579276 4 3
-873127144 -12026227 1 2
239720824 375329568 1 4
987499512 -578665184 1 4
72195254 25076362 2 1
-402141748 431198531 2 2
-121624264 732782048 1 2
-951234498 -537597413 3 4
-54709869 362592886 4 3
-797198973 -75320661 4 4
-907757950 442521851 4 4
853514580 -920258437 4 4
116911090 -221773814 2 1
618108908 714769342 3 3
-66669507 -650999004 4 3
-705457645 -17904005 4 2
141321529 239832486 2 3
219931608 344122556 2 2
750050148 312173659 4 2
-235529285 456081080 3 3
513159246 881381805 4 4
-127906077 -16215494 4 2
-649485336 805424416 3 3
-665392765 -354942981 1 2
237530242 475928764 3 2
-928528880 -690021797 2 4
667262211 674037621 3 1
-226618009 -715750722 2 1
218223361 -860942411 4 1
-931933471 -909682716 4 3
-695150614 -728902455 2 2
78053166 -360543379 1 2
-592005542 -831900239 3 3
952197843 -668018070 1 4
-328154034 471976406 4 3
910629629 445227957 1 2
93704406 -18630657 4 4
-132212056 14287287 4 3
-234211447 172637330 1 1
-292383829 843841720 1 1
-727018547 115610629 2 3
-704718025 -922304352 4 2
-852700580 -32872059 4 4
-214696437 910445401 3 4
-738681856 879007969 1 2
-953972188 129106088 1 1
-914747812 -188183634 3 1
598865764 -354615289 3 3
-284831932 871847217 1 4
-780250933 10450043 3 1
-637338284 -780435161 1 2
944124384 147965279 1 3
-752091883 -942041120 1 2
509014000 -706064071 1 1
160194813 446782541 4 3
986559004 -388423071 1 2
-380700451 -445756576 4 2
489730990 -160951384 4 2
489754390 852392706 4 4
767997736 286395126 3 4
210181499 -984094147 3 3
725260064 -428288149 4 3
-265446484 -262028771 1 3
521373294 -426371128 4 2
823488375 -859327157 2 3
939869920 165735717 4 1
-215492335 282140662 4 3
308399404 -594978246 1 2
-998142176 -628902745 4 3
703912525 727117888 3 3
-370485800 -709017607 3 4
205158639 -996596154 2 2
-609917969 -118836634 2 3
-427801530 -817531697 4 1
-653904324 356706135 2 3
503583603 654495080 2 2
-676509705 505441427 4 2
634737644 -972597180 4 2
-77648882 -883231804 2 2
-119487255 -872490243 3 4
-54404065 270594776 4 4
530665121 517794405 4 3
-491634147 876760797 2 1
-771050665 -988050544 2 3
-917201291 -447560369 4 1
710180392 570052706 4 4
638773200 -514952137 3 2
923758028 -628197703 1 2
-913131642 -278129684 3 1
718164902 470049831 2 2
160459101 -920952893 1 3
697496477 389408436 1 2
620919406 632811539 4 4
-170016408 183616151 2 4
-745772852 -678726856 3 4
312517786 -969498471 2 3
135965373 251902497 2 4
663750885 -293353373 1 3
-938072426 -323273662 3 2
-957373198 759424052 3 3
-912777583 516062560 4 3
-252633257 -230277639 4 1
-940370232 1593892 2 2
972059814 372147554 2 3
-518463464 -39458461 4 3
-322652903 -854712579 3 1
34604903 -260725329 4 1
-693803216 -70251943 4 3
748615910 -754064447 2 3
-76102538 -651500994 3 2
743240717 -16472770 3 4
-980828063 567816883 2 4
735792624 -646775175 3 1
-794022455 -734343927 4 1
618739948 240582448 2 3
-195370809 924936732 2 1
171695859 -594238547 2 3
-1783678 -904406678 4 4
-808425620 -406026608 1 2
824585582 -936737331 4 2
-704239306 412894558 4 3
793074804 -498261761 1 3
892143549 264331105 4 2
