1000
-702156200 595448794 2 4
298643236 -662946583 2 2
545012587 984800351 4 2
635337291 547146615 2 1
-895698723 940091980 1 1
-350442589 896509381 2 4
906079324 766587059 2 1
-721077555 -399270752 2 3
-250875081 -423233755 3 3
-719612355 -952231844 3 1
39262649 825400232 4 2
-392178772 -472883708 4 1
-246401797 -287877495 1 1
-274681378 403155614 3 3
145711086 -516085702 3 1
597257869 424633531 3 4
-896124164 -801100860 1 1
408180871 -615736519 1 3
925012264 -700040128 3 1
-81554367 -614650155 1 2
800819923 672043836 3 2
-203342547 -621345103 4 2
-415836104 942368539 4 2
-66932967 -966061883 3 2
841170340 36942870 2 3
-831194234 101867563 4 3
-376853965 -906181970 4 2
228220740 541591668 4 4
-159706481 -118442985 2 3
796358841 636950972 1 1
922510200 -766960911 4 4
577305187 -291906414 3 2
-168164631 270991879 1 4
-645338071 641135 3 4
708623180 -22192036 3 2
-439667325 -210639727 1 2
284451853 400626194 1 2
-241056988 -66672954 3 2
-321683630 -466030435 4 2
933157805 -891862091 4 2
858375118 -382490474 1 4
84225163 -934446601 3 3
696302277 -354635304 4 1
-294138459 -890848695 2 1
741804162 990313395 4 2
-573166897 -646736473 2 3
228382622 105149474 1 2
-178571446 14056779 4 4
-950560894 -467679976 3 1
519875852 -13819378 1 1
-90971513 68694481 3 4
876945248 614890029 3 4
-207472992 471265763 1 3
-971084150 219360111 3 2
-453908671 109814825 2 3
835246845 367519883 1 2
-437296066 737202303 4 3
991464471 -917420214 2 4
-21252414 -246990690 1 4
-425707604 -291790813 4 3
764528389 366819404 3 4
-726684322 645960591 1 1
-993964874 -180592993 1 2
-954849661 693798323 3 2
-857970815 -392145726 4 2
919377204 -866506344 1 1
580893791 -249358858 3 1
-509913171 -992297461 2 3
199878575 -892868430 1 4
-718544031 473194253 3 1
-201419993 -859992552 1 3
-876155996 -156269653 4 3
-318228289 -881610459 2 3
393792418 -546334733 2 2
802853877 -172797439 2 4
-993485278 -854542941 1 4
875161208 58909650 2 1
-927902574 -990866470 4 4
-285701278 -129322567 3 1
-194697796 -309340922 1 2
-134439861 487073915 4 2
756867036 -888131091 3 1
513235034 412237265 3 4
835919967 372266109 1 3
668480097 563597527 4 3
198050234 740577523 2 3
557335137 912348957 2 4
49204195 -784846307 4 2
-969462473 914764334 1 4
-654438563 787404563 4 3
-555286013 858796472 2 2
-874831837 -866849694 2 2
-964416590 793648261 3 1
-303616369 86149997 1 4
881208887 -893764880 3 2
-576370948 -217070566 2 2
371615915 -545833420 1 2
247580780 717177352 4 4
608614534 692294767 1 1
731856505 733782697 3 2
-650779145 619956268 3 1
-677764404 45604486 2 4
-431306032 -944039165 3 4
349361192 -7676979 2 4
818460104 -426506541 2 2
-460660875 -81442764 1 1
936262802 -999529989 1 1
516039042 520635659 1 3
585922170 865259897 4 4
-186114829 908157766 1 1
240965114 382579140 3 3
-955374387 -557157342 2 4
67001562 715602069 3 3
-416283026 606340687 3 3
91373796 -627503872 3 3
-987187518 -540070810 1 4
-856996332 598734652 4 4
-291177130 -43111161 3 4
831568948 949787984 4 1
-906689042 728710913 3 1
-726477254 12828873 3 1
-413934642 -142760279 1 1
124592722 677439154 2 4
714140409 137405204 1 2
108676311 857144077 1 1
-23374945 817499181 1 3
277936444 -339289645 2 1
-21050024 223763755 1 1
174788299 252472723 1 3
-508192145 760853657 1 1
-980135013 616400577 1 2
448283996 734005396 2 1
-4440328 -590523340 2 2
-178734955 972184727 2 2
416762575 -900798510 3 4
-881367640 -751771097 2 3
825385469 293420659 3 2
-492588580 -830290323 2 3
330810045 -472723593 3 2
439927081 -368389606 4 1
520195425 -711996895 3 1
-327608690 -806023177 1 4
325464672 -910846115 2 3
-561716809 444097033 2 3
6047542 -883814988 1 4
546940898 513458962 2 2
-830529964 -269732704 2 1
564513856 609397117 3 1
376060343 -62774367 4 1
-539263622 -951548346 1 4
-549410265 786201050 4 2
723138152 -111127074 4 1
22189545 -418297954 4 1
215473924 -578353204 1 1
995462605 384943960 1 2
-378210770 412492813 3 3
-540605236 997849573 3 2
-537149272 -79868858 4 4
773993207 -86559536 2 4
167027812 349647711 3 1
950840310 -958266290 2 2
719956198 18830586 3 2
981602732 567935155 4 3
699922334 -544091686 1 2
-778867274 -988166550 4 4
799063994 -316016546 2 4
-15007530 425573553 3 3
912141342 -995463365 2 2
-856852804 715498004 2 3
-875054551 863103394 4 4
946284171 959064533 3 3
4194693 498722857 4 3
-368628391 225327419 4 3
785850390 -717048045 3 1
-535978843 -376640787 2 1
-399616796 -771321148 1 3
183817044 -256469600 1 2
226673993 161278845 4 4
711720623 25474516 3 2
814112367 -431568331 2 2
-965176363 -701999671 1 2
-232646189 820674028 1 3
-669226377 231374968 2 2
598611634 -68843172 1 2
640285180 -365054970 1 2
729058776 -280524474 4 4
861948886 293295752 3 2
861450153 528577605 2 1
-83894472 896273790 3 2
-597959284 683459339 3 4
-357024444 -267185660 4 4
336667861 -905896458 1 1
177528476 -170530607 1 1
-611244 -240896396 4 4
120591434 -286146006 1 3
127162343 -165442061 1 2
-965911191 -956732129 2 3
871342367 -563870474 3 1
-720968595 -633165724 3 2
876606134 615699266 3 3
567775190 -93349038 1 4
-154442403 -580319701 4 4
189829757 966149031 2 4
2524484 -830491548 3 2
241900008 36613293 4 1
843646810 -34241273 4 2
179634423 -877321784 4 2
-163966435 -91243090 3 3
587725130 -743674893 1 3
-243134581 -714200921 3 4
-109461703 946695176 4 1
994259189 893062781 1 2
678548892 88675549 4 4
-398345364 374712054 2 3
-114409194 781289059 3 1
-465587993 721624371 2 2
544165337 -877862863 4 3
-831472711 -846452892 2 2
122604817 59065587 1 1
-897025081 -30619641 1 1
694288746 634040163 1 4
57066522 -851540266 3 2
-142991647 942657328 2 1
-464685987 391420361 1 4
853735120 -920520650 3 4
991443451 -977737590 4 4
-892736288 -33435379 2 4
177842569 -937245017 1 2
664040130 -275352333 4 1
-673212035 -426376996 2 2
-19799987 183796319 1 3
85374971 515514026 1 1
272849654 -208373556 2 3
571353987 116809457 3 1
191254976 531134051 3 4
570869003 -778386103 4 3
111329659 87425485 1 3
-672742136 438117624 2 2
767956262 307457877 4 2
-451513438 -294152415 1 4
508566877 821336216 2 2
616645142 -67562784 2 4
-549095782 -339583529 1 1
-536757403 -978226779 1 4
500177250 574572256 3 2
-642358575 827435114 1 4
-905683793 -874402313 1 1
638411937 -357197231 1 1
-949652407 -504834 2 3
833869819 666992736 3 4
863029361 -862709611 4 3
-257235788 -821211690 4 4
448574921 -904542185 3 2
810719679 806216346 2 4
-721767423 905035886 2 2
-645239633 916644514 1 2
824327708 -594892039 1 2
-346358879 510713879 2 4
166498535 -630813165 2 1
-514604395 909262748 2 1
-375064785 933970526 4 1
-604535178 -711828754 1 1
550358323 -326302601 1 2
163088838 905118690 3 1
764619065 -160067102 4 3
-808097340 -729223461 3 1
363267983 358401196 3 4
341790583 848663588 1 4
-389936593 966725798 4 4
-837563643 5528229 1 4
-400784627 712794680 2 2
186114545 762304211 3 4
720532778 -196750037 3 3
-638399657 912435439 3 1
-245555253 724868326 4 1
73466846 -903764669 3 4
994085129 683530253 2 2
-971455889 -990962162 4 3
-952082937 -372240516 3 1
-469532330 234031608 1 1
355250102 -896483199 4 3
-469669347 716850445 1 2
87871214 284775401 4 4
486514827 -986145588 1 2
-123071853 333116308 2 2
-835207332 -94527742 3 1
961281608 -787290269 4 1
-674338347 -655734369 1 4
-847119959 680911755 1 4
308072603 -316789306 1 1
-30170232 -751539831 4 4
-944449551 -691139053 2 4
-948824901 -215005052 4 3
753150769 -931515881 4 2
-295456555 566948730 4 3
-83009194 30205098 2 4
-472235831 69870847 2 2
-936541864 835836772 3 2
-519870127 33287904 2 2
-988656528 -611803326 1 3
673290213 -937481429 3 4
792390483 278957334 4 2
992648085 -650549720 1 3
-326333726 -237844757 3 2
609716692 201430443 4 4
-136275674 673174828 4 2
25724734 343854199 2 1
-409713252 37068207 2 2
473934029 -883906687 3 1
200335067 118840865 1 2
-591857454 45499504 2 1
-503732189 81808820 1 1
-217662472 -894015496 1 4
852136044 646061854 1 4
944299058 -269622870 3 2
184758479 -612897841 2 4
507686993 -488791139 1 1
844235537 -439461587 3 1
651320099 -895105565 2 4
-389077440 -999895737 4 2
-799485593 393260088 4 4
633451925 -947349549 4 4
-986213316 430267335 2 2
-172429557 198545164 3 4
-928672561 -812226212 2 4
-856822674 768079328 2 4
473075488 647013778 4 4
-912831406 -916001951 2 4
48520315 -712316999 2 1
808399837 -465511408 1 1
83899361 822186522 1 3
807723093 911469804 3 3
627838518 731566885 1 4
-93061383 623532196 2 3
989846052 -767469543 3 2
-919063769 -922985354 3 4
572948484 129456547 1 1
238457542 233864674 4 1
-31624454 -825126745 1 4
-930149647 -371385009 4 3
-409308498 697688871 1 1
-504970173 497630119 4 3
-227987183 -662607769 1 3
250541135 -147050951 2 4
-105798966 -323994029 1 2
-167399141 -867341424 2 4
-694713517 800976405 1 2
-862989401 -624863164 1 4
-940333229 -419781547 4 2
248395577 -592787050 1 4
412247288 -979591606 2 2
495665640 -484695225 4 3
-940337169 -757616974 3 4
624652289 -255219958 3 1
-513486266 929938773 4 3
175186524 -523959315 2 4
182013500 87369647 4 2
-500334084 -717074571 2 4
103232541 911913204 4 3
442519714 -548585467 4 4
-722740826 354698897 4 3
308961652 901911463 4 2
30648638 795475386 1 3
924892571 -941648486 4 3
-980568022 -40577577 3 3
-415475758 -480902106 1 4
-867561650 687756783 4 4
-965693140 574958065 1 3
606840740 -835917614 3 4
84436696 -231681256 3 3
297351692 -884914666 3 3
720634468 74760615 2 3
664494474 740066446 3 4
-620238378 -898464932 2 3
-41530074 -487800028 4 1
-681018902 -154706861 2 4
456016310 925821839 2 1
-616721130 -607030642 4 4
503310324 680630562 2 3
558198609 76461144 3 3
623654163 75209435 4 1
175932780 -996584215 1 1
-547951421 -865597294 2 4
29654203 -228970323 2 4
-378010198 -661813135 1 4
-941007778 5268672 4 1
478251514 414818898 4 1
640930037 -111033525 3 2
793564973 117100552 4 2
811989474 -177985895 2 4
648971298 -883445595 1 4
335249436 -468858147 4 2
-614506893 957239239 3 4
-455271438 -702998319 4 2
-647720681 -977019924 4 3
-79026337 993209357 1 3
574591934 -432945011 2 4
129540102 239097760 3 4
691663972 -368972248 3 3
532704552 -120570240 2 2
484499616 918197660 4 4
-289834183 -970771822 2 4
687669599 62445137 4 2
102859030 -538840386 3 4
659372410 -470032684 4 4
-679681340 -358571136 1 3
72986195 -988017368 1 3
-828842752 -541792900 2 2
-210159937 655656865 1 1
-923826922 500005881 4 2
816346217 616359029 3 3
46651675 -228278401 1 1
228049649 -441459562 4 4
900503938 548368310 3 1
-387915156 -173993514 3 4
442426488 -216757907 3 4
809771503 -915217097 3 3
-24024588 738460934 1 2
175410722 -355162019 4 3
-904379089 -925421250 2 4
494035192 176186912 1 1
-989452887 247055483 3 3
999251260 -377368042 2 2
-424557043 294194100 4 4
378622418 -762269188 1 2
-331445353 -792885818 3 1
-974067923 843965369 1 3
-308207055 -878447012 4 2
-910215498 -961655510 2 4
569783048 -899668385 2 4
-726713447 421550661 2 3
678643337 -151270490 2 1
-383963390 -90217892 3 2
951212835 284591257 3 2
-910123449 977144912 3 3
156313109 -365814151 2 3
-466168963 246097611 4 3
21424958 -896385914 4 1
-949253223 294711511 4 1
745696682 581906466 2 1
997586116 -785750356 3 4
282466023 801315303 2 2
84563681 224858927 1 4
-758789617 -906606857 1 2
-805461869 -224958580 3 4
-539654514 215963089 3 2
907311522 -636391385 1 2
441566020 505524556 2 2
603337577 291668489 1 1
403561684 -261680048 1 2
863700237 -659358282 4 1
-941168526 -895089380 2 4
-835521699 -894114043 2 4
425009561 -375176213 3 4
-955811677 184837435 3 3
-71299805 338270696 4 4
186300348 -615445876 2 4
856948746 -557621616 2 2
-534174332 573165335 3 1
-156903069 -622826506 1 4
579217304 7575232 1 2
342464849 -143256783 4 3
259811608 239169524 1 2
-447855758 -958971844 1 4
-807115857 738444590 1 2
-660457982 -950167111 4 2
-966585607 -194632314 1 2
-25799711 -270972324 1 1
323025483 -594066054 1 1
694866052 -481993316 4 4
593749515 -192805988 1 1
-47938758 -854106242 1 2
-325222842 144945385 1 2
-560930191 14319176 3 4
233948791 -674999446 3 4
-627138621 -939334567 3 4
864665769 695886862 4 3
-261432938 412048173 3 3
863235240 -815167070 2 4
-953698493 -332187166 1 3
542808120 -278921335 1 1
87894753 981877929 3 3
-885138197 -825640103 4 1
856570555 -512276817 3 2
-716582397 573752676 2 2
926122403 21984666 2 1
830056444 641873995 1 3
162674728 876357951 2 1
-459953048 -442000800 2 2
445468219 627941705 2 4
765211381 560330023 3 1
-408532007 474298288 3 1
-960767749 -125114403 1 4
-498523392 965354654 4 2
-801218801 -815950596 2 4
449425936 361455927 1 4
-599256160 989472888 1 2
-283846722 846212059 3 2
14592185 -666118989 3 1
96323948 606060178 1 1
-847336162 135556199 4 1
39052953 -345859554 3 3
887636742 237834152 3 4
113990235 189579031 1 3
-611857127 514734075 4 1
478764470 104296151 4 2
484665266 -654126993 4 2
660135783 -566494434 2 4
-779239593 812799621 2 2
-359306117 259813361 4 4
908759828 -619153023 2 3
25748209 -124733584 1 2
-191473799 413891083 4 1
781016604 -860192977 3 3
-239730084 118198222 3 2
-571958767 -727077948 1 1
348287229 -351198360 2 2
415340715 988981112 2 2
-86734484 176616895 2 4
-900202566 939013726 4 3
602895837 -91676365 2 4
237521849 236428793 4 4
823940257 997791765 4 2
-415354587 -895502158 2 4
-680837360 932932642 4 4
-374273945 734503355 3 1
642061349 538991572 3 4
-185047227 741858783 3 3
964583910 -729635038 4 4
-62843529 54622111 1 3
325300631 -386386919 2 4
89628593 909946044 4 3
985841243 408791233 3 3
171632395 -535916350 1 1
-719999839 -333789903 3 4
574572387 94952934 1 1
-833370215 391672650 1 4
-708918520 103786257 2 1
-915581907 616382111 3 3
759437020 174046686 4 2
-898386255 597794615 1 2
43129107 273246140 2 1
-43900584 323129268 2 1
-184158175 -616811844 3 3
-786939193 -17528389 3 4
129929614 -495857713 1 4
944200171 214347707 3 3
-868842494 556153543 2 2
-892569770 -767228749 3 2
-309154680 3075689 1 1
350547803 646944736 3 2
-914763685 -981094019 1 1
583698322 -849186525 1 3
-551158278 -433855712 3 1
979881770 -754441755 4 2
-449815890 -888960723 2 1
581551779 -489869308 1 4
-147149394 -875086549 2 1
-858752444 -944085239 1 4
164533835 -920999777 3 1
-983649854 -399251491 3 3
365282326 -682291780 2 2
-326179764 197680448 3 1
-121812742 224004346 2 4
-87576418 -687744610 3 3
-355698185 765274188 2 1
716050814 -361934277 3 2
-175275621 -266898999 4 1
389198162 -306409123 3 2
153159803 -393003160 3 4
792060171 826980039 2 1
-971490972 -477236219 3 3
590009900 -59067389 4 1
333731394 -913171932 4 2
-871561854 -97701440 4 2
946388440 -194321123 2 3
175024082 188102954 3 4
937650768 -819299763 4 1
-876760494 582227291 2 1
253849495 -848251465 2 4
-935285391 -303624252 3 1
883832751 250962356 1 2
-344909950 864787249 1 4
-684541395 -546005158 3 3
-762146211 490482688 1 1
-405476269 -971979091 2 4
-852406727 -282236762 2 3
-787201426 401442769 2 3
466113568 -869970464 2 4
-905847356 202462671 1 2
-119537658 -250757306 1 1
317517335 195920948 1 3
987565628 555371124 1 2
593998820 -565394288 2 2
-533571436 741592093 3 3
836589994 -320772861 3 4
679424768 155219914 4 4
429534079 773577413 3 4
-574769687 -837487226 4 3
-871057967 742747648 3 1
959972975 -883492339 1 3
632700096 406488147 2 2
430395750 -900871340 2 4
-205449757 119502096 4 4
482893745 -673508637 4 3
467402511 -235055823 1 2
906495584 892632824 4 1
-964239265 -964562383 1 2
77591810 848250062 3 1
816606383 -437191742 3 1
956515314 99518486 3 4
-562029400 -396418091 3 3
-463787402 920864346 2 2
210579989 -996384890 4 2
604188851 -30408075 3 3
580225763 492465938 3 4
-24868415 -489666075 1 2
-886629227 -355745680 4 3
-414562772 -930113912 3 3
-985914962 23407828 2 2
-808767624 -597186011 3 3
-346588421 401812365 4 2
-50596448 -889883218 4 2
795990414 -617854332 1 2
-198665309 -376361649 2 2
405733583 -85294535 1 2
-467992077 991170811 2 3
-328333771 -601390686 4 3
-148486729 -137101395 4 3
-79405157 504924851 3 3
422614503 869998396 2 2
718472131 71121269 1 3
-184721862 -627676826 2 2
679350475 -926471927 4 2
339745151 -936125249 1 1
-699289902 -988588620 2 1
-823207526 152223369 2 1
185201625 97387317 1 4
47363264 -539667520 2 3
921702491 -381648253 2 2
893898367 -410503019 2 3
-893127191 425765195 4 2
364550519 446617960 3 4
68547731 665260617 1 4
-266057959 245340205 4 2
156887469 919143666 3 4
939708421 -943232915 3 1
-305307678 713927264 1 4
796013667 -558892959 3 3
399205944 902886476 1 2
13668897 -383727184 2 3
-745028785 -917783372 2 2
983715036 -11086744 2 1
-757020648 -6881143 3 1
-391471629 -964795875 4 1
243314881 303220693 3 4
-423446007 -108155100 4 1
-474738790 975759937 2 4
-933132297 538930107 2 3
382649015 -678161082 1 4
881569685 218880403 3 2
-83592428 -875450963 2 1
-308077317 524935944 4 1
518989245 935237565 2 2
741233400 -904456762 2 1
28631416 -880989038 4 3
-200516124 95499120 2 2
490373135 -965350757 3 2
-495551635 224459172 4 2
-715036832 420855938 3 1
-172288666 -23114149 3 2
756498300 -800783069 1 4
-376398516 350248052 2 3
-855502615 652232901 3 1
963836945 -56018739 2 4
-549290672 306726432 2 4
402721764 -44842306 1 1
-348463053 687684932 1 3
-641664207 479248281 4 3
-421518158 -885165907 1 1
749354134 202083326 2 2
619090299 893851519 4 4
177183716 435443596 2 1
753656142 627893044 1 3
-583868793 8894258 3 1
690935292 67668154 3 3
-799574067 -950728914 1 2
756156086 -221092225 4 1
826110244 358026572 3 2
847420986 297716895 4 2
316239566 -122878946 4 1
-988732088 -77587940 3 4
457194615 -572600881 3 2
399100890 646260 2 1
824914414 599526823 3 2
958307962 433586852 4 2
-395201562 636934559 1 2
395784148 -695264224 3 4
-594275775 -435459934 3 3
-814998826 -583007863 4 2
603693010 642195789 1 2
-913525057 -144689748 2 3
-978119967 763905709 4 4
-397237217 980187995 2 3
295179261 207561222 3 2
482167715 -456520239 3 2
-913942538 887891940 4 2
718263104 -876425012 3 3
193766568 174472466 2 3
511437630 132757864 3 4
-272043124 533317663 2 2
345843880 330719659 4 4
-202499666 -506460507 2 2
-697719235 -867815599 3 1
-554956260 -759145421 3 3
31784810 -984176804 4 1
-903637773 -921932269 3 1
262247230 607799858 4 1
611710711 990204106 2 1
-99650494 -189929056 2 1
319847935 697849840 2 4
-809298522 622128700 3 1
732620060 -364254782 4 1
-937354106 -383078778 4 3
-233024838 -840991878 2 2
718336421 -970777608 1 1
-174869558 182563484 3 2
-685346978 725479948 1 4
341907262 634500957 1 3
-486459978 532608740 2 3
-95425162 -901323566 3 1
-633180845 -32779267 2 2
168917511 133794317 4 3
358511392 -260229716 2 4
637891582 -963841814 1 4
-231237881 952544605 3 2
848397361 -889330619 3 4
225869916 -785546264 2 1
-958380139 -869555245 3 4
-708169210 -591560984 1 4
-325519766 460748301 2 4
150275009 -967008374 2 3
595369606 -359317057 2 2
-574178722 -783351923 1 4
-860953557 -873265008 3 4
44809419 364916359 1 4
683046726 86429280 3 3
-920497295 974877516 1 3
299900727 -246017061 2 2
169062163 -697307912 3 3
-903022266 -383051878 4 4
126941099 -477200987 4 1
-458425355 265987542 2 3
645041631 586384064 2 2
981873378 180604709 1 1
-237667675 -938623916 2 1
489834204 -937766948 4 3
868523376 -488587280 1 2
-597548192 965501111 3 1
-172096597 529392907 1 2
981073214 369478049 2 2
-184868874 478631197 2 3
206422506 -350479143 4 3
668407935 968754832 2 1
-608828686 10758491 1 1
114278605 -887788958 4 2
-682478201 516730413 2 2
261395462 145425202 1 2
-469630121 94985028 4 2
-637977417 345501006 3 2
-689847975 568445089 4 2
642240176 978559960 2 1
79198943 -966588510 1 3
-280429227 -954006100 2 4
-800587628 37092572 2 3
860416810 460807834 3 2
578251799 -756696959 4 3
772326630 940274382 4 2
847293770 -917521345 4 3
729205311 342050299 1 2
-175571509 -339079394 2 1
154484417 543999264 3 3
-563964492 353896789 1 4
-128903955 -851031330 4 4
909971983 -698135804 4 3
269934373 534814965 3 4
-940640798 -30255504 2 2
843787417 641080865 4 2
-529077333 -479267740 4 1
-16412500 625407084 2 2
-180501620 419623008 2 2
-572912257 690594425 3 1
794455501 -810423922 2 3
395520657 -83093774 1 4
-864884986 307396211 3 2
295767510 978902431 2 2
816943582 766690177 4 1
-379745014 -346952566 2 1
427991390 439753366 4 3
307158215 855079133 1 2
-232530979 -45869932 1 2
-479203671 -984493970 4 1
513681591 -344088657 2 2
-68076725 -338034547 3 3
108880090 -398616791 3 2
454735785 729135076 4 4
-474087736 -264756473 3 3
-315375592 833070479 2 3
961573185 452093429 1 2
973472916 -665114134 4 4
-380569925 339670859 2 1
-829875144 551353350 1 4
661110241 279004946 4 3
-708182655 -31637622 3 3
738846459 -182270391 3 2
-661028152 -724012781 1 4
506302887 -846938615 1 1
691214512 332292156 4 4
-190611853 -836839061 4 1
-486043322 -20486997 2 1
-168032894 -972416728 3 1
-293731803 123784451 3 1
-448970821 -702368991 1 1
440380193 -109998973 1 2
202411688 -200800567 1 2
-137729525 -253857448 2 4
-112880660 671658622 4 1
-951382316 401076019 3 1
586412956 -119415209 4 1
-170810798 -854802494 3 2
-904253492 380218381 4 4
170661972 388643053 2 4
-450675811 -774409987 3 2
-467145912 411594664 2 4
-790113459 419973428 4 2
-945820103 -741495774 4 2
-768137264 493109205 2 3
-353109382 61051938 4 4
-49901678 -404846522 4 3
582320606 -879239706 1 1
-951477850 -868355205 4 3
-95848366 -566107410 4 2
623499419 114038175 3 3
-665310388 530195668 2 3
360122382 -433447652 3 3
-699704132 -992987000 3 2
-809570258 250394190 4 3
-832332563 772750348 1 4
-554346927 -931294061 4 1
189225461 349804707 2 4
-411070930 -334758767 3 1
-946950594 -76381318 2 1
290418769 265688140 4 4
-255801021 590714637 2 2
870896039 -65371278 4 1
192349863 -961436524 3 4
174506929 638002936 1 3
-328634803 -783751258 4 2
-301898782 260294267 4 3
853217708 -396333024 3 2
-650591646 -3847171 2 2
-720494362 93607334 3 3
-97178635 -997081971 1 2
-390028900 -904828772 2 3
-683832077 784478029 2 2
435214094 -12466880 1 1
664176328 -866684688 1 4
663373375 369910389 2 3
158459072 -987218271 3 3
790972386 437964710 4 2
280305654 -453689897 4 4
188664222 890276754 1 1
-789264583 504832145 1 2
-884752641 645949512 2 1
-418001601 631940040 1 2
-614833721 -902111874 2 2
730909740 543625351 1 4
761749447 374398479 2 4
462386101 -105428547 3 1
-800572829 -496433325 4 3
397666307 -589837411 1 4
-348977853 365430019 2 2
614205799 233020546 4 2
-370284105 999372078 2 1
-931297144 -786858012 3 2
-790357948 830452303 4 4
627988020 672028153 1 2
232056715 827415191 1 1
-905176859 -517760625 1 1
539132215 -254154712 3 2
-893158299 5854366 4 2
-691097907 -263442404 1 1
-812090522 -622395051 1 3
750521805 -602448470 2 4
853018381 231026177 4 2
986717215 -62408551 1 4
-225562 -918459644 1 2
670088727 -608576995 2 3
673575044 776930428 4 1
-786690550 982477137 1 1
705460364 -598781072 3 2
-88714243 308498521 3 4
-328926292 -383179510 3 2
-843433024 -489692725 4 4
946775685 156341414 1 4
635550165 469380764 1 2
-94905337 161641561 1 4
-366947766 118404114 3 2
482405532 -808971050 3 1
-108223654 -753792359 1 2
47083645 562850055 4 3
96715538 203650621 3 4
494303647 -103992424 1 3
-589652697 -17629836 1 1
-365919490 315441967 2 2
-945087032 267132744 2 4
976895328 537318500 3 4
-445709607 -278811973 2 3
-230972953 601374038 3 1
-567734217 865742586 1 1
-517161440 926569430 3 1
-998580205 -106814137 4 3
751147152 -364499695 3 1
-993991557 806060120 2 4
-976483386 982903771 1 1
331008089 -569676641 3 2
-244609299 -899964863 3 1
411804162 187656484 4 3
117248147 894642722 3 2
-661301410 118667943 2 2
48995735 -910154258 1 1
-424854902 55004178 3 3
628771003 -548821936 3 3
-859804963 -187704556 1 1
307469936 -251897910 2 3
-279265699 -428209550 3 1
-664268242 837982449 1 1
660783581 -325569652 1 2
925168994 -437704331 3 1
14564546 -647169556 4 1
807272954 -504148099 2 2
-696258541 799984343 2 2
-638832009 611211395 2 4
-56105097 81902293 2 4
313762182 279626661 3 2
997419182 -172937884 2 3
-358903189 775104529 2 4
219414486 655661357 2 1
-677513881 -120796208 3 3
237687587 -373772422 4 1
121184983 598855578 2 1
-520058757 -934920114 4 3
-260240493 793703426 1 2
427162065 -410304958 3 2
-425669985 -931741124 4 4
-17772917 793744501 3 1
-254840496 304713202 2 1
989476404 982847091 2 1
-853630371 -36822261 3 3
125684915 -521172776 3 2
-65690509 865444422 3 3
-686515073 -786012092 1 1
-277261012 -112185057 2 4
144182271 704966071 1 4
-883290426 889341776 2 3
-480934783 958702331 4 3
-168549809 -482048802 3 2
585683630 957135106 3 1
720154321 -627490526 1 2
-639760212 -966360751 3 2
-715023406 82978776 1 4
-779896866 429158866 4 1
-999174065 -810670939 3 2
759679159 -480108848 1 2
-717369081 -556354298 3 3
8962550 868314549 1 2
763661089 -418366777 4 1
401098277 -876099122 1 3
-597677939 686074872 3 1
55030383 -377574805 3 3
-260477999 55856318 1 1
587246167 -648282488 4 1
-646756702 869877086 3 2
-170430233 362205848 4 3
-783597527 -554252792 1 4
505903617 617500750 3 1
33934003 908225678 3 2
-884874500 -911035614 2 1
-992776518 -292836146 1 3
-108292947 446986001 3 4
-244578693 244950351 4 2
-850831506 584991074 1 4
-479827776 -634429033 4 1
786979518 -973924159 2 2
-31961540 -326570127 4 1
217422931 -64319687 4 2
-962151453 77162765 4 1
-738997182 -217928048 4 2
-988835311 16424126 1 3
-404760816 -839666817 1 1
