996
-250 -24 2 2
-250 -22 2 2
-250 -20 2 2
-250 -18 2 2
-250 -16 2 2
-250 -14 2 2
-250 -12 2 2
-250 -10 2 2
-250 -8 2 2
-250 -6 2 2
-250 -4 2 2
-250 -2 2 2
-250 0 2 2
-250 2 2 2
-250 4 2 2
-250 6 2 2
-250 8 2 2
-250 10 2 2
-250 12 2 2
-250 14 2 2
-250 16 2 2
-250 18 2 2
-250 20 2 2
-250 22 2 2
-248 -40 2 2
-248 -38 2 2
-248 -36 2 2
-248 -34 2 2
-248 -32 2 2
-248 -30 2 2
-248 -28 2 2
-248 -26 2 2
-248 -24 2 2
-248 22 2 2
-248 24 2 2
-248 26 2 2
-248 28 2 2
-248 30 2 2
-248 32 2 2
-248 34 2 2
-248 36 2 2
-248 38 2 2
-246 -50 2 2
-246 -48 2 2
-246 -46 2 2
-246 -44 2 2
-246 -42 2 2
-246 -40 2 2
-246 38 2 2
-246 40 2 2
-246 42 2 2
-246 44 2 2
-246 46 2 2
-246 48 2 2
-244 -60 2 2
-244 -58 2 2
-244 -56 2 2
-244 -54 2 2
-244 -52 2 2
-244 -50 2 2
-244 48 2 2
-244 50 2 2
-244 52 2 2
-244 54 2 2
-244 56 2 2
-244 58 2 2
-242 -68 2 2
-242 -66 2 2
-242 -64 2 2
-242 -62 2 2
-242 -60 2 2
-242 58 2 2
-242 60 2 2
-242 62 2 2
-242 64 2 2
-242 66 2 2
-240 -74 2 2
-240 -72 2 2
-240 -70 2 2
-240 -68 2 2
-240 66 2 2
-240 68 2 2
-240 70 2 2
-240 72 2 2
-238 -80 2 2
-238 -78 2 2
-238 -76 2 2
-238 -74 2 2
-238 72 2 2
-238 74 2 2
-238 76 2 2
-238 78 2 2
-236 -86 2 2
-236 -84 2 2
-236 -82 2 2
-236 -80 2 2
-236 78 2 2
-236 80 2 2
-236 82 2 2
-236 84 2 2
-234 -92 2 2
-234 -90 2 2
-234 -88 2 2
-234 -86 2 2
-234 84 2 2
-234 86 2 2
-234 88 2 2
-234 90 2 2
-232 -96 2 2
-232 -94 2 2
-232 -92 2 2
-232 90 2 2
-232 92 2 2
-232 94 2 2
-230 -102 2 2
-230 -100 2 2
-230 -98 2 2
-230 -96 2 2
-230 94 2 2
-230 96 2 2
-230 98 2 2
-230 100 2 2
-228 -106 2 2
-228 -104 2 2
-228 -102 2 2
-228 100 2 2
-228 102 2 2
-228 104 2 2
-226 -110 2 2
-226 -108 2 2
-226 -106 2 2
-226 104 2 2
-226 106 2 2
-226 108 2 2
-224 -114 2 2
-224 -112 2 2
-224 -110 2 2
-224 108 2 2
-224 110 2 2
-224 112 2 2
-222 -118 2 2
-222 -116 2 2
-222 -114 2 2
-222 112 2 2
-222 114 2 2
-222 116 2 2
-220 -122 2 2
-220 -120 2 2
-220 -118 2 2
-220 116 2 2
-220 118 2 2
-220 120 2 2
-218 -124 2 2
-218 -122 2 2
-218 120 2 2
-218 122 2 2
-216 -128 2 2
-216 -126 2 2
-216 -124 2 2
-216 122 2 2
-216 124 2 2
-216 126 2 2
-214 -132 2 2
-214 -130 2 2
-214 -128 2 2
-214 126 2 2
-214 128 2 2
-214 130 2 2
-212 -134 2 2
-212 -132 2 2
-212 130 2 2
-212 132 2 2
-210 -138 2 2
-210 -136 2 2
-210 -134 2 2
-210 132 2 2
-210 134 2 2
-210 136 2 2
-208 -140 2 2
-208 -138 2 2
-208 136 2 2
-208 138 2 2
-206 -144 2 2
-206 -142 2 2
-206 -140 2 2
-206 138 2 2
-206 140 2 2
-206 142 2 2
-204 -146 2 2
-204 -144 2 2
-204 142 2 2
-204 144 2 2
-202 -150 2 2
-202 -148 2 2
-202 -146 2 2
-202 144 2 2
-202 146 2 2
-202 148 2 2
-200 -152 2 2
-200 -150 2 2
-200 148 2 2
-200 150 2 2
-198 -154 2 2
-198 -152 2 2
-198 150 2 2
-198 152 2 2
-196 -158 2 2
-196 -156 2 2
-196 -154 2 2
-196 152 2 2
-196 154 2 2
-196 156 2 2
-194 -160 2 2
-194 -158 2 2
-194 156 2 2
-194 158 2 2
-192 -162 2 2
-192 -160 2 2
-192 158 2 2
-192 160 2 2
-190 -164 2 2
-190 -162 2 2
-190 160 2 2
-190 162 2 2
-188 -166 2 2
-188 -164 2 2
-188 162 2 2
-188 164 2 2
-186 -168 2 2
-186 -166 2 2
-186 164 2 2
-186 166 2 2
-184 -170 2 2
-184 -168 2 2
-184 166 2 2
-184 168 2 2
-182 -174 2 2
-182 -172 2 2
-182 -170 2 2
-182 168 2 2
-182 170 2 2
-182 172 2 2
-180 -176 2 2
-180 -174 2 2
-180 172 2 2
-180 174 2 2
-178 -178 2 2
-178 -176 2 2
-178 174 2 2
-178 176 2 2
-176 -180 2 2
-176 -178 2 2
-176 176 2 2
-176 178 2 2
-174 -182 2 2
-174 -180 2 2
-174 178 2 2
-174 180 2 2
-172 -182 2 2
-172 180 2 2
-170 -184 2 2
-170 -182 2 2
-170 180 2 2
-170 182 2 2
-168 -186 2 2
-168 -184 2 2
-168 182 2 2
-168 184 2 2
-166 -188 2 2
-166 -186 2 2
-166 184 2 2
-166 186 2 2
-164 -190 2 2
-164 -188 2 2
-164 186 2 2
-164 188 2 2
-162 -192 2 2
-162 -190 2 2
-162 188 2 2
-162 190 2 2
-160 -194 2 2
-160 -192 2 2
-160 190 2 2
-160 192 2 2
-158 -196 2 2
-158 -194 2 2
-158 192 2 2
-158 194 2 2
-156 -196 2 2
-156 194 2 2
-154 -198 2 2
-154 -196 2 2
-154 194 2 2
-154 196 2 2
-152 -200 2 2
-152 -198 2 2
-152 196 2 2
-152 198 2 2
-150 -202 2 2
-150 -200 2 2
-150 198 2 2
-150 200 2 2
-148 -202 2 2
-148 200 2 2
-146 -204 2 2
-146 -202 2 2
-146 200 2 2
-146 202 2 2
-144 -206 2 2
-144 -204 2 2
-144 202 2 2
-144 204 2 2
-142 -206 2 2
-142 204 2 2
-140 -208 2 2
-140 -206 2 2
-140 204 2 2
-140 206 2 2
-138 -210 2 2
-138 -208 2 2
-138 206 2 2
-138 208 2 2
-136 -210 2 2
-136 208 2 2
-134 -212 2 2
-134 -210 2 2
-134 208 2 2
-134 210 2 2
-132 -214 2 2
-132 -212 2 2
-132 210 2 2
-132 212 2 2
-130 -214 2 2
-130 212 2 2
-128 -216 2 2
-128 -214 2 2
-128 212 2 2
-128 214 2 2
-126 -216 2 2
-126 214 2 2
-124 -218 2 2
-124 -216 2 2
-124 214 2 2
-124 216 2 2
-122 -220 2 2
-122 -218 2 2
-122 216 2 2
-122 218 2 2
-120 -220 2 2
-120 218 2 2
-118 -222 2 2
-118 -220 2 2
-118 218 2 2
-118 220 2 2
-116 -222 2 2
-116 220 2 2
-114 -224 2 2
-114 -222 2 2
-114 220 2 2
-114 222 2 2
-112 -224 2 2
-112 222 2 2
-110 -226 2 2
-110 -224 2 2
-110 222 2 2
-110 224 2 2
-108 -226 2 2
-108 224 2 2
-106 -228 2 2
-106 -226 2 2
-106 224 2 2
-106 226 2 2
-104 -228 2 2
-104 226 2 2
-102 -230 2 2
-102 -228 2 2
-102 226 2 2
-102 228 2 2
-100 -230 2 2
-100 228 2 2
-98 -230 2 2
-98 228 2 2
-96 -232 2 2
-96 -230 2 2
-96 228 2 2
-96 230 2 2
-94 -232 2 2
-94 230 2 2
-92 -234 2 2
-92 -232 2 2
-92 230 2 2
-92 232 2 2
-90 -234 2 2
-90 232 2 2
-88 -234 2 2
-88 232 2 2
-86 -236 2 2
-86 -234 2 2
-86 232 2 2
-86 234 2 2
-84 -236 2 2
-84 234 2 2
-82 -236 2 2
-82 234 2 2
-80 -238 2 2
-80 -236 2 2
-80 234 2 2
-80 236 2 2
-78 -238 2 2
-78 236 2 2
-76 -238 2 2
-76 236 2 2
-74 -240 2 2
-74 -238 2 2
-74 236 2 2
-74 238 2 2
-72 -240 2 2
-72 238 2 2
-70 -240 2 2
-70 238 2 2
-68 -242 2 2
-68 -240 2 2
-68 238 2 2
-68 240 2 2
-66 -242 2 2
-66 240 2 2
-64 -242 2 2
-64 240 2 2
-62 -242 2 2
-62 240 2 2
-60 -244 2 2
-60 -242 2 2
-60 240 2 2
-60 242 2 2
-58 -244 2 2
-58 242 2 2
-56 -244 2 2
-56 242 2 2
-54 -244 2 2
-54 242 2 2
-52 -244 2 2
-52 242 2 2
-50 -246 2 2
-50 -244 2 2
-50 242 2 2
-50 244 2 2
-48 -246 2 2
-48 244 2 2
-46 -246 2 2
-46 244 2 2
-44 -246 2 2
-44 244 2 2
-42 -246 2 2
-42 244 2 2
-40 -248 2 2
-40 -246 2 2
-40 244 2 2
-40 246 2 2
-38 -248 2 2
-38 246 2 2
-36 -248 2 2
-36 246 2 2
-34 -248 2 2
-34 246 2 2
-32 -248 2 2
-32 246 2 2
-30 -248 2 2
-30 246 2 2
-28 -248 2 2
-28 246 2 2
-26 -248 2 2
-26 246 2 2
-24 -250 2 2
-24 -248 2 2
-24 246 2 2
-24 248 2 2
-22 -250 2 2
-22 248 2 2
-20 -250 2 2
-20 248 2 2
-18 -250 2 2
-18 248 2 2
-16 -250 2 2
-16 248 2 2
-14 -250 2 2
-14 248 2 2
-12 -250 2 2
-12 248 2 2
-10 -250 2 2
-10 248 2 2
-8 -250 2 2
-8 248 2 2
-6 -250 2 2
-6 248 2 2
-4 -250 2 2
-4 248 2 2
-2 -250 2 2
-2 248 2 2
0 -250 2 2
0 248 2 2
2 -250 2 2
2 248 2 2
4 -250 2 2
4 248 2 2
6 -250 2 2
6 248 2 2
8 -250 2 2
8 248 2 2
10 -250 2 2
10 248 2 2
12 -250 2 2
12 248 2 2
14 -250 2 2
14 248 2 2
16 -250 2 2
16 248 2 2
18 -250 2 2
18 248 2 2
20 -250 2 2
20 248 2 2
22 -250 2 2
22 -248 2 2
22 246 2 2
22 248 2 2
24 -248 2 2
24 246 2 2
26 -248 2 2
26 246 2 2
28 -248 2 2
28 246 2 2
30 -248 2 2
30 246 2 2
32 -248 2 2
32 246 2 2
34 -248 2 2
34 246 2 2
36 -248 2 2
36 246 2 2
38 -248 2 2
38 -246 2 2
38 244 2 2
38 246 2 2
40 -246 2 2
40 244 2 2
42 -246 2 2
42 244 2 2
44 -246 2 2
44 244 2 2
46 -246 2 2
46 244 2 2
48 -246 2 2
48 -244 2 2
48 242 2 2
48 244 2 2
50 -244 2 2
50 242 2 2
52 -244 2 2
52 242 2 2
54 -244 2 2
54 242 2 2
56 -244 2 2
56 242 2 2
58 -244 2 2
58 -242 2 2
58 240 2 2
58 242 2 2
60 -242 2 2
60 240 2 2
62 -242 2 2
62 240 2 2
64 -242 2 2
64 240 2 2
66 -242 2 2
66 -240 2 2
66 238 2 2
66 240 2 2
68 -240 2 2
68 238 2 2
70 -240 2 2
70 238 2 2
72 -240 2 2
72 -238 2 2
72 236 2 2
72 238 2 2
74 -238 2 2
74 236 2 2
76 -238 2 2
76 236 2 2
78 -238 2 2
78 -236 2 2
78 234 2 2
78 236 2 2
80 -236 2 2
80 234 2 2
82 -236 2 2
82 234 2 2
84 -236 2 2
84 -234 2 2
84 232 2 2
84 234 2 2
86 -234 2 2
86 232 2 2
88 -234 2 2
88 232 2 2
90 -234 2 2
90 -232 2 2
90 230 2 2
90 232 2 2
92 -232 2 2
92 230 2 2
94 -232 2 2
94 -230 2 2
94 228 2 2
94 230 2 2
96 -230 2 2
96 228 2 2
98 -230 2 2
98 228 2 2
100 -230 2 2
100 -228 2 2
100 226 2 2
100 228 2 2
102 -228 2 2
102 226 2 2
104 -228 2 2
104 -226 2 2
104 224 2 2
104 226 2 2
106 -226 2 2
106 224 2 2
108 -226 2 2
108 -224 2 2
108 222 2 2
108 224 2 2
110 -224 2 2
110 222 2 2
112 -224 2 2
112 -222 2 2
112 220 2 2
112 222 2 2
114 -222 2 2
114 220 2 2
116 -222 2 2
116 -220 2 2
116 218 2 2
116 220 2 2
118 -220 2 2
118 218 2 2
120 -220 2 2
120 -218 2 2
120 216 2 2
120 218 2 2
122 -218 2 2
122 -216 2 2
122 214 2 2
122 216 2 2
124 -216 2 2
124 214 2 2
126 -216 2 2
126 -214 2 2
126 212 2 2
126 214 2 2
128 -214 2 2
128 212 2 2
130 -214 2 2
130 -212 2 2
130 210 2 2
130 212 2 2
132 -212 2 2
132 -210 2 2
132 208 2 2
132 210 2 2
134 -210 2 2
134 208 2 2
136 -210 2 2
136 -208 2 2
136 206 2 2
136 208 2 2
138 -208 2 2
138 -206 2 2
138 204 2 2
138 206 2 2
140 -206 2 2
140 204 2 2
142 -206 2 2
142 -204 2 2
142 202 2 2
142 204 2 2
144 -204 2 2
144 -202 2 2
144 200 2 2
144 202 2 2
146 -202 2 2
146 200 2 2
148 -202 2 2
148 -200 2 2
148 198 2 2
148 200 2 2
150 -200 2 2
150 -198 2 2
150 196 2 2
150 198 2 2
152 -198 2 2
152 -196 2 2
152 194 2 2
152 196 2 2
154 -196 2 2
154 194 2 2
156 -196 2 2
156 -194 2 2
156 192 2 2
156 194 2 2
158 -194 2 2
158 -192 2 2
158 190 2 2
158 192 2 2
160 -192 2 2
160 -190 2 2
160 188 2 2
160 190 2 2
162 -190 2 2
162 -188 2 2
162 186 2 2
162 188 2 2
164 -188 2 2
164 -186 2 2
164 184 2 2
164 186 2 2
166 -186 2 2
166 -184 2 2
166 182 2 2
166 184 2 2
168 -184 2 2
168 -182 2 2
168 180 2 2
168 182 2 2
170 -182 2 2
170 180 2 2
172 -182 2 2
172 -180 2 2
172 178 2 2
172 180 2 2
174 -180 2 2
174 -178 2 2
174 176 2 2
174 178 2 2
176 -178 2 2
176 -176 2 2
176 174 2 2
176 176 2 2
178 -176 2 2
178 -174 2 2
178 172 2 2
178 174 2 2
180 -174 2 2
180 -172 2 2
180 -170 2 2
180 168 2 2
180 170 2 2
180 172 2 2
182 -170 2 2
182 -168 2 2
182 166 2 2
182 168 2 2
184 -168 2 2
184 -166 2 2
184 164 2 2
184 166 2 2
186 -166 2 2
186 -164 2 2
186 162 2 2
186 164 2 2
188 -164 2 2
188 -162 2 2
188 160 2 2
188 162 2 2
190 -162 2 2
190 -160 2 2
190 158 2 2
190 160 2 2
192 -160 2 2
192 -158 2 2
192 156 2 2
192 158 2 2
194 -158 2 2
194 -156 2 2
194 -154 2 2
194 152 2 2
194 154 2 2
194 156 2 2
196 -154 2 2
196 -152 2 2
196 150 2 2
196 152 2 2
198 -152 2 2
198 -150 2 2
198 148 2 2
198 150 2 2
200 -150 2 2
200 -148 2 2
200 -146 2 2
200 144 2 2
200 146 2 2
200 148 2 2
202 -146 2 2
202 -144 2 2
202 142 2 2
202 144 2 2
204 -144 2 2
204 -142 2 2
204 -140 2 2
204 138 2 2
204 140 2 2
204 142 2 2
206 -140 2 2
206 -138 2 2
206 136 2 2
206 138 2 2
208 -138 2 2
208 -136 2 2
208 -134 2 2
208 132 2 2
208 134 2 2
208 136 2 2
210 -134 2 2
210 -132 2 2
210 130 2 2
210 132 2 2
212 -132 2 2
212 -130 2 2
212 -128 2 2
212 126 2 2
212 128 2 2
212 130 2 2
214 -128 2 2
214 -126 2 2
214 -124 2 2
214 122 2 2
214 124 2 2
214 126 2 2
216 -124 2 2
216 -122 2 2
216 120 2 2
216 122 2 2
218 -122 2 2
218 -120 2 2
218 -118 2 2
218 116 2 2
218 118 2 2
218 120 2 2
220 -118 2 2
220 -116 2 2
220 -114 2 2
220 112 2 2
220 114 2 2
220 116 2 2
222 -114 2 2
222 -112 2 2
222 -110 2 2
222 108 2 2
222 110 2 2
222 112 2 2
224 -110 2 2
224 -108 2 2
224 -106 2 2
224 104 2 2
224 106 2 2
224 108 2 2
226 -106 2 2
226 -104 2 2
226 -102 2 2
226 100 2 2
226 102 2 2
226 104 2 2
228 -102 2 2
228 -100 2 2
228 -98 2 2
228 -96 2 2
228 94 2 2
228 96 2 2
228 98 2 2
228 100 2 2
230 -96 2 2
230 -94 2 2
230 -92 2 2
230 90 2 2
230 92 2 2
230 94 2 2
232 -92 2 2
232 -90 2 2
232 -88 2 2
232 -86 2 2
232 84 2 2
232 86 2 2
232 88 2 2
232 90 2 2
234 -86 2 2
234 -84 2 2
234 -82 2 2
234 -80 2 2
234 78 2 2
234 80 2 2
234 82 2 2
234 84 2 2
236 -80 2 2
236 -78 2 2
236 -76 2 2
236 -74 2 2
236 72 2 2
236 74 2 2
236 76 2 2
236 78 2 2
238 -74 2 2
238 -72 2 2
238 -70 2 2
238 -68 2 2
238 66 2 2
238 68 2 2
238 70 2 2
238 72 2 2
240 -68 2 2
240 -66 2 2
240 -64 2 2
240 -62 2 2
240 -60 2 2
240 58 2 2
240 60 2 2
240 62 2 2
240 64 2 2
240 66 2 2
242 -60 2 2
242 -58 2 2
242 -56 2 2
242 -54 2 2
242 -52 2 2
242 -50 2 2
242 48 2 2
242 50 2 2
242 52 2 2
242 54 2 2
242 56 2 2
242 58 2 2
244 -50 2 2
244 -48 2 2
244 -46 2 2
244 -44 2 2
244 -42 2 2
244 -40 2 2
244 38 2 2
244 40 2 2
244 42 2 2
244 44 2 2
244 46 2 2
244 48 2 2
246 -40 2 2
246 -38 2 2
246 -36 2 2
246 -34 2 2
246 -32 2 2
246 -30 2 2
246 -28 2 2
246 -26 2 2
246 -24 2 2
246 22 2 2
246 24 2 2
246 26 2 2
246 28 2 2
246 30 2 2
246 32 2 2
246 34 2 2
246 36 2 2
246 38 2 2
248 -24 2 2
248 -22 2 2
248 -20 2 2
248 -18 2 2
248 -16 2 2
248 -14 2 2
248 -12 2 2
248 -10 2 2
248 -8 2 2
248 -6 2 2
248 -4 2 2
248 -2 2 2
248 0 2 2
248 2 2 2
248 4 2 2
248 6 2 2
248 8 2 2
248 10 2 2
248 12 2 2
248 14 2 2
248 16 2 2
248 18 2 2
248 20 2 2
248 22 2 2
