995
-125 -12 1 1
-125 -11 1 1
-125 -10 1 1
-125 -9 1 1
-125 -8 1 1
-125 -7 1 1
-125 -6 1 1
-125 -5 1 1
-125 -4 1 1
-125 -3 1 1
-125 -2 1 1
-125 -1 1 1
-125 0 1 1
-125 1 1 1
-125 2 1 1
-125 3 1 1
-125 4 1 1
-125 5 1 1
-125 6 1 1
-125 7 1 1
-125 8 1 1
-125 9 1 1
-125 10 1 1
-125 11 1 1
-124 -20 1 1
-124 -19 1 1
-124 -18 1 1
-124 -17 1 1
-124 -16 1 1
-124 -15 1 1
-124 -14 1 1
-124 -13 1 1
-124 -12 1 1
-124 11 1 1
-124 12 1 1
-124 13 1 1
-124 14 1 1
-124 15 1 1
-124 16 1 1
-124 17 1 1
-124 18 1 1
-124 19 1 1
-123 -25 1 1
-123 -24 1 1
-123 -23 1 1
-123 -22 1 1
-123 -21 1 1
-123 -20 1 1
-123 19 1 1
-123 20 1 1
-123 21 1 1
-123 22 1 1
-123 23 1 1
-123 24 1 1
-122 -30 1 1
-122 -29 1 1
-122 -28 1 1
-122 -27 1 1
-122 -26 1 1
-122 -25 1 1
-122 24 1 1
-122 25 1 1
-122 26 1 1
-122 27 1 1
-122 28 1 1
-122 29 1 1
-121 -34 1 1
-121 -33 1 1
-121 -32 1 1
-121 -31 1 1
-121 -30 1 1
-121 29 1 1
-121 30 1 1
-121 31 1 1
-121 32 1 1
-121 33 1 1
-120 -37 1 1
-120 -36 1 1
-120 -35 1 1
-120 -34 1 1
-120 33 1 1
-120 34 1 1
-120 35 1 1
-120 36 1 1
-119 -40 1 1
-119 -39 1 1
-119 -38 1 1
-119 -37 1 1
-119 36 1 1
-119 37 1 1
-119 38 1 1
-119 39 1 1
-118 -43 1 1
-118 -42 1 1
-118 -41 1 1
-118 -40 1 1
-118 39 1 1
-118 40 1 1
-118 42 1 1
-117 -46 1 1
-117 -45 1 1
-117 -44 1 1
-117 -43 1 1
-117 42 1 1
-117 43 1 1
-117 44 1 1
-117 45 1 1
-116 -48 1 1
-116 -47 1 1
-116 -46 1 1
-116 45 1 1
-116 46 1 1
-116 47 1 1
-115 -51 1 1
-115 -50 1 1
-115 -49 1 1
-115 -48 1 1
-115 47 1 1
-115 48 1 1
-115 49 1 1
-115 50 1 1
-114 -53 1 1
-114 -52 1 1
-114 -51 1 1
-114 50 1 1
-114 51 1 1
-114 52 1 1
-113 -55 1 1
-113 -54 1 1
-113 -53 1 1
-113 52 1 1
-113 53 1 1
-113 54 1 1
-112 -57 1 1
-112 -56 1 1
-112 -55 1 1
-112 54 1 1
-112 55 1 1
-112 56 1 1
-111 -59 1 1
-111 -58 1 1
-111 -57 1 1
-111 56 1 1
-111 57 1 1
-111 58 1 1
-110 -61 1 1
-110 -60 1 1
-110 -59 1 1
-110 58 1 1
-110 59 1 1
-110 60 1 1
-109 -62 1 1
-109 -61 1 1
-109 60 1 1
-109 61 1 1
-108 -64 1 1
-108 -63 1 1
-108 -62 1 1
-108 61 1 1
-108 62 1 1
-108 63 1 1
-107 -66 1 1
-107 -65 1 1
-107 -64 1 1
-107 63 1 1
-107 64 1 1
-107 65 1 1
-106 -67 1 1
-106 -66 1 1
-106 65 1 1
-106 66 1 1
-105 -69 1 1
-105 -68 1 1
-105 -67 1 1
-105 66 1 1
-105 67 1 1
-105 68 1 1
-104 -70 1 1
-104 -69 1 1
-104 68 1 1
-104 69 1 1
-103 -72 1 1
-103 -71 1 1
-103 -70 1 1
-103 69 1 1
-103 70 1 1
-103 71 1 1
-102 -73 1 1
-102 -72 1 1
-102 71 1 1
-102 72 1 1
-101 -75 1 1
-101 -74 1 1
-101 -73 1 1
-101 72 1 1
-101 73 1 1
-101 74 1 1
-100 -76 1 1
-100 -75 1 1
-100 74 1 1
-100 75 1 1
-99 -77 1 1
-99 -76 1 1
-99 75 1 1
-99 76 1 1
-98 -79 1 1
-98 -78 1 1
-98 -77 1 1
-98 76 1 1
-98 77 1 1
-98 78 1 1
-97 -80 1 1
-97 -79 1 1
-97 78 1 1
-97 79 1 1
-96 -81 1 1
-96 -80 1 1
-96 79 1 1
-96 80 1 1
-95 -82 1 1
-95 -81 1 1
-95 80 1 1
-95 81 1 1
-94 -83 1 1
-94 -82 1 1
-94 81 1 1
-94 82 1 1
-93 -84 1 1
-93 -83 1 1
-93 82 1 1
-93 83 1 1
-92 -85 1 1
-92 -84 1 1
-92 83 1 1
-92 84 1 1
-91 -87 1 1
-91 -86 1 1
-91 -85 1 1
-91 84 1 1
-91 85 1 1
-91 86 1 1
-90 -88 1 1
-90 -87 1 1
-90 86 1 1
-90 87 1 1
-89 -89 1 1
-89 -88 1 1
-89 87 1 1
-89 88 1 1
-88 -90 1 1
-88 -89 1 1
-88 88 1 1
-88 89 1 1
-87 -91 1 1
-87 -90 1 1
-87 89 1 1
-87 90 1 1
-86 -91 1 1
-86 90 1 1
-85 -92 1 1
-85 -91 1 1
-85 90 1 1
-85 91 1 1
-84 -93 1 1
-84 -92 1 1
-84 91 1 1
-84 92 1 1
-83 -94 1 1
-83 -93 1 1
-83 92 1 1
-83 93 1 1
-82 -95 1 1
-82 -94 1 1
-82 93 1 1
-82 94 1 1
-81 -96 1 1
-81 -95 1 1
-81 94 1 1
-81 95 1 1
-80 -97 1 1
-80 -96 1 1
-80 95 1 1
-80 96 1 1
-79 -98 1 1
-79 -97 1 1
-79 96 1 1
-79 97 1 1
-78 -98 1 1
-78 97 1 1
-77 -99 1 1
-77 -98 1 1
-77 97 1 1
-77 98 1 1
-76 -100 1 1
-76 -99 1 1
-76 98 1 1
-76 99 1 1
-75 -101 1 1
-75 -100 1 1
-75 99 1 1
-75 100 1 1
-74 -101 1 1
-74 100 1 1
-73 -102 1 1
-73 -101 1 1
-73 100 1 1
-73 101 1 1
-72 -103 1 1
-72 -102 1 1
-72 101 1 1
-72 102 1 1
-71 -103 1 1
-71 102 1 1
-70 -104 1 1
-70 -103 1 1
-70 102 1 1
-70 103 1 1
-69 -105 1 1
-69 -104 1 1
-69 103 1 1
-69 104 1 1
-68 -105 1 1
-68 104 1 1
-67 -106 1 1
-67 -105 1 1
-67 104 1 1
-67 105 1 1
-66 -107 1 1
-66 -106 1 1
-66 105 1 1
-66 106 1 1
-65 -107 1 1
-65 106 1 1
-64 -108 1 1
-64 -107 1 1
-64 106 1 1
-64 107 1 1
-63 -108 1 1
-63 107 1 1
-62 -109 1 1
-62 -108 1 1
-62 107 1 1
-62 108 1 1
-61 -110 1 1
-61 -109 1 1
-61 108 1 1
-61 109 1 1
-60 -110 1 1
-60 109 1 1
-59 -111 1 1
-59 -110 1 1
-59 109 1 1
-59 110 1 1
-58 -111 1 1
-58 110 1 1
-57 -112 1 1
-57 -111 1 1
-57 110 1 1
-57 111 1 1
-56 -112 1 1
-56 111 1 1
-55 -113 1 1
-55 -112 1 1
-55 111 1 1
-55 112 1 1
-54 -113 1 1
-54 112 1 1
-53 -114 1 1
-53 -113 1 1
-53 112 1 1
-53 113 1 1
-52 -114 1 1
-52 113 1 1
-51 -115 1 1
-51 -114 1 1
-51 113 1 1
-51 114 1 1
-50 -115 1 1
-50 114 1 1
-49 -115 1 1
-49 114 1 1
-48 -116 1 1
-48 -115 1 1
-48 114 1 1
-48 115 1 1
-47 -116 1 1
-47 115 1 1
-46 -117 1 1
-46 -116 1 1
-46 115 1 1
-46 116 1 1
-45 -117 1 1
-45 116 1 1
-44 -117 1 1
-44 116 1 1
-43 -118 1 1
-43 -117 1 1
-43 116 1 1
-43 117 1 1
-42 -118 1 1
-42 117 1 1
-41 -118 1 1
-41 117 1 1
-40 -119 1 1
-40 -118 1 1
-40 117 1 1
-40 118 1 1
-39 -119 1 1
-39 118 1 1
-38 -119 1 1
-38 118 1 1
-37 -120 1 1
-37 -119 1 1
-37 118 1 1
-37 119 1 1
-36 -120 1 1
-36 119 1 1
-35 -120 1 1
-35 119 1 1
-34 -121 1 1
-34 -120 1 1
-34 119 1 1
-34 120 1 1
-33 -121 1 1
-33 120 1 1
-32 -121 1 1
-32 120 1 1
-31 -121 1 1
-31 120 1 1
-30 -122 1 1
-30 -121 1 1
-30 120 1 1
-30 121 1 1
-29 -122 1 1
-29 121 1 1
-28 -122 1 1
-28 121 1 1
-27 -122 1 1
-27 121 1 1
-26 -122 1 1
-26 121 1 1
-25 -123 1 1
-25 -122 1 1
-25 121 1 1
-25 122 1 1
-24 -123 1 1
-24 122 1 1
-23 -123 1 1
-23 122 1 1
-22 -123 1 1
-22 122 1 1
-21 -123 1 1
-21 122 1 1
-20 -124 1 1
-20 -123 1 1
-20 122 1 1
-20 123 1 1
-19 -124 1 1
-19 123 1 1
-18 -124 1 1
-18 123 1 1
-17 -124 1 1
-17 123 1 1
-16 -124 1 1
-16 123 1 1
-15 -124 1 1
-15 123 1 1
-14 -124 1 1
-14 123 1 1
-13 -124 1 1
-13 123 1 1
-12 -125 1 1
-12 -124 1 1
-12 123 1 1
-12 124 1 1
-11 -125 1 1
-11 124 1 1
-10 -125 1 1
-10 124 1 1
-9 -125 1 1
-9 124 1 1
-8 -125 1 1
-8 124 1 1
-7 -125 1 1
-7 124 1 1
-6 -125 1 1
-6 124 1 1
-5 -125 1 1
-5 124 1 1
-4 -125 1 1
-4 124 1 1
-3 -125 1 1
-3 124 1 1
-2 -125 1 1
-2 124 1 1
-1 -125 1 1
-1 124 1 1
0 -125 1 1
0 124 1 1
1 -125 1 1
1 124 1 1
2 -125 1 1
2 124 1 1
3 -125 1 1
3 124 1 1
4 -125 1 1
4 124 1 1
5 -125 1 1
5 124 1 1
6 -125 1 1
6 124 1 1
7 -125 1 1
7 124 1 1
8 -125 1 1
8 124 1 1
9 -125 1 1
9 124 1 1
10 -125 1 1
10 124 1 1
11 -125 1 1
11 -124 1 1
11 123 1 1
11 124 1 1
12 -124 1 1
12 123 1 1
13 -124 1 1
13 123 1 1
14 -124 1 1
14 123 1 1
15 -124 1 1
15 123 1 1
16 -124 1 1
16 123 1 1
17 -124 1 1
17 123 1 1
18 -124 1 1
18 123 1 1
19 -124 1 1
19 -123 1 1
19 122 1 1
19 123 1 1
20 -123 1 1
20 122 1 1
21 -123 1 1
21 122 1 1
22 -123 1 1
22 122 1 1
23 -123 1 1
23 122 1 1
24 -123 1 1
24 -122 1 1
24 121 1 1
24 122 1 1
25 -122 1 1
25 121 1 1
26 -122 1 1
26 121 1 1
27 -122 1 1
27 121 1 1
28 -122 1 1
28 121 1 1
29 -122 1 1
29 -121 1 1
29 120 1 1
29 121 1 1
30 -121 1 1
30 120 1 1
31 -121 1 1
31 120 1 1
32 -121 1 1
32 120 1 1
33 -121 1 1
33 -120 1 1
33 119 1 1
33 120 1 1
34 -120 1 1
34 119 1 1
35 -120 1 1
35 119 1 1
36 -120 1 1
36 -119 1 1
36 118 1 1
36 119 1 1
37 -119 1 1
37 118 1 1
38 -119 1 1
38 118 1 1
39 -119 1 1
39 -118 1 1
39 117 1 1
39 118 1 1
40 -118 1 1
40 117 1 1
41 -118 1 1
41 117 1 1
42 -118 1 1
42 -117 1 1
42 116 1 1
42 117 1 1
43 -117 1 1
43 116 1 1
44 -117 1 1
44 116 1 1
45 -117 1 1
45 -116 1 1
45 115 1 1
45 116 1 1
46 -116 1 1
46 115 1 1
47 -116 1 1
47 -115 1 1
47 114 1 1
47 115 1 1
48 -115 1 1
48 114 1 1
49 -115 1 1
49 114 1 1
50 -115 1 1
50 -114 1 1
50 113 1 1
50 114 1 1
51 -114 1 1
51 113 1 1
52 -114 1 1
52 -113 1 1
52 112 1 1
52 113 1 1
53 -113 1 1
53 112 1 1
54 -113 1 1
54 -112 1 1
54 111 1 1
54 112 1 1
55 -112 1 1
55 111 1 1
56 -112 1 1
56 -111 1 1
56 110 1 1
56 111 1 1
57 -111 1 1
57 110 1 1
58 -111 1 1
58 -110 1 1
58 109 1 1
58 110 1 1
59 -110 1 1
59 109 1 1
60 -110 1 1
60 -109 1 1
60 108 1 1
60 109 1 1
61 -109 1 1
61 -108 1 1
61 107 1 1
61 108 1 1
62 -108 1 1
62 107 1 1
63 -108 1 1
63 -107 1 1
63 106 1 1
63 107 1 1
64 -107 1 1
64 106 1 1
65 -107 1 1
65 -106 1 1
65 105 1 1
65 106 1 1
66 -106 1 1
66 -105 1 1
66 104 1 1
66 105 1 1
67 -105 1 1
67 104 1 1
68 -105 1 1
68 -104 1 1
68 103 1 1
68 104 1 1
69 -104 1 1
69 -103 1 1
69 102 1 1
69 103 1 1
70 -103 1 1
70 102 1 1
71 -103 1 1
71 -102 1 1
71 101 1 1
71 102 1 1
72 -102 1 1
72 -101 1 1
72 100 1 1
72 101 1 1
73 -101 1 1
73 100 1 1
74 -101 1 1
74 -100 1 1
74 99 1 1
74 100 1 1
75 -100 1 1
75 -99 1 1
75 98 1 1
75 99 1 1
76 -99 1 1
76 -98 1 1
76 97 1 1
76 98 1 1
77 -98 1 1
77 97 1 1
78 -98 1 1
78 -97 1 1
78 96 1 1
78 97 1 1
79 -97 1 1
79 -96 1 1
79 95 1 1
79 96 1 1
80 -96 1 1
80 -95 1 1
80 94 1 1
80 95 1 1
81 -95 1 1
81 -94 1 1
81 93 1 1
81 94 1 1
82 -94 1 1
82 -93 1 1
82 92 1 1
82 93 1 1
83 -93 1 1
83 -92 1 1
83 91 1 1
83 92 1 1
84 -92 1 1
84 -91 1 1
84 90 1 1
84 91 1 1
85 -91 1 1
85 90 1 1
86 -91 1 1
86 -90 1 1
86 89 1 1
86 90 1 1
87 -90 1 1
87 -89 1 1
87 88 1 1
87 89 1 1
88 -89 1 1
88 -88 1 1
88 87 1 1
88 88 1 1
89 -88 1 1
89 -87 1 1
89 86 1 1
89 87 1 1
90 -87 1 1
90 -86 1 1
90 -85 1 1
90 84 1 1
90 85 1 1
90 86 1 1
91 -85 1 1
91 -84 1 1
91 83 1 1
91 84 1 1
92 -84 1 1
92 -83 1 1
92 82 1 1
92 83 1 1
93 -83 1 1
93 -82 1 1
93 81 1 1
93 82 1 1
94 -82 1 1
94 -81 1 1
94 80 1 1
94 81 1 1
95 -81 1 1
95 -80 1 1
95 79 1 1
95 80 1 1
96 -80 1 1
96 -79 1 1
96 78 1 1
96 79 1 1
97 -79 1 1
97 -78 1 1
97 -77 1 1
97 76 1 1
97 77 1 1
97 78 1 1
98 -77 1 1
98 -76 1 1
98 75 1 1
98 76 1 1
99 -76 1 1
99 -75 1 1
99 74 1 1
99 75 1 1
100 -75 1 1
100 -74 1 1
100 -73 1 1
100 72 1 1
100 73 1 1
100 74 1 1
101 -73 1 1
101 -72 1 1
101 71 1 1
101 72 1 1
102 -72 1 1
102 -71 1 1
102 -70 1 1
102 69 1 1
102 70 1 1
102 71 1 1
103 -70 1 1
103 -69 1 1
103 68 1 1
103 69 1 1
104 -69 1 1
104 -68 1 1
104 -67 1 1
104 66 1 1
104 67 1 1
104 68 1 1
105 -67 1 1
105 -66 1 1
105 65 1 1
105 66 1 1
106 -66 1 1
106 -65 1 1
106 -64 1 1
106 63 1 1
106 64 1 1
106 65 1 1
107 -64 1 1
107 -63 1 1
107 -62 1 1
107 61 1 1
107 62 1 1
107 63 1 1
108 -62 1 1
108 -61 1 1
108 60 1 1
108 61 1 1
109 -61 1 1
109 -60 1 1
109 -59 1 1
109 58 1 1
109 59 1 1
109 60 1 1
110 -59 1 1
110 -58 1 1
110 -57 1 1
110 56 1 1
110 57 1 1
110 58 1 1
111 -57 1 1
111 -56 1 1
111 -55 1 1
111 54 1 1
111 55 1 1
111 56 1 1
112 -55 1 1
112 -54 1 1
112 -53 1 1
112 52 1 1
112 53 1 1
112 54 1 1
113 -53 1 1
113 -52 1 1
113 -51 1 1
113 50 1 1
113 51 1 1
113 52 1 1
114 -51 1 1
114 -50 1 1
114 -49 1 1
114 -48 1 1
114 47 1 1
114 48 1 1
114 49 1 1
114 50 1 1
115 -48 1 1
115 -47 1 1
115 -46 1 1
115 45 1 1
115 46 1 1
115 47 1 1
116 -46 1 1
116 -45 1 1
116 -44 1 1
116 -43 1 1
116 42 1 1
116 43 1 1
116 44 1 1
116 45 1 1
117 -43 1 1
117 -42 1 1
117 -41 1 1
117 -40 1 1
117 39 1 1
117 40 1 1
117 41 1 1
117 42 1 1
118 -40 1 1
118 -39 1 1
118 -38 1 1
118 -37 1 1
118 36 1 1
118 37 1 1
118 38 1 1
118 39 1 1
119 -37 1 1
119 -36 1 1
119 -35 1 1
119 -34 1 1
119 33 1 1
119 34 1 1
119 35 1 1
119 36 1 1
120 -34 1 1
120 -33 1 1
120 -32 1 1
120 -31 1 1
120 -30 1 1
120 29 1 1
120 30 1 1
120 31 1 1
120 32 1 1
120 33 1 1
121 -30 1 1
121 -29 1 1
121 -28 1 1
121 -27 1 1
121 -26 1 1
121 -25 1 1
121 24 1 1
121 25 1 1
121 26 1 1
121 27 1 1
121 28 1 1
121 29 1 1
122 -25 1 1
122 -24 1 1
122 -23 1 1
122 -22 1 1
122 -21 1 1
122 -20 1 1
122 19 1 1
122 20 1 1
122 21 1 1
122 22 1 1
122 23 1 1
122 24 1 1
123 -20 1 1
123 -19 1 1
123 -18 1 1
123 -17 1 1
123 -16 1 1
123 -15 1 1
123 -14 1 1
123 -13 1 1
123 -12 1 1
123 11 1 1
123 12 1 1
123 13 1 1
123 14 1 1
123 15 1 1
123 16 1 1
123 17 1 1
123 18 1 1
123 19 1 1
124 -12 1 1
124 -11 1 1
124 -10 1 1
124 -9 1 1
124 -8 1 1
124 -7 1 1
124 -6 1 1
124 -5 1 1
124 -4 1 1
124 -3 1 1
124 -2 1 1
124 -1 1 1
124 0 1 1
124 1 1 1
124 2 1 1
124 3 1 1
124 4 1 1
124 5 1 1
124 6 1 1
124 7 1 1
124 8 1 1
124 9 1 1
124 10 1 1
124 11 1 1
