20
183 183
3 115
68 115
169 49
150 120
128 145
41 169
131 142
174 40
85 141
56 172
99 167
152 69
137 125
121 109
146 58
174 30
86 90
139 0
61 73
159 106
33 6
89 17
182 106
5 80
11 84
10 61
131 110
176 162
88 26
84 55
86 51
83 75
16 113
127 39
87 77
24 45
62 120
167 114
135 2
28 173
51 87
14 38
141 123
149 8
63 46
38 51
67 90
145 121
102 84
102 89
134 130
8 127
182 138
81 176
166 75
163 50
29 158
99 118
67 170
157 65
57 72
162 13
75 125
150 65
96 118
65 10
78 171
67 74
8 77
94 149
140 174
90 74
9 170
157 6
13 77
90 132
86 11
77 10
76 102
38 44
179 172
160 44
118 74
152 169
135 67
182 4
78 92
20 90
96 28
46 178
68 50
62 136
147 95
14 139
125 40
153 52
38 121
12 71
57 156
41 105
109 133
167 40
71 128
157 4
123 109
159 144
98 132
44 162
60 3
167 59
52 2
64 137
149 90
5 17
123 148
39 170
151 173
60 147
152 40
149 158
119 33
166 66
46 158
161 151
27 106
49 145
40 21
111 113
130 131
96 57
44 11
126 76
41 137
177 3
102 134
167 84
150 38
14 91
60 137
60 116
79 28
49 50
163 60
8 161
159 52
4 45
122 21
158 130
74 104
55 93
177 176
156 39
72 85
40 111
44 132
160 41
33 64
125 27
129 137
6 74
61 105
67 135
23 124
45 166
76 98
32 100
80 11
38 129
57 152
42 19
1 43
107 20
171 34
172 173
65 117
163 119
71 126
67 172
155 95
134 53
153 173
125 107
54 174
194 194
87 72
125 183
70 2
100 145
3 192
193 104
35 17
60 187
187 65
128 156
42 5
28 64
88 54
94 165
140 0
72 99
88 34
164 132
83 158
91 4
109 87
38 24
145 144
16 32
188 139
144 78
143 165
25 172
77 37
165 53
152 24
186 43
109 174
73 156
160 193
20 164
122 9
88 58
90 73
18 38
116 18
183 97
9 65
36 14
68 87
45 7
179 154
135 165
127 94
27 14
112 27
37 47
39 40
47 59
97 129
148 66
97 19
19 71
86 106
127 55
191 88
48 172
143 110
138 117
131 10
38 166
147 177
23 9
68 187
56 71
71 165
118 10
82 168
80 137
127 102
190 14
120 58
168 172
96 4
142 112
18 161
145 114
123 166
93 102
107 125
30 149
94 112
86 83
26 110
146 101
49 87
145 76
54 103
41 53
100 84
180 184
104 118
24 131
167 162
27 117
7 15
127 58
141 35
145 20
55 101
189 97
173 104
141 74
62 161
52 183
173 162
20 38
103 17
179 45
96 10
25 13
5 37
72 153
107 80
181 151
182 162
6 110
119 95
63 81
70 181
83 49
21 177
129 103
82 58
68 114
61 179
150 94
181 0
80 29
114 94
190 2
112 103
4 130
17 165
152 1
50 22
133 41
79 5
63 68
117 161
146 66
94 112
113 37
66 81
109 127
129 114
23 39
103 176
147 28
157 54
76 40
15 14
147 16
18 94
62 17
83 135
54 142
179 111
192 167
100 179
100 41
80 164
146 57
19 117
171 33
73 177
191 182
132 89
117 144
95 150
92 113
62 112
29 146
53 175
95 155
2 87
57 129
186 16
133 137
171 12
189 111
99 178
7 120
4 37
121 125
44 100
146 19
99 40
150 176
170 171
32 154
104 57
3 120
68 132
153 10
100 117
83 20
19 124
37 112
142 24
62 25
64 164
28 93
0 26
29 138
122 2
101 103
53 98
102 104
114 122
111 85
105 87
41 67
9 166
21 78
103 23
17 83
48 39
107 46
14 90
134 8
111 8
148 66
42 165
159 81
166 29
116 100
39 144
140 29
149 48
71 33
158 124
36 89
7 37
127 143
152 21
71 92
30 135
130 49
130 114
143 161
134 127
101 131
160 3
52 113
147 11
136 165
84 135
2 2
17 91
154 2
136 41
7 55
105 38
152 9
43 107
64 126
129 7
52 37
151 162
3 146
142 0
135 11
55 56
20 10
54 73
156 46
102 20
58 35
45 79
16 40
38 130
137 123
32 168
160 61
38 55
55 35
47 10
108 63
73 102
47 0
47 127
19 76
111 21
100 119
159 28
158 158
153 70
110 167
59 16
71 142
7 97
107 169
62 96
71 87
88 135
134 118
66 135
156 25
144 8
78 128
158 133
75 67
64 142
30 15
157 165
92 143
142 37
133 71
159 34
41 34
25 119
84 47
72 91
141 112
112 46
52 50
159 142
114 127
15 53
91 16
160 44
81 13
127 132
39 87
121 158
107 80
0 146
110 21
5 72
119 81
131 117
131 43
0 162
88 76
134 57
102 9
64 124
129 55
142 21
9 168
120 136
154 116
9 120
65 94
6 14
3 56
99 9
2 135
83 141
29 90
141 89
44 3
58 35
57 45
43 73
39 108
55 35
28 23
160 106
163 93
171 172
62 121
138 85
44 69
163 47
110 1
105 62
70 64
100 164
113 114
105 121
169 101
130 54
63 101
138 122
70 127
93 78
8 149
47 61
108 53
70 56
134 47
127 5
14 33
163 56
22 127
73 98
152 21
138 48
0 60
32 122
45 86
64 126
16 54
123 128
13 140
17 22
43 163
26 144
46 57
29 34
148 68
89 118
167 130
35 73
24 12
98 68
23 69
123 163
120 55
24 75
114 149
141 57
31 157
60 12
47 93
161 105
53 40
170 96
169 65
77 51
119 38
107 20
12 158
58 76
167 148
126 82
156 126
129 113
125 32
125 18
123 17
58 115
56 21
102 73
124 70
108 8
29 88
75 61
137 57
35 133
61 149
121 6
119 62
94 79
97 90
107 48
8 65
103 10
100 65
135 34
59 53
158 73
150 104
161 78
57 132
110 41
48 118
25 60
139 167
86 119
167 81
163 39
49 20
85 95
129 149
48 66
155 33
137 35
129 134
95 128
14 15
149 50
127 62
59 3
122 95
22 161
29 134
155 14
109 95
89 85
151 83
117 153
33 151
114 99
56 163
7 54
105 87
149 157
160 61
1 53
44 128
91 39
53 89
29 91
6 7
91 119
101 2
154 53
152 135
127 113
13 54
141 134
136 118
24 119
18 126
83 41
81 62
167 19
127 134
142 26
145 133
151 78
131 91
55 150
109 128
11 27
7 122
85 152
117 143
98 109
150 135
42 26
62 60
24 38
80 18
167 11
89 70
162 147
143 65
22 62
106 81
48 50
139 139
28 5
43 0
5 1
9 133
4 16
84 33
3 76
92 50
87 134
29 50
7 36
129 9
50 79
40 125
63 32
37 79
128 92
3 129
33 134
11 12
46 37
113 95
56 98
94 115
26 4
40 33
42 82
23 79
115 92
124 63
52 39
41 71
110 42
37 44
106 53
91 97
103 13
111 114
91 20
73 115
9 117
110 23
102 51
53 133
106 127
77 87
19 69
111 118
73 39
93 58
16 40
53 94
118 29
49 74
100 70
98 32
55 109
71 69
112 68
56 34
122 128
58 133
23 2
91 30
137 96
46 94
98 64
93 9
83 77
9 53
85 44
64 17
135 2
70 45
79 108
7 36
31 62
114 66
6 103
109 115
70 5
69 16
25 29
16 72
125 18
63 74
91 72
74 37
131 87
105 5
41 71
44 23
138 121
134 68
44 5
59 104
120 114
53 38
111 6
25 118
54 97
30 137
84 6
4 14
68 76
57 19
91 20
2 101
30 90
6 47
12 123
8 65
14 43
98 61
41 125
132 33
31 5
60 73
87 25
11 64
133 17
37 69
80 85
86 88
45 21
5 92
67 58
11 14
124 81
116 109
4 75
80 110
93 84
20 2
115 90
107 31
100 19
105 54
53 42
178 179
101 172
113 88
28 14
139 61
113 80
91 16
66 141
41 124
67 69
58 73
114 50
96 1
60 134
101 74
67 161
0 137
47 169
27 113
18 97
22 166
26 132
117 113
82 115
28 158
75 171
65 86
88 33
11 161
79 170
176 112
93 169
4 20
155 163
82 31
42 174
150 104
62 68
5 89
91 144
137 34
120 10
44 24
30 52
67 55
12 131
122 65
107 105
112 126
158 84
102 17
143 44
112 74
7 27
15 118
174 120
131 152
21 116
13 175
74 73
26 80
167 86
36 171
141 96
2 148
9 121
9 105
23 175
24 122
84 31
151 40
36 80
40 126
123 79
152 53
155 42
128 23
16 144
84 8
1 157
123 87
36 32
29 132
98 81
134 54
116 4
84 130
78 152
76 125
22 46
88 50
95 0
144 60
69 133
113 51
160 92
124 80
56 40
121 176
74 155
159 100
52 12
8 88
35 130
176 106
157 57
57 86
147 96
52 46
119 60
174 9
89 101
163 142
140 167
144 128
50 36
70 148
58 102
55 101
29 93
172 75
162 30
127 74
120 153
57 23
32 61
6 53
17 121
110 13
141 2
60 99
69 14
116 153
98 127
64 15
91 149
2 58
154 97
72 151
18 96
1 129
26 50
15 29
42 43
67 147
68 6
42 128
103 159
108 158
174 23
172 16
75 109
28 18
13 73
170 100
73 31
81 15
67 99
164 118
88 109
137 54
26 156
138 1
4 129
174 90
107 22
131 168
31 26
99 159
103 66
98 113
129 176
119 23
142 40
149 105
3 52
52 131
154 29
2 12
125 158
176 176
15 32
22 41
76 12
130 139
31 115
21 18
162 6
84 106
72 38
38 27
64 53
49 58
65 7
17 105
22 136
56 66
171 101
113 78
41 136
75 131
150 136
142 161
91 24
62 114
30 163
105 100
158 94
101 42
147 47
71 119
73 169
158 127
93 132
92 159
115 23
159 56
41 153
1 14
16 20
8 63
51 46
141 1
43 97
145 130
137 14
72 104
56 34
55 54
102 149
172 147
91 41
18 44
122 132
153 19
146 138
9 49
114 21
118 38
168 157
59 151
80 130
52 131
74 24
173 107
143 64
105 58
166 58
79 11
30 112
138 120
57 64
85 147
9 171
152 91
131 66
84 99
119 35
59 136
132 81
145 120
66 99
45 74
85 120
56 12
132 3
67 19
54 13
72 40
19 128
82 112
36 150
73 166
126 155
60 20
141 82
69 29
167 95
40 3
15 140
143 160
67 36
113 98
138 122
138 10
10 157
20 44
34 46
89 93
114 48
19 37
130 143
126 88
155 121
85 166
39 59
159 116
38 106
116 96
170 64
46 78
10 5
115 130
47 44
157 29
130 49
80 0
152 85
94 31
85 132
15 68
8 124
119 174
158 111
175 59
26 153
46 109
63 100
33 49
78 175
48 14
14 97
6 129
48 166
122 164
56 133
146 25
87 129
64 89
36 70
111 127
61 126
51 45
94 12
11 84
98 61
158 60
77 112
166 52
40 125
146 113
26 97
114 116
93 114
72 66
17 130
144 7
116 142
155 19
167 34
95 166
114 89
89 141
17 79
92 80
81 58
43 63
137 137
122 4
12 25
87 24
69 23
37 51
107 11
31 22
20 20
128 76
10 84
19 75
71 14
98 33
53 38
97 49
36 105
131 82
90 48
55 64
116 22
16 75
97 86
89 47
106 117
48 80
2 117
114 50
84 56
78 58
107 120
88 38
121 127
38 65
130 57
79 93
31 92
41 78
108 129
92 113
40 78
58 123
37 42
81 18
76 104
87 22
61 29
19 21
70 28
85 41
117 46
1 10
71 132
124 25
121 42
120 62
32 24
49 24
42 69
36 131
16 101
131 106
127 60
71 133
37 60
89 2
132 18
133 90
98 66
109 103
28 83
90 92
117 43
112 3
134 5
107 131
83 133
40 84
80 74
117 111
114 101
102 70
6 92
22 98
64 88
17 131
69 75
119 107
110 49
38 77
55 90
87 8
92 1
58 127
84 18
102 22
75 44
0 67
28 64
15 22
136 75
14 15
123 68
118 116
56 79
33 19
10 94
96 103
93 85
86 0
22 23
68 52
119 97
25 51
73 131
52 23
39 72
3 66
28 8
87 104
106 68
25 120
69 99
47 104
105 25
32 117
32 127
71 83
134 14
128 79
102 53
125 44
93 4
132 111
62 122
53 83
49 14
97 78
103 103
14 92
81 6
33 68
71 34
73 82
66 22
62 78
1 6
43 56
102 22
37 76
34 80
64 100
61 75
10 12
1 93
16 24
93 0
34 50
29 81
0 5
0 13
19 83
36 21
63 82
55 35
32 100
15 90
82 13
26 96
86 92
34 27
47 0
70 24
2 82
4 16
29 22
2 24
65 49
28 58
10 26
43 1
8 42
76 58
52 90
80 102
46 35
55 31
75 94
93 22
39 97
16 14
58 88
34 39
97 20
46 83
84 25
87 90
65 92
79 60
59 14
70 76
4 3
14 22
65 79
73 24
38 21
6 7
46 13
33 41
21 60
85 100
4 2
11 70
27 69
84 90
84 4
27 71
93 88
85 41
65 75
96 75
82 20
33 0
61 25
3 86
83 102
1 88
75 87
74 32
19 0
4 55
43 20
26 31
92 53
26 8
83 74
11 19
39 63
5 64
47 100
99 8
14 28
111 112
108 55
26 78
17 13
49 55
13 46
4 71
11 104
58 69
78 10
77 37
22 6
38 62
31 71
89 67
105 53
50 19
97 44
57 17
14 55
102 48
8 27
20 47
5 72
82 19
56 24
83 101
52 79
91 10
18 83
77 10
81 12
56 68
86 8
64 55
103 100
16 107
95 52
65 88
107 42
66 37
79 105
14 38
100 72
44 105
56 59
72 62
20 27
35 69
13 106
36 40
88 57
51 52
29 73
4 5
94 77
12 70
50 62
23 26
72 91
40 8
71 70
97 1
70 32
79 73
3 25
23 4
56 91
53 74
21 26
44 109
10 4
8 57
24 60
40 83
92 38
108 80
22 104
77 94
56 34
0 45
49 0
92 23
39 105
72 86
85 60
5 57
55 36
96 13
97 80
7 77
99 19
12 4
39 62
96 89
23 95
37 37
61 13
7 18
45 41
101 20
77 71
107 47
61 22
43 33
52 99
7 102
106 40
102 71
101 34
70 29
66 13
26 107
108 108
106 82
88 92
8 67
55 82
66 47
12 72
33 16
73 85
8 2
25 36
107 25
79 78
5 95
83 20
65 104
94 64
48 79
55 90
64 56
11 18
106 23
55 24
1 31
49 37
73 26
51 74
60 89
76 22
58 81
77 51
23 15
3 79
61 71
36 74
0 33
56 63
87 106
29 20
57 105
23 78
60 38
19 90
20 28
1 3
71 78
2 94
65 94
58 5
95 34
67 2
65 95
93 32
52 61
58 30
16 1
39 81
63 92
12 75
78 83
53 13
15 41
28 71
92 96
22 102
104 79
82 105
29 77
30 67
5 97
98 88
77 21
5 46
13 48
39 33
62 107
41 93
72 77
81 85
79 57
28 103
9 91
60 3
86 54
44 107
87 92
21 34
96 73
13 27
76 1
1 53
54 31
16 58
35 18
75 98
1 22
5 12
15 10
65 81
80 9
101 1
51 76
41 15
58 40
57 54
15 26
73 74
40 69
104 90
161 162
142 77
13 35
50 47
31 94
134 40
133 84
4 155
152 143
85 156
101 107
72 32
83 3
134 131
142 56
5 144
101 25
60 27
114 154
87 110
30 145
109 60
94 42
25 153
149 86
72 110
21 89
132 23
154 104
160 146
8 15
40 45
112 109
102 100
90 65
90 68
128 120
41 38
30 102
67 66
55 58
26 18
41 117
60 159
144 75
90 100
24 31
141 130
69 15
120 82
30 38
158 49
127 37
139 39
145 37
95 45
63 80
36 1
160 145
59 136
115 22
53 28
158 18
33 73
35 106
145 33
122 65
102 21
100 89
5 121
5 125
44 100
101 109
133 120
135 140
41 31
99 130
27 135
87 96
81 101
134 122
66 105
127 95
63 8
129 106
70 68
48 13
1 154
113 28
48 134
44 128
137 89
103 143
118 3
104 70
31 39
144 77
12 98
146 150
96 115
23 154
46 5
160 71
99 48
61 152
159 147
116 106
128 135
139 98
7 86
4 122
39 79
56 27
17 91
45 41
74 153
158 108
18 120
47 36
68 118
144 109
54 66
81 99
77 61
147 99
60 84
2 151
18 139
69 58
139 75
67 155
102 52
52 104
141 121
118 99
47 88
33 141
120 141
42 114
52 36
160 68
99 153
131 2
100 157
71 80
74 119
10 17
121 15
15 102
41 141
68 12
33 128
149 102
95 153
68 30
138 27
19 67
109 76
72 150
69 89
47 22
39 22
78 97
175 176
83 128
69 164
129 143
110 67
1 61
166 70
97 13
38 25
36 95
76 6
102 123
45 38
73 149
106 104
25 53
158 131
97 85
30 29
96 52
90 140
13 97
87 82
107 110
8 126
132 143
68 61
76 59
10 114
43 149
27 116
73 45
130 163
17 147
24 138
80 91
165 115
174 93
29 78
6 106
51 14
75 115
151 97
13 151
126 161
102 33
78 130
118 152
125 10
148 136
52 126
43 31
124 42
97 42
148 153
167 103
43 2
76 44
21 19
5 89
122 124
79 85
62 2
164 0
136 164
116 115
146 165
9 159
27 95
51 107
35 152
131 20
65 56
75 32
121 63
12 58
143 45
24 91
91 7
172 166
106 29
171 113
74 54
126 6
90 101
56 2
0 102
158 12
45 65
105 36
71 143
166 117
10 39
23 167
158 79
108 20
110 66
97 82
65 162
88 49
28 155
59 121
134 28
70 20
33 156
101 0
94 104
120 92
62 105
9 143
141 22
89 94
153 53
40 163
37 43
0 106
52 66
71 37
57 163
144 142
119 90
19 71
140 39
121 139
84 27
50 130
26 50
81 116
104 5
25 121
29 142
10 3
40 82
47 81
25 97
164 17
88 145
161 8
124 53
81 107
39 33
61 108
49 42
24 142
65 153
97 50
30 72
131 107
166 70
167 3
20 16
138 133
141 85
139 124
33 67
77 22
107 72
92 138
82 156
111 116
143 125
22 34
118 173
45 130
133 109
103 14
147 154
64 66
168 90
157 5
4 26
76 60
0 111
69 145
86 60
162 6
17 32
157 158
36 70
53 138
83 15
82 16
54 7
92 130
136 90
69 17
118 34
130 105
97 77
8 108
76 134
8 111
32 96
41 32
45 68
116 126
17 128
10 41
46 72
37 103
152 26
92 138
86 145
65 65
16 26
36 106
60 92
63 44
108 93
4 137
106 153
125 120
37 156
71 10
145 83
141 140
122 140
128 76
142 83
110 37
18 1
126 146
65 78
14 64
76 17
13 51
46 26
25 13
24 83
42 128
143 12
153 26
103 140
67 124
36 120
121 52
41 54
133 122
62 106
155 22
105 138
39 12
57 152
110 64
67 81
126 27
86 86
69 122
121 32
27 11
63 33
87 23
146 104
86 95
150 83
64 84
128 98
125 104
43 29
142 111
13 143
72 111
108 99
6 16
28 105
138 33
57 91
71 68
39 78
4 32
148 32
5 68
47 120
24 6
117 91
109 9
153 130
105 24
72 104
52 111
145 100
67 33
134 45
123 138
45 16
80 2
70 36
31 85
91 150
116 55
97 83
89 68
124 93
72 37
23 39
140 125
33 11
88 82
95 42
90 86
88 140
19 13
131 34
27 51
138 97
56 143
54 78
14 145
57 21
92 119
87 80
124 107
32 152
70 55
142 127
142 3
49 105
139 37
120 55
27 9
27 101
55 83
103 81
134 101
63 3
116 102
52 25
21 83
13 85
87 91
126 30
136 105
142 18
105 150
35 105
81 133
183 183
8 134
50 78
148 94
8 64
82 164
109 149
153 48
24 50
126 46
64 114
103 29
24 27
163 85
11 41
99 102
177 104
182 107
143 168
50 88
70 151
58 73
62 120
170 28
16 27
141 114
84 80
49 61
147 49
90 29
72 99
20 131
179 67
52 143
173 139
108 43
57 1
121 107
77 119
146 109
164 93
114 46
107 6
56 163
10 12
112 87
35 82
90 73
158 32
171 143
127 148
149 37
86 2
121 87
137 163
73 26
72 118
66 4
109 120
133 122
26 60
83 62
135 3
35 174
75 110
16 147
126 19
145 165
11 29
133 25
51 148
25 23
151 64
1 91
154 18
78 134
137 121
65 162
153 90
141 100
6 169
129 99
81 73
43 92
117 33
123 176
140 109
173 148
180 108
127 115
67 92
154 146
125 21
52 37
78 36
22 135
51 84
98 93
2 73
107 141
75 119
45 47
136 32
141 159
91 74
107 26
172 99
62 78
115 56
33 55
7 11
36 180
90 182
14 135
34 92
152 121
109 110
83 138
114 3
18 41
8 146
63 125
20 122
119 125
121 77
88 152
149 70
69 65
141 180
30 83
145 176
44 182
137 12
15 127
110 9
156 33
99 59
122 160
43 120
14 58
152 164
51 43
108 59
57 62
86 67
1 87
87 173
2 169
54 165
116 142
116 164
165 89
7 33
94 104
163 50
155 49
92 132
8 24
27 141
149 6
94 113
44 91
18 122
45 47
130 73
178 161
67 63
96 160
82 74
65 131
180 3
76 38
3 30
113 25
32 30
84 79
112 67
6 129
117 130
144 51
154 64
127 140
58 38
54 165
189 189
23 24
153 146
4 93
178 95
89 187
66 170
99 136
117 178
1 180
97 1
172 93
33 3
3 137
39 184
8 162
186 58
16 156
60 85
116 144
77 50
155 140
22 143
132 65
56 139
75 68
162 88
91 58
7 130
60 95
3 46
104 68
35 124
20 55
10 31
81 71
146 22
165 47
47 168
119 108
177 103
126 5
64 85
26 28
123 6
176 86
154 126
185 26
82 125
156 17
23 27
50 48
30 170
149 26
70 77
115 14
20 182
78 52
15 19
149 104
125 74
135 136
162 25
150 132
149 179
18 117
100 107
88 3
29 65
77 49
187 34
27 3
179 18
161 105
144 6
80 121
68 80
106 150
93 166
156 67
120 177
96 174
177 155
32 184
168 142
176 109
48 167
120 139
55 38
168 28
149 135
26 183
145 153
130 67
70 49
38 97
18 1
156 134
64 130
18 123
44 168
81 130
80 92
65 12
40 70
16 169
163 125
89 167
45 54
104 154
186 115
51 77
146 15
81 143
77 21
124 99
164 56
83 16
29 55
126 149
64 4
129 77
55 38
28 153
118 36
86 67
144 116
66 73
27 101
57 147
182 39
96 117
133 157
24 179
74 162
102 85
162 138
112 42
131 153
0 140
18 60
176 86
159 97
133 54
136 121
161 125
53 129
33 3
117 187
95 57
77 127
76 8
175 174
138 123
74 117
112 138
160 27
124 35
24 65
187 68
5 160
36 94
32 58
56 69
61 149
87 87
95 138
58 99
33 16
68 8
81 43
70 181
27 176
53 6
9 51
146 175
80 138
8 117
186 47
7 188
86 182
66 30
129 117
68 125
133 97
140 137
64 149
137 146
87 91
77 1
170 170
37 141
6 16
136 123
96 105
106 149
152 155
137 27
136 114
17 24
112 163
47 7
67 80
85 19
57 60
168 35
48 129
145 77
72 54
31 111
132 40
26 10
37 156
101 35
60 45
39 118
168 44
124 128
148 65
126 81
158 77
36 166
115 78
4 53
36 17
58 77
87 169
27 84
161 167
42 128
119 51
137 123
82 117
54 133
44 102
51 10
48 74
152 87
12 163
11 156
64 48
89 111
67 151
20 117
117 58
152 63
58 108
55 119
125 140
114 152
34 169
116 165
124 83
118 98
85 136
57 1
112 21
44 18
135 51
110 65
0 125
63 92
83 58
71 161
143 38
80 57
53 49
132 26
124 7
16 81
124 81
144 73
133 67
118 19
126 141
96 100
22 126
56 31
64 148
16 169
57 79
129 96
164 152
31 91
44 119
72 47
162 169
108 47
108 126
97 98
29 64
62 65
96 93
113 160
160 161
70 130
98 89
71 29
163 93
84 144
64 79
120 28
117 56
54 58
29 55
119 23
130 58
23 11
44 99
132 137
139 76
165 74
104 109
74 108
82 139
90 30
59 146
75 41
99 6
62 1
67 0
100 53
107 27
168 124
133 151
57 130
35 102
83 52
32 11
150 158
18 156
133 70
111 77
126 80
123 83
125 60
113 20
90 56
52 50
73 88
49 15
159 130
54 126
137 72
60 86
115 117
59 121
70 120
30 43
168 26
86 25
46 123
51 72
164 8
138 103
118 68
28 59
15 149
94 125
83 152
141 154
128 129
48 14
14 94
22 124
77 27
91 10
34 93
12 27
115 4
98 117
64 64
75 111
64 28
91 114
115 103
82 2
16 7
102 2
126 31
58 124
6 76
41 21
48 40
44 53
42 36
100 14
126 107
7 47
33 62
37 98
101 20
28 120
122 117
20 2
126 121
69 78
99 4
44 110
35 20
56 88
103 78
57 28
75 101
35 64
35 108
1 72
64 8
125 29
31 59
52 18
96 29
33 121
103 68
88 77
37 10
88 16
44 12
113 17
82 119
99 20
93 117
125 100
1 29
88 122
12 32
61 12
5 109
49 94
43 108
119 9
25 81
93 79
97 69
60 79
99 51
40 31
4 64
94 37
31 5
38 54
67 44
25 99
66 72
53 74
83 109
62 44
123 108
49 28
107 92
15 109
12 78
15 55
92 16
22 109
35 124
40 60
31 102
47 65
11 97
79 100
16 94
74 13
41 11
104 123
104 20
99 119
47 116
5 114
95 11
7 27
87 2
105 47
112 118
88 24
124 123
89 39
52 12
23 35
30 94
114 127
119 6
123 85
71 38
49 0
27 38
41 57
104 114
104 18
42 89
84 64
179 180
143 13
85 55
77 109
8 55
76 10
84 7
77 125
131 113
85 108
55 103
86 73
119 111
160 53
65 95
168 80
30 7
62 69
178 116
108 139
86 123
67 5
131 170
42 144
74 83
124 64
137 66
114 31
84 77
109 95
176 150
94 35
41 27
143 156
53 156
101 72
15 139
68 168
71 83
103 47
111 82
148 48
80 69
83 84
116 164
72 13
164 50
78 166
80 26
3 158
168 133
31 41
31 120
24 36
83 39
121 127
176 131
137 90
111 77
178 41
170 49
36 72
59 155
118 114
31 140
31 121
163 136
77 178
35 131
170 38
165 55
7 49
139 99
113 144
122 9
174 113
6 50
142 31
83 2
79 81
140 51
8 48
47 124
13 22
60 20
75 4
53 162
20 83
164 129
75 133
67 45
95 70
39 10
129 59
77 122
173 29
14 38
99 118
77 62
82 112
53 74
173 94
177 43
173 14
148 100
145 69
77 152
163 177
173 116
175 113
79 9
47 106
45 94
93 147
17 122
133 112
27 71
114 127
142 142
0 45
52 48
21 82
80 129
3 5
55 12
21 178
105 72
103 5
152 87
146 17
129 107
178 100
48 93
56 113
96 127
175 172
75 148
98 18
139 156
105 101
37 132
25 126
131 142
166 128
82 42
149 133
170 148
62 85
135 39
104 56
49 52
21 100
118 125
39 56
94 16
148 144
28 131
31 173
59 96
75 18
88 141
110 161
67 79
56 172
165 140
13 160
81 36
98 151
28 137
153 74
39 123
75 122
53 4
100 44
62 112
74 176
158 88
167 5
114 163
124 160
141 101
140 140
28 38
105 37
98 50
101 33
34 126
100 133
10 61
4 106
130 53
121 118
41 0
28 21
33 89
45 68
136 11
49 57
106 37
87 26
71 64
50 60
53 105
38 10
129 64
129 54
32 131
131 110
3 85
35 19
99 36
60 92
22 96
133 121
8 128
53 92
12 91
57 115
138 65
1 107
34 127
118 130
112 66
24 122
13 116
24 71
35 113
69 84
66 57
46 74
26 86
49 111
86 38
103 118
86 96
83 117
107 120
58 74
56 92
68 82
25 69
42 92
49 61
118 123
57 127
85 36
7 95
133 134
113 106
62 109
86 59
51 18
92 65
29 109
64 20
89 97
62 89
10 4
139 111
110 1
37 69
24 55
49 57
35 30
139 22
93 109
127 97
34 4
126 91
111 64
33 50
11 73
77 95
78 34
35 76
5 48
103 84
1 42
72 25
47 36
18 71
40 13
17 5
109 86
10 15
65 80
13 56
23 77
111 102
39 102
22 18
102 56
98 138
23 104
12 30
113 82
95 42
48 25
124 125
0 17
109 6
62 66
15 135
97 86
60 138
16 136
65 82
80 130
106 35
78 103
46 131
33 63
101 1
138 81
110 85
91 139
77 92
87 14
100 92
102 44
53 20
114 130
