20
583 583
127 373
562 101
484 312
377 501
360 188
335 260
194 14
339 279
453 65
142 77
148 426
158 242
473 490
498 472
142 285
76 260
128 36
348 405
90 30
568 142
169 450
231 320
367 131
546 570
415 237
431 105
348 563
237 6
478 5
290 502
180 37
424 366
538 75
455 189
99 45
262 208
528 268
166 494
248 79
84 130
235 430
410 515
288 350
355 65
567 183
570 63
196 514
357 411
368 152
547 229
437 234
269 227
488 150
579 436
566 503
351 430
129 568
336 528
360 417
367 108
521 112
43 355
533 135
54 167
164 85
319 368
362 368
285 6
209 267
538 282
479 192
527 306
251 26
443 280
156 29
491 228
350 444
346 301
469 67
153 400
536 50
418 239
245 315
0 471
170 221
180 305
28 66
442 125
405 46
425 303
298 328
190 333
52 415
482 536
121 521
338 52
59 74
389 523
411 304
526 156
461 348
182 123
15 256
303 41
111 188
516 495
246 176
8 473
194 65
353 491
310 315
156 108
398 369
441 312
469 577
109 151
41 114
138 58
100 57
245 208
120 561
155 528
419 133
198 513
421 30
112 551
426 499
285 268
580 9
3 493
61 233
115 462
521 453
510 253
228 388
366 522
467 348
482 288
219 70
100 447
416 407
323 562
247 26
35 26
286 12
12 388
268 348
218 127
147 556
361 495
434 375
491 144
200 85
156 157
21 419
243 23
353 204
231 567
360 367
379 33
189 63
178 159
53 224
197 163
75 201
343 558
469 276
129 18
175 86
272 52
425 547
168 516
267 195
563 166
200 44
457 126
285 389
30 403
566 339
307 577
552 409
452 417
436 205
292 581
50 378
342 331
264 243
438 511
94 298
109 418
545 61
217 567
387 14
120 14
8 137
546 427
29 327
533 183
181 465
27 9
340 582
242 370
65 372
87 97
283 509
571 197
531 12
376 205
220 102
239 497
341 578
323 553
153 370
19 273
49 101
100 47
184 389
528 109
557 249
175 33
580 257
36 513
486 528
47 412
326 473
468 53
23 435
572 208
248 176
278 9
406 297
454 145
255 357
23 399
199 229
253 548
479 196
491 289
468 149
39 538
9 212
414 507
483 382
559 403
179 148
213 21
166 2
359 434
17 188
417 149
115 217
180 437
143 361
510 89
394 29
8 549
240 403
203 422
242 140
56 529
550 422
191 36
470 483
89 318
234 487
471 273
128 116
477 69
508 38
417 171
487 319
490 192
31 495
52 460
173 41
230 458
494 490
390 188
273 148
403 246
287 508
41 291
127 415
220 286
224 52
139 405
14 129
41 396
273 46
437 443
319 446
353 84
39 580
496 510
174 313
238 316
374 461
60 46
332 502
321 47
452 557
453 227
40 467
280 261
121 80
293 134
568 207
555 413
341 374
104 468
551 282
510 109
506 342
28 337
384 255
579 350
344 254
488 216
477 385
232 185
86 366
573 526
356 421
212 312
197 464
163 84
543 165
275 440
194 466
489 303
70 346
367 252
469 182
567 272
224 130
496 566
509 77
265 254
566 283
514 244
328 531
463 95
302 289
522 155
459 497
260 428
98 296
478 394
83 567
114 229
213 74
151 378
49 489
539 183
427 382
330 471
566 523
579 211
133 285
549 518
364 359
73 576
387 462
213 318
315 237
311 94
472 295
201 229
412 288
88 158
46 257
197 185
163 379
431 193
478 297
73 398
158 259
488 496
582 546
550 468
563 314
26 279
508 219
275 227
152 105
129 130
315 198
577 326
286 479
543 193
8 181
208 383
297 516
246 113
582 296
377 214
493 329
315 170
397 185
57 7
137 550
515 186
512 220
116 277
470 565
164 76
459 245
178 372
252 523
3 425
56 18
114 147
317 316
268 430
204 132
449 326
512 109
329 381
425 209
191 212
55 312
557 122
261 281
572 153
345 514
532 575
140 401
484 64
261 224
356 169
495 232
341 572
138 425
51 437
66 563
293 9
132 471
170 34
187 393
324 159
501 532
117 41
455 408
50 18
188 483
132 173
513 450
292 474
95 68
398 110
120 512
400 458
493 19
412 337
263 97
397 504
312 182
357 281
300 184
84 174
348 255
122 216
457 45
113 182
59 553
482 278
154 529
548 66
404 64
511 145
66 84
33 92
374 378
329 158
332 441
113 180
396 447
492 2
534 38
358 372
68 11
540 24
90 222
286 273
418 261
113 564
74 484
46 146
71 448
306 142
322 404
35 186
538 135
523 528
317 490
268 298
322 152
374 575
265 180
441 427
409 100
351 554
468 250
115 164
306 539
127 188
141 45
531 163
458 446
353 471
537 192
112 388
381 43
223 486
98 63
514 432
403 274
524 282
214 288
12 56
11 520
566 139
302 152
365 281
169 527
487 136
291 473
517 16
269 89
503 507
356 367
58 434
483 527
582 582
405 114
402 11
151 416
335 152
433 220
165 118
21 369
260 69
435 79
169 544
468 121
489 439
290 9
536 314
314 540
422 535
314 486
87 241
160 465
452 189
74 10
379 384
220 445
525 56
367 72
544 111
550 253
29 450
531 24
331 565
284 29
516 170
178 15
247 20
559 338
115 467
268 51
496 495
318 256
95 438
316 103
123 56
273 283
74 152
484 222
251 406
343 535
551 534
321 289
385 385
140 158
24 320
213 139
182 100
14 9
231 135
230 302
166 40
359 348
193 285
18 193
263 227
230 171
230 310
58 140
298 251
186 350
104 322
190 166
175 53
189 204
274 173
214 186
149 207
108 340
148 110
337 278
64 179
104 334
89 61
312 314
46 155
244 265
46 150
356 201
173 374
162 312
113 62
269 143
99 262
139 144
189 14
193 243
192 253
315 64
378 49
204 9
275 39
342 215
184 88
77 80
7 357
34 7
150 120
149 70
367 16
183 289
147 171
192 376
208 340
156 274
283 353
160 127
342 325
29 117
349 141
113 106
113 356
91 299
137 31
47 7
296 119
290 230
374 211
318 249
138 197
317 89
216 37
129 92
361 325
234 158
265 325
296 347
29 145
176 154
162 166
285 376
373 225
51 342
207 129
93 136
225 112
149 26
118 208
149 46
204 95
35 383
112 236
382 99
253 293
74 325
83 182
23 126
84 72
201 226
363 58
170 295
321 355
331 87
133 54
301 95
245 337
341 337
51 124
33 338
45 71
21 107
234 129
201 44
37 85
143 169
79 167
290 80
167 167
374 236
98 300
20 290
242 343
82 361
81 60
284 115
223 126
22 305
116 224
309 375
160 153
88 219
299 6
326 378
381 234
149 315
220 94
52 321
64 230
57 286
169 297
191 341
261 159
383 213
204 377
298 74
293 131
137 153
298 359
208 78
160 294
3 125
213 381
378 207
260 278
190 50
7 44
203 381
362 35
28 353
42 181
312 93
246 102
77 216
62 159
68 285
177 222
370 223
197 6
284 363
181 224
269 241
5 188
223 239
208 367
315 18
111 250
120 9
225 357
283 197
249 54
44 118
341 194
200 29
160 305
145 251
107 341
144 181
187 264
246 134
305 10
28 328
337 31
156 148
112 330
384 206
325 128
322 43
225 281
354 137
155 0
108 266
214 30
294 19
153 16
27 308
251 73
257 207
122 204
149 180
1 234
129 300
344 326
375 67
356 336
103 111
377 127
157 211
230 206
374 218
141 150
224 168
375 8
212 248
195 112
113 361
276 196
290 10
229 2
105 47
158 200
94 208
34 150
123 18
237 264
30 264
48 378
1 21
36 38
303 365
108 231
194 183
345 152
154 99
146 189
157 27
235 71
373 251
37 37
68 111
376 274
34 250
271 191
381 188
168 74
72 299
250 277
44 267
133 210
167 350
144 47
118 324
342 380
184 107
370 379
35 252
118 128
319 70
25 156
383 316
382 345
237 70
337 14
225 48
166 86
285 7
98 77
224 18
277 55
50 23
276 263
158 85
307 161
317 93
176 332
293 315
153 173
188 297
113 105
343 180
339 46
123 243
29 52
107 348
138 306
336 309
162 29
342 110
355 84
184 42
124 146
86 244
308 277
383 41
373 36
234 108
119 327
146 125
240 300
373 21
330 378
175 325
202 107
344 132
174 172
85 143
2 299
191 323
365 310
114 341
217 353
63 115
240 336
18 209
382 95
89 6
98 328
202 31
163 300
239 161
71 338
19 91
30 73
151 210
319 10
130 32
147 151
254 193
170 155
17 272
278 167
262 106
289 377
59 232
8 68
173 299
5 80
305 192
169 187
197 223
255 103
21 95
288 170
325 275
314 225
160 342
216 208
352 189
36 120
340 178
244 45
277 128
320 17
204 197
188 105
360 169
264 58
380 382
272 319
160 87
45 202
177 87
276 28
300 296
89 80
277 256
384 101
118 169
133 87
192 322
397 397
327 224
209 38
137 99
124 72
353 111
276 221
384 171
144 352
229 70
304 36
269 282
208 278
84 241
90 209
345 137
362 225
264 391
93 289
79 119
230 217
156 35
206 109
64 258
328 69
220 12
294 236
117 208
167 105
32 316
57 372
201 377
89 137
29 183
20 182
117 108
258 250
77 388
249 67
251 256
268 181
135 75
283 280
385 252
172 53
28 135
116 344
84 344
245 320
106 113
336 265
118 338
48 197
379 310
170 297
196 234
27 41
322 331
302 310
81 28
164 192
139 109
172 395
318 223
54 135
4 142
84 390
305 237
151 247
147 287
239 321
80 62
111 266
294 5
149 16
208 375
203 313
29 347
288 93
228 65
208 342
335 232
188 10
257 358
364 339
378 122
299 206
191 61
182 14
145 203
182 331
362 354
22 103
196 391
59 29
371 142
375 382
392 28
386 281
223 367
208 353
278 204
265 110
124 187
390 50
99 270
342 175
393 64
173 82
111 307
53 348
333 201
229 146
30 47
132 333
290 253
175 340
54 286
76 158
209 293
281 69
360 26
91 226
27 356
382 264
215 138
57 38
184 267
32 286
223 214
185 164
108 231
235 360
121 277
173 311
98 48
75 58
2 61
136 281
148 29
283 236
274 82
67 340
345 176
390 99
378 286
235 293
256 89
366 73
384 95
259 258
34 200
377 334
218 36
181 231
70 84
281 67
125 344
123 66
165 188
77 231
127 147
351 312
103 101
311 39
15 205
9 173
225 49
85 386
220 161
246 266
51 290
352 245
312 292
83 193
27 195
60 276
306 269
370 15
169 13
333 284
176 184
233 342
49 4
166 36
21 384
392 130
93 72
82 347
143 8
319 281
275 285
157 379
112 184
312 245
133 281
183 249
309 27
31 19
171 359
64 312
160 192
379 60
125 254
377 65
346 384
272 299
0 224
126 148
393 112
112 42
9 244
271 13
148 36
395 21
333 319
114 178
238 97
69 96
161 81
68 49
67 225
167 59
207 67
294 294
54 318
166 124
138 178
214 155
176 286
208 328
109 113
325 322
136 65
146 394
161 298
241 215
389 228
13 12
24 314
235 308
150 78
371 119
275 288
292 188
119 54
282 103
143 343
11 325
40 280
296 158
91 202
33 255
267 198
115 47
73 9
202 68
188 223
115 176
83 181
350 125
229 202
264 351
279 90
88 275
151 320
125 102
358 357
273 273
38 343
353 388
175 111
53 273
53 363
262 283
11 136
56 215
284 240
49 320
314 167
205 252
355 183
259 48
321 34
377 135
127 78
189 51
325 20
383 242
128 96
232 363
296 140
98 6
45 184
351 262
118 359
260 274
322 191
225 122
258 361
42 320
90 103
123 347
307 133
229 224
305 154
294 179
300 204
388 110
91 345
25 60
334 209
3 286
11 374
339 343
266 384
205 99
49 356
207 46
385 357
229 39
333 293
101 241
351 237
300 92
153 160
369 326
215 205
183 90
151 341
47 240
339 21
95 252
299 107
182 303
60 5
299 14
255 112
67 3
210 324
88 367
296 363
287 175
381 229
174 73
313 135
271 221
191 370
195 85
106 208
214 377
391 281
393 116
234 364
292 178
149 47
14 98
273 163
393 301
92 372
111 285
109 123
211 100
185 18
227 10
387 291
176 159
275 100
182 287
69 112
159 77
290 333
99 288
307 282
257 95
98 117
240 86
187 207
341 170
180 372
382 286
48 170
385 276
166 41
153 171
363 235
286 30
37 257
142 386
199 62
295 2
89 298
223 253
26 391
366 167
56 206
95 69
345 219
561 562
477 191
410 46
269 253
439 379
436 422
456 276
447 160
269 241
334 139
495 414
289 276
489 368
366 228
221 336
127 176
367 154
200 272
193 445
263 469
559 71
16 139
528 122
364 131
270 236
319 137
81 205
241 47
275 10
14 275
451 164
318 370
310 258
142 186
323 504
243 74
442 321
112 259
391 409
85 476
281 100
534 72
348 363
41 214
490 291
455 284
322 48
306 442
67 71
14 117
191 59
48 258
185 72
481 160
75 15
345 234
306 357
388 318
201 93
384 97
381 359
407 508
389 371
442 153
270 124
183 125
51 461
201 232
392 236
252 121
24 136
161 265
22 330
92 549
85 452
250 144
91 134
505 97
479 480
273 54
179 417
317 456
356 230
135 186
307 188
324 387
320 560
559 485
141 10
463 90
234 455
257 152
478 326
474 430
484 396
252 186
311 103
1 237
423 106
294 136
191 399
398 286
439 511
190 64
154 248
371 92
244 57
51 67
497 391
226 525
380 89
421 479
155 130
465 422
227 247
85 428
153 86
266 151
216 261
509 456
548 38
95 549
55 460
290 375
8 221
310 517
103 388
186 170
260 487
402 90
518 155
242 155
307 340
40 508
403 191
458 217
434 58
518 222
36 490
379 477
101 44
100 357
527 204
359 515
45 455
50 201
356 231
10 292
468 331
190 279
165 310
368 88
310 38
196 554
138 346
59 14
371 239
111 388
343 5
461 139
340 388
58 179
139 364
135 298
245 46
356 325
413 410
117 392
53 391
406 313
557 192
99 465
292 35
41 440
18 74
130 170
17 358
161 418
384 156
202 525
290 68
147 558
57 371
202 264
245 339
199 276
180 241
277 299
178 140
444 547
156 196
222 242
99 173
329 383
16 151
220 199
196 306
345 35
299 482
260 215
491 212
454 460
427 339
148 399
385 273
469 31
273 209
50 130
181 41
192 379
17 197
171 80
115 442
31 185
68 82
295 520
87 560
6 417
255 514
226 154
185 308
517 363
161 127
397 6
53 11
437 257
338 299
409 277
462 121
433 108
67 530
197 396
481 155
337 204
358 175
151 232
34 212
339 107
342 425
436 175
100 63
362 312
257 438
228 439
547 158
357 329
393 282
437 222
426 313
488 443
114 453
104 78
414 377
241 111
515 424
487 345
326 54
161 517
395 22
181 389
386 49
331 206
428 218
531 437
319 523
415 126
433 433
249 519
69 515
378 159
504 23
77 304
489 269
292 467
524 552
40 141
347 349
235 39
476 443
405 205
560 463
335 259
446 432
386 253
412 183
435 432
404 23
293 513
87 332
552 253
394 51
400 31
300 409
291 75
509 444
347 365
63 509
48 121
42 178
361 435
535 454
478 236
417 379
379 439
131 504
555 371
70 193
41 63
138 370
254 0
365 315
263 40
390 97
275 312
415 433
555 75
540 389
436 140
247 396
8 255
65 378
10 2
65 135
506 280
281 432
187 428
136 85
182 118
430 526
66 125
430 513
10 61
430 409
474 446
140 117
163 482
484 205
9 403
122 218
318 183
50 403
157 505
292 186
380 7
133 390
343 447
176 2
79 353
467 274
391 553
474 276
149 223
65 66
513 158
341 187
259 270
444 59
245 416
91 175
4 294
409 224
455 15
36 253
527 203
195 504
219 26
249 338
72 36
195 314
501 253
191 536
264 428
283 74
478 177
471 375
267 151
166 319
11 391
33 432
375 207
233 457
463 262
298 150
464 203
456 161
366 72
501 316
58 69
246 452
495 537
356 386
144 431
261 522
393 385
260 523
87 436
366 493
311 219
90 333
162 214
515 215
531 528
265 123
15 28
233 512
337 178
48 28
219 149
202 538
500 280
385 462
62 256
143 190
191 373
255 233
448 22
550 210
333 418
447 255
435 16
195 348
377 440
257 243
221 35
315 460
29 389
313 139
559 92
133 456
129 418
440 389
267 245
103 98
21 268
285 218
5 456
3 148
391 50
85 260
388 280
338 401
208 418
510 90
215 206
293 311
139 12
257 172
270 406
114 28
246 291
415 67
215 481
531 418
347 274
555 56
125 174
31 0
319 1
437 209
521 534
546 169
9 328
403 472
500 280
239 185
252 415
335 323
180 135
409 305
29 195
370 71
71 383
53 69
508 391
32 490
327 468
464 247
158 336
284 306
491 97
512 192
515 411
546 515
489 363
559 63
134 518
9 368
105 435
494 62
220 52
188 194
441 547
322 92
66 38
365 275
467 558
76 545
168 421
223 291
354 96
282 221
257 156
259 520
21 363
83 192
55 241
456 272
364 496
203 218
493 430
95 236
449 399
488 172
463 56
152 150
372 485
80 103
62 297
99 8
429 313
222 183
123 484
420 118
4 487
24 291
527 165
232 349
189 415
472 159
309 320
244 292
395 349
86 553
0 458
210 414
265 98
21 432
218 388
314 441
171 222
387 7
24 366
221 58
217 213
533 361
92 195
544 445
105 156
53 298
152 335
433 492
31 417
245 454
3 250
472 227
463 403
209 528
25 487
139 98
459 472
106 340
453 551
146 318
497 498
400 456
339 407
25 47
161 6
195 402
56 401
189 263
179 418
430 2
189 295
190 430
453 404
185 480
254 321
340 408
367 335
418 416
139 383
65 120
25 301
378 260
199 254
176 70
245 55
26 282
388 434
17 216
372 344
342 203
114 129
141 358
278 157
216 235
355 93
394 281
217 57
311 276
22 93
148 163
445 268
378 174
390 337
357 396
275 265
70 202
64 389
222 211
123 18
111 439
396 478
211 9
458 290
383 26
362 480
424 34
381 311
151 306
378 274
215 11
214 156
221 285
173 451
469 119
234 296
450 83
265 134
100 338
40 226
383 483
20 402
216 310
292 77
351 43
55 173
5 242
203 442
72 226
22 376
348 44
300 256
66 475
316 69
468 166
325 32
434 354
341 21
98 154
197 136
483 125
367 425
46 488
391 74
126 118
335 89
345 151
302 139
381 88
427 294
326 352
383 256
277 263
93 227
39 376
4 464
68 25
190 48
122 115
406 257
346 421
75 245
384 194
455 53
347 268
296 386
318 176
116 355
258 98
150 209
349 298
496 155
376 418
209 362
122 174
98 118
363 468
339 347
400 250
194 297
359 251
427 167
25 180
279 46
429 457
258 105
433 281
375 430
296 312
486 87
206 94
66 88
111 72
496 405
378 14
265 366
209 241
421 369
91 235
195 376
482 23
478 129
235 418
234 356
444 207
302 223
484 326
398 44
449 98
113 73
116 330
247 54
99 325
236 172
224 191
387 431
236 209
304 44
77 148
355 41
437 24
26 333
377 101
199 100
174 329
336 485
216 463
291 86
431 315
182 31
138 159
44 246
463 51
199 348
65 43
240 230
67 179
280 266
367 444
450 479
144 217
183 462
224 360
351 474
181 159
491 210
456 320
47 38
63 422
142 246
152 128
307 382
152 219
340 90
246 22
239 293
431 390
426 98
75 158
490 280
490 430
426 484
199 125
224 473
395 262
66 366
424 50
270 374
140 79
274 286
255 62
128 189
287 189
347 57
14 39
469 341
4 180
479 398
374 203
465 206
248 272
495 208
85 175
428 441
230 398
137 205
395 485
350 265
496 358
397 374
391 186
42 369
443 395
275 24
403 320
268 416
127 154
6 440
384 385
287 434
315 118
279 424
365 386
248 306
183 364
226 321
367 77
148 269
293 313
310 423
343 373
203 254
197 470
359 209
319 85
376 322
422 138
27 331
140 463
7 275
100 496
249 233
5 143
456 398
0 472
348 269
200 19
490 227
437 397
158 28
26 432
73 37
45 124
90 101
52 185
358 97
331 325
468 110
184 12
484 104
49 185
204 11
412 249
150 370
74 28
460 481
195 100
224 37
311 240
101 488
88 39
365 459
73 95
108 12
116 257
118 268
453 166
415 323
369 368
396 241
399 444
47 359
72 97
337 445
436 383
99 438
77 200
296 464
476 323
256 404
175 269
435 375
374 131
175 29
444 246
366 74
110 346
119 90
38 182
242 456
73 150
350 341
481 323
149 149
229 136
81 406
284 405
212 19
222 334
256 64
138 342
364 126
216 421
280 483
118 427
80 25
42 191
18 106
256 199
11 340
249 485
69 93
285 209
46 455
22 10
28 476
105 333
258 392
54 321
251 41
239 172
364 7
113 454
329 58
398 45
207 340
433 324
209 449
407 222
405 429
408 105
115 434
5 16
13 373
90 60
405 437
444 5
135 272
6 233
279 464
307 81
81 486
114 417
142 290
222 198
303 223
333 306
495 418
467 339
75 11
448 233
238 480
429 71
305 373
16 111
365 260
422 324
244 446
413 39
237 62
285 311
121 217
311 122
137 119
131 455
191 385
44 255
3 106
155 473
261 308
244 172
172 129
79 169
381 92
154 492
306 122
15 115
410 103
223 326
457 223
284 30
458 152
431 329
478 461
272 89
261 242
372 19
361 109
201 127
295 246
44 31
320 277
381 59
61 233
133 280
310 22
347 417
422 271
409 281
370 404
322 184
377 308
417 370
0 414
163 122
153 468
249 380
115 473
383 306
262 177
372 192
285 248
22 222
6 211
291 107
292 52
360 116
487 345
435 281
403 163
135 275
158 232
382 60
42 274
127 441
309 304
55 2
224 97
481 250
358 403
455 275
392 326
347 319
276 382
48 285
63 355
90 356
416 395
172 148
265 134
438 299
474 77
175 493
247 201
280 159
435 281
110 238
60 6
64 457
245 336
367 285
145 482
380 458
282 237
372 55
30 51
128 313
483 7
381 476
139 406
597 597
255 481
362 566
407 338
60 280
582 301
231 507
485 287
558 240
589 560
250 156
137 446
362 238
277 220
162 513
287 57
515 213
159 543
284 280
560 566
271 321
231 523
213 502
123 96
60 174
330 92
539 310
525 445
68 304
198 206
240 208
421 485
408 136
416 558
527 72
394 357
283 178
61 28
125 496
51 184
276 185
472 358
183 195
500 378
561 229
437 101
563 204
340 238
199 352
424 137
494 107
285 198
227 157
33 346
507 329
491 84
420 164
359 366
124 6
212 239
317 88
293 52
291 284
16 13
150 467
574 440
19 24
181 240
563 223
552 215
276 451
18 446
192 99
83 354
594 294
382 295
348 314
575 78
69 19
486 591
412 219
221 441
84 431
57 402
20 50
501 586
412 297
373 496
254 581
278 456
132 228
519 64
119 480
476 475
469 188
385 342
186 261
95 9
388 270
298 129
118 386
63 179
79 530
515 436
273 310
515 196
260 405
265 437
315 357
545 144
463 165
426 310
296 53
300 499
31 88
474 575
158 150
60 537
353 214
524 552
152 6
411 419
259 389
149 56
177 552
120 75
362 44
97 523
425 62
127 374
353 434
561 4
518 511
105 24
577 251
258 32
428 109
475 49
106 90
22 28
80 260
304 119
23 442
481 378
156 448
262 11
589 486
400 226
228 487
142 505
514 185
294 377
403 345
412 172
177 486
150 412
531 234
80 431
213 531
383 561
550 346
235 25
252 542
433 15
497 457
45 552
309 391
116 316
465 115
5 505
320 46
257 155
563 232
166 337
279 179
502 526
552 232
154 117
132 184
21 587
519 9
400 66
359 231
347 516
425 227
250 329
461 148
357 508
225 427
584 524
430 481
116 489
584 385
546 248
215 119
106 567
13 138
346 506
426 372
577 73
402 231
356 207
118 243
74 117
21 321
205 61
527 451
217 299
547 514
14 143
114 142
280 120
29 127
477 30
80 432
43 457
44 483
129 400
494 140
461 180
241 515
346 46
322 149
66 540
87 249
392 80
177 178
282 75
82 207
19 162
596 163
26 63
440 44
184 132
313 337
232 25
71 531
60 555
499 394
46 127
184 563
144 438
491 362
546 403
543 550
93 542
582 542
563 119
229 425
165 127
129 542
453 397
333 178
549 514
21 212
178 572
414 182
521 299
105 285
215 447
393 51
571 309
428 378
207 514
22 37
556 349
127 151
306 413
307 460
75 258
234 328
487 253
529 28
313 412
262 14
66 528
240 58
414 17
508 49
63 1
350 530
62 23
413 477
317 368
30 123
428 392
25 241
269 318
133 554
546 582
490 373
408 589
9 111
137 225
226 494
428 200
200 554
411 467
215 16
139 132
524 222
463 544
243 527
461 135
97 376
129 410
402 565
79 538
166 388
286 193
370 370
327 94
561 571
587 141
273 179
379 107
54 178
108 245
381 297
54 546
360 478
446 183
101 165
531 502
75 268
18 220
314 446
397 345
463 255
411 387
471 117
272 193
439 503
180 357
306 200
81 211
395 69
212 505
387 496
144 146
343 463
289 162
484 37
292 89
453 328
445 106
277 305
211 120
454 96
296 391
6 163
210 354
239 378
254 399
522 30
470 376
515 268
305 139
205 403
134 574
60 38
343 556
56 337
433 554
326 510
53 109
464 309
67 263
65 106
113 298
77 564
235 583
125 593
376 517
494 307
346 487
446 532
272 92
27 502
392 86
195 330
42 445
89 39
146 86
384 131
99 259
223 462
435 311
209 325
36 191
81 83
18 382
474 504
386 268
354 501
234 181
6 526
566 253
339 95
227 115
351 104
566 303
17 574
303 381
572 226
310 316
101 33
537 328
573 575
457 326
507 330
237 71
302 490
586 206
298 21
125 216
519 29
7 71
452 513
143 287
6 404
437 430
138 84
39 354
83 115
422 496
545 567
461 62
268 250
248 427
46 543
573 374
445 542
435 557
224 278
85 555
388 207
291 500
234 504
596 307
207 318
265 421
484 132
359 106
533 132
56 10
384 556
478 9
566 233
488 317
275 170
377 550
430 44
548 48
355 68
363 547
348 539
51 31
138 235
345 410
421 74
11 378
387 185
395 489
209 356
503 286
240 485
506 260
285 73
141 457
384 20
560 504
513 135
348 14
402 31
82 73
451 203
388 93
583 241
574 187
450 195
60 480
120 70
144 566
403 405
425 262
147 190
303 365
380 40
71 31
104 162
365 153
247 532
153 156
320 233
405 130
587 174
221 466
435 110
492 365
8 242
409 320
89 132
172 92
123 446
11 220
373 204
139 353
509 0
210 292
399 210
361 19
485 366
453 582
328 300
519 348
49 313
445 309
401 138
561 594
217 502
109 572
328 567
545 249
518 217
404 158
177 298
67 168
131 42
320 521
249 459
175 242
528 298
413 0
571 333
238 377
329 168
115 324
573 37
255 63
222 472
173 62
208 376
419 217
118 339
178 142
361 345
46 330
330 293
6 460
217 304
449 221
545 547
584 564
31 499
351 219
259 230
9 501
121 467
186 428
547 217
562 364
97 289
559 585
448 404
88 565
189 46
593 537
504 114
16 580
180 512
145 344
248 439
309 155
560 370
564 495
239 488
180 529
517 336
120 142
87 346
392 208
125 253
367 365
325 32
522 361
108 505
347 70
225 357
107 36
508 166
57 74
580 150
463 237
356 477
203 583
171 443
99 572
351 351
228 208
299 0
313 259
230 63
285 33
316 50
205 11
347 196
170 261
75 44
51 10
285 75
347 275
346 300
176 152
9 236
236 54
302 308
20 188
221 181
220 295
306 186
20 63
324 291
335 190
200 37
112 25
300 123
72 98
239 284
170 237
291 248
194 55
243 231
50 204
148 102
277 270
333 92
32 297
125 306
333 17
31 314
86 83
181 331
253 147
34 69
306 72
117 314
184 150
3 349
101 234
154 140
232 16
314 125
70 264
270 77
30 52
135 301
270 116
253 306
13 173
234 276
228 320
119 0
350 61
296 111
251 89
94 88
213 132
45 46
124 272
324 305
255 154
259 98
53 164
337 161
75 66
35 220
210 304
14 143
254 198
276 299
36 143
275 19
66 239
160 310
264 190
333 123
221 157
310 241
41 263
329 296
155 116
69 3
135 14
201 73
21 28
171 126
145 47
275 85
44 211
39 73
196 297
92 21
252 55
318 52
337 293
47 286
289 141
144 106
179 73
101 345
120 189
236 262
347 255
115 160
223 40
326 144
165 68
113 56
108 55
348 80
15 84
214 45
151 293
16 8
342 319
157 106
17 101
5 43
192 13
42 109
253 53
122 6
52 57
112 235
304 149
233 110
144 309
251 97
94 284
252 267
12 85
186 47
79 18
21 191
301 261
314 52
48 203
249 85
309 100
249 11
110 252
210 132
229 254
176 110
16 323
46 66
113 17
35 233
62 193
103 56
98 12
205 66
141 146
246 103
103 88
340 144
265 213
116 188
299 132
93 281
347 304
321 140
22 110
303 345
40 73
86 55
110 138
284 280
21 251
329 168
301 125
338 318
145 216
348 93
23 93
35 91
220 20
130 345
339 231
304 71
115 28
155 28
308 225
115 88
245 319
93 93
49 196
61 69
162 194
276 47
127 175
184 311
305 347
227 303
23 283
311 181
209 127
1 105
182 156
124 105
198 77
273 206
275 237
80 323
19 76
251 6
306 136
132 84
25 250
182 349
168 48
164 131
236 15
171 165
260 68
145 284
139 96
333 56
28 53
129 63
58 36
172 18
91 13
252 294
292 116
153 83
215 109
124 317
120 89
157 285
218 29
115 291
347 347
49 97
149 13
50 167
174 196
199 211
154 265
19 100
184 84
182 172
127 37
126 307
230 247
266 284
224 86
71 30
116 210
223 109
276 266
100 262
123 99
2 299
49 266
0 21
182 222
259 182
127 309
206 34
307 346
82 110
140 170
29 142
252 256
160 252
164 166
266 261
198 287
191 257
279 247
107 180
1 99
58 15
39 128
113 253
12 335
154 184
326 141
46 183
85 227
43 196
95 249
174 298
204 293
179 3
184 121
210 286
291 185
302 268
170 319
303 64
248 171
312 107
290 213
89 7
192 13
251 121
57 287
219 63
67 251
21 47
322 251
85 231
137 251
219 25
90 296
116 172
268 327
189 77
74 207
210 268
27 255
192 110
174 85
336 49
96 241
130 346
216 56
308 204
229 2
299 165
337 308
285 53
120 243
100 112
18 194
98 299
58 46
131 279
328 221
111 116
111 62
108 230
83 327
319 65
230 313
259 256
309 206
463 463
357 277
132 224
265 179
145 172
369 255
228 458
52 4
454 245
388 26
68 41
238 410
134 105
207 283
237 405
223 324
139 152
87 118
297 445
154 353
319 153
322 235
239 85
330 375
401 230
445 255
377 181
460 220
215 222
338 204
65 452
315 99
391 378
361 113
3 399
263 226
461 34
293 123
35 411
353 160
126 147
328 335
93 214
148 325
240 308
8 23
122 306
395 323
436 224
160 4
231 151
359 424
84 403
63 189
60 293
440 416
288 360
112 17
53 92
111 260
457 294
311 119
153 117
52 243
248 301
163 213
174 190
304 59
422 432
436 367
320 19
90 413
141 320
412 202
173 195
26 235
354 168
459 337
291 219
231 48
435 76
440 394
164 320
0 282
186 297
316 436
98 218
75 406
320 239
145 198
433 204
83 171
219 36
255 253
13 48
298 197
302 448
17 276
269 3
11 17
454 455
384 327
444 89
39 170
369 12
217 185
67 339
86 11
265 287
46 52
249 278
437 55
42 88
265 454
9 311
15 276
314 0
263 399
107 7
19 13
198 187
237 410
422 440
264 324
376 398
213 21
76 337
425 187
353 119
430 402
215 362
73 156
93 241
248 47
60 374
98 441
389 433
121 335
196 59
457 385
117 284
158 381
279 367
197 294
233 169
242 339
32 160
401 26
73 125
36 360
338 308
452 308
181 438
208 110
206 377
198 376
294 34
401 67
362 285
454 136
186 132
3 408
434 218
55 404
12 219
64 265
111 62
37 227
337 292
380 420
333 254
288 290
357 339
161 226
73 430
100 326
271 259
15 103
219 417
173 244
46 405
4 411
175 157
160 216
173 49
303 78
368 217
93 128
65 436
404 254
118 139
109 215
29 100
54 298
79 422
365 401
349 126
457 80
296 61
284 155
233 180
398 298
137 312
459 202
457 203
53 400
326 286
97 162
461 356
26 326
264 251
377 391
9 151
212 372
64 16
371 34
43 8
320 306
45 181
384 27
139 213
210 437
310 2
69 19
345 19
271 96
198 320
8 359
268 381
398 395
140 43
51 306
323 183
364 82
284 79
4 285
433 423
425 388
407 455
185 206
13 0
321 456
64 211
130 329
435 332
87 239
256 112
296 312
106 290
80 371
368 390
350 84
184 49
41 23
403 302
303 227
394 416
165 161
201 458
39 6
419 348
460 300
149 386
387 4
376 429
67 4
263 455
41 128
152 447
460 257
195 266
220 300
172 126
296 96
102 85
433 46
346 232
155 141
146 206
173 79
257 233
225 240
369 57
215 440
234 232
35 213
224 429
93 429
62 397
193 100
146 164
107 163
304 203
409 262
52 161
105 293
71 310
78 41
19 151
94 294
218 253
394 129
270 442
376 198
298 332
208 106
443 155
358 315
289 459
331 15
309 341
362 437
189 91
242 152
446 208
173 336
176 375
354 104
302 446
316 442
259 311
3 235
87 240
410 72
87 87
140 278
252 396
24 39
191 442
361 266
313 348
260 245
349 201
358 326
305 362
210 385
157 101
52 387
459 245
332 462
278 84
17 9
223 241
394 216
193 125
185 4
249 44
419 156
19 136
209 314
237 35
137 131
55 394
350 363
363 226
310 394
403 178
130 38
254 337
174 62
66 159
203 359
52 315
162 333
184 246
281 83
214 421
353 129
30 443
206 240
171 104
456 53
266 286
334 123
359 231
390 45
404 136
163 304
174 168
414 325
119 359
28 406
73 333
314 381
333 277
92 57
285 215
212 85
208 262
30 84
129 279
415 132
436 245
124 115
152 322
392 75
192 271
142 420
339 439
427 167
398 383
135 56
141 220
19 59
143 61
340 224
356 446
402 3
119 329
362 63
312 445
253 291
249 216
192 106
447 299
219 157
213 383
140 65
124 66
301 334
95 441
136 178
355 451
28 249
313 185
167 391
393 336
89 421
238 179
15 456
150 223
143 408
11 74
314 457
328 309
462 152
41 134
122 309
95 397
119 325
427 119
456 287
419 357
74 256
249 368
128 263
209 110
359 445
440 394
414 210
363 16
151 413
433 115
49 273
309 66
185 343
341 273
168 352
146 297
202 416
216 106
217 42
24 425
356 287
548 549
410 249
268 521
487 38
325 13
3 106
411 421
214 174
9 15
78 249
184 94
434 153
148 224
227 485
192 176
441 282
531 456
429 423
33 371
385 488
46 358
352 388
135 30
45 18
387 144
358 124
397 23
248 244
302 545
173 475
209 494
522 186
182 313
136 403
463 215
26 93
54 510
112 498
88 189
453 157
401 475
70 384
200 250
248 318
366 502
20 541
180 147
32 542
517 362
149 289
502 433
515 295
245 8
317 79
356 333
380 343
299 210
460 23
341 499
454 280
274 279
547 46
41 26
508 31
440 130
15 229
525 395
523 102
301 342
248 413
208 110
320 80
103 507
30 352
205 17
416 484
531 479
77 415
19 144
274 157
386 459
306 410
84 363
158 282
147 386
68 406
58 475
6 508
312 282
419 36
93 89
20 287
155 196
460 217
374 174
85 186
168 213
28 512
366 253
211 306
284 85
12 279
239 343
197 138
174 123
213 68
355 387
35 353
23 82
376 67
254 517
182 34
546 542
367 331
209 484
21 30
309 494
409 153
291 120
364 58
246 37
545 149
74 173
256 152
220 217
187 84
238 46
40 489
272 356
292 408
438 54
0 313
466 320
12 529
39 329
487 496
97 285
458 484
208 292
509 286
491 428
474 148
210 181
538 515
495 54
108 282
168 385
277 108
209 206
108 410
358 248
105 167
223 28
320 136
542 431
312 281
2 485
239 238
325 332
386 349
203 272
230 495
175 491
150 79
489 385
205 378
545 300
328 431
19 220
103 220
73 133
191 415
226 75
407 430
351 3
396 366
313 6
70 198
277 60
445 220
50 219
519 223
106 47
267 419
211 245
378 490
358 284
480 21
23 156
279 459
277 494
73 127
325 162
223 143
483 55
394 240
463 533
152 485
356 21
386 539
481 139
423 217
358 411
19 475
387 502
20 299
426 236
399 93
236 324
499 194
434 171
276 345
282 350
491 0
539 210
349 330
119 473
456 344
272 49
123 476
227 231
467 144
237 225
121 438
84 46
337 72
417 519
441 186
186 151
481 504
406 178
223 282
79 525
147 131
179 471
154 270
414 526
324 73
512 224
390 445
90 168
139 179
365 79
231 152
109 124
302 284
19 515
65 97
348 218
141 212
54 528
78 295
488 41
385 402
420 24
193 227
526 510
41 452
57 464
40 392
129 286
373 462
11 268
486 438
222 479
459 199
494 277
438 110
512 6
31 275
502 384
466 344
368 52
516 508
472 425
283 128
42 53
321 109
119 173
105 379
30 342
191 136
246 96
103 81
476 211
167 254
170 430
54 86
166 538
536 23
151 90
264 271
500 194
487 157
537 72
534 44
181 139
236 177
378 547
330 459
285 306
308 498
156 455
445 362
505 322
532 5
397 109
423 248
406 349
541 482
527 515
106 527
276 280
279 342
373 226
104 62
132 110
17 532
347 288
182 35
160 424
533 166
415 9
479 528
463 393
360 472
24 14
414 466
381 420
219 145
327 326
437 323
308 31
319 26
181 227
103 73
240 342
351 209
309 227
72 402
447 344
478 432
470 471
463 344
62 423
202 134
30 389
421 91
237 458
137 312
386 419
213 360
21 78
425 136
539 451
247 497
501 10
481 178
522 543
419 516
223 156
546 193
404 373
283 539
303 93
84 540
352 261
459 297
6 494
397 336
285 117
127 216
514 358
354 180
268 61
217 345
538 491
316 215
326 394
59 51
163 82
463 144
13 516
462 375
163 19
256 431
219 21
379 383
135 186
247 305
102 404
347 464
252 92
58 236
407 30
232 238
382 23
539 148
523 395
535 25
28 258
279 243
199 247
433 111
416 334
190 252
289 519
183 110
346 541
143 362
52 205
348 496
216 6
521 459
56 191
21 508
324 84
452 301
412 523
429 337
162 400
491 192
302 451
444 247
61 220
545 159
107 233
239 346
257 323
86 212
293 314
398 108
409 69
164 422
332 393
245 165
357 494
397 309
8 231
451 413
144 69
422 449
247 252
147 113
445 76
390 234
462 190
379 361
235 443
288 115
281 19
85 105
414 210
442 482
467 422
63 345
366 64
316 485
50 65
142 35
269 68
258 104
465 303
198 210
325 273
412 58
164 178
389 498
4 150
25 283
200 472
536 208
146 19
204 424
459 316
384 466
23 301
56 215
545 60
453 375
433 442
73 318
268 169
320 462
317 272
316 465
125 517
108 304
300 391
160 313
231 332
85 116
451 254
435 261
88 20
463 340
110 94
263 536
22 498
223 35
500 339
428 539
416 198
41 537
302 168
72 321
10 533
360 157
539 33
54 247
39 199
293 517
77 150
220 9
164 99
438 443
7 237
435 318
427 543
283 476
370 181
287 356
85 380
413 99
346 76
396 467
8 505
227 141
270 85
184 448
463 7
244 194
85 470
37 131
179 512
266 321
129 121
501 5
104 214
411 487
406 22
99 259
520 535
72 327
347 363
370 377
23 262
305 66
317 228
313 342
327 328
73 234
254 54
97 193
202 285
223 16
108 143
305 76
152 55
271 225
157 188
142 282
112 197
119 221
138 283
263 39
273 64
118 244
18 108
66 123
47 221
272 197
182 155
119 158
56 242
104 63
19 214
84 246
48 39
323 203
151 186
158 167
319 97
114 185
308 10
139 180
286 29
184 319
150 141
291 211
275 207
94 303
222 202
241 86
289 178
38 145
220 21
119 196
289 212
131 233
321 271
300 270
171 188
237 65
185 321
201 202
178 133
243 203
289 309
160 65
211 160
181 106
211 104
225 300
114 173
117 29
207 17
205 325
299 51
46 116
318 157
198 155
32 77
59 22
87 321
154 220
234 206
219 9
217 118
292 117
146 240
257 317
316 261
221 135
251 196
261 267
3 150
228 132
154 35
265 195
323 149
29 92
9 231
22 248
38 227
48 222
213 92
261 305
113 110
306 155
3 273
4 240
280 7
42 140
244 15
164 215
308 240
144 193
114 225
33 75
297 60
60 81
59 91
109 322
150 81
262 88
236 154
161 266
315 97
112 111
0 232
145 185
51 216
114 198
181 74
42 56
137 59
151 103
98 197
186 260
257 248
310 121
295 74
80 52
164 283
96 100
285 72
288 150
21 245
227 310
39 202
261 269
280 85
190 320
162 286
116 49
78 0
74 99
152 46
238 154
163 224
296 242
65 121
39 165
56 86
196 174
117 96
89 39
32 305
265 279
1 194
194 54
153 79
33 177
239 213
110 179
95 75
105 314
152 160
155 52
227 209
213 24
298 252
230 302
162 4
106 168
222 163
150 209
294 284
170 183
36 114
98 281
268 39
199 203
255 2
119 262
195 155
80 240
123 166
78 219
60 285
121 185
302 191
148 179
35 177
291 226
88 306
18 62
173 30
267 126
61 102
165 59
207 256
4 154
46 3
288 82
175 14
205 317
169 150
235 261
161 112
0 108
170 157
187 18
52 17
27 35
2 22
186 192
19 209
212 190
273 300
315 81
71 121
180 101
271 148
261 88
104 105
170 261
187 275
200 31
301 148
170 227
0 304
186 264
128 20
228 307
61 74
103 216
318 41
97 283
280 262
275 266
200 57
240 118
57 296
25 21
248 32
244 103
40 157
85 103
83 168
150 313
203 145
94 162
26 102
272 191
131 306
272 128
154 239
116 93
115 212
152 141
244 271
9 69
80 193
269 94
81 164
217 93
255 284
294 219
83 281
169 239
275 122
35 22
23 102
222 59
201 46
226 47
24 26
127 235
3 13
177 70
71 84
276 302
102 234
96 151
298 185
216 265
195 246
21 251
310 127
173 244
199 92
27 72
216 132
145 154
132 219
211 230
205 203
110 160
311 307
73 207
53 190
109 289
121 157
284 130
282 13
105 38
111 63
195 40
103 0
127 13
243 235
112 11
79 29
244 130
10 298
161 317
188 299
129 270
308 309
322 86
32 264
0 9
284 51
286 103
116 60
296 86
97 267
494 495
481 372
73 26
481 114
471 44
353 402
273 178
143 449
121 484
244 138
334 183
427 25
480 19
466 255
351 59
157 369
248 129
155 145
313 375
420 142
105 290
28 333
288 378
422 171
363 463
152 173
252 257
277 85
394 238
352 303
178 305
434 15
214 480
362 149
346 87
377 342
235 451
389 459
136 84
53 317
50 60
317 260
399 302
101 154
457 300
165 453
28 142
128 160
363 243
330 50
446 215
226 268
233 188
272 121
493 424
484 325
145 49
406 307
462 51
405 13
466 425
73 130
290 0
297 256
306 160
429 134
456 259
447 162
337 195
125 279
164 336
440 115
477 310
361 352
365 445
430 272
402 391
445 64
320 253
467 249
437 186
445 402
70 399
100 452
237 462
304 280
449 402
272 250
162 432
437 139
465 33
478 428
492 427
240 430
185 372
64 213
122 182
87 70
82 246
214 241
81 374
336 25
329 37
469 114
253 492
85 467
401 278
265 70
6 399
331 12
225 245
427 449
79 347
100 74
369 162
42 314
393 451
488 432
52 283
281 23
490 359
143 420
490 451
410 408
420 2
301 247
257 206
59 288
362 336
4 213
88 238
249 100
38 41
324 243
320 144
9 165
92 371
328 206
121 88
145 245
52 101
361 446
241 309
152 475
194 163
455 210
365 336
378 210
13 457
108 208
374 334
211 171
378 466
114 99
398 59
214 259
266 451
320 82
63 67
230 32
243 311
154 192
456 168
131 92
354 470
364 293
465 234
260 135
234 349
462 429
194 139
150 182
264 460
33 30
63 381
253 318
70 360
34 407
59 32
62 219
19 413
208 426
67 484
393 28
457 356
55 361
103 158
178 259
289 422
309 266
90 406
272 68
35 214
246 360
140 94
68 309
295 159
203 276
358 417
279 156
77 322
40 334
153 180
108 218
44 442
355 418
46 188
402 187
108 136
230 155
24 248
461 352
188 373
296 170
380 53
375 135
29 457
143 415
193 182
131 252
230 292
480 46
287 330
466 389
50 449
203 257
115 128
7 224
394 304
357 358
493 334
297 292
267 29
265 441
253 20
312 396
2 483
319 299
194 344
299 346
109 298
480 9
287 224
88 47
405 188
82 5
297 459
48 380
327 124
145 313
270 86
129 17
316 326
176 8
354 70
422 476
45 463
248 408
456 332
80 336
342 421
386 163
49 199
324 434
308 430
76 29
46 84
410 259
267 417
487 93
129 182
205 416
384 174
66 453
296 346
274 147
364 198
451 220
215 413
403 281
364 29
167 479
244 465
388 83
230 71
253 435
411 359
93 459
472 302
208 214
361 328
32 482
263 285
258 484
325 478
67 167
206 250
221 234
317 450
81 115
56 108
27 389
408 28
330 175
389 386
221 44
87 310
101 307
351 350
388 359
86 183
433 455
195 292
302 214
329 72
180 383
332 439
467 208
437 246
193 303
402 332
202 414
281 489
399 303
222 139
376 293
254 308
106 369
89 449
27 408
351 472
417 262
30 190
436 445
308 467
305 135
109 216
265 67
370 445
90 170
463 152
460 26
449 223
232 126
40 98
76 260
82 391
87 53
4 112
85 84
273 367
89 444
17 383
388 355
31 441
99 38
64 55
332 65
191 73
171 71
385 285
236 301
354 467
85 378
462 413
340 224
174 295
238 429
344 245
192 132
170 376
485 291
410 288
361 323
394 161
6 38
393 339
366 242
180 308
281 451
235 148
4 127
62 409
160 242
375 407
343 406
257 105
394 388
217 227
388 261
354 172
17 448
251 253
121 384
395 431
140 402
35 137
106 144
440 152
119 321
233 321
481 462
356 491
224 381
202 133
305 173
127 62
370 377
321 432
370 491
400 222
413 16
214 489
147 26
347 160
42 266
234 140
137 29
410 150
284 416
95 118
235 149
32 276
215 165
162 353
136 145
161 122
118 55
135 375
95 265
38 42
183 137
166 326
37 374
296 136
309 375
30 445
282 50
215 117
30 57
202 431
60 166
276 417
352 178
443 465
68 447
91 41
422 251
185 311
448 459
340 482
487 263
367 424
101 275
332 142
79 132
352 94
17 139
371 188
160 369
377 375
416 228
39 468
285 344
363 278
320 293
116 209
194 314
149 483
131 295
481 42
136 265
404 340
88 154
83 336
217 248
36 460
488 193
98 129
408 334
133 461
231 234
108 250
293 425
280 258
300 479
250 268
168 436
150 214
56 256
65 288
254 273
27 155
285 249
143 125
92 253
313 313
168 96
159 215
201 75
5 180
140 152
112 88
211 268
32 124
25 303
25 60
262 95
24 311
217 178
105 98
87 66
124 15
192 217
292 246
113 80
194 297
72 215
170 269
80 246
198 202
225 67
162 185
146 174
1 149
247 50
116 68
45 296
201 203
136 238
280 180
127 249
113 124
80 161
94 283
134 160
189 254
127 8
144 38
149 273
10 107
175 84
29 89
254 221
108 230
60 77
288 37
161 187
310 88
20 241
50 54
308 154
163 239
240 84
44 307
102 76
122 17
68 239
109 152
31 284
48 179
217 53
202 298
35 65
269 200
254 55
209 281
208 249
296 21
291 97
135 302
6 42
281 220
21 36
7 40
219 52
68 17
277 123
151 270
157 312
54 69
37 98
310 226
209 207
304 293
282 187
191 89
309 251
249 122
162 292
306 219
198 68
154 61
19 163
124 267
23 176
237 141
16 60
268 234
176 225
62 221
272 107
7 253
62 230
209 257
125 224
255 203
264 10
135 96
50 283
109 260
88 35
95 33
229 66
291 12
196 92
161 40
256 155
35 169
75 5
192 244
134 200
172 134
192 48
18 308
217 204
239 127
122 267
20 296
309 38
92 273
276 154
271 254
72 219
186 306
238 109
309 65
161 21
69 130
87 2
206 50
139 304
220 132
116 262
262 240
163 74
228 42
258 126
32 148
142 292
88 218
246 29
50 46
138 56
59 120
132 226
179 227
47 271
182 87
289 125
161 132
136 139
227 76
224 43
22 259
127 15
44 72
118 60
78 95
177 218
131 137
52 271
229 273
47 61
148 99
231 298
87 309
34 16
59 1
223 220
236 81
153 37
59 242
299 233
138 99
199 125
83 232
192 213
274 0
61 201
148 71
67 254
270 235
199 63
283 16
97 71
108 168
98 212
94 129
228 46
172 194
75 114
289 255
217 267
117 250
283 278
219 266
150 312
62 176
192 36
107 308
125 251
112 177
268 185
232 168
12 146
222 91
308 87
4 199
98 213
178 121
74 69
68 85
223 225
223 93
88 103
3 293
119 213
86 78
246 75
221 5
58 258
33 92
291 53
266 37
120 77
146 94
179 195
69 176
269 51
116 292
234 44
220 120
198 41
116 306
273 93
39 299
78 18
71 34
33 19
96 300
81 153
310 204
29 222
273 66
8 261
305 77
159 242
245 174
129 44
137 10
271 89
69 138
172 312
18 141
90 167
8 76
242 171
42 280
34 271
219 2
41 4
208 174
310 200
206 103
113 127
216 306
131 72
71 286
76 266
82 89
127 128
261 52
20 56
289 303
267 16
20 158
19 309
158 190
293 16
105 14
7 94
128 9
257 100
53 161
212 20
110 98
150 26
82 58
48 170
186 20
178 277
273 168
8 159
176 81
95 301
44 281
252 64
164 134
295 196
487 487
307 448
230 151
477 471
388 223
437 482
66 182
202 23
421 287
378 25
271 105
389 105
321 110
385 196
7 106
270 399
191 470
134 409
224 422
476 442
269 125
139 257
112 335
453 341
366 46
470 344
449 150
91 372
399 115
221 477
220 406
220 322
75 411
177 186
141 300
256 167
255 241
407 395
80 367
245 373
62 446
110 228
431 342
457 32
22 175
94 22
176 73
485 315
14 251
382 6
173 473
59 470
209 260
140 466
184 290
249 216
275 77
419 190
223 220
395 390
243 76
150 320
466 419
15 466
472 311
129 228
211 477
250 188
485 421
224 221
438 13
90 304
8 226
277 23
244 231
138 16
168 0
251 288
98 147
459 266
7 84
74 419
438 50
471 324
58 436
281 39
343 327
385 371
225 351
413 175
192 469
301 383
15 360
338 65
162 114
198 141
73 0
50 103
258 24
292 352
222 147
475 86
457 79
261 373
379 196
9 19
402 402
106 310
206 417
44 445
99 199
31 73
7 4
28 399
265 96
244 151
237 318
397 63
267 39
235 172
191 159
75 75
217 424
354 181
457 254
454 230
134 70
392 485
397 142
69 420
85 6
325 313
376 153
192 66
69 474
147 258
334 260
28 53
234 64
149 383
444 36
106 116
432 91
64 329
262 174
180 134
278 178
163 336
403 486
473 355
127 472
77 133
186 292
187 105
319 252
288 336
284 276
199 225
385 229
403 94
228 160
170 415
95 20
19 333
32 329
315 323
457 477
282 223
159 474
70 300
150 310
99 189
245 434
7 129
224 143
135 411
170 452
303 136
300 265
108 153
477 332
323 254
308 278
265 436
250 467
290 167
356 400
178 221
350 433
89 185
427 87
371 55
191 428
207 18
172 4
337 146
400 480
271 4
271 52
32 367
47 34
265 154
206 235
181 443
460 69
475 101
157 231
173 190
208 348
184 211
357 211
204 352
356 101
153 475
356 140
6 16
170 234
469 271
59 376
277 481
96 350
412 96
286 84
432 98
309 7
50 447
312 10
111 254
74 12
471 95
112 261
8 477
92 113
321 309
303 469
332 111
38 230
314 258
187 324
162 91
369 328
338 212
298 195
207 281
376 372
146 191
12 319
433 154
294 105
87 267
209 111
172 251
340 247
84 318
240 40
199 77
290 122
148 369
163 101
473 356
378 370
203 450
117 391
9 467
247 412
354 414
178 456
216 357
19 31
390 131
208 259
213 102
471 329
261 361
230 465
180 78
41 122
344 214
194 477
233 353
280 441
241 100
288 290
152 457
419 308
398 55
476 140
301 124
317 460
270 75
154 60
13 450
177 195
185 357
54 371
156 249
180 166
456 397
198 469
121 121
8 130
101 32
475 484
288 402
478 305
196 389
352 463
2 41
229 360
75 19
268 284
281 231
459 449
431 250
202 170
131 65
415 41
38 233
466 403
52 158
60 457
264 249
290 244
435 267
286 32
147 24
255 67
29 428
191 59
229 291
187 225
266 192
425 116
350 136
125 235
37 403
165 16
91 301
81 286
318 40
64 367
266 466
238 150
209 295
418 261
486 270
462 118
65 96
63 231
466 416
163 19
36 334
149 328
445 127
485 230
429 107
86 62
44 208
334 156
417 253
354 265
384 416
343 160
222 449
209 238
257 202
49 372
44 293
252 29
260 2
110 250
144 33
241 27
183 188
272 88
354 113
360 140
300 82
44 217
455 36
69 254
139 225
350 436
297 184
17 433
27 70
421 127
155 171
359 175
94 169
283 463
116 448
43 156
204 247
114 406
173 3
60 14
282 143
158 410
187 92
162 176
303 214
386 96
102 289
459 89
65 196
476 86
242 12
91 350
269 278
281 205
51 273
417 341
95 333
425 406
95 282
10 418
345 230
350 227
316 447
474 322
239 213
225 463
158 313
104 147
184 427
45 385
71 235
81 293
212 484
280 19
268 139
369 121
348 126
404 63
217 177
221 391
199 456
282 278
425 357
128 386
116 122
357 4
297 18
15 269
119 23
480 295
247 387
26 193
256 108
117 430
166 473
443 338
447 196
384 69
456 386
339 25
348 403
421 41
310 158
12 267
394 430
330 5
198 154
263 188
449 286
272 211
380 128
155 59
129 341
71 52
396 416
332 410
282 257
415 97
364 106
367 259
264 271
426 41
229 294
93 33
75 23
469 365
256 455
140 138
190 385
314 211
453 417
435 436
343 272
92 424
128 370
194 277
25 37
38 260
311 68
218 369
352 111
82 126
93 305
383 370
175 222
132 241
3 237
66 192
181 338
274 158
428 301
330 25
285 10
79 368
302 162
273 289
415 220
82 347
282 73
287 22
264 14
252 419
168 259
162 318
34 341
200 428
18 19
29 95
29 296
23 100
389 331
108 288
192 361
426 190
213 39
46 278
254 34
285 290
173 414
321 12
433 199
210 86
181 8
304 240
332 210
99 327
172 279
205 207
390 364
396 189
32 160
186 7
297 279
258 36
40 27
219 136
222 38
47 429
226 396
163 351
236 116
395 262
35 400
330 157
346 425
142 283
290 371
207 328
364 144
171 30
159 396
0 390
377 381
334 39
390 168
284 63
325 183
149 236
394 352
334 36
319 297
225 41
369 166
310 432
20 290
252 46
429 179
117 244
283 371
96 17
72 230
414 381
174 397
315 120
156 133
431 206
248 32
198 213
211 174
30 73
111 231
402 274
83 105
33 84
93 366
161 122
60 165
128 132
244 234
368 0
198 400
424 356
134 11
186 187
252 337
125 208
39 364
26 92
177 122
45 60
182 262
428 198
331 242
33 113
113 140
98 401
314 303
315 79
267 6
343 58
258 84
5 34
118 297
411 32
84 295
123 21
219 258
57 108
221 107
240 90
57 326
194 330
409 363
369 66
124 241
318 270
296 374
236 323
347 414
267 212
225 431
254 382
55 10
109 311
402 276
159 349
244 16
379 353
420 211
17 306
133 101
41 327
208 429
400 277
47 120
117 232
171 272
274 371
248 226
59 376
290 207
223 218
129 92
303 159
22 114
215 312
197 155
141 248
83 405
90 107
331 130
394 207
136 68
286 226
167 376
148 346
121 14
106 371
87 250
356 401
271 110
257 129
377 33
3 399
63 25
147 93
293 386
19 107
333 429
370 298
201 65
79 75
3 322
130 178
136 90
200 43
172 407
5 15
414 115
132 8
94 42
428 280
387 387
373 5
295 277
334 300
375 61
375 405
140 378
25 62
106 277
249 218
233 278
385 255
255 204
238 83
363 349
293 223
228 307
141 231
88 88
141 40
2 20
390 82
144 143
420 416
199 242
86 234
46 424
193 28
111 302
208 431
219 31
330 67
290 5
85 36
68 371
391 227
301 71
214 347
328 2
245 199
425 84
65 323
351 29
323 258
246 20
43 96
155 30
27 366
394 3
374 113
332 28
99 330
242 190
192 305
61 127
203 429
317 43
72 268
91 226
246 395
49 329
352 281
212 204
207 379
49 172
200 138
34 373
128 291
153 268
396 313
299 206
249 164
425 174
400 314
274 73
403 203
49 315
85 320
256 254
426 284
423 306
236 183
31 14
282 357
227 176
382 235
392 91
265 196
75 382
12 230
433 342
222 415
292 40
294 299
141 114
412 277
25 121
135 213
135 48
224 409
202 362
11 171
359 159
98 276
64 427
334 110
83 62
94 113
405 375
54 388
230 111
232 23
237 247
295 359
333 364
284 84
247 100
251 295
128 172
164 341
9 192
247 55
160 92
24 341
287 130
233 71
94 74
314 22
381 331
253 174
251 280
372 102
389 55
227 181
87 82
267 383
430 96
180 79
412 156
278 205
268 256
331 77
91 362
251 202
376 38
310 69
163 184
232 247
420 109
183 16
400 73
161 15
86 387
100 334
96 64
320 379
13 364
291 208
410 104
134 107
168 344
85 9
249 323
432 317
334 234
299 181
188 291
243 26
352 275
339 344
280 13
369 216
417 293
389 217
325 392
293 89
90 50
374 379
253 339
139 371
109 152
8 3
21 298
138 244
153 373
378 34
250 433
283 312
95 232
182 229
310 412
19 40
411 401
305 393
322 230
382 1
5 431
294 383
192 18
392 432
23 337
327 327
197 274
63 167
396 284
261 237
270 264
230 280
231 246
33 100
102 118
114 408
348 99
117 401
390 97
434 66
304 305
151 220
286 49
254 202
86 168
280 89
242 216
57 246
49 261
196 271
32 294
240 181
126 214
297 77
60 63
271 191
107 228
293 134
33 105
289 243
44 135
47 282
240 302
260 104
71 1
295 168
61 119
45 247
37 187
251 54
245 97
37 234
65 64
185 26
285 98
233 187
181 25
23 280
96 117
119 299
164 168
303 110
70 241
125 45
99 107
220 72
2 57
137 257
299 83
181 19
222 280
17 126
102 99
216 56
68 215
79 31
158 232
185 94
139 244
47 6
94 255
8 283
252 113
196 145
180 247
239 74
216 98
197 272
24 31
246 126
173 92
36 21
115 27
287 222
244 271
222 46
25 35
148 246
87 277
236 40
130 284
78 171
139 43
74 292
114 180
288 16
53 287
27 37
259 184
167 10
57 215
250 85
43 98
72 110
151 147
127 4
192 297
36 221
209 27
223 126
158 19
19 208
245 211
108 46
56 216
127 275
73 129
228 90
200 116
263 12
16 63
57 102
20 208
252 109
252 229
265 171
91 106
30 284
26 32
264 138
125 98
228 104
194 198
27 168
180 90
170 2
105 212
117 227
48 125
50 81
252 300
103 11
7 40
88 149
303 33
132 49
153 124
35 72
256 59
165 62
64 132
40 31
258 169
6 173
254 3
303 73
100 219
259 118
267 108
141 59
124 266
103 289
73 293
48 138
216 25
173 214
245 280
162 214
99 216
235 184
257 50
269 250
65 54
178 240
299 44
23 15
17 136
125 126
280 90
132 174
84 192
184 1
231 41
257 58
243 27
93 204
151 212
282 74
10 216
276 156
188 21
157 299
137 205
7 283
169 129
17 155
157 269
6 218
292 100
143 280
180 247
156 236
6 27
259 150
3 32
70 248
259 207
124 243
238 93
222 131
287 103
68 256
186 156
256 91
67 174
118 96
44 263
291 290
136 67
115 262
206 155
58 201
141 162
271 182
26 91
195 189
157 25
181 279
66 55
230 149
261 149
109 60
46 18
85 112
70 182
34 200
98 277
151 108
291 255
42 118
19 29
54 253
229 177
232 251
112 7
173 174
234 70
88 282
106 280
175 189
101 176
165 225
29 215
166 12
146 32
61 225
174 166
55 115
78 115
123 303
174 191
261 296
290 104
97 61
266 92
284 272
209 63
279 162
190 238
287 157
78 33
199 44
176 253
64 270
269 254
141 203
211 139
260 114
191 197
1 53
37 153
233 302
160 246
196 208
61 62
95 179
224 140
105 6
276 112
62 169
69 242
93 220
46 296
190 49
118 254
103 207
205 155
97 32
256 77
156 294
185 14
170 267
274 105
217 275
156 262
216 296
228 241
234 22
71 274
224 120
39 190
57 40
88 261
34 155
161 57
71 190
362 363
332 289
52 162
172 101
85 220
44 99
85 117
96 18
44 314
274 292
218 213
36 38
33 345
80 281
245 182
150 67
258 277
341 22
124 310
70 54
153 209
229 16
298 140
356 325
255 244
96 269
209 14
261 132
315 144
228 243
212 101
16 16
39 108
320 260
314 65
176 28
309 105
147 43
270 147
30 43
214 66
344 28
160 61
107 243
124 16
117 335
352 238
346 35
295 293
260 304
332 247
254 74
20 181
329 303
347 192
258 261
289 199
163 240
23 87
5 270
244 49
287 24
60 136
331 271
213 257
143 229
205 86
169 299
241 127
222 136
35 128
327 118
261 324
314 128
301 186
236 221
246 85
221 63
237 306
201 92
223 352
76 246
86 330
96 148
284 229
357 318
338 222
86 322
353 139
326 302
162 292
279 102
67 46
254 138
132 304
295 357
144 257
225 273
59 230
97 223
81 246
106 92
316 322
99 94
35 209
41 327
67 99
145 320
360 37
341 301
296 32
289 274
88 78
210 153
14 147
31 307
301 360
320 39
36 158
5 57
287 71
170 311
269 256
293 217
58 170
202 273
87 354
335 130
185 175
323 183
31 199
99 256
198 332
128 57
17 234
207 36
347 304
198 279
36 156
228 130
305 94
350 69
101 30
206 225
47 286
25 69
325 342
214 125
182 63
297 343
281 199
43 44
225 168
324 242
274 261
257 93
162 217
247 246
109 263
187 91
160 58
302 212
239 26
89 155
136 60
161 289
235 319
125 107
349 99
262 351
82 163
18 158
306 146
47 167
259 317
278 136
251 321
249 218
11 128
90 339
168 49
6 154
261 41
42 33
287 150
313 305
3 271
56 233
38 211
166 5
142 297
159 82
203 295
61 46
287 214
166 54
208 93
37 74
108 9
159 343
286 297
206 12
245 191
40 262
170 283
121 109
93 214
147 182
228 296
51 110
164 56
51 217
291 274
283 88
70 301
236 80
92 258
352 81
245 239
161 294
305 53
267 184
4 37
235 52
65 134
190 188
43 229
142 242
232 237
78 327
46 204
3 315
298 40
182 257
189 83
137 343
165 35
336 306
261 71
205 209
36 326
95 298
80 343
120 139
105 214
57 101
54 53
357 324
219 254
337 177
60 310
345 14
223 127
198 319
69 122
350 306
242 7
252 83
125 322
174 275
14 132
185 133
95 332
126 82
260 216
67 3
18 320
350 314
174 143
167 186
130 243
152 155
140 274
136 306
219 167
299 311
346 135
105 24
107 344
198 133
137 5
227 167
120 57
200 215
304 294
77 5
160 336
249 131
75 202
8 23
236 197
332 307
332 221
203 340
111 341
248 303
109 248
305 113
231 131
63 45
50 75
49 42
173 112
217 200
224 248
347 225
72 0
123 318
198 306
285 326
170 309
98 171
187 181
312 41
87 56
33 277
319 39
152 82
283 32
182 271
134 47
47 168
26 108
53 171
37 224
171 338
148 109
192 269
213 335
293 142
321 202
241 326
310 278
212 295
204 231
180 33
201 240
349 130
203 227
353 40
16 142
154 162
334 66
39 346
127 185
25 234
198 86
267 168
102 147
280 19
52 208
87 1
33 155
284 74
114 236
280 275
340 32
99 72
57 312
135 40
275 86
172 62
230 13
62 341
491 492
342 341
280 344
8 148
353 181
258 367
46 106
228 256
301 148
320 234
457 389
118 474
182 295
93 128
178 261
420 344
194 140
484 377
140 89
376 1
475 2
214 143
14 136
390 442
292 315
213 219
202 258
168 437
75 490
366 261
220 359
8 295
287 414
12 107
215 427
429 388
146 199
441 152
210 161
91 340
68 11
375 411
357 376
481 52
419 47
406 356
267 149
178 29
137 63
106 191
194 352
166 44
303 447
223 116
456 22
33 314
234 139
130 23
181 207
360 120
91 109
364 382
411 358
37 52
349 57
24 143
187 158
114 190
306 105
127 337
267 377
25 266
289 116
429 261
381 470
195 299
190 473
446 68
226 216
380 483
241 190
349 404
210 44
149 78
31 131
18 277
158 298
414 149
26 448
427 353
267 407
4 237
306 72
288 66
164 147
338 283
197 406
65 302
486 22
153 214
106 26
324 277
42 265
328 354
322 68
90 264
117 98
276 201
267 38
185 73
357 46
452 138
440 169
297 132
347 436
77 450
343 68
333 17
371 0
68 170
50 308
406 264
465 167
205 191
370 347
394 5
144 342
126 461
103 199
250 423
489 65
133 328
345 447
447 82
358 331
148 24
288 408
190 169
466 369
225 10
122 345
303 234
205 266
465 44
468 414
479 225
168 81
37 227
309 22
353 484
123 177
200 10
179 26
395 6
16 154
114 236
470 138
19 32
77 290
319 100
431 160
241 307
150 108
130 384
377 459
145 98
108 9
141 452
458 393
162 46
282 89
334 382
415 367
273 353
453 107
267 101
24 8
116 123
16 174
248 246
450 8
123 9
461 67
75 264
416 428
132 343
235 207
190 466
435 265
372 78
179 12
21 254
483 309
483 137
490 8
122 241
250 449
132 245
124 326
369 207
60 50
363 10
92 401
175 62
140 36
48 162
416 426
244 69
313 408
31 343
93 312
376 153
13 449
284 17
331 137
187 162
278 6
22 60
228 370
406 197
465 475
410 70
245 5
28 269
121 67
485 165
318 214
278 371
3 437
189 71
339 440
446 483
52 127
6 468
280 386
370 28
98 254
365 395
174 343
26 393
67 295
125 20
6 0
52 403
90 10
450 242
234 429
171 21
104 392
393 284
312 385
254 273
283 25
368 235
137 72
368 9
30 311
311 108
20 36
152 364
221 216
155 218
345 455
462 432
225 449
449 364
252 152
283 319
63 45
117 161
276 200
20 100
208 306
449 438
417 335
60 216
434 147
217 321
263 288
353 188
61 103
362 311
139 314
465 154
421 202
18 197
404 207
128 144
91 227
71 86
303 123
270 132
68 352
256 487
184 437
50 118
429 352
281 27
181 184
1 361
173 218
425 19
270 86
314 62
255 467
100 0
238 67
34 370
473 307
253 290
408 272
133 409
436 453
146 29
390 233
451 147
273 179
265 0
62 52
28 194
195 423
105 128
114 48
355 140
430 202
474 224
142 454
416 223
252 194
42 177
324 258
52 2
2 212
264 317
127 170
103 399
142 428
476 208
454 256
458 447
180 394
463 57
280 428
237 388
74 147
20 279
387 13
332 72
5 389
175 211
119 132
175 384
207 262
133 160
222 171
180 101
264 17
446 152
155 53
200 298
87 335
454 327
399 474
479 295
16 19
257 269
162 135
12 432
208 369
155 146
353 430
448 335
102 126
285 18
422 257
101 100
427 18
108 65
466 442
461 202
471 482
233 228
169 248
232 245
6 377
423 388
338 359
100 380
13 441
313 385
486 435
69 30
95 422
373 283
485 70
168 450
187 80
434 401
261 462
349 175
178 268
136 387
276 26
82 343
237 395
339 395
40 232
270 23
306 135
312 258
217 406
486 95
5 19
482 429
220 266
149 446
342 398
39 392
244 233
137 121
132 481
329 91
115 172
414 214
87 421
337 341
436 305
430 438
377 56
428 421
376 106
119 87
479 227
460 159
386 338
434 212
304 133
412 272
101 419
349 335
291 189
109 301
249 236
292 48
470 241
453 229
422 461
304 81
346 410
257 379
101 242
481 201
88 405
439 402
352 190
485 297
214 152
3 103
257 463
319 401
140 236
313 281
468 177
97 126
14 324
181 460
276 115
135 171
83 365
170 83
487 435
203 270
373 210
288 206
223 139
482 116
12 469
155 410
45 480
313 252
328 165
387 3
175 113
93 31
115 364
414 369
148 217
427 232
54 136
382 330
61 277
255 479
398 73
541 542
234 224
487 120
135 221
98 204
168 78
490 245
53 378
12 136
104 499
45 408
209 69
390 12
27 15
366 303
3 178
24 443
22 237
80 512
175 321
399 178
423 506
343 512
107 99
57 518
385 211
444 102
278 216
394 293
219 305
106 219
285 222
459 130
264 470
250 539
339 440
405 109
243 385
484 371
348 350
183 163
428 193
31 86
380 165
93 426
267 58
280 199
492 11
482 361
522 216
278 191
463 320
327 305
135 165
137 433
218 106
299 321
407 106
434 330
378 409
89 527
348 105
116 532
515 300
138 57
412 496
439 416
343 334
500 388
281 101
207 259
39 499
227 506
458 69
100 121
107 296
23 353
507 78
378 139
360 482
437 138
13 231
24 498
346 519
79 146
406 249
207 286
414 67
136 435
178 332
250 400
212 285
526 273
34 178
282 363
501 394
84 179
299 136
115 272
418 104
353 194
103 446
514 183
240 517
471 272
131 418
325 343
238 506
307 311
296 273
126 48
390 257
15 211
483 312
416 293
110 523
429 392
197 213
189 24
459 437
314 283
85 213
178 261
31 324
56 107
319 328
207 345
178 168
480 385
138 283
266 519
533 248
83 317
504 189
248 435
177 422
94 184
445 426
209 436
2 477
427 428
232 321
112 93
478 411
153 214
355 238
108 41
521 347
158 191
249 484
366 406
49 48
474 82
518 495
53 305
192 143
464 480
32 47
80 198
413 132
371 396
438 227
197 101
293 40
525 355
384 164
212 513
54 433
9 309
73 32
175 62
1 429
98 261
82 196
492 178
33 117
507 322
423 93
134 163
141 338
124 281
253 525
417 337
105 307
502 427
111 341
392 299
20 113
472 490
127 102
382 423
367 324
39 348
512 413
373 336
76 112
96 498
294 492
422 135
184 21
525 383
142 296
31 377
326 325
49 503
8 76
22 431
238 375
410 61
20 372
484 243
200 259
211 202
501 116
300 92
97 144
440 284
283 239
23 471
56 69
308 72
125 64
61 330
391 364
195 472
337 33
293 302
504 537
112 504
218 86
231 34
318 315
177 293
387 224
293 200
436 443
129 60
12 20
6 353
447 403
437 202
504 243
239 352
315 89
176 514
170 155
470 29
322 111
335 269
92 168
233 250
310 150
170 525
338 485
510 340
1 244
110 406
380 127
379 512
108 154
472 177
206 278
389 24
293 151
319 183
433 385
535 175
159 365
309 328
127 497
364 279
307 291
40 474
67 147
464 41
382 175
454 18
42 210
361 465
108 498
343 303
478 163
151 500
450 96
216 460
361 199
112 202
298 291
60 315
357 365
0 524
164 198
408 76
0 206
164 392
154 271
435 129
251 254
350 45
127 324
523 188
390 489
402 258
32 147
513 462
67 389
209 135
211 232
60 77
91 211
483 224
516 245
499 540
44 390
173 471
282 171
282 155
413 131
279 143
227 68
457 414
8 295
527 126
366 219
430 46
434 79
324 535
534 31
421 445
538 200
535 53
372 279
33 276
42 407
475 312
185 269
186 392
140 193
34 172
382 128
207 86
81 275
306 153
220 237
438 350
403 217
119 432
330 234
101 152
86 372
264 35
49 434
86 450
245 352
480 283
369 86
524 146
462 450
147 452
261 141
522 44
98 287
521 100
415 428
260 244
443 501
394 146
218 492
467 102
385 463
171 406
175 376
286 317
392 96
401 55
262 112
399 382
104 360
247 2
409 519
101 129
438 311
426 117
219 116
201 352
217 226
61 373
312 14
111 510
187 163
439 134
516 71
431 297
462 79
220 301
52 331
101 321
438 491
229 527
501 279
127 430
425 178
192 351
321 197
360 466
59 130
202 258
178 197
439 255
178 99
52 118
439 394
344 317
303 499
400 32
84 264
64 527
338 510
166 419
508 281
33 148
29 189
9 235
113 207
469 448
26 454
307 522
298 87
46 273
468 223
109 68
55 12
144 336
378 15
296 310
80 345
156 329
187 109
316 165
73 463
376 408
389 262
349 306
38 309
154 17
86 507
141 427
222 304
319 285
217 59
26 74
25 297
407 346
511 212
297 345
212 206
468 296
61 223
532 277
294 99
228 309
195 2
306 369
276 417
99 84
321 493
250 125
471 347
181 116
83 64
270 479
234 296
519 198
97 458
16 133
442 13
16 408
399 96
135 485
29 135
87 234
523 513
319 337
75 75
302 123
224 159
77 32
393 80
538 218
351 112
125 176
43 415
511 304
249 443
37 269
503 441
413 287
84 107
346 355
478 322
103 107
302 161
241 180
21 317
429 401
36 372
247 14
318 80
145 380
108 26
89 345
91 234
504 503
317 338
120 309
417 417
37 386
189 341
118 441
301 210
41 6
20 500
202 451
291 502
150 347
151 21
255 240
365 406
203 219
150 304
180 486
332 189
531 217
280 143
353 108
277 203
162 16
468 461
422 365
171 381
402 194
434 486
351 280
510 511
329 454
404 193
471 56
134 373
403 67
365 437
322 319
445 77
137 420
232 358
15 28
318 354
452 42
176 43
22 157
102 236
301 351
280 506
241 262
201 414
214 134
325 56
134 26
446 132
491 143
44 40
267 378
420 234
149 209
367 86
194 171
395 341
337 368
120 37
451 450
456 194
250 27
54 271
403 256
272 372
413 256
125 316
422 170
251 35
504 61
105 490
321 60
428 372
409 148
470 421
105 222
250 416
177 227
484 176
38 453
199 246
434 323
365 196
104 346
407 107
87 480
412 2
374 281
429 331
114 145
368 262
168 91
318 490
156 218
33 164
410 66
390 104
301 206
42 245
224 277
247 450
324 184
465 149
352 61
206 256
8 338
429 64
426 49
139 110
146 72
139 172
148 47
125 401
136 321
88 168
490 233
417 335
485 304
365 372
500 199
28 444
380 509
430 457
439 297
369 59
103 76
505 380
271 123
445 120
160 280
3 23
359 140
317 420
154 206
277 172
488 144
15 305
125 359
146 317
248 54
2 5
258 223
347 507
500 19
299 282
177 150
163 302
84 26
104 480
14 110
127 382
49 503
352 142
332 174
101 498
375 70
294 103
483 505
15 131
285 473
495 186
489 462
361 148
500 445
46 337
209 387
380 45
59 259
305 94
464 391
462 406
0 201
197 246
249 483
318 212
398 24
486 175
196 249
57 209
37 186
63 485
20 246
377 315
409 79
471 173
451 363
55 423
31 451
296 252
336 280
304 104
280 96
346 152
234 476
24 403
378 271
389 88
403 270
349 257
302 175
28 310
95 243
57 465
79 126
278 353
330 415
2 72
97 100
448 220
495 331
92 472
432 235
505 353
482 198
373 344
17 146
390 273
229 112
111 319
162 180
468 389
334 492
464 342
52 303
124 274
109 37
144 88
313 31
229 139
355 286
432 474
238 372
357 184
503 339
391 468
219 28
392 349
181 43
346 219
493 105
14 342
302 92
506 158
297 106
392 97
62 143
387 186
371 172
383 234
64 364
264 264
104 284
327 147
366 157
263 36
378 349
314 277
436 43
21 310
279 95
238 285
471 213
385 498
222 332
59 130
395 287
61 323
342 371
18 260
168 198
38 281
431 37
462 224
406 357
452 483
258 175
389 53
41 91
296 136
267 135
294 355
40 24
395 227
488 383
71 413
57 146
55 491
77 488
207 389
362 483
21 21
456 492
456 282
418 497
505 242
469 47
71 289
7 381
254 338
114 495
3 198
51 171
21 441
320 129
484 100
121 45
409 505
277 68
437 355
469 58
487 432
212 428
300 49
259 91
76 426
496 373
416 461
264 38
39 437
27 75
502 395
263 21
89 401
119 30
470 398
321 78
379 448
369 405
496 169
467 118
492 444
267 454
364 398
198 22
97 275
160 97
118 89
362 423
326 79
478 353
432 286
96 161
56 301
342 465
74 424
358 299
115 438
326 115
137 479
244 396
494 106
67 277
190 102
54 302
145 388
165 22
55 449
112 133
89 111
407 454
116 35
473 255
242 103
73 289
48 252
230 189
466 32
6 298
472 19
407 60
464 107
47 444
68 9
502 159
486 29
64 399
16 474
67 27
188 259
383 12
74 236
268 103
273 412
431 147
79 235
343 201
7 34
425 262
293 75
486 418
179 141
105 40
449 196
327 45
439 128
236 200
175 3
416 377
14 449
174 209
282 93
509 389
141 290
237 425
205 435
66 214
126 384
452 44
471 66
194 269
341 400
276 302
169 389
328 54
135 183
149 502
382 418
198 148
445 395
192 307
11 140
397 259
175 138
76 339
481 136
408 142
444 184
63 174
228 104
159 263
256 364
272 308
457 0
267 342
139 392
405 460
81 23
33 292
503 256
264 109
123 346
403 162
337 57
33 466
220 437
291 193
501 348
220 435
139 320
75 359
309 151
46 480
134 390
8 79
60 509
346 272
307 183
112 239
67 134
443 146
211 159
379 97
404 74
395 471
321 34
57 342
312 120
383 103
182 318
317 263
26 114
169 153
264 205
211 281
299 204
235 144
241 382
457 105
448 136
42 214
46 259
252 99
202 230
38 507
260 256
370 355
509 158
363 29
182 135
339 64
209 354
226 447
42 322
330 45
259 362
112 372
471 177
407 236
233 35
291 445
291 493
142 151
52 162
297 377
442 107
461 509
446 13
207 49
477 360
212 28
400 98
276 196
432 234
269 173
491 27
393 51
74 272
306 407
274 127
234 475
474 78
91 57
488 282
4 299
327 455
426 89
157 89
323 192
237 462
489 83
134 218
362 372
269 80
207 158
124 416
494 313
422 422
99 42
271 209
288 371
128 154
343 6
248 200
6 199
60 214
68 349
66 250
144 51
355 71
259 288
35 275
186 320
362 154
21 365
314 211
365 309
396 101
301 366
143 302
94 387
394 283
111 243
294 38
110 256
202 307
161 27
347 317
49 347
370 287
156 70
38 262
21 179
124 12
394 322
367 347
209 67
390 340
378 320
234 262
147 146
174 14
332 308
313 179
125 39
110 261
182 281
39 148
240 203
184 163
88 212
359 129
127 377
276 327
167 164
310 88
183 395
361 142
402 173
212 253
172 105
44 402
128 354
216 83
326 368
239 400
187 73
28 256
162 315
57 384
51 409
40 25
248 314
145 402
233 228
333 357
338 63
76 377
119 124
151 292
350 103
176 48
304 195
168 285
247 44
112 305
331 378
270 152
132 157
43 73
9 23
167 34
69 5
209 243
193 188
372 360
66 121
396 206
69 371
73 143
26 317
273 185
418 15
252 202
275 128
232 295
329 364
27 399
220 399
245 317
335 71
272 275
60 402
351 246
389 129
104 2
188 74
89 36
238 184
392 342
215 171
194 202
259 203
260 301
196 137
208 163
17 110
90 58
305 77
286 99
101 352
4 391
5 369
211 94
14 323
152 262
122 309
90 346
306 382
97 350
92 160
270 386
22 189
266 18
197 407
338 130
179 299
326 0
94 184
85 116
36 188
156 318
322 158
118 246
255 206
367 296
260 5
274 295
394 362
6 118
328 169
126 2
2 166
350 31
227 177
23 94
412 263
421 179
84 312
177 198
152 419
82 202
75 70
10 356
132 127
297 16
98 118
284 1
112 101
278 213
387 339
260 381
139 35
347 260
116 223
300 182
384 268
338 382
316 38
245 6
103 26
144 120
202 201
302 7
300 394
312 238
198 345
380 150
68 417
218 385
146 264
110 96
56 108
226 26
113 30
56 50
250 216
417 280
367 110
83 378
194 325
248 53
283 50
45 286
250 352
274 343
17 54
162 385
69 153
263 47
177 182
398 399
338 85
196 52
8 283
267 359
412 282
333 173
38 273
283 378
300 368
0 136
99 397
209 242
289 248
9 130
108 124
210 65
117 24
387 64
1 125
408 232
406 413
344 399
355 102
128 206
342 313
369 128
28 99
5 236
366 398
100 14
80 52
76 390
32 277
403 122
354 33
104 47
24 418
178 27
233 37
9 306
92 233
412 378
192 121
97 417
90 136
269 197
166 250
105 3
125 278
312 86
213 138
134 416
21 317
355 393
277 334
145 22
400 28
149 215
211 250
44 246
101 381
209 313
397 347
204 314
59 100
238 94
168 272
248 31
2 270
182 181
283 359
387 408
201 261
169 194
18 70
29 293
185 200
125 238
211 240
420 329
81 270
200 317
348 250
178 26
287 8
25 360
346 148
67 71
265 206
276 236
108 364
142 386
282 373
191 267
255 71
341 269
164 336
244 120
146 90
178 0
19 92
240 204
355 365
229 308
202 198
140 84
128 390
341 362
208 410
60 190
38 121
115 401
179 202
373 360
18 406
76 209
71 37
61 316
282 4
283 290
32 63
31 1
364 160
229 31
301 230
351 289
268 419
200 124
62 106
90 231
18 161
278 166
140 170
174 419
368 1
144 35
117 58
299 255
366 139
27 106
395 246
243 36
160 321
5 101
412 303
42 95
341 89
259 400
398 60
141 11
127 344
402 365
278 244
383 359
43 223
127 410
104 16
338 28
210 264
145 1
177 200
289 187
166 96
236 126
218 222
224 35
58 345
247 284
222 337
218 288
356 265
282 3
31 38
302 278
279 241
20 26
293 114
211 389
174 117
339 105
141 392
395 141
4 199
194 300
166 226
149 70
73 100
138 9
367 185
4 98
124 305
419 104
72 76
193 288
394 326
296 191
332 113
392 349
