100
67 -463 2
-208 -178 1
107 427 2
-743 -440 1
-966 737 1
-756 498 2
-977 -140 2
381 514 3
76 -834 2
-491 -753 2
426 -751 3
22 404 1
395 -249 1
-79 84 1
-789 -211 2
-764 548 3
819 -252 2
-333 654 3
-187 -330 2
393 848 3
-800 682 2
282 -303 2
-897 -971 3
900 -866 3
-547 -666 3
-306 -321 2
337 278 1
-851 -386 2
144 -864 3
-113 733 3
273 234 2
-8 442 1
208 129 1
-986 -621 1
437 -835 3
397 -705 1
510 -594 2
668 983 2
327 202 1
147 -956 1
-392 121 3
853 513 3
-936 603 2
-633 423 3
-774 701 3
746 -225 1
-559 -980 2
-320 283 3
-380 -230 3
897 -410 2
-406 -753 3
-603 195 2
205 -152 2
-723 -734 1
-259 -952 2
768 -401 2
785 362 3
-325 -149 2
-950 829 3
-397 -571 2
881 786 3
843 752 1
883 -772 2
238 -209 1
669 51 3
-674 81 2
-645 40 3
-374 973 3
929 -584 3
-680 759 2
-185 205 3
603 333 2
756 -906 3
-856 989 2
-842 -257 1
962 -836 3
127 204 2
-889 619 2
885 734 2
631 259 2
-496 -446 1
-597 306 1
-112 -252 1
-547 910 3
-520 -503 2
367 -738 1
-930 597 1
-680 866 1
-247 693 1
-380 794 2
401 -615 3
-92 -214 2
-782 -863 1
-377 168 2
-342 -784 1
796 72 3
237 693 1
270 732 1
-312 -21 1
481 -507 1
