100
52 928 1
600 548 2
-399 278 2
735 -823 1
-400 -701 3
274 622 2
-39 350 2
-678 557 2
-3 449 3
884 833 1
791 -684 3
584 -886 2
-164 -831 3
-715 -561 2
-801 4 3
890 -328 2
-286 -844 2
-597 -264 2
-382 578 3
666 550 3
-852 31 3
-363 503 1
773 -400 1
-142 342 2
898 -205 2
-410 829 1
219 -554 3
-597 34 2
413 48 3
-12 13 2
247 -335 1
-181 367 2
639 -878 2
-87 981 1
-574 111 2
-58 129 1
309 -308 3
464 -588 2
655 228 1
86 717 3
431 -987 3
806 -454 3
-372 -482 2
-649 64 2
-254 584 2
-670 824 2
-683 644 2
-139 -48 1
685 -503 1
286 100 1
-616 -259 2
-923 -482 1
614 -252 2
581 -614 3
-955 -671 2
-786 -541 1
-953 -141 1
-651 -553 3
478 38 2
-235 95 3
405 589 1
158 -405 1
803 38 1
-764 -975 1
-592 -924 2
215 -851 2
-139 -925 3
-403 -180 3
-740 427 3
-147 -468 3
-468 70 1
322 294 3
758 -728 1
375 439 1
-16 37 1
413 497 2
-820 881 1
808 578 1
-432 958 3
-353 967 3
-354 -841 2
52 -826 1
781 282 3
226 -446 3
404 863 2
-676 99 3
-997 656 3
800 -609 1
-820 390 1
407 881 1
686 -281 2
888 -280 2
-844 -562 1
299 830 3
481 -694 3
181 132 3
-926 913 2
-949 321 3
241 993 3
758 -272 1
