87
-519 791 2
-526 791 1
-525 792 3
-517 792 3
-522 783 2
-519 792 3
-526 785 2
-525 793 3
-522 792 1
-522 791 3
-524 786 1
-520 786 1
-525 786 3
-521 790 2
-525 783 3
-527 793 2
-519 784 1
-525 787 1
-523 784 3
-523 789 1
-518 783 2
-522 784 2
-525 784 3
-520 791 3
-525 791 3
-517 784 2
-526 788 3
-523 783 2
-526 783 2
-520 783 2
-525 790 2
-518 791 1
-521 785 3
-517 788 3
-519 785 2
-517 791 2
-518 792 1
-519 793 3
-520 792 1
-521 787 1
-518 784 1
-521 789 3
-527 787 2
-522 789 2
-518 787 1
-523 785 2
-523 793 3
-521 783 3
-524 791 3
-522 786 3
-526 793 3
-523 787 1
-527 788 2
-522 787 1
-525 785 1
-519 783 1
-523 791 3
-527 783 3
-524 790 1
-520 785 2
-521 788 3
-520 789 2
-524 793 3
-520 787 3
-524 788 3
-526 792 3
-523 790 1
-527 784 1
-527 791 2
-517 789 3
-519 786 2
-517 787 2
-521 792 3
-518 785 3
-520 788 2
-518 786 1
-518 789 1
-526 784 3
-524 785 2
-526 786 3
-526 789 3
-519 790 1
-518 793 2
-524 792 1
-527 785 1
-526 787 3
-517 793 1
