174
-526.9 783.0
-527.3 784.0
-527.3 785.0
-527.1 787.0
-527.1 788.0
-527.1 791.0
-527.1 793.0
-527.1 793.2
-527.1 793.5
-526.4 793.5
-526.4 793.2
-526.4 782.8
-526.4 782.7
-526.1 782.7
-526.1 782.8
-526.1 783.0
-525.9 784.0
-526.1 785.0
-525.9 786.0
-525.9 787.0
-525.9 788.0
-525.9 789.0
-526.3 791.0
-525.9 792.0
-525.9 793.0
-526.1 793.2
-526.1 793.5
-525.4 793.5
-525.4 793.2
-525.4 782.8
-525.4 782.7
-525.1 782.7
-525.1 782.8
-524.9 783.0
-524.9 784.0
-525.3 785.0
-524.9 786.0
-525.3 787.0
-525.1 790.0
-524.9 791.0
-524.9 792.0
-524.9 793.0
-525.1 793.2
-525.1 793.5
-524.4 793.5
-524.4 793.2
-524.4 782.8
-524.4 782.7
-524.1 782.7
-524.1 782.8
-524.1 785.0
-524.3 786.0
-523.9 788.0
-524.3 790.0
-523.9 791.0
-524.3 792.0
-523.9 793.0
-524.1 793.2
-524.1 793.5
-523.4 793.5
-523.4 793.2
-523.4 782.8
-523.4 782.7
-523.1 782.7
-523.1 782.8
-523.1 783.0
-522.9 784.0
-523.1 785.0
-523.3 787.0
-523.3 789.0
-523.3 790.0
-522.9 791.0
-522.9 793.0
-523.1 793.2
-523.1 793.5
-522.4 793.5
-522.4 793.2
-522.4 782.8
-522.4 782.7
-522.1 782.7
-522.1 782.8
-522.1 783.0
-522.1 784.0
-521.9 786.0
-522.3 787.0
-522.1 789.0
-521.9 791.0
-522.3 792.0
-522.1 793.2
-522.1 793.5
-521.4 793.5
-521.4 793.2
-521.4 782.8
-521.4 782.7
-521.1 782.7
-521.1 782.8
-520.9 783.0
-520.9 785.0
-521.3 787.0
-520.9 788.0
-520.9 789.0
-521.1 790.0
-520.9 792.0
-521.1 793.2
-521.1 793.5
-520.4 793.5
-520.4 793.2
-520.4 782.8
-520.4 782.7
-520.1 782.7
-520.1 782.8
-520.1 783.0
-520.1 785.0
-520.3 786.0
-519.9 787.0
-520.1 788.0
-520.1 789.0
-519.9 791.0
-520.3 792.0
-520.1 793.2
-520.1 793.5
-519.4 793.5
-519.4 793.2
-519.4 782.8
-519.4 782.7
-519.1 782.7
-519.1 782.8
-519.3 783.0
-519.3 784.0
-519.1 785.0
-519.1 786.0
-519.3 790.0
-519.1 791.0
-518.9 792.0
-518.9 793.0
-519.1 793.2
-519.1 793.5
-518.4 793.5
-518.4 793.2
-518.4 782.8
-518.4 782.7
-518.1 782.7
-518.1 782.8
-518.1 783.0
-518.3 784.0
-517.9 785.0
-518.3 786.0
-518.3 787.0
-518.3 789.0
-518.3 791.0
-518.3 792.0
-518.1 793.0
-518.1 793.2
-518.1 793.5
-517.4 793.5
-517.4 793.2
-517.4 782.8
-517.4 782.7
-517.1 782.7
-517.1 782.8
-517.1 784.0
-517.1 787.0
-516.9 788.0
-516.9 789.0
-517.1 791.0
-516.9 792.0
-517.3 793.0
-517.1 793.2
-517.1 793.5
-516.4 793.5
-516.4 793.2
-516.4 782.2
-527.1 782.2
-527.1 782.8
174
-526.7 783.0
-527.1 784.0
-527.1 785.0
-526.9 787.0
-526.9 788.0
-526.9 791.0
-526.9 793.0
-526.9 793.2
-526.9 793.3
-526.6 793.3
-526.6 793.2
-526.6 782.8
-526.6 782.5
-525.9 782.5
-525.9 782.8
-525.9 783.0
-525.7 784.0
-525.9 785.0
-525.7 786.0
-525.7 787.0
-525.7 788.0
-525.7 789.0
-526.1 791.0
-525.7 792.0
-525.7 793.0
-525.9 793.2
-525.9 793.3
-525.6 793.3
-525.6 793.2
-525.6 782.8
-525.6 782.5
-524.9 782.5
-524.9 782.8
-524.7 783.0
-524.7 784.0
-525.1 785.0
-524.7 786.0
-525.1 787.0
-524.9 790.0
-524.7 791.0
-524.7 792.0
-524.7 793.0
-524.9 793.2
-524.9 793.3
-524.6 793.3
-524.6 793.2
-524.6 782.8
-524.6 782.5
-523.9 782.5
-523.9 782.8
-523.9 785.0
-524.1 786.0
-523.7 788.0
-524.1 790.0
-523.7 791.0
-524.1 792.0
-523.7 793.0
-523.9 793.2
-523.9 793.3
-523.6 793.3
-523.6 793.2
-523.6 782.8
-523.6 782.5
-522.9 782.5
-522.9 782.8
-522.9 783.0
-522.7 784.0
-522.9 785.0
-523.1 787.0
-523.1 789.0
-523.1 790.0
-522.7 791.0
-522.7 793.0
-522.9 793.2
-522.9 793.3
-522.6 793.3
-522.6 793.2
-522.6 782.8
-522.6 782.5
-521.9 782.5
-521.9 782.8
-521.9 783.0
-521.9 784.0
-521.7 786.0
-522.1 787.0
-521.9 789.0
-521.7 791.0
-522.1 792.0
-521.9 793.2
-521.9 793.3
-521.6 793.3
-521.6 793.2
-521.6 782.8
-521.6 782.5
-520.9 782.5
-520.9 782.8
-520.7 783.0
-520.7 785.0
-521.1 787.0
-520.7 788.0
-520.7 789.0
-520.9 790.0
-520.7 792.0
-520.9 793.2
-520.9 793.3
-520.6 793.3
-520.6 793.2
-520.6 782.8
-520.6 782.5
-519.9 782.5
-519.9 782.8
-519.9 783.0
-519.9 785.0
-520.1 786.0
-519.7 787.0
-519.9 788.0
-519.9 789.0
-519.7 791.0
-520.1 792.0
-519.9 793.2
-519.9 793.3
-519.6 793.3
-519.6 793.2
-519.6 782.8
-519.6 782.5
-518.9 782.5
-518.9 782.8
-519.1 783.0
-519.1 784.0
-518.9 785.0
-518.9 786.0
-519.1 790.0
-518.9 791.0
-518.7 792.0
-518.7 793.0
-518.9 793.2
-518.9 793.3
-518.6 793.3
-518.6 793.2
-518.6 782.8
-518.6 782.5
-517.9 782.5
-517.9 782.8
-517.9 783.0
-518.1 784.0
-517.7 785.0
-518.1 786.0
-518.1 787.0
-518.1 789.0
-518.1 791.0
-518.1 792.0
-517.9 793.0
-517.9 793.2
-517.9 793.3
-517.6 793.3
-517.6 793.2
-517.6 782.8
-517.6 782.5
-516.9 782.5
-516.9 782.8
-516.9 784.0
-516.9 787.0
-516.7 788.0
-516.7 789.0
-516.9 791.0
-516.7 792.0
-517.1 793.0
-516.9 793.2
-516.9 793.3
-516.6 793.3
-516.6 793.2
-516.6 782.4
-526.9 782.4
-526.9 782.8
