50
-186 198 3
-185 197 1
-185 203 1
-190 196 2
-189 199 1
-184 202 2
-192 203 1
-190 201 2
-188 198 1
-188 197 3
-183 198 3
-186 197 1
-184 200 2
-186 203 3
-182 203 2
-184 197 2
-182 197 2
-187 203 3
-190 197 3
-191 203 1
-186 201 2
-185 204 3
-183 200 1
-189 200 2
-191 201 3
-186 202 1
-192 195 2
-182 194 1
-184 194 1
-190 195 2
-182 202 2
-185 198 3
-192 202 2
-190 203 3
-191 199 3
-183 194 1
-191 197 2
-183 199 3
-187 199 2
-189 194 3
-190 202 1
-188 204 2
-184 199 1
-189 196 2
-184 203 2
-191 202 1
-188 194 3
-187 201 2
-190 198 1
-187 202 3
