53
-72 -1000 1
158 1000 3
535 1000 2
-1000 860 2
460 1000 3
1000 -604 1
-38 1000 2
-202 1000 3
1000 -945 2
95 -1000 2
551 -1000 1
-1000 74 3
-862 -1000 1
179 1000 2
-618 1000 2
-640 1000 1
-950 1000 3
873 1000 1
-1000 -788 1
1000 -723 3
68 -1000 3
-1000 -472 1
-323 1000 3
-1000 -356 1
1000 368 2
1000 -795 3
747 -1000 1
-1000 781 3
-501 1000 3
1000 -443 1
789 1000 1
-1000 92 2
-213 -1000 1
-569 1000 3
264 1000 3
-1000 -966 2
-157 -1000 1
1000 602 3
1000 -148 2
-1000 896 2
-1000 461 3
-1000 32 1
1000 559 2
-1000 124 1
1000 327 2
-1000 -422 1
-1000 -706 3
-1000 758 1
-1000 118 2
-27 -1000 1
-1000 -925 3
-577 -1000 3
-195 -1000 1
