1234
1 3 4 5
7 17 2 1
2 14 15 11
6 3 8 19
9 4 138 549
12 27 10 5
44 165 1067 6
53 21 7 22
8 844 724 13
106 821 23 9
10 86 16 48
126 40 11 104
12 20 34 26
13 76 29 0
32 396 14 18
39 15 111 362
101 209 16 187
33 77 17 24
57 0 339 18
55 197 19 158
216 120 20 28
25 84 562 21
134 59 123 22
96 38 23 113
24 49 30 206
25 35 97 117
52 37 102 26
69 147 175 27
28 31 94 75
29 41 100 42
898 72 502 30
64 31 63 36
45 32 114 98
43 0 50 33
199 139 1025 34
0 35 487 0
0 36 129 46
73 37 47 366
223 38 333 81
105 39 153 58
40 0 124 1085
61 62 60 41
946 42 162 115
56 43 83 280
381 93 44 54
0 567 0 45
212 148 222 46
68 87 51 47
125 66 161 48
0 49 735 79
50 110 91 92
85 347 0 51
52 0 869 160
995 168 53 176
694 65 70 54
122 55 108 67
0 56 0 389
0 231 57 149
151 58 306 498
0 59 699 179
156 107 78 60
61 0 0 0
233 257 62 196
63 0 194 0
64 0 0 174
88 0 232 65
66 320 261 119
67 80 71 74
1016 68 1021 82
1156 69 297 601
0 70 352 0
397 283 135 71
407 72 589 615
192 103 145 73
74 137 140 95
75 513 493 622
0 76 89 720
1127 77 348 874
945 163 78 1082
150 121 79 0
273 900 0 80
1128 354 81 0
82 157 155 213
83 180 0 136
84 398 468 0
217 228 90 85
0 359 252 86
0 208 763 87
245 307 88 237
288 89 734 0
1202 90 304 429
169 91 132 118
455 379 317 92
224 93 0 0
94 99 0 577
268 425 95 332
96 291 0 0
225 242 97 0
386 0 880 98
0 469 99 0
1068 100 497 424
580 330 101 133
102 0 494 0
0 103 185 0
104 127 112 146
109 171 263 105
106 244 440 278
183 1031 0 107
0 116 0 108
182 0 109 0
551 110 872 164
111 296 201 266
877 543 112 674
177 270 1084 113
770 405 114 978
0 0 115 0
530 612 1109 116
117 143 218 0
173 998 118 152
144 119 260 703
988 0 120 741
326 421 154 121
122 0 0 0
251 191 131 123
159 124 142 0
0 128 471 125
126 486 378 141
316 127 367 0
172 128 672 914
129 0 130 294
546 436 130 186
0 279 131 0
579 1224 178 132
812 133 0 0
0 608 134 0
387 992 409 135
605 136 1115 350
495 137 395 184
0 0 0 138
796 0 670 139
0 0 140 0
342 195 262 141
227 1213 142 181
865 143 1010 607
0 0 167 144
145 910 371 274
311 0 146 0
843 533 235 147
0 0 148 0
239 149 0 532
1044 150 0 505
293 151 850 0
376 152 1000 1196
842 153 0 563
479 215 461 154
155 220 170 254
1024 166 156 0
157 334 907 654
1154 0 643 158
0 0 593 159
160 1018 198 713
0 161 0 0
310 204 531 162
163 0 265 0
200 312 230 164
0 706 165 0
798 826 203 166
0 0 167 0
284 168 193 372
550 169 377 662
170 525 250 0
248 205 171 299
0 172 0 680
815 281 173 0
0 621 174 0
1102 175 1131 483
176 214 305 0
629 935 177 0
269 928 764 178
282 277 390 179
180 0 0 0
181 636 410 456
0 182 0 0
183 585 0 861
1023 184 595 301
1138 423 392 185
186 188 318 255
1048 0 189 187
188 0 319 290
190 349 382 189
0 190 0 467
603 1157 627 191
192 458 0 0
193 210 451 433
746 194 633 665
211 987 259 195
196 0 361 246
197 0 0 511
649 0 0 198
202 199 358 437
0 200 1039 207
336 201 271 0
202 0 249 302
219 253 267 203
204 503 0 264
453 205 480 236
548 206 0 1086
221 229 258 207
208 584 391 535
243 0 209 967
210 0 0 0
309 314 240 211
0 1001 836 212
213 234 439 0
214 0 0 0
1203 0 241 215
216 340 782 473
217 519 0 0
0 0 218 0
289 287 219 226
492 0 0 220
0 0 221 426
222 286 0 0
0 0 0 223
0 1007 224 247
225 569 1111 1041
504 508 411 226
0 0 227 888
228 256 0 0
0 275 806 229
285 313 484 230
231 0 491 368
0 232 0 463
308 430 303 233
965 234 722 238
766 712 235 295
0 236 0 0
0 237 586 0
742 0 658 238
0 239 638 0
849 639 240 0
710 940 241 896
242 0 356 344
0 0 408 243
795 675 619 244
245 0 413 374
343 246 298 903
452 247 937 0
0 351 831 248
0 249 459 537
481 0 0 250
0 363 399 251
0 476 0 252
253 403 0 0
0 254 696 0
0 496 0 255
0 852 315 256
272 257 635 810
258 794 0 0
0 259 544 0
260 889 383 0
406 574 261 0
262 0 0 744
895 0 982 263
0 264 0 0
0 0 0 265
727 322 375 266
625 325 267 338
0 268 292 357
269 1072 990 1064
682 360 618 270
321 276 271 0
921 412 337 272
733 445 273 0
274 414 555 526
275 0 0 0
276 538 0 364
277 1020 324 428
800 0 278 441
0 279 431 0
0 329 280 705
281 470 0 0
552 415 653 282
283 681 0 839
0 0 284 0
0 0 947 285
956 286 685 0
0 287 1089 300
0 0 288 388
0 0 289 0
0 518 393 290
587 0 291 0
0 0 292 0
0 0 0 293
442 294 346 516
295 951 0 0
296 384 0 0
0 0 0 297
298 808 597 970
299 750 883 0
0 736 300 0
594 301 0 0
302 753 614 0
0 0 303 656
1114 304 422 817
0 540 446 305
444 0 306 0
307 450 432 754
1171 0 924 308
0 932 0 309
310 0 0 0
0 0 0 311
312 419 0 0
0 0 313 1080
0 314 0 0
0 434 315 0
316 602 0 0
807 317 355 536
345 318 668 583
319 0 545 0
0 320 323 327
400 328 321 417
427 474 322 460
0 1093 0 323
561 566 324 592
0 0 950 325
331 0 326 0
0 327 0 335
647 328 448 707
329 1112 0 906
330 0 818 0
373 331 846 402
527 435 332 0
0 333 0 0
418 0 994 334
616 335 739 522
0 336 0 0
337 0 385 454
365 338 394 369
0 339 0 0
341 462 340 644
0 0 341 996
0 342 0 0
343 353 490 0
986 697 344 690
0 345 0 564
0 346 1052 0
0 347 0 0
0 348 0 0
349 370 1073 823
0 350 0 0
351 1168 0 0
0 0 0 352
554 1161 637 353
667 354 572 718
958 355 1050 489
356 0 0 0
0 357 663 380
0 358 404 0
359 0 0 0
0 0 360 1216
774 361 478 0
0 362 0 575
0 0 0 363
749 568 1083 364
1106 1053 784 365
0 366 0 0
0 367 0 0
917 368 1166 0
786 369 0 0
748 0 370 0
541 0 0 371
401 606 801 372
0 0 373 0
599 0 374 920
0 0 375 0
570 1108 376 515
1162 377 790 576
0 378 443 0
379 0 0 0
380 0 0 0
381 780 0 0
382 449 881 0
0 0 383 737
556 582 384 0
0 385 0 0
0 386 1027 776
0 387 962 0
0 388 1177 464
0 0 1187 389
0 0 0 390
416 391 856 630
0 392 0 695
0 393 0 0
901 438 547 394
600 395 666 827
0 0 396 0
534 501 397 0
0 0 0 398
702 0 0 399
641 400 1017 0
0 0 0 401
0 402 648 1014
0 0 403 0
404 0 0 0
0 485 0 405
1058 406 0 0
420 0 767 407
0 557 408 0
409 512 1209 604
0 410 805 517
698 0 411 475
0 412 466 0
413 0 0 0
510 716 693 414
0 415 0 0
507 0 854 416
0 417 0 1178
0 418 0 0
704 0 0 419
420 0 0 0
421 0 509 0
0 422 0 0
488 529 423 0
0 1003 424 0
425 559 499 833
426 711 0 645
0 0 0 427
789 539 961 428
542 465 429 802
430 0 0 778
858 1028 0 431
626 781 432 813
617 433 1153 811
0 0 0 434
477 435 0 0
0 436 0 0
437 0 1226 0
0 438 0 1141
0 0 439 0
440 0 1074 752
441 0 571 1100
0 442 756 679
565 0 443 0
444 0 0 0
0 0 0 445
0 446 634 447
1045 0 447 0
448 0 1049 0
457 860 449 523
450 0 792 1232
596 0 0 451
0 0 452 1040
581 0 453 660
0 0 892 454
640 0 0 455
553 747 456 472
1165 457 0 652
624 458 1149 0
0 459 0 613
460 0 0 0
461 0 0 0
1174 0 1011 462
628 919 758 463
0 464 0 957
0 465 0 0
868 482 611 466
0 467 0 0
468 0 0 0
0 469 688 0
0 972 470 0
471 506 0 0
0 0 0 472
473 0 0 0
0 474 721 755
0 0 0 475
0 1175 476 0
598 0 0 477
973 0 478 954
0 0 479 0
0 0 480 0
0 0 481 0
0 482 0 631
0 0 0 483
484 0 0 0
588 0 485 1065
486 0 979 0
0 0 0 487
0 488 0 0
0 500 0 489
845 732 524 490
0 1125 491 673
492 677 0 814
493 0 0 1136
762 0 0 494
495 0 773 0
0 1042 496 1026
0 0 497 0
620 0 0 498
578 1090 0 499
0 0 0 500
0 501 730 514
591 502 0 0
0 0 0 503
891 528 504 0
772 0 0 505
506 0 0 715
0 521 664 507
684 1190 508 0
509 642 0 0
0 0 510 0
0 0 0 511
0 0 0 512
0 513 0 0
657 0 520 514
515 0 590 0
1148 0 516 0
517 0 573 0
0 678 518 560
519 791 1081 0
520 0 0 0
609 521 0 0
0 522 0 0
523 0 0 0
0 0 524 0
525 0 0 0
526 863 0 0
0 0 0 527
0 528 0 0
623 0 529 0
530 942 939 558
983 0 531 0
0 0 532 0
533 0 991 0
534 725 743 0
897 0 0 535
0 0 1118 536
0 0 934 537
975 538 785 0
832 539 0 0
1145 0 0 540
1135 541 0 0
542 646 0 0
543 0 997 650
544 0 0 1201
0 0 545 0
546 0 0 0
0 0 547 0
683 548 0 787
549 0 0 916
0 0 550 0
0 551 0 0
1002 0 0 552
0 553 0 0
0 554 0 0
0 555 0 0
0 0 938 556
0 0 0 557
0 723 558 632
559 1211 0 0
560 0 0 0
561 0 0 0
0 0 0 562
1099 0 610 563
1046 820 564 838
0 676 0 565
0 0 566 0
0 925 567 0
0 568 0 0
1220 569 0 671
835 1103 1192 570
760 1183 1151 571
1218 572 0 0
573 0 0 1059
0 574 0 0
0 575 0 1180
0 0 0 576
0 0 577 0
0 578 0 0
0 579 0 0
0 580 708 0
0 581 0 0
0 0 582 837
847 583 0 0
0 584 0 0
0 0 585 0
586 0 1207 0
0 816 0 587
0 588 1208 0
0 0 0 589
590 0 0 1062
0 878 591 851
0 0 592 809
931 1223 728 593
594 0 0 0
0 0 0 595
596 0 0 0
597 0 0 0
598 0 0 0
0 0 0 599
0 0 0 600
0 0 601 0
602 1071 0 0
0 0 1172 603
0 0 604 0
0 0 669 605
606 0 0 0
751 607 819 651
0 0 0 608
687 765 0 609
610 0 0 0
611 0 0 788
1006 0 719 612
0 0 0 613
0 0 0 614
0 0 615 0
1199 0 1036 616
617 0 0 0
0 0 618 0
0 0 619 0
1104 620 0 1170
621 0 0 0
0 936 622 1037
623 1075 0 0
624 0 0 0
625 783 0 933
626 0 885 655
627 0 701 864
0 0 0 628
0 629 0 0
0 1038 630 0
0 0 0 631
0 0 632 0
0 0 633 0
634 0 0 0
659 635 0 0
636 0 0 0
0 637 0 0
824 915 0 638
825 639 1189 0
0 0 640 0
641 1160 0 0
642 1013 0 0
643 0 0 714
1133 661 644 0
689 0 645 0
1079 646 0 0
647 0 911 0
1101 0 648 879
887 955 649 870
0 0 0 650
0 0 0 651
0 652 726 0
0 653 0 0
1110 0 1054 654
655 1198 853 0
0 656 0 0
657 886 691 0
0 0 658 0
659 0 0 0
0 0 0 660
0 661 0 0
0 0 662 709
663 0 952 0
664 0 0 686
665 0 1094 0
666 0 0 0
700 0 0 667
0 668 0 1035
669 0 0 0
0 0 670 0
0 848 671 775
672 0 0 0
0 855 0 673
0 0 674 0
675 0 731 0
963 676 0 0
0 677 0 0
678 0 0 717
679 0 0 0
692 0 0 680
0 1051 681 0
1123 1167 0 682
0 683 0 0
0 0 684 830
0 0 685 905
0 686 0 740
0 687 0 0
0 0 0 688
1193 0 0 689
0 690 0 729
0 0 0 691
0 0 692 0
693 0 0 0
0 759 694 0
695 0 0 0
0 971 0 696
0 697 949 761
0 0 0 698
699 1163 1107 745
0 873 700 822
0 0 0 701
0 904 0 702
0 0 804 703
0 704 0 0
0 705 0 0
0 0 0 706
707 0 1188 0
708 0 0 0
0 709 0 0
1176 0 710 0
711 941 1005 0
712 0 0 0
0 0 713 0
866 0 0 714
0 715 0 0
1143 716 0 0
0 777 717 0
1060 0 0 718
0 1230 0 719
720 0 0 985
1126 0 0 721
0 722 0 0
0 0 723 0
0 0 724 0
725 0 0 803
0 1092 0 726
727 0 0 738
728 0 944 0
771 729 999 769
0 0 730 0
0 731 0 0
0 0 0 732
0 0 0 733
799 0 734 0
981 0 735 0
0 0 1150 736
793 0 0 737
871 757 738 0
0 0 739 0
1076 1158 0 740
0 0 741 0
742 1022 1139 0
768 0 0 743
0 744 841 0
1057 745 0 0
0 0 0 746
0 0 0 747
1069 1130 748 1088
0 749 0 0
0 0 750 0
0 751 0 0
0 977 0 752
753 0 0 989
754 0 923 0
0 0 0 755
779 0 0 756
0 1229 0 757
0 0 758 0
913 862 1061 759
1231 0 760 0
761 0 0 0
0 930 762 0
0 0 763 0
764 797 884 0
0 765 0 0
0 0 766 0
0 0 767 0
0 0 0 768
0 922 968 769
770 0 0 0
0 771 0 0
0 0 772 0
0 773 0 0
899 0 0 774
0 0 829 775
0 0 0 776
0 0 777 0
0 0 778 0
927 0 779 0
0 780 0 1015
0 781 0 0
782 0 0 0
0 0 0 783
926 1197 1225 784
785 0 0 0
0 0 918 786
787 0 0 894
788 0 0 0
0 0 0 789
0 790 0 0
0 0 791 0
0 792 0 0
1097 0 793 0
0 794 0 0
795 0 0 0
1029 828 0 796
797 0 0 0
1009 798 0 1047
799 0 0 0
0 0 800 0
801 0 0 960
802 876 0 902
0 1105 803 0
0 804 0 0
805 0 0 0
1179 0 806 0
0 0 0 807
0 808 0 0
1194 809 0 0
0 0 0 810
811 0 0 0
0 0 812 1214
1186 813 0 0
0 0 0 814
0 0 0 815
816 0 0 0
1142 0 817 0
0 882 0 818
0 0 0 819
820 0 0 0
0 0 821 0
0 912 0 822
0 0 823 1033
0 824 0 0
0 0 0 825
840 826 0 0
0 0 0 827
0 828 0 867
0 829 0 0
0 0 830 0
831 0 890 0
832 0 0 0
834 0 833 0
0 0 834 0
0 835 0 0
0 0 836 953
0 875 837 0
0 0 0 838
0 839 959 0
0 840 0 893
0 0 909 841
0 842 1164 0
0 0 0 843
0 844 0 0
859 0 845 857
0 993 846 0
847 0 0 1019
848 0 0 0
0 0 0 849
0 0 850 0
0 0 851 0
852 0 1087 1206
0 0 853 0
0 0 0 854
855 0 0 0
0 856 1117 0
969 0 0 857
929 858 1121 1124
0 1227 859 0
0 860 0 0
861 0 0 0
0 0 0 862
0 863 0 0
0 864 0 0
0 0 0 865
0 866 0 1063
0 0 867 0
0 868 0 0
0 0 869 0
0 870 0 908
871 0 0 0
0 0 0 872
0 0 873 0
0 874 0 0
0 0 875 0
0 0 876 0
1215 0 0 877
0 0 878 0
0 0 0 879
0 0 0 880
0 0 881 0
882 0 0 974
0 0 883 0
0 0 0 884
1140 0 943 885
0 0 886 0
0 0 0 887
0 0 888 0
0 0 0 889
890 0 0 0
0 0 0 891
0 0 892 0
0 893 0 0
0 894 0 0
0 0 895 0
0 896 0 0
0 0 0 897
0 0 0 898
899 0 1030 0
900 0 0 1159
0 0 1113 901
902 0 0 0
903 0 1212 0
1004 904 0 0
905 0 948 0
906 1008 0 0
0 0 907 0
908 0 0 0
0 909 0 0
0 1012 910 0
911 1132 0 0
0 0 0 912
0 913 0 0
0 914 0 0
0 915 0 0
1217 0 0 916
0 917 976 0
1169 0 918 0
0 919 0 0
920 0 966 0
0 0 0 921
922 0 0 1134
923 0 0 0
0 924 0 0
925 0 0 964
0 0 0 926
0 1056 0 927
1210 0 0 928
929 0 0 0
0 930 0 0
931 0 0 0
0 0 932 0
933 0 0 0
0 1119 934 0
935 0 0 0
0 936 0 0
0 0 937 0
0 0 938 0
939 0 0 0
0 940 0 0
0 941 0 0
0 0 942 0
0 0 943 0
1222 1078 0 944
945 0 0 0
946 0 0 0
947 0 0 0
0 0 948 0
0 0 949 0
0 0 950 0
951 0 0 0
0 0 952 0
953 0 0 1181
0 0 954 0
0 0 0 955
0 956 0 0
0 0 0 957
958 0 1077 0
959 0 1043 0
0 0 0 960
961 0 0 0
0 0 962 0
0 963 0 0
0 964 0 0
0 1137 965 0
0 0 966 0
0 967 0 0
0 0 0 968
0 969 0 0
0 970 1144 1147
971 0 0 0
0 0 972 0
0 980 0 973
0 0 974 0
0 975 0 0
976 0 0 0
0 977 0 0
0 978 0 0
0 0 0 979
980 0 0 0
0 0 981 0
982 0 0 0
0 984 0 983
0 984 0 0
0 0 0 985
986 0 0 0
0 0 1091 987
0 988 0 0
0 989 0 0
0 0 990 0
0 0 991 0
0 992 0 0
0 0 993 0
0 0 994 0
995 0 0 1146
996 0 0 0
0 0 0 997
0 998 0 0
999 0 0 0
0 0 1000 1129
1001 1221 0 0
1002 1066 0 0
1003 0 0 0
1004 0 0 0
0 0 0 1005
0 0 0 1006
0 0 1007 0
1185 1008 0 0
0 1009 0 0
0 0 0 1010
0 0 0 1011
0 0 1012 0
0 0 0 1013
0 0 1014 0
0 0 1098 1015
1016 0 0 0
0 1017 0 0
1018 0 1032 0
0 0 1019 0
1020 0 0 0
0 0 0 1021
0 1022 1034 0
0 0 0 1023
0 0 0 1024
1025 0 0 0
0 1026 0 0
0 0 1027 1070
0 0 0 1028
0 0 1029 0
0 1191 1030 0
0 0 0 1031
0 1032 0 0
0 1033 0 0
0 1034 0 0
0 1035 0 0
1036 0 0 0
0 0 1037 0
0 1038 0 0
1039 0 0 0
0 0 1040 0
0 1041 0 0
1042 0 0 0
1122 0 1043 0
0 0 1044 0
0 1045 0 0
0 0 1046 0
0 0 1047 0
0 1200 0 1048
0 1049 1055 0
1050 0 0 0
0 0 0 1051
1052 0 0 0
0 1053 0 0
0 0 0 1054
0 1055 1120 0
0 1056 0 1096
0 1057 0 0
0 0 1058 0
1059 0 0 0
0 0 0 1060
0 1061 0 0
0 0 1062 1184
0 1063 0 0
1064 0 0 0
0 1065 0 0
1066 0 0 0
0 0 0 1067
0 0 1228 1068
0 0 1069 0
0 1070 0 0
0 1071 0 0
1072 0 0 0
0 0 1073 0
0 0 1074 0
1075 0 0 0
0 0 0 1076
1077 0 0 0
0 1078 0 0
0 0 0 1079
0 1080 0 0
0 0 1081 0
1082 0 0 0
1083 0 0 0
0 0 0 1084
1085 0 0 0
1086 0 0 0
0 1095 1087 0
1088 0 1182 0
0 1089 0 0
0 1090 0 0
0 0 1091 0
1092 0 0 0
1093 0 0 0
0 0 1094 0
1095 0 0 0
0 0 1096 0
0 0 1097 0
0 1098 0 0
1099 0 0 0
1173 1100 0 0
1101 0 0 0
1116 0 1102 0
1103 0 0 0
0 1104 0 0
1219 1105 0 0
1106 0 0 0
0 1107 0 0
0 0 0 1108
1109 0 0 0
0 1110 0 0
1111 0 0 0
1112 0 0 0
0 1113 0 0
0 0 0 1114
0 0 1115 0
0 1116 0 0
0 0 1117 0
0 1118 0 0
0 0 0 1119
1120 0 0 0
1121 0 0 0
1122 0 0 0
0 0 1123 0
0 0 0 1124
0 1125 0 0
1126 0 0 0
0 0 0 1127
0 0 1128 0
0 1129 0 1155
0 1130 0 0
0 0 1131 0
0 0 1132 0
0 0 1133 1152
0 1134 0 0
0 1135 0 1195
0 0 1136 0
0 1137 0 0
0 1138 0 0
0 0 0 1139
1140 0 0 0
1141 0 0 0
0 1142 0 0
1143 0 0 1204
1144 0 0 0
0 0 0 1145
0 0 0 1146
1147 0 0 0
0 1148 0 0
0 0 0 1149
0 0 1150 0
0 1151 0 0
0 0 0 1152
0 1153 0 0
1154 0 0 0
0 0 1155 0
1156 0 0 0
0 0 1157 0
0 0 0 1158
0 0 1159 0
0 0 0 1160
0 0 1161 0
0 1162 0 0
0 1163 0 0
0 0 1164 0
0 0 1165 0
0 0 0 1166
0 0 0 1167
0 0 0 1168
0 1169 0 0
1170 0 0 0
1171 0 0 0
1172 0 0 0
0 0 1173 0
0 1205 0 1174
1175 0 0 0
1176 0 0 0
0 0 1177 0
0 0 1178 0
0 0 0 1179
1180 0 0 0
0 0 0 1181
0 0 1182 0
0 1183 0 0
1184 0 0 0
0 1185 0 0
0 1186 0 0
1187 0 0 0
1188 0 0 0
0 1189 0 0
0 1190 0 0
1191 0 0 0
1192 0 0 0
1193 0 0 0
0 0 1194 0
0 1195 0 0
0 1196 0 0
0 1197 0 0
1198 0 0 0
1199 0 0 0
0 1200 0 0
0 0 0 1201
1202 0 0 0
0 0 0 1203
0 0 0 1204
1205 0 0 0
0 0 1206 0
0 1207 0 0
0 0 0 1208
1209 0 0 0
0 1210 0 0
0 1211 0 0
0 0 1212 0
0 0 0 1213
0 0 1214 0
0 0 1215 0
0 1216 0 0
0 1217 0 0
0 1218 0 0
0 0 0 1219
0 1220 0 0
1221 0 0 0
0 1222 0 0
0 0 1223 0
1224 0 0 0
0 1225 0 0
0 0 1226 0
0 0 1227 0
0 0 1228 0
0 0 0 1229
1233 0 0 1230
0 0 0 1231
0 0 1232 0
1233 0 0 0
