10
21
0 0
1 989
2 619
3 871
4 476
5 255
6 759
7 388
8 571
9 634
10 884
11 428
12 549
13 421
14 85
15 852
16 331
17 730
18 231
19 800
20 766
20
0 0
1 206
2 474
3 619
4 634
5 569
6 749
7 568
8 586
9 853
10 852
11 508
12 231
13 783
14 886
15 716
16 914
17 332
18 5
19 736
23
0 0
1 646
2 416
3 29
4 164
5 189
6 559
7 585
8 385
9 169
10 546
11 720
12 131
13 208
14 867
15 372
16 202
17 26
18 366
19 884
20 607
21 826
22 577
24
0 0
1 186
2 563
3 440
4 779
5 277
6 588
7 659
8 996
9 609
10 589
11 48
12 775
13 314
14 600
15 510
16 86
17 176
18 149
19 582
20 852
21 990
22 258
23 683
20
0 0
1 517
2 252
3 107
4 300
5 274
6 922
7 675
8 395
9 301
10 529
11 236
12 475
13 739
14 885
15 943
16 159
17 777
18 796
19 391
20
0 0
1 901
2 65
3 706
4 709
5 80
6 529
7 315
8 247
9 130
10 136
11 401
12 641
13 109
14 865
15 931
16 975
17 866
18 232
19 359
21
0 0
1 705
2 676
3 297
4 449
5 71
6 992
7 743
8 526
9 237
10 99
11 511
12 624
13 741
14 29
15 526
16 149
17 432
18 457
19 700
20 917
23
0 0
1 643
2 670
3 296
4 909
5 122
6 718
7 624
8 257
9 256
10 945
11 28
12 457
13 617
14 500
15 563
16 724
17 709
18 907
19 581
20 397
21 835
22 599
23
0 0
1 767
2 966
3 531
4 509
5 402
6 473
7 62
8 113
9 856
10 126
11 947
12 136
13 888
14 271
15 523
16 419
17 193
18 592
19 965
20 337
21 102
22 735
24
0 0
1 40
2 389
3 606
4 847
5 94
6 434
7 514
8 67
9 530
10 678
11 599
12 256
13 562
14 553
15 179
16 807
17 430
18 997
19 367
20 402
21 358
22 342
23 134
