5
512
0 0
1 0
2 0
3 0
4 0
5 0
6 0
7 0
8 0
9 0
10 0
11 0
12 0
13 0
14 0
15 0
16 0
17 0
18 0
19 0
20 0
21 0
22 0
23 0
24 0
25 0
26 0
27 0
28 0
29 0
30 0
31 0
32 0
33 0
34 0
35 0
36 0
37 0
38 0
39 0
40 0
41 0
42 0
43 0
44 0
45 0
46 0
47 0
48 0
49 0
50 0
51 0
52 0
53 0
54 0
55 0
56 0
57 0
58 0
59 0
60 0
61 0
62 0
63 0
64 0
65 0
66 0
67 0
68 0
69 0
70 0
71 0
72 0
73 0
74 0
75 0
76 0
77 0
78 0
79 0
80 0
81 0
82 0
83 0
84 0
85 0
86 0
87 0
88 0
89 0
90 0
91 0
92 0
93 0
94 0
95 0
96 0
97 0
98 0
99 0
100 0
101 0
102 0
103 0
104 0
105 0
106 0
107 0
108 0
109 0
110 0
111 0
112 0
113 0
114 0
115 0
116 0
117 0
118 0
119 0
120 0
121 0
122 0
123 0
124 0
125 0
126 0
127 0
128 0
129 0
130 0
131 0
132 0
133 0
134 0
135 0
136 0
137 0
138 0
139 0
140 0
141 0
142 0
143 0
144 0
145 0
146 0
147 0
148 0
149 0
150 0
151 0
152 0
153 0
154 0
155 0
156 0
157 0
158 0
159 0
160 0
161 0
162 0
163 0
164 0
165 0
166 0
167 0
168 0
169 0
170 0
171 0
172 0
173 0
174 0
175 0
176 0
177 0
178 0
179 0
180 0
181 0
182 0
183 0
184 0
185 0
186 0
187 0
188 0
189 0
190 0
191 0
192 0
193 0
194 0
195 0
196 0
197 0
198 0
199 0
200 0
201 0
202 0
203 0
204 0
205 0
206 0
207 0
208 0
209 0
210 0
211 0
212 0
213 0
214 0
215 0
216 0
217 0
218 0
219 0
220 0
221 0
222 0
223 0
224 0
225 0
226 0
227 0
228 0
229 0
230 0
231 0
232 0
233 0
234 0
235 0
236 0
237 0
238 0
239 0
240 0
241 0
242 0
243 0
244 0
245 0
246 0
247 0
248 0
249 0
250 0
251 0
252 0
253 0
254 0
255 0
256 0
257 0
258 0
259 0
260 0
261 0
262 0
263 0
264 0
265 0
266 0
267 0
268 0
269 0
270 0
271 0
272 0
273 0
274 0
275 0
276 0
277 0
278 0
279 0
280 0
281 0
282 0
283 0
284 0
285 0
286 0
287 0
288 0
289 0
290 0
291 0
292 0
293 0
294 0
295 0
296 0
297 0
298 0
299 0
300 0
301 0
302 0
303 0
304 0
305 0
306 0
307 0
308 0
309 0
310 0
311 0
312 0
313 0
314 0
315 0
316 0
317 0
318 0
319 0
320 0
321 0
322 0
323 0
324 0
325 0
326 0
327 0
328 0
329 0
330 0
331 0
332 0
333 0
334 0
335 0
336 0
337 0
338 0
339 0
340 0
341 0
342 0
343 0
344 0
345 0
346 0
347 0
348 0
349 0
350 0
351 0
352 0
353 0
354 0
355 0
356 0
357 0
358 0
359 0
360 0
361 0
362 0
363 0
364 0
365 0
366 0
367 0
368 0
369 0
370 0
371 0
372 0
373 0
374 0
375 0
376 0
377 0
378 0
379 0
380 0
381 0
382 0
383 0
384 0
385 0
386 0
387 0
388 0
389 0
390 0
391 0
392 0
393 0
394 0
395 0
396 0
397 0
398 0
399 0
400 0
401 0
402 0
403 0
404 0
405 0
406 0
407 0
408 0
409 0
410 0
411 0
412 0
413 0
414 0
415 0
416 0
417 0
418 0
419 0
420 0
421 0
422 0
423 0
424 0
425 0
426 0
427 0
428 0
429 0
430 0
431 0
432 0
433 0
434 0
435 0
436 0
437 0
438 0
439 0
440 0
441 0
442 0
443 0
444 0
445 0
446 0
447 0
448 0
449 0
450 0
451 0
452 0
453 0
454 0
455 0
456 0
457 0
458 0
459 0
460 0
461 0
462 0
463 0
464 0
465 0
466 0
467 0
468 0
469 0
470 0
471 0
472 0
473 0
474 0
475 0
476 0
477 0
478 0
479 0
480 0
481 0
482 0
483 0
484 0
485 0
486 0
487 0
488 0
489 0
490 0
491 0
492 0
493 0
494 0
495 0
496 0
497 0
498 0
499 0
500 0
501 0
502 0
503 0
504 0
505 0
506 0
507 0
508 0
509 0
510 0
511 0
512
0 0
1 1000
2 0
3 1000
4 0
5 1000
6 0
7 1000
8 0
9 1000
10 0
11 1000
12 0
13 1000
14 0
15 1000
16 0
17 1000
18 0
19 1000
20 0
21 1000
22 0
23 1000
24 0
25 1000
26 0
27 1000
28 0
29 1000
30 0
31 1000
32 0
33 1000
34 0
35 1000
36 0
37 1000
38 0
39 1000
40 0
41 1000
42 0
43 1000
44 0
45 1000
46 0
47 1000
48 0
49 1000
50 0
51 1000
52 0
53 1000
54 0
55 1000
56 0
57 1000
58 0
59 1000
60 0
61 1000
62 0
63 1000
64 0
65 1000
66 0
67 1000
68 0
69 1000
70 0
71 1000
72 0
73 1000
74 0
75 1000
76 0
77 1000
78 0
79 1000
80 0
81 1000
82 0
83 1000
84 0
85 1000
86 0
87 1000
88 0
89 1000
90 0
91 1000
92 0
93 1000
94 0
95 1000
96 0
97 1000
98 0
99 1000
100 0
101 1000
102 0
103 1000
104 0
105 1000
106 0
107 1000
108 0
109 1000
110 0
111 1000
112 0
113 1000
114 0
115 1000
116 0
117 1000
118 0
119 1000
120 0
121 1000
122 0
123 1000
124 0
125 1000
126 0
127 1000
128 0
129 1000
130 0
131 1000
132 0
133 1000
134 0
135 1000
136 0
137 1000
138 0
139 1000
140 0
141 1000
142 0
143 1000
144 0
145 1000
146 0
147 1000
148 0
149 1000
150 0
151 1000
152 0
153 1000
154 0
155 1000
156 0
157 1000
158 0
159 1000
160 0
161 1000
162 0
163 1000
164 0
165 1000
166 0
167 1000
168 0
169 1000
170 0
171 1000
172 0
173 1000
174 0
175 1000
176 0
177 1000
178 0
179 1000
180 0
181 1000
182 0
183 1000
184 0
185 1000
186 0
187 1000
188 0
189 1000
190 0
191 1000
192 0
193 1000
194 0
195 1000
196 0
197 1000
198 0
199 1000
200 0
201 1000
202 0
203 1000
204 0
205 1000
206 0
207 1000
208 0
209 1000
210 0
211 1000
212 0
213 1000
214 0
215 1000
216 0
217 1000
218 0
219 1000
220 0
221 1000
222 0
223 1000
224 0
225 1000
226 0
227 1000
228 0
229 1000
230 0
231 1000
232 0
233 1000
234 0
235 1000
236 0
237 1000
238 0
239 1000
240 0
241 1000
242 0
243 1000
244 0
245 1000
246 0
247 1000
248 0
249 1000
250 0
251 1000
252 0
253 1000
254 0
255 1000
256 0
257 1000
258 0
259 1000
260 0
261 1000
262 0
263 1000
264 0
265 1000
266 0
267 1000
268 0
269 1000
270 0
271 1000
272 0
273 1000
274 0
275 1000
276 0
277 1000
278 0
279 1000
280 0
281 1000
282 0
283 1000
284 0
285 1000
286 0
287 1000
288 0
289 1000
290 0
291 1000
292 0
293 1000
294 0
295 1000
296 0
297 1000
298 0
299 1000
300 0
301 1000
302 0
303 1000
304 0
305 1000
306 0
307 1000
308 0
309 1000
310 0
311 1000
312 0
313 1000
314 0
315 1000
316 0
317 1000
318 0
319 1000
320 0
321 1000
322 0
323 1000
324 0
325 1000
326 0
327 1000
328 0
329 1000
330 0
331 1000
332 0
333 1000
334 0
335 1000
336 0
337 1000
338 0
339 1000
340 0
341 1000
342 0
343 1000
344 0
345 1000
346 0
347 1000
348 0
349 1000
350 0
351 1000
352 0
353 1000
354 0
355 1000
356 0
357 1000
358 0
359 1000
360 0
361 1000
362 0
363 1000
364 0
365 1000
366 0
367 1000
368 0
369 1000
370 0
371 1000
372 0
373 1000
374 0
375 1000
376 0
377 1000
378 0
379 1000
380 0
381 1000
382 0
383 1000
384 0
385 1000
386 0
387 1000
388 0
389 1000
390 0
391 1000
392 0
393 1000
394 0
395 1000
396 0
397 1000
398 0
399 1000
400 0
401 1000
402 0
403 1000
404 0
405 1000
406 0
407 1000
408 0
409 1000
410 0
411 1000
412 0
413 1000
414 0
415 1000
416 0
417 1000
418 0
419 1000
420 0
421 1000
422 0
423 1000
424 0
425 1000
426 0
427 1000
428 0
429 1000
430 0
431 1000
432 0
433 1000
434 0
435 1000
436 0
437 1000
438 0
439 1000
440 0
441 1000
442 0
443 1000
444 0
445 1000
446 0
447 1000
448 0
449 1000
450 0
451 1000
452 0
453 1000
454 0
455 1000
456 0
457 1000
458 0
459 1000
460 0
461 1000
462 0
463 1000
464 0
465 1000
466 0
467 1000
468 0
469 1000
470 0
471 1000
472 0
473 1000
474 0
475 1000
476 0
477 1000
478 0
479 1000
480 0
481 1000
482 0
483 1000
484 0
485 1000
486 0
487 1000
488 0
489 1000
490 0
491 1000
492 0
493 1000
494 0
495 1000
496 0
497 1000
498 0
499 1000
500 0
501 1000
502 0
503 1000
504 0
505 1000
506 0
507 1000
508 0
509 1000
510 0
511 1000
512
0 0
1 1
2 0
3 3
4 0
5 5
6 0
7 7
8 0
9 9
10 0
11 11
12 0
13 13
14 0
15 15
16 0
17 17
18 0
19 19
20 0
21 21
22 0
23 23
24 0
25 25
26 0
27 27
28 0
29 29
30 0
31 31
32 0
33 33
34 0
35 35
36 0
37 37
38 0
39 39
40 0
41 41
42 0
43 43
44 0
45 45
46 0
47 47
48 0
49 49
50 0
51 51
52 0
53 53
54 0
55 55
56 0
57 57
58 0
59 59
60 0
61 61
62 0
63 63
64 0
65 65
66 0
67 67
68 0
69 69
70 0
71 71
72 0
73 73
74 0
75 75
76 0
77 77
78 0
79 79
80 0
81 81
82 0
83 83
84 0
85 85
86 0
87 87
88 0
89 89
90 0
91 91
92 0
93 93
94 0
95 95
96 0
97 97
98 0
99 99
100 0
101 101
102 0
103 103
104 0
105 105
106 0
107 107
108 0
109 109
110 0
111 111
112 0
113 113
114 0
115 115
116 0
117 117
118 0
119 119
120 0
121 121
122 0
123 123
124 0
125 125
126 0
127 127
128 0
129 129
130 0
131 131
132 0
133 133
134 0
135 135
136 0
137 137
138 0
139 139
140 0
141 141
142 0
143 143
144 0
145 145
146 0
147 147
148 0
149 149
150 0
151 151
152 0
153 153
154 0
155 155
156 0
157 157
158 0
159 159
160 0
161 161
162 0
163 163
164 0
165 165
166 0
167 167
168 0
169 169
170 0
171 171
172 0
173 173
174 0
175 175
176 0
177 177
178 0
179 179
180 0
181 181
182 0
183 183
184 0
185 185
186 0
187 187
188 0
189 189
190 0
191 191
192 0
193 193
194 0
195 195
196 0
197 197
198 0
199 199
200 0
201 201
202 0
203 203
204 0
205 205
206 0
207 207
208 0
209 209
210 0
211 211
212 0
213 213
214 0
215 215
216 0
217 217
218 0
219 219
220 0
221 221
222 0
223 223
224 0
225 225
226 0
227 227
228 0
229 229
230 0
231 231
232 0
233 233
234 0
235 235
236 0
237 237
238 0
239 239
240 0
241 241
242 0
243 243
244 0
245 245
246 0
247 247
248 0
249 249
250 0
251 251
252 0
253 253
254 0
255 255
256 0
257 257
258 0
259 259
260 0
261 261
262 0
263 263
264 0
265 265
266 0
267 267
268 0
269 269
270 0
271 271
272 0
273 273
274 0
275 275
276 0
277 277
278 0
279 279
280 0
281 281
282 0
283 283
284 0
285 285
286 0
287 287
288 0
289 289
290 0
291 291
292 0
293 293
294 0
295 295
296 0
297 297
298 0
299 299
300 0
301 301
302 0
303 303
304 0
305 305
306 0
307 307
308 0
309 309
310 0
311 311
312 0
313 313
314 0
315 315
316 0
317 317
318 0
319 319
320 0
321 321
322 0
323 323
324 0
325 325
326 0
327 327
328 0
329 329
330 0
331 331
332 0
333 333
334 0
335 335
336 0
337 337
338 0
339 339
340 0
341 341
342 0
343 343
344 0
345 345
346 0
347 347
348 0
349 349
350 0
351 351
352 0
353 353
354 0
355 355
356 0
357 357
358 0
359 359
360 0
361 361
362 0
363 363
364 0
365 365
366 0
367 367
368 0
369 369
370 0
371 371
372 0
373 373
374 0
375 375
376 0
377 377
378 0
379 379
380 0
381 381
382 0
383 383
384 0
385 385
386 0
387 387
388 0
389 389
390 0
391 391
392 0
393 393
394 0
395 395
396 0
397 397
398 0
399 399
400 0
401 401
402 0
403 403
404 0
405 405
406 0
407 407
408 0
409 409
410 0
411 411
412 0
413 413
414 0
415 415
416 0
417 417
418 0
419 419
420 0
421 421
422 0
423 423
424 0
425 425
426 0
427 427
428 0
429 429
430 0
431 431
432 0
433 433
434 0
435 435
436 0
437 437
438 0
439 439
440 0
441 441
442 0
443 443
444 0
445 445
446 0
447 447
448 0
449 449
450 0
451 451
452 0
453 453
454 0
455 455
456 0
457 457
458 0
459 459
460 0
461 461
462 0
463 463
464 0
465 465
466 0
467 467
468 0
469 469
470 0
471 471
472 0
473 473
474 0
475 475
476 0
477 477
478 0
479 479
480 0
481 481
482 0
483 483
484 0
485 485
486 0
487 487
488 0
489 489
490 0
491 491
492 0
493 493
494 0
495 495
496 0
497 497
498 0
499 499
500 0
501 501
502 0
503 503
504 0
505 505
506 0
507 507
508 0
509 509
510 0
511 511
512
0 0
1 1
2 4
3 9
4 16
5 25
6 36
7 49
8 64
9 81
10 100
11 121
12 144
13 169
14 196
15 225
16 256
17 289
18 324
19 361
20 400
21 441
22 484
23 529
24 576
25 625
26 676
27 729
28 784
29 841
30 900
31 961
32 1024
33 1089
34 1156
35 25
36 96
37 169
38 244
39 321
40 400
41 481
42 564
43 649
44 736
45 825
46 916
47 1009
48 1104
49 1
50 100
51 201
52 304
53 409
54 516
55 625
56 736
57 849
58 964
59 1081
60 0
61 121
62 244
63 369
64 496
65 625
66 756
67 889
68 1024
69 1161
70 100
71 241
72 384
73 529
74 676
75 825
76 976
77 1129
78 84
79 241
80 400
81 561
82 724
83 889
84 1056
85 25
86 196
87 369
88 544
89 721
90 900
91 1081
92 64
93 249
94 436
95 625
96 816
97 1009
98 4
99 201
100 400
101 601
102 804
103 1009
104 16
105 225
106 436
107 649
108 864
109 1081
110 100
111 321
112 544
113 769
114 996
115 25
116 256
117 489
118 724
119 961
120 0
121 241
122 484
123 729
124 976
125 25
126 276
127 529
128 784
129 1041
130 100
131 361
132 624
133 889
134 1156
135 225
136 496
137 769
138 1044
139 121
140 400
141 681
142 964
143 49
144 336
145 625
146 916
147 9
148 304
149 601
150 900
151 1
152 304
153 609
154 916
155 25
156 336
157 649
158 964
159 81
160 400
161 721
162 1044
163 169
164 496
165 825
166 1156
167 289
168 624
169 961
170 100
171 441
172 784
173 1129
174 276
175 625
176 976
177 129
178 484
179 841
180 0
181 361
182 724
183 1089
184 256
185 625
186 996
187 169
188 544
189 921
190 100
191 481
192 864
193 49
194 436
195 825
196 16
197 409
198 804
199 1
200 400
201 801
202 4
203 409
204 816
205 25
206 436
207 849
208 64
209 481
210 900
211 121
212 544
213 969
214 196
215 625
216 1056
217 289
218 724
219 1161
220 400
221 841
222 84
223 529
224 976
225 225
226 676
227 1129
228 384
229 841
230 100
231 561
232 1024
233 289
234 756
235 25
236 496
237 969
238 244
239 721
240 0
241 481
242 964
243 249
244 736
245 25
246 516
247 1009
248 304
249 801
250 100
251 601
252 1104
253 409
254 916
255 225
256 736
257 49
258 564
259 1081
260 400
261 921
262 244
263 769
264 96
265 625
266 1156
267 489
268 1024
269 361
270 900
271 241
272 784
273 129
274 676
275 25
276 576
277 1129
278 484
279 1041
280 400
281 961
282 324
283 889
284 256
285 825
286 196
287 769
288 144
289 721
290 100
291 681
292 64
293 649
294 36
295 625
296 16
297 609
298 4
299 601
300 0
301 601
302 4
303 609
304 16
305 625
306 36
307 649
308 64
309 681
310 100
311 721
312 144
313 769
314 196
315 825
316 256
317 889
318 324
319 961
320 400
321 1041
322 484
323 1129
324 576
325 25
326 676
327 129
328 784
329 241
330 900
331 361
332 1024
333 489
334 1156
335 625
336 96
337 769
338 244
339 921
340 400
341 1081
342 564
343 49
344 736
345 225
346 916
347 409
348 1104
349 601
350 100
351 801
352 304
353 1009
354 516
355 25
356 736
357 249
358 964
359 481
360 0
361 721
362 244
363 969
364 496
365 25
366 756
367 289
368 1024
369 561
370 100
371 841
372 384
373 1129
374 676
375 225
376 976
377 529
378 84
379 841
380 400
381 1161
382 724
383 289
384 1056
385 625
386 196
387 969
388 544
389 121
390 900
391 481
392 64
393 849
394 436
395 25
396 816
397 409
398 4
399 801
400 400
401 1
402 804
403 409
404 16
405 825
406 436
407 49
408 864
409 481
410 100
411 921
412 544
413 169
414 996
415 625
416 256
417 1089
418 724
419 361
420 0
421 841
422 484
423 129
424 976
425 625
426 276
427 1129
428 784
429 441
430 100
431 961
432 624
433 289
434 1156
435 825
436 496
437 169
438 1044
439 721
440 400
441 81
442 964
443 649
444 336
445 25
446 916
447 609
448 304
449 1
450 900
451 601
452 304
453 9
454 916
455 625
456 336
457 49
458 964
459 681
460 400
461 121
462 1044
463 769
464 496
465 225
466 1156
467 889
468 624
469 361
470 100
471 1041
472 784
473 529
474 276
475 25
476 976
477 729
478 484
479 241
480 0
481 961
482 724
483 489
484 256
485 25
486 996
487 769
488 544
489 321
490 100
491 1081
492 864
493 649
494 436
495 225
496 16
497 1009
498 804
499 601
500 400
501 201
502 4
503 1009
504 816
505 625
506 436
507 249
508 64
509 1081
510 900
511 721
100
0 43
10 269
20 127
30 13
40 47
50 23
60 53
70 499
80 349
90 401
100 239
110 47
120 59
130 523
140 349
150 421
160 331
170 421
180 151
190 281
200 461
210 11
220 227
230 5
240 211
250 541
260 277
270 139
280 457
290 53
300 137
310 433
320 191
330 5
340 433
350 193
360 277
370 373
380 349
390 421
400 277
410 47
420 47
430 251
440 317
450 349
460 263
470 523
480 163
490 463
500 139
510 499
520 193
530 19
540 73
550 41
560 31
570 233
580 107
590 307
600 53
610 239
620 271
630 59
640 3
650 131
660 487
670 73
680 23
690 449
700 23
710 197
720 2
730 359
740 2
750 101
760 307
770 293
780 443
790 521
800 103
810 419
820 359
830 439
840 131
850 521
860 373
870 353
880 89
890 307
900 31
910 11
920 283
930 491
940 421
950 479
960 43
970 149
980 199
990 199
