100
30 100 3
25 4
28 23
10 24
8 24
4 19
10 6
30 22
19 3
10 5
22 4
18 15
22 15
9 6
29 23
12 1
26 18
21 5
12 29
20 15
9 29
20 30
13 30
2 22
27 23
25 14
28 16
13 18
8 17
10 28
15 6
16 27
2 27
17 22
3 18
12 15
17 24
6 19
7 2
3 24
1 27
18 6
14 17
22 24
7 28
29 14
24 30
2 3
13 4
20 25
16 17
17 19
2 24
20 2
20 29
7 25
8 20
18 14
17 8
30 20
5 12
15 24
28 3
29 30
18 7
8 26
25 9
11 14
10 30
5 9
17 12
28 26
17 7
4 5
9 25
16 5
28 30
2 18
17 11
16 24
29 10
24 9
16 25
1 20
3 17
12 9
21 7
5 21
25 29
19 14
16 13
23 24
15 9
17 13
18 10
22 25
4 22
14 29
30 28
13 11
6 3
10 10
10 3
7 9
10 10
7 2
4 2
6 10
6 4
4 1
2 7
3 8
4 5
4 1
5 1
9 6
5 7
9 8
9 7
8 7
8 8
1 5
4 3
7 8
8 2
10 10
9 1
5 2
4 2
5 10
6 8
