3988
952 1001
955 1001
955 1000
956 1000
956 1001
959 1001
959 1000
960 1000
960 999
958 999
958 1000
957 1000
957 999
954 999
954 1000
952 1000
952 997
951 997
951 1002
950 1002
950 1003
948 1003
948 1004
946 1004
946 1005
945 1005
945 1006
942 1006
942 1005
944 1005
944 1004
945 1004
945 1002
944 1002
944 1003
943 1003
943 1004
942 1004
942 1002
943 1002
943 1001
950 1001
950 1000
949 1000
949 998
948 998
948 1000
944 1000
944 999
946 999
946 998
943 998
943 999
942 999
942 1001
941 1001
941 1006
940 1006
940 1005
939 1005
939 1004
938 1004
938 1005
937 1005
937 1004
935 1004
935 1006
934 1006
934 1005
933 1005
933 1004
934 1004
934 1002
937 1002
937 1000
941 1000
941 998
940 998
940 999
936 999
936 1001
933 1001
933 1003
932 1003
932 1000
934 1000
934 998
933 998
933 999
931 999
931 1001
930 1001
930 1002
929 1002
929 1000
930 1000
930 999
929 999
929 998
930 998
930 996
931 996
931 997
932 997
932 996
933 996
933 997
935 997
935 996
934 996
934 995
935 995
935 993
934 993
934 994
933 994
933 995
932 995
932 994
931 994
931 993
930 993
930 995
929 995
929 993
928 993
928 994
927 994
927 993
926 993
926 991
927 991
927 992
928 992
928 991
929 991
929 989
928 989
928 990
927 990
927 986
930 986
930 987
931 987
931 985
933 985
933 986
932 986
932 988
931 988
931 989
933 989
933 987
934 987
934 990
935 990
935 985
936 985
936 987
937 987
937 989
938 989
938 992
940 992
940 994
941 994
941 996
944 996
944 997
945 997
945 995
944 995
944 994
946 994
946 997
947 997
947 994
949 994
949 997
950 997
950 996
957 996
957 995
950 995
950 993
943 993
943 995
942 995
942 993
941 993
941 992
943 992
943 991
939 991
939 990
940 990
940 989
939 989
939 988
938 988
938 986
940 986
940 985
937 985
937 983
935 983
935 982
938 982
938 983
940 983
940 984
941 984
941 983
942 983
942 982
943 982
943 985
942 985
942 986
943 986
943 987
941 987
941 989
942 989
942 988
944 988
944 992
945 992
945 987
944 987
944 984
946 984
946 990
947 990
947 992
948 992
948 990
949 990
949 992
951 992
951 991
950 991
950 990
951 990
951 989
947 989
947 987
948 987
948 986
950 986
950 987
953 987
953 986
951 986
951 985
947 985
947 983
944 983
944 981
943 981
943 980
942 980
942 979
945 979
945 981
949 981
949 982
951 982
951 984
953 984
953 983
952 983
952 982
953 982
953 981
954 981
954 982
956 982
956 983
954 983
954 984
955 984
955 988
956 988
956 986
958 986
958 991
959 991
959 992
960 992
960 990
959 990
959 986
960 986
960 987
962 987
962 991
963 991
963 993
968 993
968 992
964 992
964 990
963 990
963 986
961 986
961 985
956 985
956 984
957 984
957 983
960 983
960 980
959 980
959 982
957 982
957 980
956 980
956 981
955 981
955 980
954 980
954 979
957 979
957 978
953 978
953 980
951 980
951 981
950 981
950 980
948 980
948 977
947 977
947 980
946 980
946 978
940 978
940 977
941 977
941 976
942 976
942 977
944 977
944 975
943 975
943 974
945 974
945 973
944 973
944 972
945 972
945 970
946 970
946 974
947 974
947 976
948 976
948 975
951 975
951 976
952 976
952 974
951 974
951 973
950 973
950 974
948 974
948 973
947 973
947 972
949 972
949 971
947 971
947 970
948 970
948 969
946 969
946 968
947 968
947 966
948 966
948 965
949 965
949 967
951 967
951 971
952 971
952 972
954 972
954 973
953 973
953 976
954 976
954 977
956 977
956 976
955 976
955 975
954 975
954 974
955 974
955 973
958 973
958 975
959 975
959 976
960 976
960 977
963 977
963 978
962 978
962 979
963 979
963 982
967 982
967 984
971 984
971 985
973 985
973 987
975 987
975 988
976 988
976 986
974 986
974 985
975 985
975 984
976 984
976 985
979 985
979 986
980 986
980 984
977 984
977 983
974 983
974 984
972 984
972 983
968 983
968 981
964 981
964 979
965 979
965 978
964 978
964 976
961 976
961 975
960 975
960 974
959 974
959 973
961 973
961 972
956 972
956 971
953 971
953 970
952 970
952 968
954 968
954 969
956 969
956 970
957 970
957 969
958 969
958 970
959 970
959 971
961 971
961 970
960 970
960 969
962 969
962 972
965 972
965 974
968 974
968 973
966 973
966 971
963 971
963 970
964 970
964 969
963 969
963 968
955 968
955 967
952 967
952 966
951 966
951 965
952 965
952 964
954 964
954 966
955 966
955 964
956 964
956 966
959 966
959 965
957 965
957 963
958 963
958 962
955 962
955 963
953 963
953 962
952 962
952 961
953 961
953 960
952 960
952 959
951 959
951 961
950 961
950 958
948 958
948 957
947 957
947 956
949 956
949 957
950 957
950 956
951 956
951 957
952 957
952 958
954 958
954 957
953 957
953 955
955 955
955 957
956 957
956 958
957 958
957 961
958 961
958 957
959 957
959 961
960 961
960 958
961 958
961 960
962 960
962 958
963 958
963 961
964 961
964 960
965 960
965 964
966 964
966 960
967 960
967 961
968 961
968 962
967 962
967 963
968 963
968 964
969 964
969 968
968 968
968 971
971 971
971 970
969 970
969 969
970 969
970 967
971 967
971 969
973 969
973 971
974 971
974 972
975 972
975 970
974 970
974 969
976 969
976 968
977 968
977 966
976 966
976 967
975 967
975 968
972 968
972 967
974 967
974 966
970 966
970 963
969 963
969 962
971 962
971 963
972 963
972 965
973 965
973 962
972 962
972 961
969 961
969 960
968 960
968 959
964 959
964 957
968 957
968 956
964 956
964 955
963 955
963 953
964 953
964 954
966 954
966 955
969 955
969 957
971 957
971 958
972 958
972 957
973 957
973 959
974 959
974 958
975 958
975 957
974 957
974 956
970 956
970 954
968 954
968 953
969 953
969 952
970 952
970 953
972 953
972 954
973 954
973 952
971 952
971 951
968 951
968 950
969 950
969 949
968 949
968 948
970 948
970 947
969 947
969 946
971 946
971 948
972 948
972 947
973 947
973 949
974 949
974 950
973 950
973 951
974 951
974 953
975 953
975 950
976 950
976 953
977 953
977 961
978 961
978 952
977 952
977 950
978 950
978 951
979 951
979 959
980 959
980 964
981 964
981 961
982 961
982 962
983 962
983 960
981 960
981 958
980 958
980 951
982 951
982 952
984 952
984 953
985 953
985 956
986 956
986 958
985 958
985 969
986 969
986 970
985 970
985 971
986 971
986 972
988 972
988 977
992 977
992 976
989 976
989 971
987 971
987 968
986 968
986 964
988 964
988 965
990 965
990 967
993 967
993 966
991 966
991 964
989 964
989 963
986 963
986 959
987 959
987 956
988 956
988 959
989 959
989 958
990 958
990 957
989 957
989 955
986 955
986 954
988 954
988 953
986 953
986 952
985 952
985 951
983 951
983 950
981 950
981 949
980 949
980 950
979 950
979 949
975 949
975 948
978 948
978 946
979 946
979 947
980 947
980 948
981 948
981 946
982 946
982 948
983 948
983 946
984 946
984 950
986 950
986 951
988 951
988 949
985 949
985 945
986 945
986 946
987 946
987 944
988 944
988 946
989 946
989 949
990 949
990 950
989 950
989 951
990 951
990 952
991 952
991 954
990 954
990 955
992 955
992 958
991 958
991 959
992 959
992 962
993 962
993 963
994 963
994 964
995 964
995 963
996 963
996 961
995 961
995 962
994 962
994 961
993 961
993 958
996 958
996 957
993 957
993 955
995 955
995 954
992 954
992 951
991 951
991 949
992 949
992 948
990 948
990 945
989 945
989 944
992 944
992 947
993 947
993 946
994 946
994 948
995 948
995 951
996 951
996 953
997 953
997 951
998 951
998 950
996 950
996 949
997 949
997 947
995 947
995 945
993 945
993 944
996 944
996 946
997 946
997 945
998 945
998 944
999 944
999 943
991 943
991 942
990 942
990 943
989 943
989 942
988 942
988 943
986 943
986 941
987 941
987 939
989 939
989 940
992 940
992 941
994 941
994 940
993 940
993 939
990 939
990 938
986 938
986 937
991 937
991 936
992 936
992 937
994 937
994 938
995 938
995 939
996 939
996 937
995 937
995 936
993 936
993 935
995 935
995 933
993 933
993 934
991 934
991 935
990 935
990 934
989 934
989 933
990 933
990 932
992 932
992 931
991 931
991 930
992 930
992 929
989 929
989 928
993 928
993 927
994 927
994 930
995 930
995 927
996 927
996 929
997 929
997 926
993 926
993 925
996 925
996 924
997 924
997 923
998 923
998 925
999 925
999 924
1001 924
1001 925
1000 925
1000 927
998 927
998 928
1001 928
1001 931
1000 931
1000 929
998 929
998 930
999 930
999 931
997 931
997 932
1000 932
1000 933
1002 933
1002 932
1003 932
1003 931
1002 931
1002 930
1005 930
1005 931
1004 931
1004 933
1003 933
1003 934
1002 934
1002 935
997 935
997 936
1000 936
1000 937
997 937
997 940
998 940
998 941
999 941
999 939
998 939
998 938
1001 938
1001 936
1002 936
1002 939
1003 939
1003 935
1004 935
1004 937
1005 937
1005 939
1004 939
1004 940
1002 940
1002 941
1000 941
1000 942
1002 942
1002 943
1000 943
1000 944
1002 944
1002 945
1001 945
1001 946
999 946
999 947
1000 947
1000 949
1001 949
1001 948
1002 948
1002 949
1004 949
1004 956
1005 956
1005 948
1003 948
1003 947
1002 947
1002 946
1003 946
1003 941
1004 941
1004 947
1006 947
1006 946
1005 946
1005 945
1007 945
1007 944
1005 944
1005 940
1007 940
1007 938
1006 938
1006 937
1007 937
1007 936
1008 936
1008 935
1006 935
1006 936
1005 936
1005 932
1006 932
1006 934
1008 934
1008 933
1009 933
1009 932
1011 932
1011 933
1010 933
1010 934
1009 934
1009 936
1010 936
1010 935
1011 935
1011 934
1013 934
1013 933
1012 933
1012 931
1013 931
1013 932
1014 932
1014 933
1017 933
1017 934
1016 934
1016 935
1014 935
1014 936
1016 936
1016 937
1012 937
1012 939
1010 939
1010 942
1011 942
1011 940
1013 940
1013 938
1014 938
1014 939
1015 939
1015 938
1016 938
1016 939
1017 939
1017 936
1018 936
1018 935
1019 935
1019 936
1020 936
1020 935
1021 935
1021 937
1020 937
1020 939
1018 939
1018 940
1015 940
1015 943
1012 943
1012 945
1009 945
1009 947
1010 947
1010 946
1011 946
1011 947
1012 947
1012 946
1013 946
1013 944
1016 944
1016 941
1020 941
1020 940
1021 940
1021 938
1026 938
1026 937
1027 937
1027 939
1025 939
1025 940
1024 940
1024 941
1022 941
1022 943
1020 943
1020 944
1018 944
1018 947
1017 947
1017 946
1016 946
1016 947
1015 947
1015 948
1009 948
1009 953
1008 953
1008 954
1010 954
1010 956
1007 956
1007 957
1006 957
1006 958
1007 958
1007 959
1006 959
1006 961
1004 961
1004 966
1002 966
1002 967
1005 967
1005 962
1007 962
1007 963
1008 963
1008 966
1007 966
1007 967
1008 967
1008 969
1007 969
1007 970
1009 970
1009 968
1010 968
1010 967
1009 967
1009 963
1010 963
1010 966
1011 966
1011 967
1012 967
1012 968
1011 968
1011 969
1012 969
1012 970
1011 970
1011 971
1012 971
1012 972
1009 972
1009 973
1013 973
1013 968
1016 968
1016 967
1013 967
1013 966
1012 966
1012 965
1011 965
1011 962
1008 962
1008 961
1007 961
1007 960
1008 960
1008 957
1009 957
1009 959
1010 959
1010 957
1011 957
1011 953
1010 953
1010 949
1014 949
1014 951
1015 951
1015 950
1016 950
1016 948
1018 948
1018 949
1017 949
1017 951
1016 951
1016 952
1014 952
1014 953
1016 953
1016 957
1015 957
1015 962
1016 962
1016 958
1017 958
1017 957
1019 957
1019 956
1017 956
1017 952
1018 952
1018 950
1019 950
1019 953
1022 953
1022 952
1020 952
1020 951
1022 951
1022 949
1021 949
1021 950
1020 950
1020 948
1019 948
1019 945
1021 945
1021 944
1022 944
1022 946
1024 946
1024 951
1023 951
1023 953
1024 953
1024 952
1025 952
1025 945
1023 945
1023 942
1024 942
1024 944
1025 944
1025 942
1027 942
1027 940
1028 940
1028 944
1027 944
1027 948
1026 948
1026 949
1028 949
1028 945
1030 945
1030 944
1029 944
1029 942
1030 942
1030 940
1031 940
1031 942
1032 942
1032 943
1033 943
1033 942
1034 942
1034 943
1035 943
1035 944
1031 944
1031 949
1030 949
1030 950
1031 950
1031 951
1029 951
1029 950
1026 950
1026 951
1028 951
1028 954
1024 954
1024 955
1020 955
1020 958
1021 958
1021 956
1022 956
1022 959
1021 959
1021 960
1023 960
1023 956
1024 956
1024 958
1025 958
1025 955
1028 955
1028 959
1027 959
1027 962
1028 962
1028 966
1024 966
1024 968
1022 968
1022 971
1023 971
1023 969
1025 969
1025 967
1029 967
1029 961
1028 961
1028 960
1029 960
1029 958
1031 958
1031 957
1029 957
1029 952
1032 952
1032 945
1034 945
1034 947
1035 947
1035 945
1036 945
1036 947
1037 947
1037 948
1036 948
1036 949
1035 949
1035 950
1034 950
1034 954
1035 954
1035 953
1036 953
1036 952
1035 952
1035 951
1036 951
1036 950
1037 950
1037 949
1038 949
1038 950
1039 950
1039 947
1038 947
1038 945
1039 945
1039 944
1038 944
1038 943
1039 943
1039 942
1040 942
1040 944
1041 944
1041 945
1040 945
1040 947
1041 947
1041 948
1040 948
1040 949
1042 949
1042 947
1043 947
1043 948
1044 948
1044 949
1043 949
1043 950
1042 950
1042 951
1045 951
1045 950
1046 950
1046 951
1047 951
1047 952
1041 952
1041 951
1039 951
1039 952
1037 952
1037 953
1040 953
1040 954
1041 954
1041 955
1039 955
1039 956
1038 956
1038 955
1037 955
1037 958
1038 958
1038 957
1039 957
1039 958
1040 958
1040 956
1042 956
1042 953
1043 953
1043 956
1044 956
1044 953
1045 953
1045 955
1046 955
1046 953
1047 953
1047 955
1048 955
1048 954
1049 954
1049 955
1051 955
1051 956
1047 956
1047 957
1049 957
1049 958
1041 958
1041 959
1042 959
1042 960
1038 960
1038 962
1033 962
1033 963
1032 963
1032 964
1031 964
1031 966
1032 966
1032 965
1033 965
1033 964
1034 964
1034 963
1035 963
1035 966
1034 966
1034 967
1035 967
1035 968
1037 968
1037 967
1036 967
1036 963
1039 963
1039 961
1040 961
1040 963
1041 963
1041 961
1042 961
1042 962
1043 962
1043 959
1048 959
1048 960
1046 960
1046 961
1045 961
1045 963
1046 963
1046 962
1047 962
1047 961
1048 961
1048 962
1049 962
1049 961
1050 961
1050 960
1049 960
1049 959
1050 959
1050 957
1051 957
1051 958
1052 958
1052 957
1053 957
1053 960
1056 960
1056 961
1054 961
1054 962
1053 962
1053 961
1052 961
1052 962
1050 962
1050 963
1047 963
1047 965
1045 965
1045 964
1041 964
1041 965
1039 965
1039 970
1037 970
1037 969
1032 969
1032 972
1027 972
1027 973
1031 973
1031 974
1028 974
1028 976
1027 976
1027 974
1026 974
1026 977
1029 977
1029 975
1031 975
1031 976
1032 976
1032 973
1033 973
1033 970
1036 970
1036 971
1040 971
1040 966
1042 966
1042 965
1044 965
1044 966
1043 966
1043 969
1044 969
1044 967
1045 967
1045 966
1047 966
1047 967
1048 967
1048 965
1049 965
1049 964
1050 964
1050 965
1051 965
1051 963
1053 963
1053 965
1054 965
1054 964
1055 964
1055 965
1056 965
1056 964
1057 964
1057 966
1056 966
1056 967
1055 967
1055 968
1048 968
1048 969
1045 969
1045 970
1049 970
1049 969
1053 969
1053 970
1052 970
1052 971
1054 971
1054 969
1055 969
1055 971
1056 971
1056 972
1057 972
1057 970
1058 970
1058 973
1054 973
1054 974
1053 974
1053 972
1048 972
1048 971
1045 971
1045 972
1044 972
1044 973
1043 973
1043 975
1042 975
1042 976
1040 976
1040 974
1039 974
1039 973
1034 973
1034 974
1033 974
1033 975
1035 975
1035 974
1038 974
1038 975
1039 975
1039 977
1043 977
1043 976
1044 976
1044 974
1045 974
1045 973
1046 973
1046 972
1047 972
1047 973
1052 973
1052 974
1050 974
1050 975
1052 975
1052 976
1051 976
1051 978
1046 978
1046 980
1045 980
1045 981
1042 981
1042 979
1037 979
1037 978
1035 978
1035 977
1033 977
1033 978
1034 978
1034 980
1035 980
1035 979
1036 979
1036 980
1038 980
1038 981
1033 981
1033 982
1031 982
1031 983
1029 983
1029 986
1028 986
1028 985
1025 985
1025 986
1024 986
1024 987
1026 987
1026 986
1027 986
1027 987
1030 987
1030 984
1032 984
1032 983
1034 983
1034 982
1037 982
1037 983
1038 983
1038 982
1039 982
1039 981
1040 981
1040 980
1041 980
1041 982
1043 982
1043 983
1042 983
1042 984
1040 984
1040 985
1034 985
1034 986
1033 986
1033 987
1035 987
1035 986
1041 986
1041 985
1043 985
1043 984
1044 984
1044 982
1046 982
1046 981
1047 981
1047 979
1052 979
1052 981
1051 981
1051 982
1050 982
1050 983
1052 983
1052 982
1053 982
1053 978
1052 978
1052 977
1053 977
1053 976
1054 976
1054 975
1055 975
1055 974
1057 974
1057 976
1055 976
1055 980
1056 980
1056 977
1057 977
1057 978
1058 978
1058 974
1059 974
1059 971
1060 971
1060 973
1061 973
1061 972
1062 972
1062 976
1063 976
1063 972
1064 972
1064 973
1065 973
1065 974
1066 974
1066 973
1068 973
1068 974
1069 974
1069 972
1070 972
1070 974
1072 974
1072 975
1071 975
1071 977
1067 977
1067 976
1065 976
1065 977
1066 977
1066 978
1063 978
1063 979
1060 979
1060 983
1059 983
1059 984
1060 984
1060 985
1058 985
1058 986
1062 986
1062 985
1061 985
1061 980
1062 980
1062 981
1064 981
1064 979
1065 979
1065 980
1066 980
1066 981
1067 981
1067 979
1068 979
1068 978
1069 978
1069 979
1070 979
1070 980
1069 980
1069 982
1070 982
1070 981
1071 981
1071 982
1072 982
1072 983
1071 983
1071 984
1070 984
1070 985
1068 985
1068 984
1064 984
1064 986
1065 986
1065 985
1067 985
1067 987
1068 987
1068 986
1069 986
1069 988
1068 988
1068 989
1067 989
1067 990
1069 990
1069 989
1070 989
1070 991
1068 991
1068 992
1066 992
1066 993
1065 993
1065 991
1064 991
1064 993
1063 993
1063 992
1062 992
1062 991
1063 991
1063 990
1064 990
1064 988
1063 988
1063 987
1059 987
1059 988
1062 988
1062 990
1058 990
1058 991
1057 991
1057 989
1055 989
1055 987
1053 987
1053 988
1054 988
1054 990
1056 990
1056 991
1052 991
1052 992
1057 992
1057 993
1058 993
1058 992
1060 992
1060 991
1061 991
1061 993
1062 993
1062 994
1060 994
1060 995
1061 995
1061 996
1057 996
1057 997
1056 997
1056 995
1053 995
1053 996
1054 996
1054 997
1055 997
1055 998
1054 998
1054 999
1053 999
1053 997
1052 997
1052 996
1051 996
1051 997
1050 997
1050 995
1048 995
1048 994
1044 994
1044 995
1040 995
1040 994
1034 994
1034 992
1033 992
1033 995
1039 995
1039 996
1044 996
1044 997
1039 997
1039 999
1040 999
1040 998
1045 998
1045 995
1047 995
1047 996
1049 996
1049 997
1047 997
1047 998
1048 998
1048 999
1049 999
1049 998
1052 998
1052 999
1051 999
1051 1002
1048 1002
1048 1003
1047 1003
1047 1002
1044 1002
1044 1003
1043 1003
1043 1004
1045 1004
1045 1003
1046 1003
1046 1004
1049 1004
1049 1003
1051 1003
1051 1006
1052 1006
1052 1001
1053 1001
1053 1000
1055 1000
1055 999
1057 999
1057 998
1058 998
1058 997
1061 997
1061 998
1059 998
1059 999
1058 999
1058 1001
1059 1001
1059 1000
1060 1000
1060 999
1061 999
1061 1001
1060 1001
1060 1002
1053 1002
1053 1003
1054 1003
1054 1005
1055 1005
1055 1003
1059 1003
1059 1004
1057 1004
1057 1005
1060 1005
1060 1004
1061 1004
1061 1002
1062 1002
1062 997
1063 997
1063 998
1064 998
1064 999
1065 999
1065 998
1066 998
1066 999
1068 999
1068 997
1069 997
1069 998
1070 998
1070 999
1069 999
1069 1001
1066 1001
1066 1003
1062 1003
1062 1005
1063 1005
1063 1004
1067 1004
1067 1002
1070 1002
1070 1000
1071 1000
1071 1003
1069 1003
1069 1005
1070 1005
1070 1004
1072 1004
1072 1002
1073 1002
1073 1001
1074 1001
1074 1003
1073 1003
1073 1004
1074 1004
1074 1005
1073 1005
1073 1007
1072 1007
1072 1006
1071 1006
1071 1007
1070 1007
1070 1006
1068 1006
1068 1007
1069 1007
1069 1008
1068 1008
1068 1010
1069 1010
1069 1009
1070 1009
1070 1008
1071 1008
1071 1009
1072 1009
1072 1010
1073 1010
1073 1008
1074 1008
1074 1010
1075 1010
1075 1009
1076 1009
1076 1010
1077 1010
1077 1012
1076 1012
1076 1011
1075 1011
1075 1012
1074 1012
1074 1014
1075 1014
1075 1013
1076 1013
1076 1017
1073 1017
1073 1016
1072 1016
1072 1018
1070 1018
1070 1017
1071 1017
1071 1015
1072 1015
1072 1014
1070 1014
1070 1016
1069 1016
1069 1013
1068 1013
1068 1018
1067 1018
1067 1016
1066 1016
1066 1014
1065 1014
1065 1011
1063 1011
1063 1009
1062 1009
1062 1007
1059 1007
1059 1006
1058 1006
1058 1008
1059 1008
1059 1009
1057 1009
1057 1006
1056 1006
1056 1009
1054 1009
1054 1006
1053 1006
1053 1007
1046 1007
1046 1008
1053 1008
1053 1010
1060 1010
1060 1008
1061 1008
1061 1010
1062 1010
1062 1011
1060 1011
1060 1012
1064 1012
1064 1013
1063 1013
1063 1014
1064 1014
1064 1015
1065 1015
1065 1017
1063 1017
1063 1018
1066 1018
1066 1020
1068 1020
1068 1021
1065 1021
1065 1020
1063 1020
1063 1019
1062 1019
1062 1020
1061 1020
1061 1021
1060 1021
1060 1018
1061 1018
1061 1017
1060 1017
1060 1016
1062 1016
1062 1014
1061 1014
1061 1015
1059 1015
1059 1011
1058 1011
1058 1016
1059 1016
1059 1019
1057 1019
1057 1013
1056 1013
1056 1011
1055 1011
1055 1013
1054 1013
1054 1011
1052 1011
1052 1012
1053 1012
1053 1013
1052 1013
1052 1014
1056 1014
1056 1016
1055 1016
1055 1017
1053 1017
1053 1016
1050 1016
1050 1017
1052 1017
1052 1018
1056 1018
1056 1020
1059 1020
1059 1022
1060 1022
1060 1023
1061 1023
1061 1024
1058 1024
1058 1022
1054 1022
1054 1021
1052 1021
1052 1019
1050 1019
1050 1020
1051 1020
1051 1021
1050 1021
1050 1022
1049 1022
1049 1021
1047 1021
1047 1020
1049 1020
1049 1019
1048 1019
1048 1015
1047 1015
1047 1017
1045 1017
1045 1012
1044 1012
1044 1011
1043 1011
1043 1013
1044 1013
1044 1017
1043 1017
1043 1016
1041 1016
1041 1012
1040 1012
1040 1010
1035 1010
1035 1011
1039 1011
1039 1013
1040 1013
1040 1017
1042 1017
1042 1018
1047 1018
1047 1019
1046 1019
1046 1020
1043 1020
1043 1023
1044 1023
1044 1021
1046 1021
1046 1023
1047 1023
1047 1022
1048 1022
1048 1023
1049 1023
1049 1024
1046 1024
1046 1025
1050 1025
1050 1023
1052 1023
1052 1022
1053 1022
1053 1023
1055 1023
1055 1026
1056 1026
1056 1023
1057 1023
1057 1025
1063 1025
1063 1026
1062 1026
1062 1027
1061 1027
1061 1026
1059 1026
1059 1028
1060 1028
1060 1029
1058 1029
1058 1030
1059 1030
1059 1031
1058 1031
1058 1033
1057 1033
1057 1029
1056 1029
1056 1027
1055 1027
1055 1028
1052 1028
1052 1027
1051 1027
1051 1029
1052 1029
1052 1030
1053 1030
1053 1029
1055 1029
1055 1030
1056 1030
1056 1031
1054 1031
1054 1032
1056 1032
1056 1033
1055 1033
1055 1034
1057 1034
1057 1035
1056 1035
1056 1037
1055 1037
1055 1038
1054 1038
1054 1036
1052 1036
1052 1032
1051 1032
1051 1031
1049 1031
1049 1030
1050 1030
1050 1027
1049 1027
1049 1026
1047 1026
1047 1027
1048 1027
1048 1028
1049 1028
1049 1029
1048 1029
1048 1030
1045 1030
1045 1028
1044 1028
1044 1027
1043 1027
1043 1026
1040 1026
1040 1025
1041 1025
1041 1024
1040 1024
1040 1021
1036 1021
1036 1019
1032 1019
1032 1018
1030 1018
1030 1016
1028 1016
1028 1015
1027 1015
1027 1017
1029 1017
1029 1018
1028 1018
1028 1019
1027 1019
1027 1018
1024 1018
1024 1017
1023 1017
1023 1019
1026 1019
1026 1020
1029 1020
1029 1019
1031 1019
1031 1020
1035 1020
1035 1022
1039 1022
1039 1024
1038 1024
1038 1025
1039 1025
1039 1027
1042 1027
1042 1028
1043 1028
1043 1029
1044 1029
1044 1030
1042 1030
1042 1031
1047 1031
1047 1032
1050 1032
1050 1033
1051 1033
1051 1035
1049 1035
1049 1034
1047 1034
1047 1033
1046 1033
1046 1034
1045 1034
1045 1033
1044 1033
1044 1032
1042 1032
1042 1033
1043 1033
1043 1034
1041 1034
1041 1031
1038 1031
1038 1029
1035 1029
1035 1030
1037 1030
1037 1032
1040 1032
1040 1033
1039 1033
1039 1034
1040 1034
1040 1035
1048 1035
1048 1036
1051 1036
1051 1037
1052 1037
1052 1038
1051 1038
1051 1039
1049 1039
1049 1037
1048 1037
1048 1039
1047 1039
1047 1037
1044 1037
1044 1038
1046 1038
1046 1040
1045 1040
1045 1041
1048 1041
1048 1040
1050 1040
1050 1041
1051 1041
1051 1042
1050 1042
1050 1043
1051 1043
1051 1044
1052 1044
1052 1042
1053 1042
1053 1045
1055 1045
1055 1046
1056 1046
1056 1047
1054 1047
1054 1046
1053 1046
1053 1047
1052 1047
1052 1046
1051 1046
1051 1045
1049 1045
1049 1046
1050 1046
1050 1048
1048 1048
1048 1046
1047 1046
1047 1045
1046 1045
1046 1042
1045 1042
1045 1046
1044 1046
1044 1042
1043 1042
1043 1045
1042 1045
1042 1043
1041 1043
1041 1045
1040 1045
1040 1042
1039 1042
1039 1043
1038 1043
1038 1039
1037 1039
1037 1043
1036 1043
1036 1042
1035 1042
1035 1041
1036 1041
1036 1040
1035 1040
1035 1039
1034 1039
1034 1035
1035 1035
1035 1032
1032 1032
1032 1033
1034 1033
1034 1034
1033 1034
1033 1036
1032 1036
1032 1034
1030 1034
1030 1032
1029 1032
1029 1031
1028 1031
1028 1033
1029 1033
1029 1034
1027 1034
1027 1035
1026 1035
1026 1037
1027 1037
1027 1036
1028 1036
1028 1035
1031 1035
1031 1036
1029 1036
1029 1037
1033 1037
1033 1040
1034 1040
1034 1041
1032 1041
1032 1040
1031 1040
1031 1038
1030 1038
1030 1041
1031 1041
1031 1042
1034 1042
1034 1043
1035 1043
1035 1044
1039 1044
1039 1046
1035 1046
1035 1047
1039 1047
1039 1048
1040 1048
1040 1050
1039 1050
1039 1049
1037 1049
1037 1048
1034 1048
1034 1046
1032 1046
1032 1045
1031 1045
1031 1046
1030 1046
1030 1044
1029 1044
1029 1045
1028 1045
1028 1046
1029 1046
1029 1047
1033 1047
1033 1049
1035 1049
1035 1050
1034 1050
1034 1051
1033 1051
1033 1050
1031 1050
1031 1049
1030 1049
1030 1051
1032 1051
1032 1052
1035 1052
1035 1053
1034 1053
1034 1054
1035 1054
1035 1055
1033 1055
1033 1056
1034 1056
1034 1057
1032 1057
1032 1055
1031 1055
1031 1056
1030 1056
1030 1054
1029 1054
1029 1053
1030 1053
1030 1052
1029 1052
1029 1050
1028 1050
1028 1053
1027 1053
1027 1050
1026 1050
1026 1042
1025 1042
1025 1051
1026 1051
1026 1053
1025 1053
1025 1052
1024 1052
1024 1044
1023 1044
1023 1039
1022 1039
1022 1042
1021 1042
1021 1041
1020 1041
1020 1043
1022 1043
1022 1045
1023 1045
1023 1052
1021 1052
1021 1051
1019 1051
1019 1050
1018 1050
1018 1047
1017 1047
1017 1045
1018 1045
1018 1034
1017 1034
1017 1033
1018 1033
1018 1032
1017 1032
1017 1031
1015 1031
1015 1026
1011 1026
1011 1027
1014 1027
1014 1032
1016 1032
1016 1035
1017 1035
1017 1039
1015 1039
1015 1038
1013 1038
1013 1036
1010 1036
1010 1037
1012 1037
1012 1039
1014 1039
1014 1040
1017 1040
1017 1044
1016 1044
1016 1047
1015 1047
1015 1044
1014 1044
1014 1045
1013 1045
1013 1046
1014 1046
1014 1048
1017 1048
1017 1049
1015 1049
1015 1050
1017 1050
1017 1051
1018 1051
1018 1052
1020 1052
1020 1053
1022 1053
1022 1054
1023 1054
1023 1053
1024 1053
1024 1054
1028 1054
1028 1055
1025 1055
1025 1057
1024 1057
1024 1056
1023 1056
1023 1055
1022 1055
1022 1057
1021 1057
1021 1055
1020 1055
1020 1057
1019 1057
1019 1053
1017 1053
1017 1052
1015 1052
1015 1054
1018 1054
1018 1058
1017 1058
1017 1057
1016 1057
1016 1059
1015 1059
1015 1057
1014 1057
1014 1054
1013 1054
1013 1053
1014 1053
1014 1052
1013 1052
1013 1051
1012 1051
1012 1049
1013 1049
1013 1048
1011 1048
1011 1045
1012 1045
1012 1044
1011 1044
1011 1041
1010 1041
1010 1040
1009 1040
1009 1039
1008 1039
1008 1040
1007 1040
1007 1042
1008 1042
1008 1041
1009 1041
1009 1042
1010 1042
1010 1045
1007 1045
1007 1046
1010 1046
1010 1048
1008 1048
1008 1049
1011 1049
1011 1052
1012 1052
1012 1054
1011 1054
1011 1055
1013 1055
1013 1058
1014 1058
1014 1059
1011 1059
1011 1056
1010 1056
1010 1057
1009 1057
1009 1055
1008 1055
1008 1052
1007 1052
1007 1050
1006 1050
1006 1052
1005 1052
1005 1053
1007 1053
1007 1054
1006 1054
1006 1056
1008 1056
1008 1058
1010 1058
1010 1059
1007 1059
1007 1057
1006 1057
1006 1058
1005 1058
1005 1059
1004 1059
1004 1060
1012 1060
1012 1061
1013 1061
1013 1060
1014 1060
1014 1061
1015 1061
1015 1060
1017 1060
1017 1062
1016 1062
1016 1064
1014 1064
1014 1063
1011 1063
1011 1062
1009 1062
1009 1063
1010 1063
1010 1064
1013 1064
1013 1065
1017 1065
1017 1066
1012 1066
1012 1067
1011 1067
1011 1066
1009 1066
1009 1065
1008 1065
1008 1064
1007 1064
1007 1066
1008 1066
1008 1067
1010 1067
1010 1068
1008 1068
1008 1070
1010 1070
1010 1069
1012 1069
1012 1068
1013 1068
1013 1069
1014 1069
1014 1070
1013 1070
1013 1071
1011 1071
1011 1072
1012 1072
1012 1073
1011 1073
1011 1074
1014 1074
1014 1075
1010 1075
1010 1076
1009 1076
1009 1073
1008 1073
1008 1076
1007 1076
1007 1074
1006 1074
1006 1077
1010 1077
1010 1078
1007 1078
1007 1079
1006 1079
1006 1080
1005 1080
1005 1078
1004 1078
1004 1079
1002 1079
1002 1078
1003 1078
1003 1076
1005 1076
1005 1075
1002 1075
1002 1072
1003 1072
1003 1074
1005 1074
1005 1073
1004 1073
1004 1072
1006 1072
1006 1071
1003 1071
1003 1070
1001 1070
1001 1071
1000 1071
1000 1072
1001 1072
1001 1073
998 1073
998 1072
999 1072
999 1070
1000 1070
1000 1069
1001 1069
1001 1068
1006 1068
1006 1067
1003 1067
1003 1066
1006 1066
1006 1063
1005 1063
1005 1062
1004 1062
1004 1064
1005 1064
1005 1065
1002 1065
1002 1067
1001 1067
1001 1064
1000 1064
1000 1068
999 1068
999 1066
998 1066
998 1064
999 1064
999 1063
1001 1063
1001 1062
1003 1062
1003 1061
1001 1061
1001 1060
1003 1060
1003 1059
1001 1059
1001 1058
1002 1058
1002 1057
1004 1057
1004 1056
1003 1056
1003 1054
1002 1054
1002 1055
1001 1055
1001 1054
999 1054
999 1047
998 1047
998 1055
1000 1055
1000 1056
1001 1056
1001 1057
1000 1057
1000 1062
999 1062
999 1056
997 1056
997 1057
998 1057
998 1058
996 1058
996 1059
998 1059
998 1063
996 1063
996 1065
997 1065
997 1066
996 1066
996 1067
995 1067
995 1068
997 1068
997 1067
998 1067
998 1071
997 1071
997 1069
995 1069
995 1070
994 1070
994 1071
992 1071
992 1070
993 1070
993 1069
994 1069
994 1067
993 1067
993 1068
992 1068
992 1069
990 1069
990 1070
991 1070
991 1072
990 1072
990 1071
989 1071
989 1070
986 1070
986 1069
987 1069
987 1068
989 1068
989 1067
987 1067
987 1066
991 1066
991 1064
993 1064
993 1061
992 1061
992 1063
990 1063
990 1065
989 1065
989 1064
988 1064
988 1065
987 1065
987 1064
986 1064
986 1067
985 1067
985 1068
984 1068
984 1067
983 1067
983 1068
982 1068
982 1066
983 1066
983 1064
985 1064
985 1063
988 1063
988 1060
991 1060
991 1058
994 1058
994 1056
993 1056
993 1057
992 1057
992 1056
991 1056
991 1057
990 1057
990 1059
987 1059
987 1062
983 1062
983 1063
982 1063
982 1065
977 1065
977 1066
976 1066
976 1064
978 1064
978 1063
979 1063
979 1062
981 1062
981 1060
983 1060
983 1059
985 1059
985 1056
986 1056
986 1057
987 1057
987 1056
988 1056
988 1055
994 1055
994 1050
995 1050
995 1049
993 1049
993 1047
996 1047
996 1046
997 1046
997 1045
996 1045
996 1044
997 1044
997 1042
999 1042
999 1037
1001 1037
1001 1036
998 1036
998 1041
996 1041
996 1040
995 1040
995 1037
996 1037
996 1036
995 1036
995 1034
996 1034
996 1033
994 1033
994 1035
993 1035
993 1036
994 1036
994 1040
993 1040
993 1037
992 1037
992 1036
991 1036
991 1035
992 1035
992 1034
991 1034
991 1033
992 1033
992 1032
991 1032
991 1031
994 1031
994 1030
990 1030
990 1035
987 1035
987 1036
990 1036
990 1037
991 1037
991 1038
992 1038
992 1041
995 1041
995 1042
996 1042
996 1043
995 1043
995 1046
994 1046
994 1044
993 1044
993 1046
992 1046
992 1050
993 1050
993 1054
989 1054
989 1052
988 1052
988 1053
987 1053
987 1055
985 1055
985 1054
986 1054
986 1052
987 1052
987 1051
989 1051
989 1050
987 1050
987 1046
988 1046
988 1041
987 1041
987 1045
986 1045
986 1046
984 1046
984 1047
986 1047
986 1051
985 1051
985 1053
984 1053
984 1050
981 1050
981 1051
983 1051
983 1052
981 1052
981 1054
982 1054
982 1053
983 1053
983 1055
984 1055
984 1058
982 1058
982 1059
981 1059
981 1057
979 1057
979 1052
980 1052
980 1050
979 1050
979 1051
978 1051
978 1058
980 1058
980 1061
979 1061
979 1059
978 1059
978 1061
976 1061
976 1063
975 1063
975 1059
976 1059
976 1055
977 1055
977 1054
975 1054
975 1058
973 1058
973 1059
974 1059
974 1061
973 1061
973 1063
972 1063
972 1061
971 1061
971 1060
970 1060
970 1061
969 1061
969 1060
968 1060
968 1059
972 1059
972 1054
973 1054
973 1053
972 1053
972 1052
974 1052
974 1053
977 1053
977 1052
975 1052
975 1049
979 1049
979 1048
983 1048
983 1045
982 1045
982 1047
981 1047
981 1044
982 1044
982 1043
980 1043
980 1047
979 1047
979 1045
978 1045
978 1048
975 1048
975 1044
976 1044
976 1041
975 1041
975 1037
979 1037
979 1035
981 1035
981 1032
980 1032
980 1034
978 1034
978 1036
974 1036
974 1042
975 1042
975 1043
974 1043
974 1045
972 1045
972 1046
974 1046
974 1051
971 1051
971 1058
969 1058
969 1056
968 1056
968 1058
967 1058
967 1056
966 1056
966 1055
967 1055
967 1054
968 1054
968 1053
969 1053
969 1049
968 1049
968 1050
967 1050
967 1051
968 1051
968 1052
967 1052
967 1053
966 1053
966 1054
965 1054
965 1053
964 1053
964 1056
965 1056
965 1058
964 1058
964 1059
965 1059
965 1060
964 1060
964 1061
963 1061
963 1059
962 1059
962 1058
963 1058
963 1056
962 1056
962 1055
963 1055
963 1054
961 1054
961 1056
960 1056
960 1055
959 1055
959 1054
960 1054
960 1053
961 1053
961 1052
958 1052
958 1053
957 1053
957 1052
956 1052
956 1051
962 1051
962 1052
964 1052
964 1051
966 1051
966 1050
963 1050
963 1049
962 1049
962 1048
964 1048
964 1047
965 1047
965 1048
966 1048
966 1045
965 1045
965 1046
964 1046
964 1045
963 1045
963 1047
961 1047
961 1050
960 1050
960 1047
959 1047
959 1050
958 1050
958 1048
957 1048
957 1050
956 1050
956 1048
955 1048
955 1049
954 1049
954 1048
952 1048
952 1047
956 1047
956 1046
954 1046
954 1045
962 1045
962 1044
961 1044
961 1043
965 1043
965 1041
970 1041
970 1040
971 1040
971 1039
972 1039
972 1037
971 1037
971 1038
970 1038
970 1039
969 1039
969 1040
968 1040
968 1037
969 1037
969 1036
968 1036
968 1035
966 1035
966 1036
967 1036
967 1040
964 1040
964 1042
963 1042
963 1040
962 1040
962 1042
961 1042
961 1041
960 1041
960 1044
955 1044
955 1043
957 1043
957 1042
958 1042
958 1040
957 1040
957 1041
956 1041
956 1042
955 1042
955 1041
954 1041
954 1042
953 1042
953 1043
954 1043
954 1044
953 1044
953 1046
952 1046
952 1045
951 1045
951 1046
950 1046
950 1043
947 1043
947 1042
949 1042
949 1041
950 1041
950 1042
951 1042
951 1041
953 1041
953 1040
956 1040
956 1038
958 1038
958 1039
962 1039
962 1038
964 1038
964 1033
966 1033
966 1034
971 1034
971 1031
976 1031
976 1030
972 1030
972 1029
975 1029
975 1027
976 1027
976 1029
977 1029
977 1026
974 1026
974 1028
972 1028
972 1027
971 1027
971 1030
970 1030
970 1033
967 1033
967 1032
963 1032
963 1037
961 1037
961 1038
959 1038
959 1037
960 1037
960 1034
959 1034
959 1036
958 1036
958 1037
956 1037
956 1036
955 1036
955 1038
954 1038
954 1039
953 1039
953 1038
952 1038
952 1040
950 1040
950 1038
949 1038
949 1039
948 1039
948 1038
947 1038
947 1039
946 1039
946 1037
947 1037
947 1036
948 1036
948 1035
955 1035
955 1034
958 1034
958 1033
954 1033
954 1034
950 1034
950 1033
951 1033
951 1032
949 1032
949 1034
948 1034
948 1032
947 1032
947 1031
946 1031
946 1033
945 1033
945 1030
949 1030
949 1029
950 1029
950 1031
955 1031
955 1032
958 1032
958 1031
959 1031
959 1030
960 1030
960 1028
961 1028
961 1027
963 1027
963 1029
964 1029
964 1030
969 1030
969 1029
970 1029
970 1028
968 1028
968 1029
965 1029
965 1028
964 1028
964 1026
960 1026
960 1027
959 1027
959 1029
958 1029
958 1030
957 1030
957 1031
956 1031
956 1030
951 1030
951 1029
953 1029
953 1028
951 1028
951 1027
952 1027
952 1025
957 1025
957 1023
958 1023
958 1022
961 1022
961 1024
966 1024
966 1025
968 1025
968 1026
970 1026
970 1025
969 1025
969 1023
968 1023
968 1024
967 1024
967 1023
965 1023
965 1022
970 1022
970 1021
972 1021
972 1020
974 1020
974 1017
975 1017
975 1018
978 1018
978 1017
979 1017
979 1016
977 1016
977 1017
976 1017
976 1016
973 1016
973 1019
971 1019
971 1020
969 1020
969 1021
966 1021
966 1020
965 1020
965 1021
964 1021
964 1022
963 1022
963 1023
962 1023
962 1021
960 1021
960 1020
961 1020
961 1019
963 1019
963 1018
969 1018
969 1017
970 1017
970 1016
968 1016
968 1017
962 1017
962 1018
960 1018
960 1019
959 1019
959 1021
957 1021
957 1022
956 1022
956 1024
951 1024
951 1022
952 1022
952 1021
953 1021
953 1020
951 1020
951 1021
950 1021
950 1025
951 1025
951 1026
950 1026
950 1027
949 1027
949 1028
948 1028
948 1029
946 1029
946 1027
948 1027
948 1023
947 1023
947 1026
946 1026
946 1025
945 1025
945 1029
944 1029
944 1032
943 1032
943 1030
942 1030
942 1031
941 1031
941 1027
940 1027
940 1031
939 1031
939 1030
938 1030
938 1029
937 1029
937 1030
935 1030
935 1029
934 1029
934 1031
933 1031
933 1029
931 1029
931 1028
932 1028
932 1026
936 1026
936 1027
938 1027
938 1026
937 1026
937 1025
940 1025
940 1024
943 1024
943 1020
944 1020
944 1019
943 1019
943 1018
945 1018
945 1017
941 1017
941 1018
942 1018
942 1023
941 1023
941 1022
939 1022
939 1024
938 1024
938 1023
937 1023
937 1022
936 1022
936 1024
935 1024
935 1025
934 1025
934 1024
933 1024
933 1023
934 1023
934 1021
933 1021
933 1022
932 1022
932 1021
931 1021
931 1020
932 1020
932 1019
933 1019
933 1018
935 1018
935 1019
939 1019
939 1017
938 1017
938 1018
936 1018
936 1016
935 1016
935 1017
934 1017
934 1015
935 1015
935 1014
936 1014
936 1013
934 1013
934 1014
933 1014
933 1012
935 1012
935 1011
937 1011
937 1010
938 1010
938 1012
939 1012
939 1010
940 1010
940 1011
941 1011
941 1012
940 1012
940 1013
939 1013
939 1015
940 1015
940 1016
944 1016
944 1015
941 1015
941 1013
945 1013
945 1012
946 1012
946 1014
948 1014
948 1016
950 1016
950 1015
949 1015
949 1013
947 1013
947 1012
951 1012
951 1011
946 1011
946 1010
945 1010
945 1011
943 1011
943 1012
942 1012
942 1010
941 1010
941 1009
943 1009
943 1008
942 1008
942 1007
946 1007
946 1006
947 1006
947 1008
950 1008
950 1007
949 1007
949 1006
948 1006
948 1005
949 1005
949 1004
950 1004
950 1006
951 1006
951 1007
952 1007
952 1006
953 1006
953 1008
955 1008
955 1009
959 1009
959 1008
963 1008
963 1009
969 1009
969 1011
970 1011
970 1008
964 1008
964 1007
959 1007
959 1006
964 1006
964 1004
963 1004
963 1005
958 1005
958 1008
956 1008
956 1007
954 1007
954 1006
956 1006
956 1005
955 1005
955 1004
954 1004
954 1005
951 1005
951 1004
952 1004
