4776
933 1000
935 1000
935 999
937 999
937 998
934 998
934 997
933 997
933 996
934 996
934 995
935 995
935 997
940 997
940 999
941 999
941 1000
943 1000
943 999
942 999
942 998
941 998
941 997
948 997
948 998
960 998
960 999
963 999
963 998
961 998
961 997
962 997
962 996
961 996
961 995
960 995
960 997
949 997
949 996
936 996
936 995
937 995
937 994
941 994
941 993
936 993
936 992
934 992
934 990
936 990
936 988
937 988
937 990
938 990
938 991
942 991
942 990
939 990
939 989
938 989
938 988
939 988
939 987
934 987
934 988
933 988
933 985
934 985
934 986
935 986
935 984
936 984
936 985
937 985
937 983
938 983
938 982
937 982
937 981
939 981
939 984
938 984
938 985
940 985
940 983
943 983
943 984
945 984
945 988
950 988
950 987
946 987
946 985
949 985
949 986
950 986
950 985
951 985
951 987
952 987
952 990
953 990
953 987
954 987
954 986
957 986
957 987
958 987
958 989
960 989
960 992
966 992
966 994
965 994
965 996
966 996
966 995
967 995
967 991
969 991
969 992
970 992
970 995
971 995
971 991
970 991
970 990
966 990
966 991
961 991
961 990
962 990
962 989
963 989
963 990
964 990
964 988
959 988
959 986
958 986
958 985
953 985
953 986
952 986
952 984
946 984
946 983
948 983
948 982
945 982
945 983
944 983
944 982
940 982
940 980
936 980
936 978
939 978
939 979
940 979
940 978
943 978
943 979
942 979
942 980
944 980
944 979
947 979
947 981
950 981
950 982
952 982
952 983
955 983
955 984
957 984
957 983
956 983
956 982
957 982
957 980
955 980
955 982
953 982
953 981
951 981
951 980
948 980
948 979
951 979
951 978
952 978
952 979
953 979
953 978
954 978
954 979
957 979
957 978
958 978
958 981
959 981
959 980
960 980
960 984
962 984
962 985
967 985
967 984
963 984
963 983
961 983
961 979
963 979
963 978
964 978
964 979
965 979
965 977
962 977
962 978
960 978
960 979
959 979
959 977
956 977
956 978
955 978
955 977
950 977
950 978
944 978
944 977
942 977
942 976
941 976
941 977
935 977
935 980
934 980
934 977
932 977
932 976
933 976
933 975
934 975
934 976
936 976
936 975
940 975
940 974
942 974
942 973
939 973
939 974
933 974
933 973
934 973
934 972
933 972
933 971
934 971
934 970
935 970
935 972
936 972
936 970
937 970
937 971
938 971
938 969
940 969
940 967
941 967
941 970
942 970
942 971
943 971
943 969
942 969
942 966
943 966
943 965
944 965
944 971
948 971
948 973
950 973
950 975
954 975
954 976
957 976
957 975
964 975
964 976
965 976
965 975
967 975
967 974
968 974
968 975
969 975
969 973
966 973
966 974
956 974
956 975
955 975
955 974
951 974
951 972
949 972
949 971
950 971
950 970
945 970
945 967
946 967
946 969
948 969
948 968
947 968
947 967
950 967
950 968
956 968
956 969
957 969
957 967
951 967
951 966
952 966
952 965
950 965
950 966
945 966
945 963
947 963
947 962
944 962
944 964
942 964
942 965
941 965
941 966
940 966
940 964
941 964
941 963
942 963
942 962
941 962
941 961
942 961
942 960
945 960
945 959
942 959
942 957
943 957
943 958
944 958
944 957
945 957
945 958
946 958
946 957
947 957
947 959
946 959
946 960
948 960
948 959
949 959
949 958
950 958
950 960
949 960
949 961
951 961
951 963
952 963
952 959
951 959
951 957
952 957
952 958
954 958
954 959
956 959
956 960
957 960
957 961
955 961
955 963
954 963
954 965
955 965
955 964
956 964
956 962
957 962
957 963
961 963
961 962
958 962
958 961
959 961
959 960
960 960
960 961
961 961
961 959
957 959
957 957
956 957
956 958
955 958
955 957
953 957
953 956
951 956
951 955
952 955
952 954
951 954
951 953
952 953
952 952
954 952
954 955
955 955
955 956
956 956
956 954
955 954
955 953
957 953
957 956
958 956
958 955
960 955
960 958
962 958
962 965
963 965
963 963
964 963
964 964
967 964
967 966
968 966
968 967
969 967
969 969
970 969
970 971
971 971
971 970
972 970
972 973
973 973
973 970
976 970
976 974
977 974
977 969
971 969
971 968
970 968
970 966
969 966
969 965
968 965
968 963
965 963
965 962
963 962
963 960
964 960
964 959
965 959
965 961
966 961
966 958
963 958
963 957
961 957
961 956
962 956
962 955
961 955
961 954
958 954
958 953
960 953
960 952
955 952
955 951
957 951
957 950
958 950
958 951
959 951
959 950
961 950
961 949
957 949
957 948
956 948
956 949
955 949
955 950
954 950
954 948
953 948
953 947
954 947
954 946
953 946
953 945
954 945
954 944
955 944
955 945
956 945
956 946
957 946
957 947
958 947
958 946
962 946
962 947
961 947
961 948
963 948
963 947
964 947
964 950
967 950
967 949
968 949
968 948
966 948
966 949
965 949
965 947
966 947
966 946
963 946
963 945
957 945
957 944
959 944
959 943
960 943
960 944
961 944
961 942
960 942
960 941
961 941
961 940
962 940
962 942
963 942
963 944
964 944
964 943
968 943
968 942
964 942
964 941
965 941
965 940
964 940
964 939
963 939
963 938
962 938
962 939
961 939
961 936
962 936
962 934
963 934
963 932
964 932
964 934
965 934
965 935
964 935
964 936
965 936
965 937
966 937
966 934
967 934
967 938
968 938
968 935
969 935
969 934
970 934
970 935
971 935
971 936
969 936
969 938
970 938
970 937
972 937
972 939
970 939
970 940
971 940
971 945
970 945
970 947
971 947
971 946
973 946
973 949
969 949
969 950
968 950
968 952
969 952
969 954
970 954
970 955
972 955
972 956
973 956
973 955
974 955
974 956
975 956
975 955
976 955
976 958
978 958
978 960
979 960
979 961
980 961
980 959
979 959
979 957
977 957
977 954
971 954
971 953
970 953
970 952
972 952
972 953
974 953
974 952
973 952
973 951
970 951
970 950
974 950
974 948
975 948
975 949
976 949
976 947
974 947
974 945
972 945
972 941
973 941
973 942
974 942
974 940
973 940
973 936
974 936
974 934
975 934
975 935
976 935
976 937
978 937
978 938
974 938
974 939
979 939
979 940
975 940
975 941
976 941
976 942
975 942
975 943
976 943
976 945
977 945
977 941
978 941
978 944
979 944
979 945
978 945
978 946
979 946
979 949
978 949
978 950
980 950
980 944
981 944
981 945
982 945
982 947
981 947
981 949
982 949
982 948
983 948
983 950
985 950
985 949
984 949
984 948
986 948
986 953
987 953
987 954
988 954
988 959
990 959
990 960
988 960
988 963
987 963
987 965
986 965
986 969
987 969
987 966
988 966
988 964
989 964
989 961
990 961
990 962
991 962
991 971
992 971
992 963
994 963
994 964
995 964
995 971
996 971
996 973
995 973
995 974
996 974
996 975
997 975
997 974
998 974
998 975
999 975
999 973
997 973
997 970
996 970
996 963
995 963
995 962
993 962
993 961
991 961
991 960
995 960
995 959
992 959
992 958
995 958
995 957
991 957
991 958
989 958
989 956
991 956
991 955
989 955
989 953
988 953
988 952
987 952
987 951
989 951
989 952
990 952
990 954
991 954
991 951
990 951
990 950
988 950
988 949
987 949
987 947
983 947
983 944
982 944
982 943
979 943
979 941
981 941
981 940
982 940
982 939
980 939
980 936
981 936
981 937
982 937
982 938
983 938
983 941
984 941
984 939
985 939
985 938
986 938
986 937
983 937
983 936
982 936
982 935
978 935
978 934
980 934
980 932
981 932
981 933
982 933
982 934
983 934
983 935
985 935
985 934
984 934
984 933
983 933
983 932
984 932
984 931
986 931
986 930
983 930
983 929
985 929
985 928
987 928
987 930
988 930
988 929
989 929
989 927
990 927
990 930
991 930
991 931
990 931
990 933
989 933
989 931
988 931
988 932
987 932
987 933
988 933
988 934
987 934
987 935
989 935
989 934
990 934
990 937
987 937
987 939
986 939
986 940
987 940
987 945
986 945
986 946
988 946
988 947
989 947
989 948
990 948
990 946
989 946
989 945
988 945
988 942
989 942
989 940
988 940
988 938
989 938
989 939
990 939
990 938
991 938
991 937
992 937
992 939
991 939
991 940
990 940
990 941
991 941
991 950
992 950
992 954
995 954
995 953
993 953
993 952
996 952
996 951
993 951
993 949
992 949
992 946
993 946
993 948
994 948
994 946
995 946
995 950
996 950
996 945
992 945
992 940
996 940
996 941
998 941
998 943
1000 943
1000 945
999 945
999 946
998 946
998 947
997 947
997 950
998 950
998 948
999 948
999 947
1000 947
1000 946
1001 946
1001 948
1000 948
1000 950
1001 950
1001 949
1004 949
1004 950
1005 950
1005 948
1002 948
1002 947
1004 947
1004 946
1002 946
1002 945
1001 945
1001 944
1004 944
1004 943
1001 943
1001 942
999 942
999 940
998 940
998 939
993 939
993 936
991 936
991 932
992 932
992 935
994 935
994 936
995 936
995 934
994 934
994 933
995 933
995 932
996 932
996 937
997 937
997 935
998 935
998 938
999 938
999 939
1001 939
1001 940
1002 940
1002 938
1000 938
1000 937
999 937
999 934
997 934
997 933
999 933
999 932
997 932
997 930
996 930
996 931
994 931
994 930
995 930
995 929
994 929
994 928
995 928
995 926
996 926
996 927
997 927
997 928
996 928
996 929
998 929
998 930
999 930
999 931
1000 931
1000 929
999 929
999 927
998 927
998 926
997 926
997 925
999 925
999 926
1000 926
1000 927
1001 927
1001 929
1002 929
1002 926
1001 926
1001 925
1000 925
1000 924
1002 924
1002 925
1003 925
1003 926
1004 926
1004 925
1005 925
1005 927
1004 927
1004 928
1005 928
1005 929
1004 929
1004 930
1005 930
1005 931
1003 931
1003 933
1004 933
1004 932
1005 932
1005 933
1006 933
1006 931
1007 931
1007 930
1006 930
1006 929
1009 929
1009 930
1008 930
1008 931
1009 931
1009 932
1008 932
1008 934
1009 934
1009 933
1010 933
1010 930
1011 930
1011 931
1012 931
1012 933
1011 933
1011 935
1009 935
1009 938
1008 938
1008 939
1005 939
1005 943
1006 943
1006 940
1009 940
1009 939
1010 939
1010 936
1012 936
1012 934
1013 934
1013 932
1015 932
1015 933
1014 933
1014 935
1015 935
1015 936
1013 936
1013 939
1012 939
1012 940
1013 940
1013 941
1011 941
1011 942
1014 942
1014 943
1007 943
1007 944
1009 944
1009 945
1007 945
1007 946
1005 946
1005 947
1007 947
1007 953
1008 953
1008 946
1010 946
1010 944
1013 944
1013 946
1011 946
1011 950
1010 950
1010 951
1012 951
1012 952
1009 952
1009 954
1008 954
1008 955
1009 955
1009 957
1007 957
1007 959
1006 959
1006 960
1003 960
1003 962
1004 962
1004 961
1005 961
1005 962
1006 962
1006 963
1005 963
1005 964
1006 964
1006 965
1005 965
1005 966
1004 966
1004 969
1003 969
1003 970
1001 970
1001 972
1000 972
1000 977
998 977
998 978
1001 978
1001 973
1002 973
1002 971
1003 971
1003 973
1004 973
1004 975
1003 975
1003 976
1005 976
1005 972
1004 972
1004 970
1005 970
1005 969
1006 969
1006 968
1005 968
1005 967
1006 967
1006 966
1007 966
1007 960
1008 960
1008 958
1010 958
1010 953
1012 953
1012 957
1013 957
1013 956
1014 956
1014 955
1013 955
1013 954
1014 954
1014 953
1013 953
1013 950
1012 950
1012 947
1013 947
1013 949
1014 949
1014 947
1015 947
1015 951
1016 951
1016 947
1018 947
1018 950
1017 950
1017 952
1015 952
1015 953
1016 953
1016 954
1015 954
1015 955
1019 955
1019 956
1015 956
1015 958
1016 958
1016 957
1019 957
1019 958
1017 958
1017 959
1015 959
1015 961
1012 961
1012 962
1013 962
1013 963
1012 963
1012 965
1011 965
1011 966
1013 966
1013 964
1014 964
1014 962
1016 962
1016 960
1018 960
1018 959
1019 959
1019 961
1018 961
1018 963
1019 963
1019 962
1020 962
1020 957
1021 957
1021 965
1020 965
1020 964
1019 964
1019 966
1022 966
1022 956
1020 956
1020 954
1017 954
1017 953
1018 953
1018 951
1019 951
1019 953
1020 953
1020 952
1021 952
1021 951
1020 951
1020 950
1019 950
1019 946
1015 946
1015 945
1014 945
1014 944
1015 944
1015 941
1014 941
1014 937
1016 937
1016 935
1017 935
1017 939
1016 939
1016 940
1018 940
1018 935
1019 935
1019 936
1020 936
1020 942
1019 942
1019 943
1020 943
1020 946
1021 946
1021 936
1022 936
1022 949
1024 949
1024 948
1023 948
1023 935
1021 935
1021 934
1023 934
1023 933
1022 933
1022 932
1023 932
1023 931
1024 931
1024 930
1025 930
1025 933
1026 933
1026 934
1024 934
1024 936
1025 936
1025 935
1026 935
1026 937
1028 937
1028 939
1026 939
1026 942
1024 942
1024 943
1026 943
1026 945
1025 945
1025 949
1026 949
1026 950
1025 950
1025 957
1024 957
1024 961
1025 961
1025 958
1026 958
1026 952
1028 952
1028 951
1027 951
1027 949
1028 949
1028 950
1029 950
1029 948
1026 948
1026 946
1027 946
1027 940
1028 940
1028 944
1030 944
1030 946
1031 946
1031 943
1029 943
1029 936
1027 936
1027 932
1026 932
1026 930
1028 930
1028 931
1029 931
1029 935
1031 935
1031 934
1030 934
1030 932
1031 932
1031 931
1032 931
1032 941
1033 941
1033 932
1034 932
1034 936
1035 936
1035 934
1036 934
1036 932
1035 932
1035 931
1034 931
1034 930
1036 930
1036 931
1038 931
1038 932
1037 932
1037 934
1038 934
1038 935
1036 935
1036 937
1037 937
1037 936
1039 936
1039 934
1041 934
1041 936
1042 936
1042 933
1043 933
1043 934
1044 934
1044 936
1043 936
1043 937
1039 937
1039 938
1036 938
1036 939
1035 939
1035 941
1036 941
1036 940
1037 940
1037 939
1039 939
1039 940
1040 940
1040 941
1039 941
1039 942
1037 942
1037 943
1034 943
1034 946
1033 946
1033 951
1034 951
1034 954
1033 954
1033 955
1035 955
1035 950
1034 950
1034 947
1035 947
1035 944
1038 944
1038 943
1040 943
1040 942
1041 942
1041 940
1042 940
1042 941
1043 941
1043 939
1041 939
1041 938
1044 938
1044 941
1045 941
1045 943
1046 943
1046 940
1045 940
1045 939
1046 939
1046 938
1047 938
1047 937
1046 937
1046 936
1050 936
1050 937
1048 937
1048 938
1049 938
1049 939
1048 939
1048 940
1049 940
1049 941
1048 941
1048 943
1049 943
1049 944
1048 944
1048 945
1050 945
1050 946
1044 946
1044 945
1042 945
1042 946
1043 946
1043 947
1040 947
1040 948
1042 948
1042 952
1040 952
1040 954
1039 954
1039 953
1038 953
1038 954
1037 954
1037 956
1033 956
1033 959
1034 959
1034 957
1037 957
1037 959
1036 959
1036 960
1035 960
1035 961
1034 961
1034 960
1031 960
1031 959
1028 959
1028 962
1027 962
1027 965
1028 965
1028 963
1029 963
1029 960
1030 960
1030 963
1031 963
1031 961
1033 961
1033 962
1034 962
1034 964
1029 964
1029 965
1032 965
1032 966
1030 966
1030 968
1027 968
1027 969
1026 969
1026 973
1024 973
1024 976
1025 976
1025 974
1027 974
1027 970
1028 970
1028 969
1031 969
1031 967
1032 967
1032 968
1036 968
1036 967
1033 967
1033 965
1035 965
1035 962
1036 962
1036 961
1037 961
1037 960
1038 960
1038 962
1037 962
1037 963
1038 963
1038 966
1037 966
1037 968
1038 968
1038 967
1039 967
1039 959
1038 959
1038 955
1039 955
1039 958
1040 958
1040 955
1041 955
1041 957
1042 957
1042 954
1041 954
1041 953
1044 953
1044 952
1043 952
1043 948
1044 948
1044 947
1045 947
1045 949
1044 949
1044 951
1045 951
1045 953
1046 953
1046 948
1047 948
1047 947
1048 947
1048 949
1049 949
1049 947
1050 947
1050 949
1051 949
1051 950
1052 950
1052 947
1051 947
1051 946
1052 946
1052 945
1053 945
1053 946
1054 946
1054 947
1053 947
1053 948
1056 948
1056 949
1053 949
1053 950
1055 950
1055 951
1049 951
1049 952
1048 952
1048 953
1049 953
1049 954
1047 954
1047 956
1046 956
1046 957
1048 957
1048 955
1049 955
1049 957
1050 957
1050 952
1051 952
1051 955
1052 955
1052 954
1053 954
1053 953
1052 953
1052 952
1055 952
1055 953
1054 953
1054 956
1051 956
1051 958
1053 958
1053 957
1056 957
1056 956
1055 956
1055 954
1056 954
1056 950
1057 950
1057 953
1058 953
1058 951
1059 951
1059 953
1060 953
1060 954
1059 954
1059 955
1057 955
1057 956
1062 956
1062 957
1060 957
1060 958
1058 958
1058 959
1053 959
1053 960
1059 960
1059 959
1061 959
1061 960
1060 960
1060 963
1057 963
1057 961
1054 961
1054 963
1055 963
1055 962
1056 962
1056 964
1053 964
1053 963
1052 963
1052 964
1051 964
1051 963
1048 963
1048 966
1043 966
1043 967
1040 967
1040 968
1039 968
1039 969
1038 969
1038 970
1037 970
1037 969
1036 969
1036 970
1034 970
1034 972
1035 972
1035 971
1037 971
1037 974
1035 974
1035 973
1034 973
1034 974
1033 974
1033 975
1034 975
1034 977
1035 977
1035 975
1038 975
1038 971
1039 971
1039 970
1040 970
1040 969
1041 969
1041 968
1044 968
1044 967
1049 967
1049 964
1050 964
1050 965
1053 965
1053 967
1052 967
1052 968
1049 968
1049 970
1050 970
1050 969
1051 969
1051 971
1052 971
1052 970
1053 970
1053 968
1054 968
1054 965
1057 965
1057 968
1058 968
1058 964
1060 964
1060 965
1061 965
1061 961
1063 961
1063 962
1065 962
1065 961
1066 961
1066 963
1063 963
1063 964
1062 964
1062 965
1063 965
1063 966
1062 966
1062 967
1061 967
1061 968
1059 968
1059 970
1057 970
1057 969
1055 969
1055 970
1056 970
1056 971
1060 971
1060 972
1061 972
1061 970
1060 970
1060 969
1062 969
1062 968
1063 968
1063 967
1064 967
1064 965
1067 965
1067 966
1065 966
1065 968
1066 968
1066 967
1067 967
1067 969
1065 969
1065 970
1063 970
1063 973
1061 973
1061 974
1058 974
1058 973
1054 973
1054 972
1050 972
1050 971
1047 971
1047 973
1044 973
1044 975
1040 975
1040 977
1039 977
1039 979
1037 979
1037 980
1036 980
1036 981
1038 981
1038 980
1039 980
1039 981
1040 981
1040 978
1041 978
1041 976
1044 976
1044 977
1042 977
1042 978
1044 978
1044 979
1042 979
1042 980
1041 980
1041 982
1038 982
1038 983
1039 983
1039 985
1040 985
1040 983
1042 983
1042 981
1043 981
1043 980
1045 980
1045 974
1048 974
1048 972
1049 972
1049 973
1053 973
1053 974
1054 974
1054 975
1050 975
1050 977
1051 977
1051 976
1054 976
1054 977
1055 977
1055 979
1056 979
1056 976
1055 976
1055 975
1056 975
1056 974
1057 974
1057 975
1059 975
1059 976
1057 976
1057 977
1059 977
1059 978
1060 978
1060 975
1061 975
1061 977
1062 977
1062 974
1064 974
1064 971
1066 971
1066 970
1067 970
1067 974
1066 974
1066 975
1065 975
1065 976
1067 976
1067 975
1068 975
1068 968
1070 968
1070 966
1071 966
1071 969
1069 969
1069 971
1070 971
1070 970
1072 970
1072 969
1073 969
1073 968
1074 968
1074 970
1073 970
1073 971
1074 971
1074 972
1071 972
1071 974
1072 974
1072 973
1073 973
1073 974
1074 974
1074 973
1075 973
1075 975
1076 975
1076 973
1077 973
1077 974
1078 974
1078 975
1077 975
1077 977
1078 977
1078 978
1075 978
1075 977
1074 977
1074 975
1069 975
1069 976
1073 976
1073 977
1070 977
1070 978
1074 978
1074 979
1069 979
1069 977
1067 977
1067 978
1068 978
1068 979
1063 979
1063 980
1062 980
1062 978
1061 978
1061 979
1060 979
1060 980
1058 980
1058 981
1057 981
1057 980
1054 980
1054 979
1051 979
1051 980
1053 980
1053 981
1056 981
1056 982
1059 982
1059 981
1064 981
1064 980
1075 980
1075 979
1076 979
1076 980
1079 980
1079 981
1077 981
1077 982
1076 982
1076 981
1075 981
1075 982
1074 982
1074 981
1072 981
1072 982
1070 982
1070 981
1069 981
1069 982
1064 982
1064 984
1063 984
1063 982
1062 982
1062 983
1060 983
1060 984
1056 984
1056 985
1053 985
1053 987
1054 987
1054 986
1055 986
1055 988
1057 988
1057 987
1056 987
1056 986
1057 986
1057 985
1058 985
1058 986
1059 986
1059 985
1061 985
1061 984
1062 984
1062 985
1063 985
1063 986
1062 986
1062 987
1063 987
1063 988
1061 988
1061 987
1060 987
1060 989
1064 989
1064 985
1065 985
1065 984
1066 984
1066 983
1068 983
1068 985
1069 985
1069 983
1074 983
1074 985
1073 985
1073 984
1072 984
1072 986
1075 986
1075 983
1078 983
1078 984
1076 984
1076 985
1077 985
1077 986
1078 986
1078 987
1072 987
1072 988
1079 988
1079 989
1078 989
1078 990
1077 990
1077 989
1073 989
1073 990
1074 990
1074 991
1075 991
1075 990
1076 990
1076 991
1077 991
1077 992
1078 992
1078 991
1079 991
1079 990
1080 990
1080 989
1081 989
1081 991
1080 991
1080 993
1082 993
1082 991
1083 991
1083 993
1086 993
1086 994
1083 994
1083 996
1086 996
1086 997
1085 997
1085 998
1084 998
1084 997
1083 997
1083 1000
1082 1000
1082 997
1081 997
1081 996
1079 996
1079 998
1080 998
1080 999
1078 999
1078 996
1077 996
1077 998
1076 998
1076 993
1075 993
1075 997
1073 997
1073 998
1072 998
1072 1000
1071 1000
1071 998
1070 998
1070 997
1072 997
1072 995
1070 995
1070 996
1069 996
1069 992
1068 992
1068 993
1067 993
1067 991
1064 991
1064 992
1066 992
1066 993
1064 993
1064 994
1068 994
1068 995
1067 995
1067 996
1066 996
1066 995
1064 995
1064 996
1065 996
1065 997
1069 997
1069 999
1067 999
1067 998
1062 998
1062 996
1063 996
1063 993
1062 993
1062 995
1061 995
1061 996
1059 996
1059 995
1057 995
1057 993
1054 993
1054 991
1053 991
1053 989
1052 989
1052 990
1048 990
1048 989
1046 989
1046 988
1039 988
1039 990
1038 990
1038 988
1034 988
1034 989
1033 989
1033 991
1034 991
1034 990
1035 990
1035 989
1037 989
1037 991
1040 991
1040 989
1045 989
1045 990
1047 990
1047 991
1050 991
1050 992
1049 992
1049 993
1051 993
1051 991
1052 991
1052 992
1053 992
1053 993
1052 993
1052 994
1056 994
1056 996
1052 996
1052 995
1051 995
1051 997
1057 997
1057 996
1058 996
1058 997
1061 997
1061 998
1058 998
1058 999
1061 999
1061 1000
1059 1000
1059 1001
1057 1001
1057 998
1056 998
1056 999
1052 999
1052 1000
1049 1000
1049 998
1047 998
1047 995
1044 995
1044 996
1046 996
1046 997
1045 997
1045 998
1043 998
1043 996
1039 996
1039 997
1038 997
1038 996
1034 996
1034 994
1026 994
1026 995
1033 995
1033 996
1032 996
1032 997
1031 997
1031 996
1028 996
1028 997
1027 997
1027 998
1029 998
1029 997
1030 997
1030 999
1031 999
1031 998
1033 998
1033 997
1037 997
1037 998
1040 998
1040 997
1042 997
1042 999
1048 999
1048 1001
1051 1001
1051 1002
1052 1002
1052 1001
1053 1001
1053 1000
1056 1000
1056 1002
1061 1002
1061 1001
1062 1001
1062 1000
1063 1000
1063 999
1066 999
1066 1000
1069 1000
1069 1001
1065 1001
1065 1002
1070 1002
1070 1003
1068 1003
1068 1004
1066 1004
1066 1005
1069 1005
1069 1006
1070 1006
1070 1007
1069 1007
1069 1008
1068 1008
1068 1006
1063 1006
1063 1004
1062 1004
1062 1003
1060 1003
1060 1004
1061 1004
1061 1005
1062 1005
1062 1006
1055 1006
1055 1005
1043 1005
1043 1004
1040 1004
1040 1005
1042 1005
1042 1006
1041 1006
1041 1007
1042 1007
1042 1008
1043 1008
1043 1006
1054 1006
1054 1007
1067 1007
1067 1008
1066 1008
1066 1009
1062 1009
1062 1010
1067 1010
1067 1011
1069 1011
1069 1013
1067 1013
1067 1015
1066 1015
1066 1013
1065 1013
1065 1012
1061 1012
1061 1013
1064 1013
1064 1014
1065 1014
1065 1015
1064 1015
1064 1016
1069 1016
1069 1015
1070 1015
1070 1018
1069 1018
1069 1017
1068 1017
1068 1019
1067 1019
1067 1018
1066 1018
1066 1020
1065 1020
1065 1021
1066 1021
1066 1022
1064 1022
1064 1019
1065 1019
1065 1018
1063 1018
1063 1020
1060 1020
1060 1019
1058 1019
1058 1015
1053 1015
1053 1016
1057 1016
1057 1018
1054 1018
1054 1017
1053 1017
1053 1018
1052 1018
1052 1016
1051 1016
1051 1013
1050 1013
1050 1016
1049 1016
1049 1017
1046 1017
1046 1016
1045 1016
1045 1014
1043 1014
1043 1011
1037 1011
1037 1009
1038 1009
1038 1007
1037 1007
1037 1008
1036 1008
1036 1012
1034 1012
1034 1011
1033 1011
1033 1008
1032 1008
1032 1012
1033 1012
1033 1013
1037 1013
1037 1012
1042 1012
1042 1013
1041 1013
1041 1014
1040 1014
1040 1013
1039 1013
1039 1015
1044 1015
1044 1017
1045 1017
1045 1018
1050 1018
1050 1017
1051 1017
1051 1019
1057 1019
1057 1020
1055 1020
1055 1021
1058 1021
1058 1020
1059 1020
1059 1021
1063 1021
1063 1023
1067 1023
1067 1025
1064 1025
1064 1024
1063 1024
1063 1025
1060 1025
1060 1024
1061 1024
1061 1023
1059 1023
1059 1024
1056 1024
1056 1022
1053 1022
1053 1021
1051 1021
1051 1020
1048 1020
1048 1019
1046 1019
1046 1020
1047 1020
1047 1021
1046 1021
1046 1023
1048 1023
1048 1021
1050 1021
1050 1022
1052 1022
1052 1023
1055 1023
1055 1024
1052 1024
1052 1025
1051 1025
1051 1024
1050 1024
1050 1025
1049 1025
1049 1024
1046 1024
1046 1025
1045 1025
1045 1022
1044 1022
1044 1023
1043 1023
1043 1019
1041 1019
1041 1018
1036 1018
1036 1019
1040 1019
1040 1020
1042 1020
1042 1024
1040 1024
1040 1025
1039 1025
1039 1024
1038 1024
1038 1026
1041 1026
1041 1025
1043 1025
1043 1024
1044 1024
1044 1026
1047 1026
1047 1025
1048 1025
1048 1026
1053 1026
1053 1025
1059 1025
1059 1026
1061 1026
1061 1027
1062 1027
1062 1026
1068 1026
1068 1023
1069 1023
1069 1026
1071 1026
1071 1027
1070 1027
1070 1028
1069 1028
1069 1027
1067 1027
1067 1028
1063 1028
1063 1029
1061 1029
1061 1030
1064 1030
1064 1029
1070 1029
1070 1030
1069 1030
1069 1031
1070 1031
1070 1032
1069 1032
1069 1033
1068 1033
1068 1031
1067 1031
1067 1033
1066 1033
1066 1032
1065 1032
1065 1034
1063 1034
1063 1036
1062 1036
1062 1033
1061 1033
1061 1032
1060 1032
1060 1034
1061 1034
1061 1037
1060 1037
1060 1038
1059 1038
1059 1032
1055 1032
1055 1030
1053 1030
1053 1028
1049 1028
1049 1027
1046 1027
1046 1028
1039 1028
1039 1027
1038 1027
1038 1028
1036 1028
1036 1029
1035 1029
1035 1028
1034 1028
1034 1030
1037 1030
1037 1029
1047 1029
1047 1028
1048 1028
1048 1029
1052 1029
1052 1031
1054 1031
1054 1032
1053 1032
1053 1033
1058 1033
1058 1036
1057 1036
1057 1034
1055 1034
1055 1035
1056 1035
1056 1036
1053 1036
1053 1035
1047 1035
1047 1034
1046 1034
1046 1036
1052 1036
1052 1037
1051 1037
1051 1038
1053 1038
1053 1037
1058 1037
1058 1040
1056 1040
1056 1041
1059 1041
1059 1039
1061 1039
1061 1038
1062 1038
1062 1037
1063 1037
1063 1039
1062 1039
1062 1040
1061 1040
1061 1041
1062 1041
1062 1042
1061 1042
1061 1043
1058 1043
1058 1044
1061 1044
1061 1046
1060 1046
1060 1045
1059 1045
1059 1046
1058 1046
1058 1045
1057 1045
1057 1046
1056 1046
1056 1044
1057 1044
1057 1043
1055 1043
1055 1044
1054 1044
1054 1045
1053 1045
1053 1043
1054 1043
1054 1042
1052 1042
1052 1040
1051 1040
1051 1044
1052 1044
1052 1046
1051 1046
1051 1045
1049 1045
1049 1044
1047 1044
1047 1043
1046 1043
1046 1042
1048 1042
1048 1040
1049 1040
1049 1038
1048 1038
1048 1039
1047 1039
1047 1041
1046 1041
1046 1040
1042 1040
1042 1041
1045 1041
1045 1042
1044 1042
1044 1043
1043 1043
1043 1042
1042 1042
1042 1044
1046 1044
1046 1046
1047 1046
1047 1045
1048 1045
1048 1046
1050 1046
1050 1047
1052 1047
1052 1048
1051 1048
1051 1049
1052 1049
1052 1050
1051 1050
1051 1051
1049 1051
1049 1048
1048 1048
1048 1047
1047 1047
1047 1049
1048 1049
1048 1050
1046 1050
1046 1047
1045 1047
1045 1048
1043 1048
1043 1045
1041 1045
1041 1038
1040 1038
1040 1040
1039 1040
1039 1039
1036 1039
1036 1037
1035 1037
1035 1036
1034 1036
1034 1034
1033 1034
1033 1032
1032 1032
1032 1033
1031 1033
1031 1030
1030 1030
1030 1033
1027 1033
1027 1029
1026 1029
1026 1034
1032 1034
1032 1035
1033 1035
1033 1037
1034 1037
1034 1038
1035 1038
1035 1040
1038 1040
1038 1041
1040 1041
1040 1043
1039 1043
1039 1044
1038 1044
1038 1042
1037 1042
1037 1045
1040 1045
1040 1046
1042 1046
1042 1047
1041 1047
1041 1048
1042 1048
1042 1049
1045 1049
1045 1050
1043 1050
1043 1051
1048 1051
1048 1052
1046 1052
1046 1053
1045 1053
1045 1052
1044 1052
1044 1053
1042 1053
1042 1054
1046 1054
1046 1055
1047 1055
1047 1054
1048 1054
1048 1053
1049 1053
1049 1055
1050 1055
1050 1056
1049 1056
1049 1057
1050 1057
1050 1058
1049 1058
1049 1059
1048 1059
1048 1058
1047 1058
1047 1057
1046 1057
1046 1056
1045 1056
1045 1057
1041 1057
1041 1056
1042 1056
1042 1055
1040 1055
1040 1056
1039 1056
1039 1053
1036 1053
1036 1054
1035 1054
1035 1055
1037 1055
1037 1054
1038 1054
1038 1056
1037 1056
1037 1057
1040 1057
1040 1058
1046 1058
1046 1059
1044 1059
1044 1060
1043 1060
1043 1059
1042 1059
1042 1061
1043 1061
1043 1062
1042 1062
1042 1063
1041 1063
1041 1061
1040 1061
1040 1059
1039 1059
1039 1060
1035 1060
1035 1061
1039 1061
1039 1062
1038 1062
1038 1063
1039 1063
1039 1064
1040 1064
1040 1065
1041 1065
1041 1064
1042 1064
1042 1067
1041 1067
1041 1069
1040 1069
1040 1071
1039 1071
1039 1069
1038 1069
1038 1068
1039 1068
1039 1067
1038 1067
1038 1066
1037 1066
1037 1069
1036 1069
1036 1065
1035 1065
1035 1068
1034 1068
1034 1069
1033 1069
1033 1068
1032 1068
1032 1067
1034 1067
1034 1065
1033 1065
1033 1066
1031 1066
1031 1064
1033 1064
1033 1063
1032 1063
1032 1058
1033 1058
1033 1056
1032 1056
1032 1057
1030 1057
1030 1054
1034 1054
1034 1053
1035 1053
1035 1051
1034 1051
1034 1049
1033 1049
1033 1048
1031 1048
1031 1047
1030 1047
1030 1048
1029 1048
1029 1047
1028 1047
1028 1048
1027 1048
1027 1045
1025 1045
1025 1043
1024 1043
1024 1042
1023 1042
1023 1044
1024 1044
1024 1046
1026 1046
1026 1049
1032 1049
1032 1050
1033 1050
1033 1051
1031 1051
1031 1050
1029 1050
1029 1051
1030 1051
1030 1052
1033 1052
1033 1053
1029 1053
1029 1055
1028 1055
1028 1054
1027 1054
1027 1056
1029 1056
1029 1058
1031 1058
1031 1062
1030 1062
1030 1061
1029 1061
1029 1063
1030 1063
1030 1067
1029 1067
1029 1069
1028 1069
1028 1068
1027 1068
1027 1066
1025 1066
1025 1065
1029 1065
1029 1064
1024 1064
1024 1063
1028 1063
1028 1062
1027 1062
1027 1061
1028 1061
1028 1060
1027 1060
1027 1058
1026 1058
1026 1062
1025 1062
1025 1059
1024 1059
1024 1058
1025 1058
1025 1057
1024 1057
1024 1054
1025 1054
1025 1053
1023 1053
1023 1059
1022 1059
1022 1058
1021 1058
1021 1056
1022 1056
1022 1054
1021 1054
1021 1055
1020 1055
1020 1053
1018 1053
1018 1054
1019 1054
1019 1055
1017 1055
1017 1050
1016 1050
1016 1049
1015 1049
1015 1044
1013 1044
1013 1043
1015 1043
1015 1040
1016 1040
1016 1038
1017 1038
1017 1034
1016 1034
1016 1037
1015 1037
1015 1039
1014 1039
1014 1042
1013 1042
1013 1041
1012 1041
1012 1032
1011 1032
1011 1040
1009 1040
1009 1039
1008 1039
1008 1032
1007 1032
1007 1030
1008 1030
1008 1029
1007 1029
1007 1028
1006 1028
1006 1029
1005 1029
1005 1028
1004 1028
1004 1030
1006 1030
1006 1033
1007 1033
1007 1040
1008 1040
1008 1041
1010 1041
1010 1042
1012 1042
1012 1043
1008 1043
1008 1044
1011 1044
1011 1045
1008 1045
1008 1046
1012 1046
1012 1045
1014 1045
1014 1047
1012 1047
1012 1048
1014 1048
1014 1050
1015 1050
1015 1051
1016 1051
1016 1052
1014 1052
1014 1051
1013 1051
1013 1049
1012 1049
1012 1052
1013 1052
1013 1053
1015 1053
1015 1054
1016 1054
1016 1056
1020 1056
1020 1059
1021 1059
1021 1060
1024 1060
1024 1062
1022 1062
1022 1063
1021 1063
1021 1064
1023 1064
1023 1067
1022 1067
1022 1066
1021 1066
1021 1065
1020 1065
1020 1062
1019 1062
1019 1064
1018 1064
1018 1065
1017 1065
1017 1066
1020 1066
1020 1067
1021 1067
1021 1068
1025 1068
1025 1069
1023 1069
1023 1071
1022 1071
1022 1070
1021 1070
1021 1069
1020 1069
1020 1068
1018 1068
1018 1069
1019 1069
1019 1070
1020 1070
1020 1071
1019 1071
1019 1072
1017 1072
1017 1073
1020 1073
1020 1074
1018 1074
1018 1075
1016 1075
1016 1073
1015 1073
1015 1074
1014 1074
1014 1076
1013 1076
1013 1073
1012 1073
1012 1072
1013 1072
1013 1070
1014 1070
1014 1072
1015 1072
1015 1071
1016 1071
1016 1070
1015 1070
1015 1069
1016 1069
1016 1068
1014 1068
1014 1069
1013 1069
1013 1066
1016 1066
1016 1064
1017 1064
1017 1063
1016 1063
1016 1058
1017 1058
1017 1057
1015 1057
1015 1056
1014 1056
1014 1055
1013 1055
1013 1057
1014 1057
1014 1058
1015 1058
1015 1061
1014 1061
1014 1063
1015 1063
1015 1065
1014 1065
1014 1064
1013 1064
1013 1065
1012 1065
1012 1066
1011 1066
1011 1064
1012 1064
1012 1063
1013 1063
1013 1062
1012 1062
1012 1053
1011 1053
1011 1049
1008 1049
1008 1050
1010 1050
1010 1051
1007 1051
1007 1052
1010 1052
1010 1054
1011 1054
1011 1057
1010 1057
1010 1055
1009 1055
1009 1057
1008 1057
1008 1053
1007 1053
1007 1058
1011 1058
1011 1063
1007 1063
1007 1062
1005 1062
1005 1060
1003 1060
1003 1058
1004 1058
1004 1057
1005 1057
1005 1056
1006 1056
1006 1053
1005 1053
1005 1055
1004 1055
1004 1056
1003 1056
1003 1057
1002 1057
1002 1055
1003 1055
1003 1053
1002 1053
1002 1054
999 1054
999 1053
998 1053
998 1055
1001 1055
1001 1056
999 1056
999 1057
1001 1057
1001 1058
1002 1058
1002 1059
999 1059
999 1060
1002 1060
1002 1061
1004 1061
1004 1063
1005 1063
1005 1064
1010 1064
1010 1067
1012 1067
1012 1071
1011 1071
1011 1068
1009 1068
1009 1067
1008 1067
1008 1069
1009 1069
1009 1070
1008 1070
1008 1071
1007 1071
1007 1066
1006 1066
1006 1068
1005 1068
1005 1065
1004 1065
1004 1064
1002 1064
1002 1063
1001 1063
1001 1065
1003 1065
1003 1066
1004 1066
1004 1069
1006 1069
1006 1070
1004 1070
1004 1071
1006 1071
1006 1073
1007 1073
1007 1072
1009 1072
1009 1073
1008 1073
1008 1074
1009 1074
1009 1075
1008 1075
1008 1077
1007 1077
1007 1076
1006 1076
1006 1075
1007 1075
1007 1074
1005 1074
1005 1073
1004 1073
1004 1072
1003 1072
1003 1074
1004 1074
1004 1076
1005 1076
1005 1077
1006 1077
1006 1078
1004 1078
1004 1077
1003 1077
1003 1076
1002 1076
1002 1074
1001 1074
1001 1077
1002 1077
1002 1078
1003 1078
1003 1079
1001 1079
1001 1078
1000 1078
1000 1077
999 1077
999 1078
998 1078
998 1076
999 1076
999 1075
998 1075
998 1074
999 1074
999 1073
998 1073
998 1072
1000 1072
1000 1070
999 1070
999 1071
998 1071
998 1070
997 1070
997 1072
996 1072
996 1073
997 1073
997 1074
994 1074
994 1073
995 1073
995 1072
994 1072
994 1071
995 1071
995 1069
994 1069
994 1070
993 1070
993 1073
992 1073
992 1072
991 1072
991 1070
992 1070
992 1068
994 1068
994 1065
995 1065
995 1064
998 1064
998 1060
997 1060
997 1063
994 1063
994 1064
993 1064
993 1067
991 1067
991 1069
990 1069
990 1071
988 1071
988 1070
989 1070
989 1068
988 1068
988 1067
990 1067
990 1064
991 1064
991 1063
990 1063
990 1062
992 1062
992 1061
989 1061
989 1060
996 1060
996 1059
994 1059
994 1058
996 1058
996 1057
998 1057
998 1056
996 1056
996 1050
995 1050
995 1057
993 1057
993 1059
990 1059
990 1057
992 1057
992 1053
993 1053
993 1052
991 1052
991 1051
994 1051
994 1049
995 1049
995 1048
994 1048
994 1046
996 1046
996 1044
997 1044
997 1043
1000 1043
1000 1041
999 1041
999 1042
998 1042
998 1041
997 1041
997 1040
998 1040
998 1039
997 1039
997 1038
998 1038
998 1037
999 1037
999 1034
1000 1034
1000 1033
1002 1033
1002 1031
1003 1031
1003 1026
1005 1026
1005 1025
1002 1025
1002 1030
1001 1030
1001 1032
1000 1032
1000 1030
999 1030
999 1028
1000 1028
1000 1027
998 1027
998 1031
999 1031
999 1033
998 1033
998 1034
997 1034
997 1035
998 1035
998 1036
997 1036
997 1037
996 1037
996 1043
995 1043
995 1045
993 1045
993 1050
991 1050
991 1046
990 1046
990 1047
989 1047
989 1048
990 1048
990 1049
989 1049
989 1050
990 1050
990 1053
991 1053
991 1056
990 1056
990 1054
989 1054
989 1056
988 1056
988 1052
987 1052
987 1056
985 1056
985 1053
986 1053
986 1051
988 1051
988 1050
987 1050
987 1049
988 1049
988 1048
984 1048
984 1047
988 1047
988 1045
987 1045
987 1046
984 1046
984 1045
986 1045
986 1044
988 1044
988 1042
991 1042
991 1041
990 1041
990 1040
991 1040
991 1038
992 1038
992 1037
990 1037
990 1039
989 1039
989 1041
987 1041
987 1043
985 1043
985 1044
984 1044
984 1042
985 1042
985 1040
984 1040
984 1041
983 1041
983 1046
982 1046
982 1038
983 1038
983 1039
984 1039
984 1037
981 1037
981 1047
983 1047
983 1049
986 1049
986 1050
985 1050
985 1052
984 1052
984 1050
983 1050
983 1051
982 1051
982 1052
983 1052
983 1053
984 1053
984 1057
988 1057
988 1058
989 1058
989 1059
988 1059
988 1062
989 1062
989 1066
987 1066
987 1068
986 1068
986 1064
987 1064
987 1063
985 1063
985 1068
984 1068
984 1067
983 1067
983 1061
984 1061
984 1060
983 1060
983 1057
982 1057
982 1067
981 1067
981 1054
979 1054
979 1055
980 1055
980 1068
982 1068
982 1069
980 1069
980 1070
981 1070
981 1071
980 1071
980 1072
979 1072
979 1073
978 1073
978 1070
977 1070
977 1069
979 1069
979 1067
978 1067
978 1068
977 1068
977 1066
975 1066
975 1064
977 1064
977 1061
979 1061
979 1060
977 1060
977 1058
978 1058
978 1054
977 1054
977 1053
978 1053
978 1046
979 1046
979 1042
978 1042
978 1045
977 1045
977 1051
975 1051
975 1052
976 1052
976 1054
975 1054
975 1053
974 1053
974 1055
977 1055
977 1057
976 1057
976 1063
975 1063
975 1059
973 1059
973 1057
972 1057
972 1060
974 1060
974 1067
976 1067
976 1071
977 1071
977 1073
975 1073
975 1072
974 1072
974 1068
972 1068
972 1069
973 1069
973 1071
972 1071
972 1072
971 1072
971 1062
970 1062
970 1071
969 1071
969 1067
968 1067
968 1069
967 1069
967 1071
968 1071
968 1072
969 1072
969 1073
967 1073
967 1072
965 1072
965 1071
966 1071
966 1069
965 1069
965 1068
967 1068
967 1066
966 1066
966 1067
964 1067
964 1069
962 1069
962 1067
961 1067
961 1070
960 1070
960 1069
959 1069
959 1067
960 1067
960 1066
964 1066
964 1065
967 1065
967 1064
968 1064
968 1062
967 1062
967 1063
966 1063
966 1064
964 1064
964 1063
963 1063
963 1062
964 1062
964 1061
966 1061
966 1060
969 1060
969 1057
970 1057
970 1052
969 1052
969 1049
970 1049
970 1048
968 1048
968 1053
969 1053
969 1056
968 1056
968 1059
965 1059
965 1060
963 1060
963 1061
962 1061
962 1063
961 1063
961 1062
960 1062
960 1064
962 1064
962 1065
959 1065
959 1062
958 1062
958 1060
957 1060
957 1063
958 1063
958 1064
957 1064
957 1065
956 1065
956 1066
957 1066
957 1067
953 1067
953 1066
955 1066
955 1065
954 1065
954 1064
955 1064
955 1063
954 1063
954 1062
955 1062
955 1060
954 1060
954 1059
955 1059
955 1058
953 1058
953 1057
959 1057
959 1058
961 1058
961 1057
960 1057
960 1056
963 1056
963 1055
961 1055
961 1051
963 1051
963 1049
964 1049
964 1050
965 1050
965 1049
966 1049
966 1047
970 1047
970 1044
969 1044
969 1046
966 1046
966 1044
967 1044
967 1043
968 1043
968 1042
969 1042
969 1043
972 1043
972 1044
975 1044
975 1041
976 1041
976 1038
975 1038
975 1040
974 1040
974 1043
973 1043
973 1040
972 1040
972 1042
970 1042
970 1041
969 1041
969 1039
974 1039
974 1038
971 1038
971 1037
973 1037
973 1035
976 1035
976 1034
977 1034
977 1030
979 1030
979 1027
978 1027
978 1029
976 1029
976 1033
975 1033
975 1034
972 1034
972 1036
971 1036
971 1035
967 1035
967 1036
970 1036
970 1038
968 1038
968 1041
967 1041
967 1042
966 1042
966 1043
965 1043
965 1041
966 1041
966 1040
965 1040
965 1037
966 1037
966 1035
965 1035
965 1036
964 1036
964 1044
965 1044
965 1048
964 1048
964 1045
963 1045
963 1048
962 1048
962 1046
961 1046
961 1049
962 1049
962 1050
959 1050
959 1051
960 1051
960 1055
959 1055
959 1056
958 1056
958 1054
959 1054
959 1052
958 1052
958 1050
957 1050
957 1055
956 1055
956 1056
955 1056
955 1054
954 1054
954 1056
953 1056
953 1054
952 1054
952 1053
951 1053
951 1056
952 1056
952 1057
951 1057
951 1058
950 1058
950 1057
949 1057
949 1056
950 1056
950 1055
947 1055
947 1054
950 1054
950 1053
948 1053
948 1052
954 1052
954 1051
955 1051
955 1050
954 1050
954 1049
956 1049
956 1047
957 1047
957 1046
955 1046
955 1048
954 1048
954 1046
953 1046
953 1051
952 1051
952 1048
951 1048
951 1049
950 1049
950 1050
951 1050
951 1051
948 1051
948 1050
949 1050
949 1047
952 1047
952 1045
950 1045
950 1046
947 1046
947 1047
948 1047
948 1049
947 1049
947 1053
946 1053
946 1050
945 1050
945 1052
944 1052
944 1050
943 1050
943 1049
944 1049
944 1048
946 1048
946 1047
941 1047
941 1046
943 1046
943 1045
945 1045
945 1044
950 1044
950 1043
944 1043
944 1044
942 1044
942 1043
943 1043
943 1040
946 1040
946 1042
949 1042
949 1040
948 1040
948 1041
947 1041
947 1039
950 1039
950 1040
951 1040
951 1039
952 1039
952 1040
955 1040
955 1037
960 1037
960 1036
963 1036
963 1035
964 1035
964 1034
965 1034
965 1033
966 1033
966 1034
967 1034
967 1033
969 1033
969 1031
968 1031
968 1032
966 1032
966 1029
968 1029
968 1030
969 1030
969 1029
970 1029
970 1028
969 1028
969 1026
968 1026
968 1028
965 1028
965 1032
964 1032
964 1033
963 1033
963 1034
962 1034
962 1035
959 1035
959 1036
954 1036
954 1039
953 1039
953 1038
950 1038
950 1036
951 1036
951 1035
954 1035
954 1033
953 1033
953 1034
952 1034
952 1032
951 1032
951 1033
950 1033
950 1035
949 1035
949 1038
946 1038
946 1035
945 1035
945 1039
943 1039
943 1038
942 1038
942 1042
940 1042
940 1041
938 1041
938 1042
937 1042
937 1040
940 1040
940 1039
941 1039
941 1038
940 1038
940 1037
941 1037
941 1036
942 1036
942 1035
944 1035
944 1033
946 1033
946 1034
948 1034
948 1033
947 1033
947 1032
943 1032
943 1031
942 1031
942 1033
943 1033
943 1034
941 1034
941 1035
940 1035
940 1036
939 1036
939 1038
936 1038
936 1037
938 1037
938 1035
937 1035
937 1036
936 1036
936 1034
938 1034
938 1033
940 1033
940 1030
942 1030
942 1029
945 1029
945 1030
949 1030
949 1031
953 1031
953 1032
956 1032
956 1030
959 1030
959 1028
963 1028
963 1026
964 1026
964 1024
966 1024
966 1023
967 1023
967 1022
965 1022
965 1023
964 1023
964 1022
963 1022
963 1025
962 1025
962 1027
959 1027
959 1026
961 1026
961 1025
959 1025
959 1024
961 1024
961 1023
962 1023
962 1021
965 1021
965 1020
964 1020
964 1018
963 1018
963 1020
961 1020
961 1022
960 1022
960 1023
958 1023
958 1029
955 1029
955 1031
954 1031
954 1030
950 1030
950 1029
949 1029
949 1028
953 1028
953 1026
952 1026
952 1027
949 1027
949 1026
948 1026
948 1024
947 1024
947 1027
948 1027
948 1028
947 1028
947 1029
946 1029
946 1028
944 1028
944 1027
946 1027
946 1026
944 1026
944 1025
943 1025
943 1028
942 1028
942 1026
941 1026
941 1029
939 1029
939 1032
937 1032
937 1033
936 1033
936 1029
937 1029
937 1028
938 1028
938 1027
936 1027
936 1028
935 1028
935 1035
933 1035
933 1037
932 1037
932 1034
934 1034
934 1032
933 1032
933 1033
931 1033
931 1034
930 1034
930 1035
929 1035
929 1033
930 1033
930 1032
929 1032
929 1031
932 1031
932 1029
931 1029
931 1030
930 1030
930 1029
929 1029
929 1030
928 1030
928 1028
927 1028
927 1030
926 1030
926 1029
925 1029
925 1028
926 1028
926 1026
925 1026
925 1025
928 1025
928 1026
929 1026
929 1028
934 1028
934 1027
930 1027
930 1026
933 1026
933 1025
929 1025
929 1024
934 1024
934 1026
936 1026
936 1025
935 1025
935 1024
940 1024
940 1023
941 1023
941 1025
942 1025
942 1024
943 1024
943 1023
945 1023
945 1022
946 1022
946 1023
949 1023
949 1024
952 1024
952 1023
950 1023
950 1022
947 1022
947 1021
944 1021
944 1022
939 1022
939 1023
928 1023
928 1024
927 1024
927 1023
924 1023
924 1022
926 1022
926 1021
927 1021
927 1022
928 1022
928 1021
929 1021
929 1022
931 1022
931 1021
933 1021
933 1022
934 1022
934 1021
939 1021
939 1019
940 1019
940 1021
941 1021
941 1020
943 1020
943 1019
947 1019
947 1018
950 1018
950 1016
949 1016
949 1017
948 1017
948 1015
946 1015
946 1016
947 1016
947 1017
946 1017
946 1018
945 1018
945 1017
944 1017
944 1018
942 1018
942 1019
941 1019
941 1018
940 1018
940 1017
941 1017
941 1016
940 1016
940 1015
942 1015
942 1016
943 1016
943 1014
939 1014
939 1018
938 1018
938 1019
937 1019
937 1020
935 1020
935 1018
934 1018
934 1020
929 1020
929 1018
930 1018
930 1019
931 1019
931 1017
928 1017
928 1020
925 1020
925 1019
927 1019
927 1018
926 1018
926 1017
925 1017
925 1016
931 1016
931 1015
924 1015
924 1014
925 1014
925 1013
926 1013
926 1014
930 1014
930 1013
929 1013
929 1012
928 1012
928 1013
927 1013
927 1012
926 1012
926 1011
925 1011
925 1012
924 1012
924 1013
923 1013
923 1014
922 1014
922 1012
923 1012
923 1010
921 1010
921 1012
920 1012
920 1010
917 1010
917 1009
920 1009
920 1007
917 1007
917 1006
918 1006
918 1005
919 1005
919 1006
920 1006
920 1003
921 1003
921 1006
922 1006
922 1007
924 1007
924 1005
923 1005
923 1004
925 1004
925 1007
926 1007
926 1005
927 1005
927 1010
928 1010
928 1006
930 1006
930 1005
931 1005
931 1003
932 1003
932 1005
933 1005
933 1006
931 1006
931 1008
933 1008
933 1007
934 1007
934 1011
935 1011
935 1010
936 1010
936 1012
939 1012
939 1011
937 1011
937 1010
939 1010
939 1009
935 1009
935 1008
936 1008
936 1007
937 1007
937 1008
939 1008
939 1007
938 1007
938 1006
934 1006
934 1004
936 1004
936 1005
941 1005
941 1007
940 1007
940 1010
941 1010
941 1008
942 1008
942 1007
944 1007
944 1008
946 1008
946 1010
949 1010
949 1012
950 1012
950 1014
951 1014
951 1013
955 1013
955 1014
957 1014
957 1015
964 1015
964 1013
965 1013
965 1015
969 1015
969 1014
970 1014
970 1012
969 1012
969 1013
968 1013
968 1014
966 1014
966 1012
963 1012
963 1014
958 1014
958 1013
956 1013
956 1012
953 1012
953 1011
954 1011
954 1010
952 1010
952 1012
951 1012
951 1011
950 1011
950 1010
951 1010
951 1009
947 1009
947 1007
951 1007
951 1008
952 1008
952 1006
946 1006
946 1007
945 1007
945 1006
942 1006
942 1005
945 1005
945 1004
942 1004
942 1003
944 1003
944 1002
946 1002
946 1005
947 1005
947 1004
951 1004
951 1003
954 1003
954 1005
956 1005
956 1008
959 1008
959 1007
957 1007
957 1006
958 1006
958 1005
960 1005
960 1007
964 1007
964 1006
965 1006
965 1007
969 1007
969 1009
977 1009
977 1008
970 1008
970 1007
971 1007
971 1006
972 1006
972 1007
975 1007
975 1006
976 1006
976 1005
974 1005
974 1006
973 1006
973 1004
972 1004
972 1005
970 1005
970 1006
966 1006
966 1005
963 1005
963 1006
961 1006
961 1004
955 1004
955 1002
952 1002
952 1001
951 1001
951 1002
950 1002
950 1003
947 1003
947 1001
942 1001
942 1002
941 1002
941 1003
940 1003
940 1004
937 1004
937 1003
934 1003
934 1002
938 1002
938 1001
933 1001
