4852
950 1001
953 1001
953 1000
954 1000
954 1001
955 1001
955 1000
957 1000
957 999
952 999
952 1000
950 1000
950 999
949 999
949 998
948 998
948 1000
947 1000
947 999
946 999
946 998
947 998
947 997
950 997
950 998
959 998
959 1000
962 1000
962 999
965 999
965 996
964 996
964 998
961 998
961 999
960 999
960 997
954 997
954 995
957 995
957 994
953 994
953 997
952 997
952 996
951 996
951 995
950 995
950 996
949 996
949 995
948 995
948 996
946 996
946 997
940 997
940 996
938 996
938 995
939 995
939 994
947 994
947 993
938 993
938 994
937 994
937 993
936 993
936 994
934 994
934 992
933 992
933 991
936 991
936 992
937 992
937 991
939 991
939 992
948 992
948 994
949 994
949 992
950 992
950 994
951 994
951 993
952 993
952 992
951 992
951 991
955 991
955 990
950 990
950 991
940 991
940 990
934 990
934 989
936 989
936 988
937 988
937 989
939 989
939 988
938 988
938 987
937 987
937 986
936 986
936 987
935 987
935 988
933 988
933 987
932 987
932 986
935 986
935 985
933 985
933 984
934 984
934 983
935 983
935 982
934 982
934 981
937 981
937 985
938 985
938 983
939 983
939 984
941 984
941 985
942 985
942 986
941 986
941 990
942 990
942 989
943 989
943 990
944 990
944 989
945 989
945 990
947 990
947 989
946 989
946 988
942 988
942 987
943 987
943 985
944 985
944 987
949 987
949 988
954 988
954 989
958 989
958 987
957 987
957 988
955 988
955 987
950 987
950 986
949 986
949 984
950 984
950 985
951 985
951 986
955 986
955 985
956 985
956 986
959 986
959 987
960 987
960 991
961 991
961 993
963 993
963 995
965 995
965 994
964 994
964 992
962 992
962 990
961 990
961 988
966 988
966 989
970 989
970 992
972 992
972 991
971 991
971 989
972 989
972 988
967 988
967 987
961 987
961 986
960 986
960 985
964 985
964 984
967 984
967 983
963 983
963 984
960 984
960 983
962 983
962 982
961 982
961 981
963 981
963 982
968 982
968 983
971 983
971 984
973 984
973 986
975 986
975 985
974 985
974 983
972 983
972 982
969 982
969 981
964 981
964 980
960 980
960 982
959 982
959 985
957 985
957 984
954 984
954 985
953 985
953 984
951 984
951 983
954 983
954 982
956 982
956 983
958 983
958 982
957 982
957 981
953 981
953 982
949 982
949 983
948 983
948 986
945 986
945 985
946 985
946 984
943 984
943 983
946 983
946 982
942 982
942 983
941 983
941 982
938 982
938 981
943 981
943 980
944 980
944 981
945 981
945 979
952 979
952 978
944 978
944 979
942 979
942 980
934 980
934 979
937 979
937 978
936 978
936 977
937 977
937 976
938 976
938 978
939 978
939 976
941 976
941 977
942 977
942 976
947 976
947 975
948 975
948 977
949 977
949 975
951 975
951 974
946 974
946 975
942 975
942 974
941 974
941 975
940 975
940 973
949 973
949 971
948 971
948 972
940 972
940 971
939 971
939 975
938 975
938 971
937 971
937 975
936 975
936 971
935 971
935 975
934 975
934 976
933 976
933 974
934 974
934 973
932 973
932 972
933 972
933 971
932 971
932 970
935 970
935 969
933 969
933 966
934 966
934 968
935 968
935 967
936 967
936 965
937 965
937 967
939 967
939 968
940 968
940 969
942 969
942 970
943 970
943 968
941 968
941 967
943 967
943 966
940 966
940 965
938 965
938 964
941 964
941 963
940 963
940 962
941 962
941 961
942 961
942 964
944 964
944 966
945 966
945 967
944 967
944 970
948 970
948 969
945 969
945 968
946 968
946 967
948 967
948 968
949 968
949 970
951 970
951 971
950 971
950 972
952 972
952 970
953 970
953 969
950 969
950 967
949 967
949 966
946 966
946 965
945 965
945 963
943 963
943 962
950 962
950 964
951 964
951 965
950 965
950 966
952 966
952 965
954 965
954 970
956 970
956 971
954 971
954 973
955 973
955 972
956 972
956 977
962 977
962 978
963 978
963 976
957 976
957 973
960 973
960 975
961 975
961 973
964 973
964 972
957 972
957 971
958 971
958 970
957 970
957 969
956 969
956 968
955 968
955 965
956 965
956 967
957 967
957 965
958 965
958 967
959 967
959 969
966 969
966 968
964 968
964 967
968 967
968 973
969 973
969 975
971 975
971 974
970 974
970 972
969 972
969 970
974 970
974 971
975 971
975 969
969 969
969 968
970 968
970 967
973 967
973 966
967 966
967 965
966 965
966 966
963 966
963 968
960 968
960 966
959 966
959 965
964 965
964 964
960 964
960 963
964 963
964 962
959 962
959 964
956 964
956 961
964 961
964 960
961 960
961 959
960 959
960 960
959 960
959 959
958 959
958 960
955 960
955 964
952 964
952 963
951 963
951 961
943 961
943 960
945 960
945 959
946 959
946 960
947 960
947 959
948 959
948 958
949 958
949 956
948 956
948 957
947 957
947 955
948 955
948 953
949 953
949 955
951 955
951 957
952 957
952 958
951 958
951 959
952 959
952 960
953 960
953 961
954 961
954 959
953 959
953 958
954 958
954 956
955 956
955 957
956 957
956 959
957 959
957 957
958 957
958 956
956 956
956 955
953 955
953 956
952 956
952 954
950 954
950 952
953 952
953 951
951 951
951 950
953 950
953 949
951 949
951 948
954 948
954 954
956 954
956 953
957 953
957 951
956 951
956 952
955 952
955 948
956 948
956 946
954 946
954 945
953 945
953 944
955 944
955 943
953 943
953 942
956 942
956 941
957 941
957 942
958 942
958 941
959 941
959 943
957 943
957 944
960 944
960 945
958 945
958 948
957 948
957 949
958 949
958 950
959 950
959 951
960 951
960 953
963 953
963 954
962 954
962 957
963 957
963 958
964 958
964 956
963 956
963 955
964 955
964 954
966 954
966 953
967 953
967 957
968 957
968 965
971 965
971 964
969 964
969 963
970 963
970 962
969 962
969 961
972 961
972 960
969 960
969 959
970 959
970 958
972 958
972 959
973 959
973 961
974 961
974 958
973 958
973 957
969 957
969 956
968 956
968 955
969 955
969 954
970 954
970 953
968 953
968 952
965 952
965 953
964 953
964 952
961 952
961 950
960 950
960 949
966 949
966 950
967 950
967 948
959 948
959 946
961 946
961 947
962 947
962 946
963 946
963 945
965 945
965 946
967 946
967 945
966 945
966 944
962 944
962 945
961 945
961 943
960 943
960 942
962 942
962 943
963 943
963 941
960 941
960 939
958 939
958 938
960 938
960 935
962 935
962 936
961 936
961 937
962 937
962 938
963 938
963 937
964 937
964 935
968 935
968 936
965 936
965 941
966 941
966 937
967 937
967 944
968 944
968 941
969 941
969 939
968 939
968 938
969 938
969 937
970 937
970 945
971 945
971 943
972 943
972 946
971 946
971 948
972 948
972 947
974 947
974 948
975 948
975 952
976 952
976 953
977 953
977 955
978 955
978 954
979 954
979 957
980 957
980 958
982 958
982 960
983 960
983 961
984 961
984 962
985 962
985 963
983 963
983 964
985 964
985 965
987 965
987 964
986 964
986 962
988 962
988 965
989 965
989 964
991 964
991 967
990 967
990 969
991 969
991 968
992 968
992 963
989 963
989 961
985 961
985 960
984 960
984 959
983 959
983 957
981 957
981 956
980 956
980 953
978 953
978 952
977 952
977 951
976 951
976 950
977 950
977 949
976 949
976 947
975 947
975 946
973 946
973 945
975 945
975 944
973 944
973 943
977 943
977 942
976 942
976 941
975 941
975 942
971 942
971 941
974 941
974 940
971 940
971 937
974 937
974 936
973 936
973 935
972 935
972 936
970 936
970 935
969 935
969 934
964 934
964 933
965 933
965 932
966 932
966 933
968 933
968 932
967 932
967 931
969 931
969 930
968 930
968 929
969 929
969 928
970 928
970 930
971 930
971 929
972 929
972 932
974 932
974 935
975 935
975 931
976 931
976 934
977 934
977 933
978 933
978 932
977 932
977 930
974 930
974 931
973 931
973 928
975 928
975 927
974 927
974 926
971 926
971 925
974 925
974 924
975 924
975 926
976 926
976 923
974 923
974 922
976 922
976 920
978 920
978 921
977 921
977 924
978 924
978 925
979 925
979 926
977 926
977 929
979 929
979 934
978 934
978 941
979 941
979 945
980 945
980 947
981 947
981 949
980 949
980 952
981 952
981 953
982 953
982 954
984 954
984 953
983 953
983 952
982 952
982 951
981 951
981 950
982 950
982 946
981 946
981 944
980 944
980 940
979 940
979 938
980 938
980 937
979 937
979 935
980 935
980 928
978 928
978 927
981 927
981 926
982 926
982 928
983 928
983 930
984 930
984 933
985 933
985 935
983 935
983 938
984 938
984 941
985 941
985 943
984 943
984 945
985 945
985 944
986 944
986 940
985 940
985 937
984 937
984 936
986 936
986 937
987 937
987 935
986 935
986 933
987 933
987 934
989 934
989 933
988 933
988 932
985 932
985 931
986 931
986 930
985 930
985 929
984 929
984 927
983 927
983 926
984 926
984 925
980 925
980 924
983 924
983 923
981 923
981 922
979 922
979 921
984 921
984 920
983 920
983 919
985 919
985 923
984 923
984 924
986 924
986 919
987 919
987 924
988 924
988 920
989 920
989 925
986 925
986 926
987 926
987 931
988 931
988 926
989 926
989 930
990 930
990 936
991 936
991 931
992 931
992 929
991 929
991 928
990 928
990 919
991 919
991 926
992 926
992 923
993 923
993 922
992 922
992 921
993 921
993 920
992 920
992 918
993 918
993 919
994 919
994 917
995 917
995 922
997 922
997 921
996 921
996 918
997 918
997 920
998 920
998 919
999 919
999 918
1002 918
1002 920
1001 920
1001 921
1000 921
1000 920
999 920
999 922
998 922
998 923
999 923
999 924
1000 924
1000 922
1002 922
1002 923
1001 923
1001 924
1003 924
1003 925
999 925
999 926
1002 926
1002 927
996 927
996 926
993 926
993 929
994 929
994 927
995 927
995 929
996 929
996 928
1001 928
1001 929
998 929
998 932
994 932
994 933
993 933
993 936
992 936
992 937
990 937
990 939
987 939
987 940
988 940
988 942
989 942
989 940
990 940
990 942
991 942
991 938
993 938
993 939
992 939
992 940
993 940
993 942
994 942
994 934
995 934
995 933
996 933
996 934
997 934
997 933
999 933
999 935
995 935
995 936
996 936
996 944
995 944
995 947
997 947
997 949
995 949
995 950
994 950
994 953
995 953
995 951
996 951
996 950
998 950
998 946
996 946
996 945
998 945
998 943
997 943
997 936
999 936
999 937
998 937
998 938
1000 938
1000 932
999 932
999 930
1002 930
1002 934
1001 934
1001 935
1002 935
1002 938
1001 938
1001 939
1000 939
1000 940
999 940
999 944
1001 944
1001 943
1000 943
1000 941
1001 941
1001 940
1002 940
1002 944
1003 944
1003 945
1002 945
1002 946
1004 946
1004 943
1003 943
1003 941
1005 941
1005 940
1003 940
1003 931
1004 931
1004 939
1005 939
1005 930
1003 930
1003 929
1002 929
1002 928
1003 928
1003 926
1004 926
1004 927
1005 927
1005 928
1006 928
1006 935
1007 935
1007 931
1008 931
1008 930
1007 930
1007 928
1009 928
1009 927
1008 927
1008 926
1007 926
1007 925
1006 925
1006 926
1005 926
1005 924
1008 924
1008 923
1009 923
1009 925
1011 925
1011 923
1012 923
1012 924
1013 924
1013 925
1012 925
1012 926
1010 926
1010 927
1011 927
1011 928
1010 928
1010 929
1012 929
1012 928
1013 928
1013 930
1012 930
1012 933
1008 933
1008 935
1009 935
1009 934
1013 934
1013 932
1014 932
1014 928
1015 928
1015 931
1016 931
1016 929
1018 929
1018 930
1017 930
1017 933
1014 933
1014 937
1012 937
1012 941
1008 941
1008 944
1009 944
1009 942
1010 942
1010 943
1011 943
1011 942
1012 942
1012 945
1011 945
1011 944
1010 944
1010 945
1009 945
1009 946
1011 946
1011 947
1007 947
1007 948
1006 948
1006 949
1008 949
1008 948
1011 948
1011 949
1012 949
1012 946
1013 946
1013 938
1014 938
1014 943
1015 943
1015 934
1016 934
1016 935
1017 935
1017 936
1016 936
1016 939
1017 939
1017 937
1018 937
1018 931
1019 931
1019 930
1020 930
1020 931
1022 931
1022 933
1021 933
1021 934
1023 934
1023 932
1024 932
1024 933
1025 933
1025 938
1020 938
1020 939
1022 939
1022 940
1020 940
1020 941
1019 941
1019 938
1018 938
1018 941
1017 941
1017 942
1019 942
1019 943
1017 943
1017 945
1015 945
1015 944
1014 944
1014 947
1015 947
1015 946
1018 946
1018 944
1020 944
1020 942
1021 942
1021 945
1020 945
1020 946
1021 946
1021 947
1020 947
1020 949
1016 949
1016 950
1014 950
1014 954
1005 954
1005 955
1013 955
1013 958
1011 958
1011 959
1010 959
1010 960
1011 960
1011 961
1012 961
1012 959
1013 959
1013 961
1014 961
1014 955
1015 955
1015 952
1016 952
1016 951
1017 951
1017 950
1021 950
1021 949
1023 949
1023 948
1022 948
1022 946
1023 946
1023 944
1022 944
1022 941
1023 941
1023 943
1024 943
1024 940
1023 940
1023 939
1026 939
1026 940
1027 940
1027 938
1026 938
1026 932
1027 932
1027 933
1028 933
1028 932
1030 932
1030 934
1029 934
1029 936
1028 936
1028 937
1029 937
1029 938
1028 938
1028 939
1030 939
1030 936
1031 936
1031 939
1033 939
1033 940
1031 940
1031 941
1034 941
1034 942
1028 942
1028 943
1029 943
1029 944
1030 944
1030 943
1032 943
1032 945
1026 945
1026 944
1025 944
1025 945
1024 945
1024 947
1025 947
1025 946
1026 946
1026 948
1027 948
1027 946
1032 946
1032 948
1030 948
1030 949
1024 949
1024 950
1023 950
1023 952
1021 952
1021 953
1024 953
1024 951
1025 951
1025 950
1028 950
1028 952
1027 952
1027 954
1028 954
1028 955
1024 955
1024 957
1026 957
1026 956
1029 956
1029 954
1030 954
1030 953
1029 953
1029 950
1030 950
1030 952
1031 952
1031 949
1032 949
1032 953
1031 953
1031 954
1032 954
1032 955
1030 955
1030 956
1031 956
1031 957
1030 957
1030 958
1029 958
1029 959
1028 959
1028 957
1027 957
1027 958
1026 958
1026 959
1025 959
1025 960
1027 960
1027 961
1026 961
1026 962
1021 962
1021 963
1023 963
1023 964
1019 964
1019 963
1018 963
1018 962
1015 962
1015 964
1013 964
1013 965
1014 965
1014 966
1015 966
1015 965
1016 965
1016 963
1017 963
1017 964
1018 964
1018 965
1022 965
1022 966
1021 966
1021 967
1022 967
1022 968
1021 968
1021 973
1016 973
1016 976
1015 976
1015 977
1016 977
1016 979
1017 979
1017 974
1020 974
1020 977
1018 977
1018 978
1020 978
1020 979
1021 979
1021 980
1017 980
1017 981
1016 981
1016 982
1018 982
1018 981
1019 981
1019 984
1020 984
1020 981
1021 981
1021 984
1022 984
1022 978
1021 978
1021 974
1022 974
1022 969
1023 969
1023 965
1024 965
1024 963
1025 963
1025 965
1026 965
1026 964
1028 964
1028 969
1029 969
1029 963
1027 963
1027 962
1028 962
1028 960
1029 960
1029 961
1030 961
1030 963
1032 963
1032 962
1031 962
1031 960
1030 960
1030 959
1031 959
1031 958
1032 958
1032 961
1033 961
1033 963
1034 963
1034 960
1033 960
1033 957
1032 957
1032 956
1033 956
1033 943
1034 943
1034 944
1035 944
1035 946
1034 946
1034 947
1035 947
1035 948
1034 948
1034 949
1035 949
1035 950
1034 950
1034 951
1035 951
1035 952
1034 952
1034 954
1035 954
1035 953
1036 953
1036 944
1038 944
1038 950
1039 950
1039 945
1042 945
1042 946
1040 946
1040 947
1041 947
1041 948
1043 948
1043 949
1042 949
1042 950
1041 950
1041 949
1040 949
1040 952
1039 952
1039 954
1040 954
1040 953
1041 953
1041 952
1042 952
1042 953
1043 953
1043 954
1045 954
1045 953
1044 953
1044 952
1045 952
1045 951
1044 951
1044 948
1045 948
1045 950
1046 950
1046 951
1050 951
1050 952
1051 952
1051 953
1046 953
1046 955
1041 955
1041 956
1040 956
1040 955
1037 955
1037 956
1036 956
1036 958
1037 958
1037 957
1038 957
1038 956
1039 956
1039 958
1038 958
1038 959
1035 959
1035 961
1036 961
1036 960
1039 960
1039 959
1040 959
1040 957
1042 957
1042 956
1047 956
1047 954
1048 954
1048 955
1049 955
1049 954
1050 954
1050 955
1051 955
1051 954
1055 954
1055 955
1053 955
1053 956
1052 956
1052 957
1051 957
1051 958
1049 958
1049 956
1048 956
1048 957
1047 957
1047 958
1043 958
1043 959
1041 959
1041 960
1042 960
1042 961
1041 961
1041 962
1043 962
1043 960
1044 960
1044 959
1046 959
1046 960
1045 960
1045 962
1044 962
1044 963
1043 963
1043 964
1041 964
1041 963
1040 963
1040 962
1039 962
1039 963
1038 963
1038 961
1037 961
1037 963
1035 963
1035 965
1036 965
1036 964
1037 964
1037 965
1038 965
1038 966
1039 966
1039 964
1040 964
1040 965
1042 965
1042 966
1040 966
1040 967
1038 967
1038 970
1034 970
1034 973
1032 973
1032 980
1031 980
1031 981
1028 981
1028 982
1031 982
1031 983
1029 983
1029 984
1030 984
1030 985
1026 985
1026 984
1023 984
1023 985
1025 985
1025 986
1031 986
1031 984
1032 984
1032 981
1033 981
1033 974
1035 974
1035 971
1039 971
1039 968
1041 968
1041 967
1043 967
1043 965
1044 965
1044 964
1045 964
1045 965
1046 965
1046 961
1047 961
1047 959
1050 959
1050 960
1052 960
1052 958
1053 958
1053 957
1054 957
1054 958
1057 958
1057 959
1060 959
1060 960
1054 960
1054 961
1052 961
1052 962
1055 962
1055 963
1054 963
1054 964
1055 964
1055 965
1053 965
1053 964
1052 964
1052 965
1049 965
1049 966
1048 966
1048 967
1049 967
1049 968
1048 968
1048 969
1046 969
1046 970
1044 970
1044 971
1043 971
1043 972
1042 972
1042 974
1039 974
1039 975
1037 975
1037 978
1038 978
1038 976
1039 976
1039 979
1040 979
1040 975
1042 975
1042 976
1043 976
1043 979
1045 979
1045 978
1044 978
1044 975
1043 975
1043 973
1044 973
1044 972
1045 972
1045 971
1047 971
1047 970
1049 970
1049 969
1050 969
1050 966
1051 966
1051 967
1052 967
1052 971
1054 971
1054 970
1053 970
1053 966
1056 966
1056 967
1057 967
1057 965
1056 965
1056 963
1057 963
1057 962
1056 962
1056 961
1058 961
1058 962
1060 962
1060 963
1059 963
1059 964
1058 964
1058 965
1059 965
1059 966
1062 966
1062 967
1059 967
1059 968
1061 968
1061 969
1060 969
1060 970
1057 970
1057 969
1056 969
1056 970
1055 970
1055 971
1058 971
1058 972
1053 972
1053 973
1052 973
1052 972
1051 972
1051 974
1052 974
1052 975
1050 975
1050 976
1051 976
1051 977
1049 977
1049 979
1047 979
1047 981
1048 981
1048 980
1050 980
1050 978
1052 978
1052 976
1053 976
1053 974
1054 974
1054 973
1056 973
1056 974
1057 974
1057 973
1058 973
1058 974
1059 974
1059 975
1058 975
1058 979
1054 979
1054 980
1058 980
1058 981
1052 981
1052 983
1047 983
1047 982
1046 982
1046 984
1053 984
1053 982
1054 982
1054 984
1055 984
1055 982
1057 982
1057 984
1056 984
1056 985
1058 985
1058 982
1059 982
1059 983
1061 983
1061 982
1060 982
1060 981
1059 981
1059 980
1060 980
1060 978
1059 978
1059 976
1060 976
1060 973
1059 973
1059 971
1060 971
1060 972
1062 972
1062 974
1063 974
1063 975
1062 975
1062 977
1063 977
1063 976
1064 976
1064 975
1065 975
1065 973
1063 973
1063 971
1061 971
1061 970
1062 970
1062 969
1064 969
1064 968
1063 968
1063 967
1064 967
1064 965
1065 965
1065 966
1067 966
1067 967
1066 967
1066 968
1067 968
1067 971
1068 971
1068 967
1069 967
1069 969
1070 969
1070 967
1071 967
1071 970
1069 970
1069 971
1073 971
1073 972
1071 972
1071 973
1070 973
1070 974
1069 974
1069 973
1066 973
1066 974
1068 974
1068 975
1069 975
1069 976
1066 976
1066 979
1067 979
1067 977
1069 977
1069 978
1071 978
1071 977
1070 977
1070 976
1071 976
1071 974
1072 974
1072 973
1074 973
1074 974
1075 974
1075 976
1072 976
1072 977
1074 977
1074 978
1073 978
1073 979
1075 979
1075 978
1077 978
1077 977
1076 977
1076 975
1077 975
1077 974
1078 974
1078 976
1079 976
1079 977
1080 977
1080 975
1081 975
1081 976
1082 976
1082 977
1081 977
1081 979
1080 979
1080 980
1076 980
1076 981
1079 981
1079 983
1078 983
1078 984
1077 984
1077 983
1076 983
1076 982
1075 982
1075 984
1073 984
1073 983
1074 983
1074 982
1073 982
1073 981
1068 981
1068 982
1072 982
1072 985
1074 985
1074 986
1075 986
1075 985
1078 985
1078 986
1079 986
1079 987
1076 987
1076 988
1075 988
1075 987
1073 987
1073 986
1070 986
1070 987
1069 987
1069 985
1064 985
1064 986
1068 986
1068 988
1071 988
1071 987
1072 987
1072 988
1074 988
1074 989
1073 989
1073 990
1072 990
1072 989
1071 989
1071 990
1064 990
1064 989
1063 989
1063 988
1064 988
1064 987
1063 987
1063 985
1061 985
1061 986
1062 986
1062 987
1061 987
1061 988
1060 988
1060 989
1057 989
1057 987
1053 987
1053 988
1056 988
1056 989
1052 989
1052 988
1048 988
1048 986
1045 986
1045 987
1040 987
1040 986
1036 986
1036 987
1037 987
1037 988
1038 988
1038 987
1039 987
1039 988
1040 988
1040 989
1041 989
1041 990
1040 990
1040 991
1042 991
1042 988
1043 988
1043 989
1044 989
1044 988
1045 988
1045 990
1043 990
1043 991
1046 991
1046 987
1047 987
1047 989
1048 989
1048 990
1049 990
1049 989
1051 989
1051 990
1054 990
1054 991
1053 991
1053 993
1052 993
1052 994
1051 994
1051 993
1050 993
1050 991
1047 991
1047 992
1049 992
1049 993
1043 993
1043 994
1045 994
1045 996
1043 996
1043 998
1044 998
1044 997
1046 997
1046 994
1050 994
1050 995
1049 995
1049 996
1051 996
1051 995
1053 995
1053 994
1054 994
1054 992
1055 992
1055 991
1056 991
1056 990
1059 990
1059 991
1058 991
1058 993
1057 993
1057 994
1059 994
1059 992
1060 992
1060 990
1061 990
1061 989
1062 989
1062 990
1063 990
1063 992
1065 992
1065 991
1072 991
1072 992
1071 992
1071 993
1070 993
1070 992
1068 992
1068 993
1069 993
1069 994
1063 994
1063 995
1070 995
1070 994
1073 994
1073 995
1074 995
1074 994
1075 994
1075 997
1073 997
1073 998
1075 998
1075 1000
1076 1000
1076 1001
1075 1001
1075 1002
1074 1002
1074 999
1071 999
1071 998
1066 998
1066 999
1065 999
1065 1000
1067 1000
1067 999
1070 999
1070 1000
1072 1000
1072 1001
1073 1001
1073 1002
1071 1002
1071 1003
1073 1003
1073 1004
1071 1004
1071 1006
1069 1006
1069 1007
1068 1007
1068 1006
1067 1006
1067 1008
1066 1008
1066 1006
1064 1006
1064 1004
1066 1004
1066 1003
1063 1003
1063 998
1062 998
1062 997
1060 997
1060 996
1058 996
1058 997
1059 997
1059 999
1060 999
1060 998
1061 998
1061 999
1062 999
1062 1000
1061 1000
1061 1001
1062 1001
1062 1004
1063 1004
1063 1005
1058 1005
1058 1000
1057 1000
1057 1002
1056 1002
1056 1000
1055 1000
1055 1002
1054 1002
1054 999
1053 999
1053 1000
1051 1000
1051 998
1048 998
1048 999
1050 999
1050 1000
1046 1000
1046 998
1045 998
1045 1000
1037 1000
1037 1001
1053 1001
1053 1002
1050 1002
1050 1003
1049 1003
1049 1002
1048 1002
1048 1003
1046 1003
1046 1004
1051 1004
1051 1003
1053 1003
1053 1004
1054 1004
1054 1005
1055 1005
1055 1003
1056 1003
1056 1004
1057 1004
1057 1005
1056 1005
1056 1006
1053 1006
1053 1005
1044 1005
1044 1003
1041 1003
1041 1004
1038 1004
1038 1007
1039 1007
1039 1005
1042 1005
1042 1004
1043 1004
1043 1006
1049 1006
1049 1008
1046 1008
1046 1009
1050 1009
1050 1006
1051 1006
1051 1007
1052 1007
1052 1008
1053 1008
1053 1007
1054 1007
1054 1008
1055 1008
1055 1007
1057 1007
1057 1006
1063 1006
1063 1007
1065 1007
1065 1008
1064 1008
1064 1009
1056 1009
1056 1010
1065 1010
1065 1009
1066 1009
1066 1010
1067 1010
1067 1009
1069 1009
1069 1011
1070 1011
1070 1012
1067 1012
1067 1011
1066 1011
1066 1012
1064 1012
1064 1011
1055 1011
1055 1009
1054 1009
1054 1011
1053 1011
1053 1009
1052 1009
1052 1010
1051 1010
1051 1011
1052 1011
1052 1012
1048 1012
1048 1013
1053 1013
1053 1012
1063 1012
1063 1013
1069 1013
1069 1014
1067 1014
1067 1015
1066 1015
1066 1014
1064 1014
1064 1015
1065 1015
1065 1016
1066 1016
1066 1017
1067 1017
1067 1016
1068 1016
1068 1015
1070 1015
1070 1016
1071 1016
1071 1017
1068 1017
1068 1018
1070 1018
1070 1019
1069 1019
1069 1020
1068 1020
1068 1021
1069 1021
1069 1022
1066 1022
1066 1018
1065 1018
1065 1020
1064 1020
1064 1019
1062 1019
1062 1018
1061 1018
1061 1017
1062 1017
1062 1013
1061 1013
1061 1014
1060 1014
1060 1013
1059 1013
1059 1014
1058 1014
1058 1013
1056 1013
1056 1014
1057 1014
1057 1015
1061 1015
1061 1016
1060 1016
1060 1018
1059 1018
1059 1016
1054 1016
1054 1015
1049 1015
1049 1014
1045 1014
1045 1016
1046 1016
1046 1015
1048 1015
1048 1016
1053 1016
1053 1017
1054 1017
1054 1019
1053 1019
1053 1018
1052 1018
1052 1017
1048 1017
1048 1018
1047 1018
1047 1017
1044 1017
1044 1016
1043 1016
1043 1012
1042 1012
1042 1010
1040 1010
1040 1008
1038 1008
1038 1009
1039 1009
1039 1011
1041 1011
1041 1013
1042 1013
1042 1015
1037 1015
1037 1014
1033 1014
1033 1011
1031 1011
1031 1012
1032 1012
1032 1014
1031 1014
1031 1015
1036 1015
1036 1016
1042 1016
1042 1017
1043 1017
1043 1018
1039 1018
1039 1019
1036 1019
1036 1020
1040 1020
1040 1019
1043 1019
1043 1020
1041 1020
1041 1021
1042 1021
1042 1022
1040 1022
1040 1021
1035 1021
1035 1020
1032 1020
1032 1019
1030 1019
1030 1017
1028 1017
1028 1018
1029 1018
1029 1020
1031 1020
1031 1021
1034 1021
1034 1022
1039 1022
1039 1023
1043 1023
1043 1021
1044 1021
1044 1018
1046 1018
1046 1019
1049 1019
1049 1018
1050 1018
1050 1019
1052 1019
1052 1020
1049 1020
1049 1021
1047 1021
1047 1020
1045 1020
1045 1021
1046 1021
1046 1022
1050 1022
1050 1021
1054 1021
1054 1020
1055 1020
1055 1017
1058 1017
1058 1018
1057 1018
1057 1019
1060 1019
1060 1020
1057 1020
1057 1021
1061 1021
1061 1020
1062 1020
1062 1021
1065 1021
1065 1022
1060 1022
1060 1023
1059 1023
1059 1022
1058 1022
1058 1024
1051 1024
1051 1025
1059 1025
1059 1024
1061 1024
1061 1023
1069 1023
1069 1024
1066 1024
1066 1025
1067 1025
1067 1026
1066 1026
1066 1027
1065 1027
1065 1025
1064 1025
1064 1027
1062 1027
1062 1026
1061 1026
1061 1027
1056 1027
1056 1028
1055 1028
1055 1026
1054 1026
1054 1028
1052 1028
1052 1029
1057 1029
1057 1028
1061 1028
1061 1029
1062 1029
1062 1028
1063 1028
1063 1030
1054 1030
1054 1032
1055 1032
1055 1031
1063 1031
1063 1032
1064 1032
1064 1028
1065 1028
1065 1032
1066 1032
1066 1028
1067 1028
1067 1032
1068 1032
1068 1028
1069 1028
1069 1027
1070 1027
1070 1029
1069 1029
1069 1030
1071 1030
1071 1031
1070 1031
1070 1032
1071 1032
1071 1033
1068 1033
1068 1034
1070 1034
1070 1037
1069 1037
1069 1035
1068 1035
1068 1036
1067 1036
1067 1038
1066 1038
1066 1036
1064 1036
1064 1035
1063 1035
1063 1034
1061 1034
1061 1033
1060 1033
1060 1035
1062 1035
1062 1036
1060 1036
1060 1037
1063 1037
1063 1038
1065 1038
1065 1039
1062 1039
1062 1040
1063 1040
1063 1041
1062 1041
1062 1042
1061 1042
1061 1039
1059 1039
1059 1037
1058 1037
1058 1036
1059 1036
1059 1033
1055 1033
1055 1034
1058 1034
1058 1035
1057 1035
1057 1036
1055 1036
1055 1035
1054 1035
1054 1033
1052 1033
1052 1032
1053 1032
1053 1031
1051 1031
1051 1033
1050 1033
1050 1034
1053 1034
1053 1036
1054 1036
1054 1037
1057 1037
1057 1038
1058 1038
1058 1040
1060 1040
1060 1041
1053 1041
1053 1039
1052 1039
1052 1038
1053 1038
1053 1037
1051 1037
1051 1038
1049 1038
1049 1033
1047 1033
1047 1032
1049 1032
1049 1030
1048 1030
1048 1031
1047 1031
1047 1026
1041 1026
1041 1025
1040 1025
1040 1027
1046 1027
1046 1030
1043 1030
1043 1028
1042 1028
1042 1030
1039 1030
1039 1031
1046 1031
1046 1032
1045 1032
1045 1033
1046 1033
1046 1034
1047 1034
1047 1035
1048 1035
1048 1038
1047 1038
1047 1036
1046 1036
1046 1038
1045 1038
1045 1036
1044 1036
1044 1034
1037 1034
1037 1035
1039 1035
1039 1036
1035 1036
1035 1030
1034 1030
1034 1028
1032 1028
1032 1029
1033 1029
1033 1031
1034 1031
1034 1033
1029 1033
1029 1032
1028 1032
1028 1034
1034 1034
1034 1035
1033 1035
1033 1036
1030 1036
1030 1037
1036 1037
1036 1038
1037 1038
1037 1037
1040 1037
1040 1035
1043 1035
1043 1037
1044 1037
1044 1038
1039 1038
1039 1039
1043 1039
1043 1040
1039 1040
1039 1041
1044 1041
1044 1039
1047 1039
1047 1042
1039 1042
1039 1043
1042 1043
1042 1044
1043 1044
1043 1043
1044 1043
1044 1044
1045 1044
1045 1043
1048 1043
1048 1039
1051 1039
1051 1040
1052 1040
1052 1042
1060 1042
1060 1043
1058 1043
1058 1044
1057 1044
1057 1043
1056 1043
1056 1044
1055 1044
1055 1045
1054 1045
1054 1047
1055 1047
1055 1046
1056 1046
1056 1048
1055 1048
1055 1050
1054 1050
1054 1048
1052 1048
1052 1046
1051 1046
1051 1045
1052 1045
1052 1044
1051 1044
1051 1043
1050 1043
1050 1042
1049 1042
1049 1044
1050 1044
1050 1045
1049 1045
1049 1047
1048 1047
1048 1046
1047 1046
1047 1044
1046 1044
1046 1046
1045 1046
1045 1047
1047 1047
1047 1048
1050 1048
1050 1047
1051 1047
1051 1049
1053 1049
1053 1051
1050 1051
1050 1052
1052 1052
1052 1053
1050 1053
1050 1054
1052 1054
1052 1055
1049 1055
1049 1049
1047 1049
1047 1050
1046 1050
1046 1052
1047 1052
1047 1051
1048 1051
1048 1055
1047 1055
1047 1057
1049 1057
1049 1058
1050 1058
1050 1059
1048 1059
1048 1060
1050 1060
1050 1061
1047 1061
1047 1062
1046 1062
1046 1061
1045 1061
1045 1062
1044 1062
1044 1060
1046 1060
1046 1059
1043 1059
1043 1058
1045 1058
1045 1055
1046 1055
1046 1054
1045 1054
1045 1053
1044 1053
1044 1052
1043 1052
1043 1050
1040 1050
1040 1049
1041 1049
1041 1046
1040 1046
1040 1045
1039 1045
1039 1047
1040 1047
1040 1048
1039 1048
1039 1049
1037 1049
1037 1050
1036 1050
1036 1046
1035 1046
1035 1038
1032 1038
1032 1039
1034 1039
1034 1040
1033 1040
1033 1041
1034 1041
1034 1042
1031 1042
1031 1043
1034 1043
1034 1044
1033 1044
1033 1045
1031 1045
1031 1044
1030 1044
1030 1042
1029 1042
1029 1045
1030 1045
1030 1046
1034 1046
1034 1047
1035 1047
1035 1048
1034 1048
1034 1049
1033 1049
1033 1050
1035 1050
1035 1051
1038 1051
1038 1050
1039 1050
1039 1051
1042 1051
1042 1053
1043 1053
1043 1054
1037 1054
1037 1053
1036 1053
1036 1055
1044 1055
1044 1057
1042 1057
1042 1056
1041 1056
1041 1057
1040 1057
1040 1058
1038 1058
1038 1057
1036 1057
1036 1058
1037 1058
1037 1059
1041 1059
1041 1058
1042 1058
1042 1060
1043 1060
1043 1061
1041 1061
1041 1060
1040 1060
1040 1062
1043 1062
1043 1064
1045 1064
1045 1065
1043 1065
1043 1068
1041 1068
1041 1067
1042 1067
1042 1066
1041 1066
1041 1065
1040 1065
1040 1066
1039 1066
1039 1068
1035 1068
1035 1067
1038 1067
1038 1062
1037 1062
1037 1066
1036 1066
1036 1059
1035 1059
1035 1062
1034 1062
1034 1064
1035 1064
1035 1065
1034 1065
1034 1066
1033 1066
1033 1058
1032 1058
1032 1060
1031 1060
1031 1057
1032 1057
1032 1055
1031 1055
1031 1056
1029 1056
1029 1055
1028 1055
1028 1051
1027 1051
1027 1050
1026 1050
1026 1048
1025 1048
1025 1049
1024 1049
1024 1046
1023 1046
1023 1045
1021 1045
1021 1043
1020 1043
1020 1042
1019 1042
1019 1041
1018 1041
1018 1040
1020 1040
1020 1039
1018 1039
1018 1038
1016 1038
1016 1039
1017 1039
1017 1041
1015 1041
1015 1038
1014 1038
1014 1039
1012 1039
1012 1036
1013 1036
1013 1034
1012 1034
1012 1035
1011 1035
1011 1040
1014 1040
1014 1042
1018 1042
1018 1043
1019 1043
1019 1044
1020 1044
1020 1046
1022 1046
1022 1047
1023 1047
1023 1050
1025 1050
1025 1051
1026 1051
1026 1052
1027 1052
1027 1053
1026 1053
1026 1054
1027 1054
1027 1056
1028 1056
1028 1057
1030 1057
1030 1058
1028 1058
1028 1059
1030 1059
1030 1060
1026 1060
1026 1061
1027 1061
1027 1062
1028 1062
1028 1061
1032 1061
1032 1062
1029 1062
1029 1063
1032 1063
1032 1066
1029 1066
1029 1067
1030 1067
1030 1068
1031 1068
1031 1067
1033 1067
1033 1068
1034 1068
1034 1069
1039 1069
1039 1070
1038 1070
1038 1071
1037 1071
1037 1070
1035 1070
1035 1071
1036 1071
1036 1072
1034 1072
1034 1073
1035 1073
1035 1074
1034 1074
1034 1075
1033 1075
1033 1073
1032 1073
1032 1074
1031 1074
1031 1071
1029 1071
1029 1068
1028 1068
1028 1072
1027 1072
1027 1069
1026 1069
1026 1070
1025 1070
1025 1071
1026 1071
1026 1073
1029 1073
1029 1072
1030 1072
1030 1075
1028 1075
1028 1076
1029 1076
1029 1077
1032 1077
1032 1078
1029 1078
1029 1079
1028 1079
1028 1077
1027 1077
1027 1080
1029 1080
1029 1081
1027 1081
1027 1083
1025 1083
1025 1082
1026 1082
1026 1079
1025 1079
1025 1078
1024 1078
1024 1077
1026 1077
1026 1074
1024 1074
1024 1069
1025 1069
1025 1062
1024 1062
1024 1058
1023 1058
1023 1056
1022 1056
1022 1054
1023 1054
1023 1051
1022 1051
1022 1050
1021 1050
1021 1049
1019 1049
1019 1050
1020 1050
1020 1051
1021 1051
1021 1052
1022 1052
1022 1053
1021 1053
1021 1057
1022 1057
1022 1059
1023 1059
1023 1063
1024 1063
1024 1065
1023 1065
1023 1066
1024 1066
1024 1068
1023 1068
1023 1075
1025 1075
1025 1076
1022 1076
1022 1077
1021 1077
1021 1075
1020 1075
1020 1073
1019 1073
1019 1070
1018 1070
1018 1068
1020 1068
1020 1065
1019 1065
1019 1062
1018 1062
1018 1060
1019 1060
1019 1058
1018 1058
1018 1059
1017 1059
1017 1063
1018 1063
1018 1066
1019 1066
1019 1067
1017 1067
1017 1066
1016 1066
1016 1068
1017 1068
1017 1070
1016 1070
1016 1069
1014 1069
1014 1070
1015 1070
1015 1071
1018 1071
1018 1072
1017 1072
1017 1073
1018 1073
1018 1074
1019 1074
1019 1076
1020 1076
1020 1077
1019 1077
1019 1078
1023 1078
1023 1079
1020 1079
1020 1080
1022 1080
1022 1081
1024 1081
1024 1082
1019 1082
1019 1083
1020 1083
1020 1084
1018 1084
1018 1080
1019 1080
1019 1079
1017 1079
1017 1084
1016 1084
1016 1079
1015 1079
1015 1083
1014 1083
1014 1078
1017 1078
1017 1077
1016 1077
1016 1072
1015 1072
1015 1077
1014 1077
1014 1073
1013 1073
1013 1067
1012 1067
1012 1072
1011 1072
1011 1074
1012 1074
1012 1075
1013 1075
1013 1084
1012 1084
1012 1077
1011 1077
1011 1080
1010 1080
1010 1081
1011 1081
1011 1082
1010 1082
1010 1083
1011 1083
1011 1085
1010 1085
1010 1084
1009 1084
1009 1086
1008 1086
1008 1081
1006 1081
1006 1082
1007 1082
1007 1085
1006 1085
1006 1083
1005 1083
1005 1084
1004 1084
1004 1085
1001 1085
1001 1083
1002 1083
1002 1082
1003 1082
1003 1083
1004 1083
1004 1081
1005 1081
1005 1080
1004 1080
1004 1079
1003 1079
1003 1081
1001 1081
1001 1080
1002 1080
1002 1079
1000 1079
1000 1078
1004 1078
1004 1077
1001 1077
1001 1076
1007 1076
1007 1077
1010 1077
1010 1074
1009 1074
1009 1076
1008 1076
1008 1074
1007 1074
1007 1075
1002 1075
1002 1074
1005 1074
1005 1071
1009 1071
1009 1070
1010 1070
1010 1067
1011 1067
1011 1066
1013 1066
1013 1064
1016 1064
1016 1063
1015 1063
1015 1061
1014 1061
1014 1063
1013 1063
1013 1061
1012 1061
1012 1065
1010 1065
1010 1064
1011 1064
1011 1063
1010 1063
1010 1061
1009 1061
1009 1069
1008 1069
1008 1070
1007 1070
1007 1069
1006 1069
1006 1070
1004 1070
1004 1068
1008 1068
1008 1067
1007 1067
1007 1059
1008 1059
1008 1056
1006 1056
1006 1054
1008 1054
1008 1053
1009 1053
1009 1050
1008 1050
1008 1052
1007 1052
1007 1053
1005 1053
1005 1057
1007 1057
1007 1058
1005 1058
1005 1060
1006 1060
1006 1067
1004 1067
1004 1066
1005 1066
1005 1065
1003 1065
1003 1071
1004 1071
1004 1073
1001 1073
1001 1069
1002 1069
1002 1068
1001 1068
1001 1065
1002 1065
1002 1064
1003 1064
1003 1063
1004 1063
1004 1059
1002 1059
1002 1060
1003 1060
1003 1062
1002 1062
1002 1063
1001 1063
1001 1059
1000 1059
1000 1058
1001 1058
1001 1057
999 1057
999 1060
1000 1060
1000 1062
998 1062
998 1063
1000 1063
1000 1072
999 1072
999 1064
998 1064
998 1073
1000 1073
1000 1074
1001 1074
1001 1075
1000 1075
1000 1077
999 1077
999 1076
998 1076
998 1075
997 1075
997 1068
996 1068
996 1072
995 1072
995 1073
996 1073
996 1075
994 1075
994 1076
995 1076
995 1077
996 1077
996 1078
997 1078
997 1077
998 1077
998 1079
995 1079
995 1080
994 1080
994 1078
992 1078
992 1080
991 1080
991 1079
990 1079
990 1078
991 1078
991 1077
993 1077
993 1076
992 1076
992 1075
993 1075
993 1074
991 1074
991 1075
990 1075
990 1073
991 1073
991 1070
995 1070
995 1068
994 1068
994 1069
990 1069
990 1071
989 1071
989 1075
988 1075
988 1072
987 1072
987 1074
985 1074
985 1073
986 1073
986 1070
989 1070
989 1066
991 1066
991 1062
995 1062
995 1059
994 1059
994 1061
993 1061
993 1060
992 1060
992 1061
991 1061
991 1058
992 1058
992 1059
993 1059
993 1058
994 1058
994 1057
992 1057
992 1056
996 1056
996 1055
997 1055
997 1054
995 1054
995 1055
992 1055
992 1054
991 1054
991 1057
990 1057
990 1065
989 1065
989 1060
988 1060
988 1069
987 1069
987 1068
986 1068
986 1067
987 1067
987 1064
986 1064
986 1066
985 1066
985 1072
984 1072
984 1073
983 1073
983 1072
981 1072
981 1070
982 1070
982 1069
980 1069
980 1071
979 1071
979 1070
978 1070
978 1065
983 1065
983 1064
981 1064
981 1063
983 1063
983 1062
984 1062
984 1065
985 1065
985 1062
986 1062
986 1061
984 1061
984 1060
986 1060
986 1058
988 1058
988 1059
989 1059
989 1056
988 1056
988 1057
985 1057
985 1059
983 1059
983 1061
982 1061
982 1058
983 1058
983 1057
982 1057
982 1056
983 1056
983 1054
987 1054
987 1053
989 1053
989 1049
998 1049
998 1048
990 1048
990 1045
992 1045
992 1044
993 1044
993 1043
992 1043
992 1042
991 1042
991 1044
990 1044
990 1042
989 1042
989 1048
988 1048
988 1051
987 1051
987 1052
986 1052
986 1053
982 1053
982 1054
980 1054
980 1055
981 1055
981 1057
980 1057
980 1059
981 1059
981 1062
980 1062
980 1060
979 1060
979 1063
980 1063
980 1064
977 1064
977 1063
976 1063
976 1065
977 1065
977 1071
976 1071
976 1070
975 1070
975 1071
973 1071
973 1069
974 1069
974 1067
975 1067
975 1066
974 1066
974 1065
975 1065
975 1064
973 1064
973 1067
972 1067
972 1064
970 1064
970 1063
972 1063
972 1062
969 1062
969 1061
975 1061
975 1060
974 1060
974 1059
973 1059
973 1060
971 1060
971 1058
977 1058
977 1059
978 1059
978 1058
979 1058
979 1056
978 1056
978 1057
977 1057
977 1055
976 1055
976 1057
971 1057
971 1055
973 1055
973 1054
979 1054
979 1053
980 1053
980 1051
982 1051
982 1050
979 1050
979 1052
978 1052
978 1053
975 1053
975 1051
976 1051
976 1049
975 1049
975 1048
979 1048
979 1046
977 1046
977 1047
974 1047
974 1049
973 1049
973 1050
974 1050
974 1053
973 1053
973 1051
972 1051
972 1054
971 1054
971 1050
972 1050
972 1049
971 1049
971 1048
973 1048
973 1047
972 1047
972 1046
973 1046
973 1045
974 1045
974 1044
975 1044
975 1046
976 1046
976 1045
977 1045
977 1044
978 1044
978 1043
976 1043
976 1042
977 1042
977 1041
982 1041
982 1040
980 1040
980 1039
984 1039
984 1040
985 1040
985 1041
988 1041
988 1039
990 1039
990 1038
989 1038
989 1037
988 1037
988 1038
987 1038
987 1040
986 1040
986 1039
985 1039
985 1038
981 1038
981 1037
982 1037
982 1036
981 1036
981 1035
982 1035
982 1030
987 1030
987 1027
988 1027
988 1026
987 1026
987 1024
986 1024
986 1029
983 1029
983 1026
985 1026
985 1025
983 1025
983 1024
982 1024
982 1023
986 1023
986 1022
987 1022
987 1021
985 1021
985 1022
984 1022
984 1019
983 1019
983 1022
982 1022
982 1019
981 1019
981 1025
982 1025
982 1029
981 1029
981 1034
980 1034
980 1038
979 1038
979 1040
978 1040
978 1038
977 1038
977 1039
975 1039
975 1034
974 1034
974 1040
976 1040
976 1041
975 1041
975 1043
974 1043
974 1042
973 1042
973 1040
971 1040
971 1041
972 1041
972 1043
973 1043
973 1044
972 1044
972 1045
971 1045
971 1042
970 1042
970 1040
969 1040
969 1043
970 1043
970 1046
971 1046
971 1047
970 1047
970 1060
969 1060
969 1059
968 1059
968 1057
969 1057
969 1056
968 1056
968 1055
969 1055
969 1054
968 1054
968 1053
969 1053
969 1052
968 1052
968 1051
969 1051
969 1049
968 1049
968 1050
967 1050
967 1059
965 1059
965 1053
964 1053
964 1058
961 1058
961 1057
963 1057
963 1056
962 1056
962 1055
960 1055
960 1054
961 1054
961 1053
962 1053
962 1054
963 1054
963 1051
964 1051
964 1049
963 1049
963 1050
962 1050
962 1051
961 1051
961 1050
960 1050
960 1049
958 1049
958 1050
959 1050
959 1051
958 1051
958 1052
959 1052
959 1055
958 1055
958 1053
957 1053
957 1052
953 1052
953 1051
952 1051
952 1050
957 1050
957 1048
962 1048
962 1047
963 1047
963 1048
966 1048
966 1047
967 1047
967 1045
966 1045
966 1046
965 1046
965 1047
964 1047
964 1045
965 1045
965 1044
968 1044
968 1042
967 1042
967 1043
964 1043
964 1044
963 1044
963 1046
961 1046
961 1047
956 1047
956 1049
955 1049
955 1048
954 1048
954 1049
953 1049
953 1048
952 1048
952 1049
948 1049
948 1048
950 1048
950 1047
951 1047
951 1046
952 1046
952 1045
954 1045
954 1047
955 1047
955 1046
956 1046
956 1045
960 1045
960 1044
962 1044
962 1043
961 1043
961 1042
962 1042
962 1041
960 1041
960 1043
959 1043
959 1044
957 1044
957 1043
958 1043
958 1041
959 1041
959 1040
960 1040
960 1039
962 1039
962 1040
963 1040
963 1041
964 1041
964 1040
965 1040
965 1042
966 1042
966 1040
968 1040
968 1038
967 1038
967 1039
966 1039
966 1038
965 1038
965 1037
964 1037
964 1039
963 1039
963 1038
961 1038
961 1037
963 1037
963 1036
965 1036
965 1033
969 1033
969 1030
971 1030
971 1023
972 1023
972 1022
975 1022
975 1021
972 1021
972 1020
974 1020
974 1019
973 1019
973 1018
977 1018
977 1019
980 1019
980 1018
978 1018
978 1017
972 1017
972 1019
971 1019
971 1022
970 1022
970 1029
968 1029
968 1032
964 1032
964 1035
962 1035
962 1036
960 1036
960 1038
959 1038
959 1039
958 1039
958 1038
957 1038
957 1042
956 1042
956 1044
953 1044
953 1043
951 1043
951 1045
950 1045
950 1046
949 1046
949 1045
946 1045
946 1044
943 1044
943 1043
949 1043
949 1042
951 1042
951 1041
948 1041
948 1040
949 1040
949 1039
948 1039
948 1038
950 1038
950 1039
951 1039
951 1038
954 1038
954 1037
955 1037
955 1036
954 1036
954 1035
955 1035
955 1034
957 1034
957 1033
959 1033
959 1032
960 1032
960 1031
961 1031
961 1029
964 1029
964 1028
966 1028
966 1025
965 1025
965 1027
964 1027
964 1024
963 1024
963 1028
961 1028
961 1027
960 1027
960 1024
958 1024
958 1025
959 1025
959 1028
960 1028
960 1030
959 1030
959 1031
958 1031
958 1032
956 1032
956 1033
954 1033
954 1034
953 1034
953 1037
952 1037
952 1036
951 1036
951 1032
949 1032
949 1033
950 1033
950 1037
947 1037
947 1036
946 1036
946 1038
947 1038
947 1040
946 1040
946 1041
947 1041
947 1042
945 1042
945 1041
943 1041
943 1040
944 1040
944 1039
945 1039
945 1038
944 1038
944 1037
941 1037
941 1036
944 1036
944 1035
942 1035
942 1034
943 1034
943 1033
946 1033
946 1034
947 1034
947 1033
948 1033
948 1032
945 1032
945 1031
950 1031
950 1030
951 1030
951 1031
952 1031
952 1029
951 1029
951 1028
953 1028
953 1027
952 1027
952 1026
954 1026
954 1024
956 1024
956 1022
955 1022
955 1023
953 1023
953 1025
951 1025
951 1027
950 1027
950 1029
949 1029
949 1030
947 1030
947 1029
946 1029
946 1030
945 1030
945 1029
944 1029
944 1028
945 1028
945 1024
949 1024
949 1023
945 1023
945 1022
951 1022
951 1020
956 1020
956 1021
957 1021
957 1019
950 1019
950 1021
949 1021
949 1019
948 1019
948 1021
946 1021
946 1019
947 1019
947 1018
945 1018
945 1021
944 1021
944 1020
942 1020
942 1021
943 1021
943 1022
944 1022
944 1023
943 1023
943 1025
944 1025
944 1027
943 1027
943 1030
944 1030
944 1032
943 1032
943 1031
941 1031
941 1029
940 1029
940 1028
941 1028
941 1026
940 1026
940 1027
939 1027
939 1028
938 1028
938 1030
940 1030
940 1032
942 1032
942 1033
941 1033
941 1034
939 1034
939 1035
940 1035
940 1036
939 1036
939 1038
938 1038
938 1037
936 1037
936 1036
937 1036
937 1035
936 1035
936 1032
935 1032
935 1036
934 1036
934 1034
933 1034
933 1036
932 1036
932 1033
934 1033
934 1032
930 1032
930 1031
932 1031
932 1030
933 1030
933 1029
934 1029
934 1030
937 1030
937 1029
935 1029
935 1028
934 1028
934 1027
937 1027
937 1024
936 1024
936 1026
934 1026
934 1025
932 1025
932 1026
933 1026
933 1027
932 1027
932 1029
931 1029
931 1030
929 1030
929 1029
928 1029
928 1027
931 1027
931 1026
929 1026
929 1025
930 1025
930 1024
928 1024
928 1025
926 1025
926 1026
927 1026
927 1028
926 1028
926 1029
925 1029
925 1027
924 1027
924 1026
923 1026
923 1028
922 1028
922 1027
921 1027
921 1026
922 1026
922 1024
923 1024
923 1023
927 1023
927 1022
924 1022
924 1020
925 1020
925 1019
926 1019
926 1020
927 1020
927 1021
928 1021
928 1019
930 1019
930 1020
929 1020
929 1021
930 1021
930 1022
935 1022
935 1021
931 1021
931 1018
929 1018
929 1017
928 1017
928 1018
925 1018
925 1017
924 1017
924 1016
927 1016
927 1015
928 1015
928 1016
930 1016
930 1017
933 1017
933 1016
934 1016
934 1018
939 1018
939 1017
935 1017
935 1015
932 1015
932 1016
931 1016
931 1015
929 1015
929 1014
930 1014
930 1013
931 1013
931 1014
932 1014
932 1013
939 1013
939 1014
940 1014
940 1015
939 1015
939 1016
940 1016
940 1018
942 1018
942 1017
941 1017
941 1016
942 1016
942 1015
943 1015
943 1014
946 1014
946 1016
950 1016
950 1015
947 1015
947 1014
951 1014
951 1015
955 1015
955 1017
958 1017
958 1016
963 1016
963 1017
967 1017
967 1016
966 1016
966 1015
965 1015
965 1016
964 1016
964 1015
963 1015
963 1014
962 1014
962 1013
963 1013
963 1012
961 1012
961 1015
960 1015
960 1014
959 1014
959 1015
958 1015
958 1013
960 1013
960 1012
957 1012
957 1016
956 1016
956 1014
955 1014
955 1013
954 1013
954 1014
952 1014
952 1013
949 1013
949 1012
950 1012
950 1010
951 1010
951 1009
952 1009
952 1010
953 1010
953 1012
956 1012
956 1011
954 1011
954 1010
960 1010
960 1009
958 1009
958 1007
960 1007
960 1005
959 1005
959 1006
957 1006
957 1009
953 1009
953 1008
954 1008
954 1007
952 1007
952 1008
950 1008
950 1009
949 1009
949 1011
948 1011
948 1012
947 1012
947 1013
944 1013
944 1012
945 1012
945 1010
946 1010
946 1009
944 1009
944 1011
943 1011
943 1013
942 1013
942 1014
941 1014
941 1013
940 1013
940 1011
938 1011
938 1012
931 1012
931 1011
932 1011
932 1010
933 1010
933 1011
935 1011
935 1010
934 1010
934 1009
940 1009
940 1008
933 1008
933 1009
930 1009
930 1008
929 1008
929 1009
928 1009
928 1006
930 1006
930 1005
928 1005
928 1003
927 1003
927 1002
928 1002
928 1001
929 1001
929 1004
932 1004
932 1005
937 1005
937 1004
938 1004
938 1003
936 1003
936 1004
933 1004
933 1003
931 1003
931 1002
930 1002
930 1001
932 1001
932 1000
930 1000
930 999
932 999
932 997
934 997
934 996
935 996
935 997
936 997
936 995
937 995
937 997
939 997
939 999
937 999
937 1000
940 1000
940 1005
941 1005
941 1006
943 1006
943 1007
945 1007
945 1006
944 1006
944 1004
943 1004
943 1005
942 1005
942 1004
941 1004
941 1003
942 1003
942 1002
941 1002
941 999
940 999
940 998
945 998
945 1003
946 1003
946 1001
947 1001
947 1003
948 1003
948 1001
949 1001
949 1004
950 1004
950 1003
952 1003
952 1005
955 1005
955 1004
953 1004
953 1003
957 1003
957 1005
958 1005
958 1003
966 1003
966 1002
950 1002
