4760
942 999
949 999
949 998
941 998
941 999
938 999
938 998
937 998
937 999
935 999
935 1004
933 1004
933 1003
934 1003
934 1002
932 1002
932 1003
931 1003
931 1005
929 1005
929 1004
928 1004
928 1003
930 1003
930 1002
929 1002
929 1001
928 1001
928 1002
927 1002
927 998
932 998
932 995
933 995
933 997
936 997
936 996
934 996
934 995
936 995
936 994
934 994
934 993
933 993
933 994
931 994
931 997
927 997
927 994
926 994
926 999
925 999
925 998
924 998
924 997
925 997
925 995
924 995
924 994
925 994
925 993
924 993
924 992
922 992
922 991
924 991
924 990
923 990
923 989
925 989
925 990
926 990
926 992
927 992
927 990
928 990
928 993
929 993
929 992
931 992
931 991
929 991
929 990
931 990
931 989
928 989
928 988
929 988
929 987
930 987
930 988
931 988
931 986
928 986
928 987
927 987
927 988
926 988
926 986
924 986
924 985
922 985
922 984
923 984
923 983
922 983
922 982
923 982
923 981
922 981
922 979
923 979
923 980
924 980
924 983
925 983
925 984
927 984
927 981
926 981
926 978
927 978
927 980
929 980
929 978
930 978
930 979
931 979
931 981
929 981
929 982
931 982
931 984
932 984
932 983
933 983
933 984
934 984
934 985
933 985
933 986
934 986
934 989
932 989
932 990
934 990
934 992
941 992
941 994
943 994
943 995
944 995
944 994
945 994
945 995
946 995
946 996
947 996
947 995
948 995
948 996
949 996
949 994
950 994
950 997
951 997
951 994
952 994
952 997
955 997
955 996
953 996
953 993
948 993
948 994
946 994
946 993
942 993
942 991
940 991
940 990
945 990
945 989
938 989
938 990
939 990
939 991
935 991
935 990
937 990
937 989
935 989
935 987
936 987
936 986
937 986
937 988
938 988
938 986
943 986
943 988
946 988
946 992
950 992
950 991
947 991
947 987
944 987
944 985
935 985
935 983
937 983
937 984
938 984
938 983
939 983
939 982
940 982
940 983
941 983
941 981
942 981
942 980
943 980
943 979
941 979
941 980
940 980
940 981
938 981
938 982
935 982
935 981
934 981
934 982
932 982
932 980
935 980
935 979
932 979
932 977
933 977
933 976
934 976
934 974
935 974
935 976
936 976
936 978
938 978
938 977
937 977
937 975
938 975
938 976
940 976
940 975
939 975
939 974
942 974
942 978
943 978
943 975
945 975
945 978
944 978
944 980
945 980
945 979
946 979
946 980
947 980
947 981
948 981
948 985
949 985
949 981
950 981
950 985
951 985
951 980
948 980
948 979
947 979
947 977
946 977
946 976
949 976
949 974
950 974
950 977
952 977
952 981
953 981
953 982
952 982
952 983
954 983
954 982
955 982
955 984
956 984
956 986
959 986
959 987
960 987
960 990
961 990
961 991
964 991
964 990
962 990
962 989
961 989
961 987
962 987
962 988
963 988
963 989
964 989
964 988
965 988
965 985
964 985
964 987
963 987
963 986
960 986
960 985
957 985
957 984
961 984
961 983
956 983
956 982
958 982
958 981
954 981
954 980
962 980
962 979
963 979
963 983
964 983
964 980
965 980
965 983
966 983
966 982
967 982
967 981
966 981
966 980
968 980
968 979
964 979
964 978
961 978
961 979
953 979
953 978
958 978
958 976
959 976
959 975
958 975
958 974
960 974
960 975
961 975
961 973
957 973
957 977
954 977
954 976
956 976
956 975
953 975
953 976
951 976
951 974
956 974
956 973
951 973
951 972
950 972
950 971
949 971
949 973
948 973
948 975
947 975
947 974
944 974
944 973
942 973
942 972
941 972
941 973
939 973
939 972
938 972
938 973
937 973
937 970
940 970
940 969
941 969
941 968
944 968
944 971
945 971
945 969
946 969
946 971
947 971
947 970
948 970
948 969
947 969
947 968
945 968
945 967
940 967
940 968
939 968
939 969
935 969
935 971
934 971
934 969
933 969
933 967
938 967
938 966
935 966
935 964
936 964
936 965
938 965
938 964
939 964
939 963
938 963
938 962
939 962
939 961
940 961
940 964
941 964
941 960
939 960
939 959
942 959
942 958
943 958
943 960
944 960
944 962
943 962
943 965
944 965
944 966
946 966
946 965
948 965
948 964
944 964
944 963
949 963
949 969
951 969
951 971
956 971
956 972
958 972
958 971
960 971
960 970
964 970
964 967
963 967
963 969
962 969
962 968
961 968
961 967
962 967
962 966
960 966
960 969
959 969
959 970
952 970
952 968
950 968
950 965
951 965
951 964
952 964
952 963
950 963
950 962
945 962
945 960
946 960
946 961
947 961
947 960
948 960
948 961
952 961
952 962
953 962
953 960
951 960
951 959
950 959
950 960
949 960
949 959
945 959
945 958
944 958
944 957
943 957
943 956
946 956
946 955
947 955
947 957
949 957
949 958
950 958
950 957
951 957
951 956
948 956
948 955
951 955
951 953
952 953
952 956
953 956
953 952
949 952
949 953
950 953
950 954
948 954
948 953
947 953
947 954
946 954
946 951
945 951
945 950
946 950
946 949
947 949
947 950
950 950
950 949
951 949
951 948
947 948
947 947
949 947
949 946
948 946
948 945
949 945
949 944
950 944
950 946
952 946
952 945
951 945
951 942
954 942
954 943
953 943
953 944
956 944
956 945
953 945
953 946
955 946
955 950
956 950
956 951
954 951
954 952
955 952
955 953
956 953
956 956
954 956
954 958
955 958
955 957
957 957
957 955
958 955
958 957
959 957
959 956
960 956
960 959
961 959
961 957
963 957
963 956
962 956
962 955
960 955
960 954
957 954
957 951
958 951
958 953
959 953
959 951
960 951
960 950
962 950
962 953
961 953
961 954
965 954
965 958
966 958
966 955
967 955
967 957
968 957
968 954
966 954
966 953
963 953
963 952
967 952
967 951
963 951
963 950
966 950
966 949
959 949
959 950
957 950
957 949
958 949
958 948
956 948
956 946
957 946
957 945
960 945
960 948
961 948
961 947
962 947
962 948
963 948
963 947
964 947
964 948
965 948
965 946
961 946
961 945
965 945
965 944
960 944
960 943
962 943
962 942
959 942
959 941
960 941
960 940
959 940
959 939
956 939
956 938
957 938
957 937
958 937
958 938
959 938
959 935
960 935
960 939
961 939
961 940
962 940
962 938
964 938
964 940
965 940
965 943
966 943
966 945
968 945
968 944
967 944
967 942
966 942
966 939
965 939
965 938
966 938
966 936
965 936
965 937
962 937
962 935
963 935
963 936
964 936
964 935
966 935
966 933
965 933
965 931
966 931
966 930
967 930
967 931
968 931
968 932
967 932
967 935
968 935
968 936
967 936
967 939
968 939
968 940
967 940
967 941
969 941
969 940
970 940
970 943
969 943
969 946
970 946
970 944
971 944
971 954
973 954
973 953
972 953
972 943
973 943
973 942
971 942
971 939
970 939
970 938
968 938
968 937
970 937
970 936
969 936
969 935
971 935
971 934
968 934
968 933
969 933
969 931
970 931
970 930
969 930
969 929
970 929
970 928
971 928
971 927
972 927
972 929
973 929
973 930
972 930
972 932
973 932
973 931
974 931
974 935
975 935
975 934
976 934
976 932
975 932
975 931
976 931
976 930
977 930
977 932
978 932
978 930
979 930
979 929
978 929
978 927
981 927
981 928
980 928
980 929
981 929
981 932
980 932
980 933
977 933
977 934
979 934
979 935
978 935
978 936
977 936
977 940
974 940
974 942
975 942
975 941
977 941
977 943
974 943
974 945
976 945
976 944
977 944
977 946
976 946
976 947
974 947
974 948
976 948
976 949
975 949
975 950
974 950
974 952
975 952
975 951
976 951
976 953
977 953
977 947
978 947
978 943
979 943
979 944
981 944
981 945
980 945
980 950
979 950
979 952
978 952
978 954
976 954
976 955
978 955
978 956
976 956
976 957
979 957
979 953
980 953
980 959
975 959
975 961
974 961
974 970
978 970
978 971
979 971
979 969
975 969
975 962
976 962
976 960
979 960
979 962
981 962
981 961
980 961
980 960
981 960
981 959
983 959
983 961
982 961
982 962
983 962
983 964
979 964
979 965
982 965
982 966
983 966
983 967
982 967
982 968
981 968
981 971
982 971
982 969
983 969
983 968
984 968
984 967
985 967
985 966
984 966
984 965
985 965
985 964
984 964
984 961
987 961
987 962
988 962
988 964
989 964
989 966
990 966
990 964
991 964
991 963
989 963
989 961
988 961
988 960
984 960
984 958
981 958
981 952
980 952
980 951
981 951
981 950
984 950
984 949
981 949
981 946
982 946
982 948
984 948
984 947
983 947
983 946
984 946
984 945
985 945
985 946
986 946
986 949
987 949
987 945
986 945
986 944
983 944
983 945
982 945
982 943
980 943
980 942
978 942
978 937
979 937
979 936
980 936
980 934
981 934
981 938
983 938
983 940
984 940
984 939
985 939
985 942
987 942
987 944
988 944
988 941
986 941
986 938
984 938
984 937
982 937
982 934
985 934
985 936
987 936
987 935
986 935
986 934
987 934
987 932
985 932
985 933
982 933
982 931
986 931
986 930
983 930
983 929
985 929
985 928
983 928
983 927
982 927
982 926
984 926
984 924
985 924
985 926
986 926
986 924
987 924
987 928
988 928
988 930
989 930
989 929
990 929
990 928
989 928
989 927
991 927
991 926
992 926
992 928
991 928
991 929
992 929
992 930
991 930
991 931
989 931
989 933
990 933
990 932
991 932
991 934
988 934
988 936
989 936
989 935
991 935
991 943
990 943
990 946
988 946
988 947
991 947
991 944
992 944
992 931
993 931
993 928
994 928
994 936
995 936
995 938
996 938
996 939
997 939
997 937
996 937
996 935
995 935
995 931
996 931
996 932
997 932
997 930
995 930
995 929
996 929
996 928
995 928
995 927
994 927
994 926
996 926
996 923
997 923
997 925
1000 925
1000 926
998 926
998 927
999 927
999 928
1000 928
1000 927
1002 927
1002 928
1001 928
1001 929
1002 929
1002 931
1001 931
1001 930
998 930
998 931
1000 931
1000 932
1003 932
1003 933
1000 933
1000 934
1001 934
1001 935
998 935
998 936
1000 936
1000 937
999 937
999 939
998 939
998 941
999 941
999 944
998 944
998 947
999 947
999 949
997 949
997 950
991 950
991 952
990 952
990 959
992 959
992 958
991 958
991 953
992 953
992 951
994 951
994 961
995 961
995 951
997 951
997 952
998 952
998 955
999 955
999 957
997 957
997 961
996 961
996 963
995 963
995 969
996 969
996 972
1000 972
1000 974
999 974
999 975
1001 975
1001 971
997 971
997 968
996 968
996 964
997 964
997 962
998 962
998 958
1000 958
1000 954
999 954
999 953
1002 953
1002 959
1005 959
1005 960
1006 960
1006 962
1007 962
1007 967
1004 967
1004 971
1005 971
1005 975
1006 975
1006 970
1005 970
1005 968
1008 968
1008 961
1007 961
1007 959
1006 959
1006 958
1003 958
1003 952
999 952
999 951
998 951
998 950
1000 950
1000 946
999 946
999 945
1000 945
1000 943
1001 943
1001 946
1002 946
1002 942
1000 942
1000 941
1001 941
1001 940
1000 940
1000 939
1001 939
1001 937
1002 937
1002 941
1003 941
1003 936
1002 936
1002 935
1003 935
1003 934
1004 934
1004 937
1006 937
1006 938
1005 938
1005 939
1006 939
1006 942
1007 942
1007 947
1006 947
1006 954
1007 954
1007 948
1008 948
1008 944
1009 944
1009 947
1010 947
1010 949
1009 949
1009 955
1011 955
1011 953
1010 953
1010 950
1011 950
1011 949
1012 949
1012 947
1011 947
1011 946
1010 946
1010 943
1008 943
1008 941
1007 941
1007 936
1008 936
1008 937
1009 937
1009 938
1010 938
1010 936
1009 936
1009 935
1006 935
1006 936
1005 936
1005 934
1009 934
1009 933
1004 933
1004 932
1006 932
1006 931
1003 931
1003 930
1004 930
1004 928
1005 928
1005 929
1007 929
1007 928
1006 928
1006 925
1007 925
1007 927
1008 927
1008 932
1009 932
1009 927
1010 927
1010 925
1012 925
1012 927
1011 927
1011 934
1012 934
1012 945
1013 945
1013 939
1015 939
1015 938
1013 938
1013 936
1016 936
1016 935
1013 935
1013 933
1012 933
1012 928
1013 928
1013 926
1015 926
1015 927
1014 927
1014 928
1015 928
1015 930
1016 930
1016 929
1017 929
1017 928
1019 928
1019 929
1021 929
1021 930
1017 930
1017 933
1015 933
1015 934
1017 934
1017 936
1018 936
1018 934
1019 934
1019 933
1018 933
1018 931
1020 931
1020 933
1021 933
1021 934
1020 934
1020 935
1022 935
1022 932
1021 932
1021 931
1022 931
1022 929
1023 929
1023 928
1022 928
1022 927
1023 927
1023 926
1024 926
1024 924
1025 924
1025 926
1026 926
1026 924
1027 924
1027 925
1028 925
1028 926
1027 926
1027 927
1026 927
1026 928
1025 928
1025 929
1027 929
1027 928
1028 928
1028 927
1029 927
1029 926
1032 926
1032 927
1030 927
1030 928
1029 928
1029 929
1030 929
1030 930
1029 930
1029 931
1027 931
1027 930
1026 930
1026 931
1025 931
1025 930
1023 930
1023 931
1024 931
1024 932
1030 932
1030 933
1031 933
1031 935
1028 935
1028 934
1026 934
1026 933
1025 933
1025 935
1024 935
1024 936
1025 936
1025 937
1020 937
1020 938
1019 938
1019 937
1018 937
1018 939
1021 939
1021 938
1022 938
1022 941
1019 941
1019 942
1016 942
1016 944
1014 944
1014 945
1015 945
1015 946
1016 946
1016 947
1015 947
1015 949
1013 949
1013 950
1012 950
1012 951
1014 951
1014 950
1015 950
1015 951
1016 951
1016 948
1017 948
1017 943
1020 943
1020 942
1023 942
1023 938
1027 938
1027 937
1026 937
1026 935
1027 935
1027 936
1028 936
1028 937
1030 937
1030 936
1031 936
1031 937
1032 937
1032 938
1030 938
1030 939
1032 939
1032 940
1031 940
1031 942
1032 942
1032 941
1033 941
1033 939
1034 939
1034 938
1033 938
1033 935
1034 935
1034 937
1035 937
1035 935
1036 935
1036 933
1037 933
1037 935
1038 935
1038 934
1040 934
1040 935
1039 935
1039 936
1037 936
1037 939
1038 939
1038 938
1039 938
1039 939
1040 939
1040 940
1039 940
1039 941
1040 941
1040 942
1038 942
1038 941
1035 941
1035 942
1033 942
1033 943
1034 943
1034 945
1033 945
1033 944
1032 944
1032 943
1031 943
1031 944
1030 944
1030 945
1024 945
1024 947
1025 947
1025 946
1030 946
1030 948
1025 948
1025 950
1024 950
1024 953
1023 953
1023 951
1022 951
1022 948
1018 948
1018 949
1021 949
1021 950
1020 950
1020 951
1017 951
1017 952
1016 952
1016 953
1013 953
1013 956
1014 956
1014 954
1017 954
1017 956
1018 956
1018 952
1022 952
1022 953
1019 953
1019 955
1020 955
1020 956
1019 956
1019 959
1018 959
1018 958
1016 958
1016 957
1014 957
1014 958
1015 958
1015 959
1014 959
1014 960
1016 960
1016 959
1017 959
1017 962
1016 962
1016 966
1017 966
1017 967
1013 967
1013 970
1015 970
1015 969
1014 969
1014 968
1016 968
1016 969
1017 969
1017 971
1020 971
1020 970
1018 970
1018 965
1017 965
1017 963
1018 963
1018 960
1020 960
1020 957
1021 957
1021 954
1024 954
1024 959
1025 959
1025 960
1026 960
1026 961
1024 961
1024 966
1021 966
1021 970
1022 970
1022 967
1025 967
1025 962
1026 962
1026 964
1027 964
1027 965
1026 965
1026 966
1028 966
1028 967
1026 967
1026 968
1027 968
1027 969
1026 969
1026 973
1023 973
1023 971
1021 971
1021 972
1022 972
1022 974
1023 974
1023 975
1022 975
1022 976
1024 976
1024 974
1026 974
1026 975
1025 975
1025 976
1027 976
1027 970
1028 970
1028 968
1029 968
1029 965
1028 965
1028 963
1027 963
1027 959
1026 959
1026 958
1025 958
1025 957
1027 957
1027 956
1025 956
1025 955
1026 955
1026 953
1025 953
1025 951
1026 951
1026 949
1028 949
1028 951
1027 951
1027 952
1029 952
1029 949
1030 949
1030 952
1031 952
1031 945
1032 945
1032 949
1034 949
1034 948
1033 948
1033 946
1035 946
1035 943
1036 943
1036 942
1037 942
1037 945
1036 945
1036 949
1037 949
1037 950
1032 950
1032 951
1037 951
1037 952
1036 952
1036 953
1034 953
1034 956
1032 956
1032 957
1034 957
1034 958
1035 958
1035 954
1036 954
1036 956
1037 956
1037 953
1038 953
1038 952
1039 952
1039 956
1038 956
1038 957
1036 957
1036 958
1038 958
1038 959
1039 959
1039 957
1040 957
1040 953
1041 953
1041 952
1040 952
1040 950
1039 950
1039 951
1038 951
1038 949
1039 949
1039 948
1037 948
1037 946
1038 946
1038 943
1041 943
1041 944
1039 944
1039 947
1040 947
1040 945
1043 945
1043 948
1044 948
1044 945
1045 945
1045 946
1046 946
1046 947
1045 947
1045 949
1042 949
1042 952
1043 952
1043 950
1044 950
1044 951
1045 951
1045 950
1046 950
1046 948
1047 948
1047 945
1046 945
1046 944
1048 944
1048 948
1049 948
1049 944
1051 944
1051 942
1052 942
1052 945
1053 945
1053 941
1054 941
1054 944
1055 944
1055 940
1054 940
1054 938
1055 938
1055 939
1056 939
1056 941
1057 941
1057 942
1056 942
1056 944
1058 944
1058 945
1057 945
1057 947
1059 947
1059 948
1061 948
1061 949
1060 949
1060 951
1059 951
1059 949
1057 949
1057 951
1058 951
1058 952
1056 952
1056 949
1052 949
1052 950
1055 950
1055 951
1054 951
1054 952
1055 952
1055 953
1054 953
1054 954
1053 954
1053 952
1052 952
1052 951
1051 951
1051 949
1050 949
1050 951
1047 951
1047 953
1048 953
1048 952
1051 952
1051 953
1052 953
1052 955
1051 955
1051 954
1050 954
1050 955
1049 955
1049 954
1046 954
1046 955
1048 955
1048 956
1045 956
1045 955
1043 955
1043 956
1044 956
1044 957
1049 957
1049 956
1053 956
1053 955
1054 955
1054 956
1055 956
1055 957
1052 957
1052 958
1050 958
1050 960
1049 960
1049 961
1048 961
1048 962
1046 962
1046 961
1045 961
1045 963
1042 963
1042 961
1041 961
1041 963
1040 963
1040 960
1038 960
1038 961
1039 961
1039 964
1038 964
1038 962
1037 962
1037 961
1036 961
1036 960
1035 960
1035 961
1034 961
1034 964
1031 964
1031 965
1030 965
1030 966
1031 966
1031 967
1030 967
1030 968
1032 968
1032 965
1035 965
1035 962
1036 962
1036 963
1037 963
1037 964
1036 964
1036 965
1038 965
1038 966
1034 966
1034 969
1032 969
1032 970
1031 970
1031 969
1030 969
1030 971
1029 971
1029 973
1028 973
1028 974
1029 974
1029 975
1028 975
1028 979
1030 979
1030 980
1028 980
1028 981
1027 981
1027 982
1026 982
1026 983
1028 983
1028 982
1029 982
1029 981
1031 981
1031 978
1029 978
1029 976
1030 976
1030 972
1031 972
1031 971
1033 971
1033 970
1035 970
1035 967
1039 967
1039 965
1040 965
1040 964
1041 964
1041 966
1042 966
1042 967
1041 967
1041 968
1042 968
1042 969
1043 969
1043 965
1042 965
1042 964
1046 964
1046 963
1047 963
1047 964
1049 964
1049 962
1050 962
1050 961
1051 961
1051 959
1053 959
1053 958
1055 958
1055 959
1057 959
1057 960
1058 960
1058 961
1059 961
1059 958
1060 958
1060 957
1061 957
1061 959
1062 959
1062 961
1060 961
1060 962
1051 962
1051 965
1047 965
1047 969
1046 969
1046 970
1044 970
1044 972
1043 972
1043 974
1044 974
1044 973
1045 973
1045 971
1047 971
1047 970
1048 970
1048 966
1052 966
1052 963
1055 963
1055 965
1053 965
1053 966
1056 966
1056 964
1057 964
1057 963
1058 963
1058 967
1054 967
1054 970
1050 970
1050 975
1046 975
1046 976
1044 976
1044 981
1039 981
1039 986
1040 986
1040 982
1042 982
1042 986
1041 986
1041 987
1039 987
1039 988
1040 988
1040 989
1038 989
1038 990
1041 990
1041 988
1042 988
1042 987
1043 987
1043 982
1045 982
1045 977
1047 977
1047 976
1050 976
1050 979
1051 979
1051 971
1054 971
1054 972
1052 972
1052 973
1055 973
1055 968
1060 968
1060 967
1059 967
1059 963
1060 963
1060 964
1063 964
1063 965
1064 965
1064 967
1061 967
1061 968
1063 968
1063 970
1062 970
1062 969
1061 969
1061 970
1060 970
1060 971
1063 971
1063 972
1056 972
1056 973
1062 973
1062 974
1063 974
1063 975
1057 975
1057 977
1058 977
1058 976
1061 976
1061 977
1059 977
1059 978
1052 978
1052 979
1057 979
1057 980
1058 980
1058 979
1059 979
1059 980
1062 980
1062 981
1058 981
1058 983
1059 983
1059 982
1062 982
1062 983
1063 983
1063 979
1060 979
1060 978
1062 978
1062 976
1064 976
1064 969
1065 969
1065 970
1066 970
1066 971
1065 971
1065 972
1066 972
1066 975
1065 975
1065 979
1064 979
1064 980
1066 980
1066 977
1067 977
1067 972
1068 972
1068 975
1069 975
1069 973
1072 973
1072 974
1071 974
1071 976
1069 976
1069 977
1071 977
1071 978
1069 978
1069 979
1070 979
1070 980
1069 980
1069 981
1071 981
1071 980
1072 980
1072 981
1073 981
1073 982
1071 982
1071 983
1070 983
1070 982
1068 982
1068 983
1069 983
1069 984
1070 984
1070 985
1068 985
1068 987
1069 987
1069 986
1071 986
1071 984
1072 984
1072 983
1073 983
1073 988
1074 988
1074 985
1077 985
1077 986
1079 986
1079 987
1075 987
1075 988
1077 988
1077 989
1071 989
1071 990
1068 990
1068 988
1067 988
1067 986
1066 986
1066 988
1065 988
1065 986
1064 986
1064 988
1060 988
1060 986
1058 986
1058 985
1057 985
1057 988
1056 988
1056 986
1054 986
1054 985
1048 985
1048 987
1049 987
1049 986
1053 986
1053 987
1055 987
1055 988
1052 988
1052 987
1051 987
1051 988
1050 988
1050 990
1052 990
1052 989
1055 989
1055 992
1054 992
1054 991
1053 991
1053 992
1051 992
1051 991
1048 991
1048 990
1047 990
1047 992
1050 992
1050 993
1056 993
1056 989
1058 989
1058 987
1059 987
1059 989
1062 989
1062 991
1061 991
1061 990
1058 990
1058 991
1057 991
1057 992
1059 992
1059 991
1060 991
1060 992
1063 992
1063 989
1067 989
1067 991
1072 991
1072 990
1078 990
1078 988
1079 988
1079 991
1080 991
1080 992
1079 992
1079 994
1078 994
1078 992
1077 992
1077 996
1075 996
1075 995
1076 995
1076 994
1075 994
1075 992
1074 992
1074 993
1072 993
1072 992
1066 992
1066 993
1060 993
1060 994
1067 994
1067 993
1071 993
1071 994
1074 994
1074 995
1072 995
1072 996
1073 996
1073 997
1071 997
1071 996
1069 996
1069 997
1070 997
1070 998
1067 998
1067 996
1063 996
1063 995
1060 995
1060 996
1062 996
1062 997
1066 997
1066 998
1057 998
1057 999
1056 999
1056 1001
1055 1001
1055 1003
1056 1003
1056 1002
1057 1002
1057 1000
1058 1000
1058 999
1063 999
1063 1000
1062 1000
1062 1001
1058 1001
1058 1003
1059 1003
1059 1002
1063 1002
1063 1001
1064 1001
1064 999
1065 999
1065 1000
1066 1000
1066 999
1067 999
1067 1001
1065 1001
1065 1002
1067 1002
1067 1003
1061 1003
1061 1004
1054 1004
1054 1005
1062 1005
1062 1004
1065 1004
1065 1005
1066 1005
1066 1004
1068 1004
1068 999
1070 999
1070 1000
1069 1000
1069 1001
1071 1001
1071 1000
1072 1000
1072 998
1074 998
1074 999
1075 999
1075 1000
1073 1000
1073 1001
1074 1001
1074 1002
1075 1002
1075 1001
1076 1001
1076 1005
1071 1005
1071 1008
1070 1008
1070 1006
1067 1006
1067 1007
1069 1007
1069 1008
1067 1008
1067 1009
1069 1009
1069 1010
1070 1010
1070 1009
1072 1009
1072 1006
1076 1006
1076 1009
1077 1009
1077 1004
1078 1004
1078 1005
1079 1005
1079 1006
1078 1006
1078 1008
1079 1008
1079 1009
1078 1009
1078 1010
1079 1010
1079 1011
1081 1011
1081 1012
1079 1012
1079 1013
1080 1013
1080 1014
1078 1014
1078 1013
1077 1013
1077 1011
1076 1011
1076 1013
1075 1013
1075 1010
1074 1010
1074 1011
1072 1011
1072 1012
1074 1012
1074 1013
1072 1013
1072 1014
1075 1014
1075 1015
1074 1015
1074 1016
1073 1016
1073 1015
1072 1015
1072 1017
1075 1017
1075 1016
1076 1016
1076 1015
1077 1015
1077 1017
1079 1017
1079 1018
1081 1018
1081 1019
1080 1019
1080 1020
1081 1020
1081 1021
1080 1021
1080 1022
1081 1022
1081 1024
1080 1024
1080 1023
1079 1023
1079 1020
1078 1020
1078 1019
1076 1019
1076 1022
1077 1022
1077 1025
1076 1025
1076 1023
1074 1023
1074 1025
1073 1025
1073 1024
1072 1024
1072 1022
1074 1022
1074 1021
1072 1021
1072 1019
1071 1019
1071 1020
1070 1020
1070 1019
1069 1019
1069 1018
1070 1018
1070 1017
1069 1017
1069 1014
1071 1014
1071 1013
1069 1013
1069 1011
1062 1011
1062 1009
1060 1009
1060 1008
1059 1008
1059 1009
1058 1009
1058 1008
1057 1008
1057 1007
1056 1007
1056 1008
1055 1008
1055 1007
1054 1007
1054 1009
1053 1009
1053 1006
1052 1006
1052 1009
1051 1009
1051 1006
1048 1006
1048 1007
1050 1007
1050 1010
1055 1010
1055 1009
1057 1009
1057 1010
1061 1010
1061 1012
1063 1012
1063 1013
1058 1013
1058 1014
1065 1014
1065 1013
1064 1013
1064 1012
1068 1012
1068 1013
1066 1013
1066 1014
1068 1014
1068 1016
1067 1016
1067 1017
1066 1017
1066 1015
1065 1015
1065 1017
1060 1017
1060 1015
1057 1015
1057 1011
1053 1011
1053 1012
1056 1012
1056 1016
1059 1016
1059 1018
1068 1018
1068 1020
1066 1020
1066 1019
1065 1019
1065 1020
1064 1020
1064 1021
1063 1021
1063 1020
1062 1020
1062 1022
1061 1022
1061 1023
1060 1023
1060 1024
1062 1024
1062 1023
1063 1023
1063 1022
1065 1022
1065 1021
1068 1021
1068 1022
1069 1022
1069 1021
1071 1021
1071 1023
1068 1023
1068 1024
1071 1024
1071 1026
1070 1026
1070 1027
1069 1027
1069 1029
1068 1029
1068 1027
1067 1027
1067 1025
1065 1025
1065 1026
1066 1026
1066 1028
1065 1028
1065 1027
1063 1027
1063 1028
1064 1028
1064 1029
1061 1029
1061 1025
1060 1025
1060 1028
1058 1028
1058 1025
1059 1025
1059 1023
1058 1023
1058 1024
1057 1024
1057 1023
1056 1023
1056 1022
1055 1022
1055 1018
1054 1018
1054 1022
1053 1022
1053 1018
1052 1018
1052 1023
1055 1023
1055 1024
1056 1024
1056 1026
1057 1026
1057 1027
1054 1027
1054 1029
1053 1029
1053 1026
1051 1026
1051 1022
1050 1022
1050 1021
1051 1021
1051 1020
1049 1020
1049 1021
1048 1021
1048 1019
1047 1019
1047 1017
1044 1017
1044 1016
1043 1016
1043 1013
1042 1013
1042 1012
1039 1012
1039 1013
1041 1013
1041 1014
1042 1014
1042 1016
1041 1016
1041 1015
1040 1015
1040 1014
1039 1014
1039 1015
1038 1015
1038 1018
1039 1018
1039 1016
1040 1016
1040 1017
1043 1017
1043 1018
1046 1018
1046 1019
1042 1019
1042 1020
1047 1020
1047 1021
1045 1021
1045 1022
1049 1022
1049 1023
1041 1023
1041 1024
1040 1024
1040 1020
1039 1020
1039 1023
1038 1023
1038 1020
1037 1020
1037 1021
1036 1021
1036 1022
1037 1022
1037 1023
1035 1023
1035 1024
1039 1024
1039 1025
1042 1025
1042 1024
1050 1024
1050 1025
1045 1025
1045 1027
1044 1027
1044 1028
1045 1028
1045 1029
1043 1029
1043 1028
1042 1028
1042 1030
1046 1030
1046 1026
1049 1026
1049 1027
1047 1027
1047 1028
1050 1028
1050 1027
1052 1027
1052 1029
1047 1029
1047 1030
1052 1030
1052 1031
1053 1031
1053 1032
1054 1032
1054 1030
1055 1030
1055 1028
1056 1028
1056 1029
1059 1029
1059 1030
1061 1030
1061 1031
1062 1031
1062 1030
1064 1030
1064 1031
1065 1031
1065 1030
1066 1030
1066 1033
1063 1033
1063 1034
1062 1034
1062 1035
1059 1035
1059 1032
1058 1032
1058 1034
1057 1034
1057 1032
1056 1032
1056 1033
1055 1033
1055 1034
1056 1034
1056 1035
1058 1035
1058 1036
1063 1036
1063 1035
1064 1035
1064 1034
1068 1034
1068 1032
1069 1032
1069 1034
1070 1034
1070 1036
1065 1036
1065 1037
1068 1037
1068 1039
1067 1039
1067 1038
1065 1038
1065 1039
1064 1039
1064 1040
1065 1040
1065 1041
1064 1041
1064 1042
1063 1042
1063 1039
1062 1039
1062 1043
1064 1043
1064 1044
1061 1044
1061 1045
1060 1045
1060 1043
1059 1043
1059 1041
1060 1041
1060 1038
1059 1038
1059 1037
1057 1037
1057 1038
1055 1038
1055 1039
1059 1039
1059 1040
1054 1040
1054 1034
1052 1034
1052 1032
1047 1032
1047 1031
1045 1031
1045 1032
1043 1032
1043 1033
1039 1033
1039 1036
1040 1036
1040 1034
1041 1034
1041 1035
1042 1035
1042 1036
1041 1036
1041 1037
1043 1037
1043 1034
1044 1034
1044 1033
1051 1033
1051 1035
1053 1035
1053 1038
1052 1038
1052 1039
1051 1039
1051 1040
1053 1040
1053 1041
1058 1041
1058 1043
1057 1043
1057 1042
1056 1042
1056 1043
1055 1043
1055 1042
1051 1042
1051 1041
1050 1041
1050 1043
1052 1043
1052 1044
1053 1044
1053 1043
1054 1043
1054 1044
1058 1044
1058 1045
1059 1045
1059 1046
1060 1046
1060 1047
1057 1047
1057 1048
1056 1048
1056 1046
1054 1046
1054 1045
1053 1045
1053 1046
1052 1046
1052 1047
1055 1047
1055 1048
1052 1048
1052 1050
1051 1050
1051 1047
1050 1047
1050 1051
1054 1051
1054 1050
1053 1050
1053 1049
1055 1049
1055 1050
1056 1050
1056 1049
1057 1049
1057 1052
1058 1052
1058 1053
1057 1053
1057 1054
1056 1054
1056 1053
1053 1053
1053 1054
1052 1054
1052 1055
1056 1055
1056 1056
1054 1056
1054 1057
1055 1057
1055 1058
1054 1058
1054 1059
1053 1059
1053 1057
1051 1057
1051 1058
1052 1058
1052 1061
1049 1061
1049 1060
1050 1060
1050 1059
1047 1059
1047 1058
1050 1058
1050 1057
1048 1057
1048 1053
1047 1053
1047 1052
1049 1052
1049 1051
1048 1051
1048 1050
1047 1050
1047 1047
1049 1047
1049 1045
1048 1045
1048 1046
1046 1046
1046 1048
1045 1048
1045 1046
1044 1046
1044 1047
1043 1047
1043 1044
1042 1044
1042 1046
1040 1046
1040 1047
1041 1047
1041 1048
1043 1048
1043 1049
1046 1049
1046 1052
1045 1052
1045 1050
1044 1050
1044 1052
1043 1052
1043 1053
1041 1053
1041 1050
1042 1050
1042 1049
1038 1049
1038 1045
1037 1045
1037 1048
1036 1048
1036 1046
1035 1046
1035 1049
1037 1049
1037 1050
1040 1050
1040 1051
1036 1051
1036 1052
1040 1052
1040 1053
1037 1053
1037 1054
1044 1054
1044 1053
1046 1053
1046 1054
1045 1054
1045 1055
1047 1055
1047 1057
1046 1057
1046 1058
1043 1058
1043 1055
1042 1055
1042 1056
1041 1056
1041 1055
1040 1055
1040 1056
1039 1056
1039 1055
1038 1055
1038 1057
1042 1057
1042 1058
1038 1058
1038 1059
1043 1059
1043 1060
1041 1060
1041 1061
1044 1061
1044 1062
1043 1062
1043 1063
1044 1063
1044 1064
1047 1064
1047 1065
1046 1065
1046 1066
1045 1066
1045 1065
1044 1065
1044 1068
1043 1068
1043 1064
1042 1064
1042 1063
1041 1063
1041 1065
1039 1065
1039 1063
1038 1063
1038 1060
1037 1060
1037 1058
1035 1058
1035 1059
1036 1059
1036 1061
1037 1061
1037 1064
1038 1064
1038 1065
1037 1065
1037 1067
1038 1067
1038 1066
1041 1066
1041 1068
1040 1068
1040 1067
1039 1067
1039 1068
1037 1068
1037 1070
1038 1070
1038 1072
1037 1072
1037 1073
1036 1073
1036 1072
1035 1072
1035 1071
1036 1071
1036 1068
1035 1068
1035 1067
1036 1067
1036 1064
1035 1064
1035 1063
1036 1063
1036 1062
1034 1062
1034 1063
1033 1063
1033 1060
1034 1060
1034 1057
1033 1057
1033 1059
1032 1059
1032 1049
1030 1049
1030 1050
1031 1050
1031 1060
1030 1060
1030 1061
1032 1061
1032 1064
1033 1064
1033 1065
1035 1065
1035 1066
1033 1066
1033 1067
1034 1067
1034 1068
1032 1068
1032 1069
1035 1069
1035 1070
1034 1070
1034 1072
1033 1072
1033 1073
1034 1073
1034 1074
1033 1074
1033 1075
1032 1075
1032 1076
1031 1076
1031 1074
1030 1074
1030 1073
1031 1073
1031 1071
1030 1071
1030 1072
1029 1072
1029 1068
1028 1068
1028 1069
1027 1069
1027 1071
1028 1071
1028 1072
1027 1072
1027 1073
1026 1073
1026 1071
1025 1071
1025 1073
1024 1073
1024 1074
1025 1074
1025 1076
1022 1076
1022 1075
1023 1075
1023 1074
1022 1074
1022 1071
1023 1071
1023 1070
1026 1070
1026 1069
1024 1069
1024 1068
1025 1068
1025 1067
1026 1067
1026 1063
1029 1063
1029 1061
1028 1061
1028 1062
1026 1062
1026 1060
1029 1060
1029 1058
1027 1058
1027 1059
1026 1059
1026 1057
1027 1057
1027 1056
1029 1056
1029 1055
1027 1055
1027 1054
1028 1054
1028 1053
1029 1053
1029 1051
1028 1051
1028 1052
1027 1052
1027 1050
1026 1050
1026 1056
1025 1056
1025 1060
1024 1060
1024 1059
1022 1059
1022 1058
1023 1058
1023 1053
1024 1053
1024 1051
1025 1051
1025 1049
1027 1049
1027 1048
1025 1048
1025 1047
1027 1047
1027 1046
1024 1046
1024 1050
1023 1050
1023 1044
1028 1044
1028 1042
1029 1042
1029 1033
1025 1033
1025 1032
1024 1032
1024 1034
1028 1034
1028 1041
1027 1041
1027 1043
1024 1043
1024 1041
1022 1041
1022 1042
1023 1042
1023 1043
1022 1043
1022 1044
1020 1044
1020 1042
1021 1042
1021 1041
1020 1041
1020 1039
1024 1039
1024 1038
1021 1038
1021 1037
1020 1037
1020 1036
1021 1036
1021 1035
1022 1035
1022 1032
1021 1032
1021 1034
1020 1034
1020 1035
1019 1035
1019 1036
1018 1036
1018 1037
1019 1037
1019 1038
1018 1038
1018 1039
1019 1039
1019 1042
1016 1042
1016 1041
1015 1041
1015 1039
1014 1039
1014 1037
1013 1037
1013 1039
1012 1039
1012 1040
1014 1040
1014 1042
1015 1042
1015 1043
1019 1043
1019 1045
1022 1045
1022 1051
1023 1051
1023 1052
1022 1052
1022 1053
1019 1053
1019 1054
1022 1054
1022 1057
1021 1057
1021 1055
1019 1055
1019 1056
1020 1056
1020 1057
1019 1057
1019 1058
1018 1058
1018 1057
1017 1057
1017 1054
1016 1054
1016 1058
1017 1058
1017 1059
1020 1059
1020 1058
1021 1058
1021 1060
1023 1060
1023 1061
1025 1061
1025 1066
1024 1066
1024 1067
1023 1067
1023 1069
1022 1069
1022 1065
1020 1065
1020 1063
1019 1063
1019 1064
1018 1064
1018 1061
1016 1061
1016 1059
1015 1059
1015 1062
1017 1062
1017 1065
1019 1065
1019 1066
1021 1066
1021 1069
1018 1069
1018 1067
1016 1067
1016 1068
1017 1068
1017 1069
1016 1069
1016 1071
1018 1071
1018 1070
1021 1070
1021 1072
1017 1072
1017 1073
1020 1073
1020 1074
1018 1074
1018 1075
1020 1075
1020 1076
1021 1076
1021 1077
1019 1077
1019 1079
1018 1079
1018 1077
1017 1077
1017 1079
1016 1079
1016 1075
1015 1075
1015 1073
1014 1073
1014 1074
1013 1074
1013 1075
1014 1075
1014 1076
1012 1076
1012 1077
1011 1077
1011 1075
1012 1075
1012 1074
1011 1074
1011 1073
1012 1073
1012 1072
1014 1072
1014 1070
1013 1070
1013 1071
1012 1071
1012 1069
1015 1069
1015 1067
1014 1067
1014 1068
1012 1068
1012 1060
1013 1060
1013 1057
1015 1057
1015 1056
1012 1056
1012 1059
1011 1059
1011 1072
1010 1072
1010 1075
1009 1075
1009 1067
1008 1067
1008 1065
1007 1065
1007 1064
1006 1064
1006 1066
1007 1066
1007 1068
1008 1068
1008 1072
1007 1072
1007 1071
1006 1071
1006 1073
1008 1073
1008 1074
1007 1074
1007 1075
1008 1075
1008 1076
1009 1076
1009 1077
1007 1077
1007 1080
1006 1080
1006 1078
1003 1078
1003 1077
1005 1077
1005 1076
1004 1076
1004 1075
1003 1075
1003 1076
1001 1076
1001 1075
1002 1075
1002 1074
1001 1074
1001 1072
1002 1072
1002 1073
1005 1073
1005 1072
1003 1072
1003 1071
1000 1071
1000 1070
1003 1070
1003 1069
1002 1069
1002 1068
1005 1068
1005 1067
1003 1067
1003 1066
1004 1066
1004 1064
1005 1064
1005 1062
1004 1062
1004 1059
1005 1059
1005 1056
1004 1056
1004 1054
1006 1054
1006 1053
1012 1053
1012 1051
1013 1051
1013 1044
1011 1044
1011 1045
1012 1045
1012 1050
1011 1050
1011 1052
1009 1052
1009 1042
1008 1042
1008 1052
1006 1052
1006 1051
1005 1051
1005 1048
1004 1048
1004 1046
1006 1046
1006 1042
1007 1042
1007 1040
1008 1040
1008 1034
1007 1034
1007 1031
1003 1031
1003 1029
1004 1029
1004 1028
1002 1028
1002 1032
1006 1032
1006 1035
1007 1035
1007 1039
1006 1039
1006 1041
1005 1041
1005 1045
1003 1045
1003 1049
1004 1049
1004 1050
1001 1050
1001 1044
998 1044
998 1043
997 1043
997 1041
996 1041
996 1036
999 1036
999 1032
998 1032
998 1028
997 1028
997 1033
998 1033
998 1035
995 1035
995 1042
996 1042
996 1044
997 1044
997 1045
1000 1045
1000 1051
1004 1051
1004 1052
1005 1052
1005 1053
1003 1053
1003 1057
1004 1057
1004 1058
1003 1058
1003 1060
1002 1060
1002 1057
1001 1057
1001 1061
1003 1061
1003 1062
1002 1062
1002 1063
1003 1063
1003 1064
1002 1064
1002 1066
1001 1066
1001 1062
1000 1062
1000 1067
1001 1067
1001 1068
1000 1068
1000 1069
999 1069
999 1066
997 1066
997 1065
998 1065
998 1064
997 1064
997 1061
996 1061
996 1056
997 1056
997 1049
996 1049
996 1055
995 1055
995 1059
994 1059
994 1056
993 1056
993 1054
994 1054
994 1048
992 1048
992 1050
993 1050
993 1053
992 1053
992 1054
991 1054
991 1056
992 1056
992 1057
993 1057
993 1060
995 1060
995 1062
996 1062
996 1067
995 1067
995 1066
994 1066
994 1065
993 1065
993 1067
994 1067
994 1068
997 1068
997 1067
998 1067
998 1069
994 1069
994 1070
999 1070
999 1071
997 1071
997 1072
1000 1072
1000 1073
999 1073
999 1075
998 1075
998 1074
996 1074
996 1075
997 1075
997 1078
996 1078
996 1076
995 1076
995 1071
994 1071
994 1076
993 1076
993 1078
991 1078
991 1076
992 1076
992 1069
991 1069
991 1058
990 1058
990 1064
988 1064
988 1065
990 1065
990 1067
987 1067
987 1068
990 1068
990 1070
991 1070
991 1075
990 1075
990 1077
988 1077
988 1076
989 1076
989 1075
988 1075
988 1073
987 1073
987 1074
986 1074
986 1075
984 1075
984 1074
982 1074
982 1073
986 1073
986 1070
988 1070
988 1069
986 1069
986 1067
985 1067
985 1069
984 1069
984 1070
985 1070
985 1072
983 1072
983 1070
982 1070
982 1069
983 1069
983 1068
981 1068
981 1071
982 1071
982 1072
981 1072
981 1074
980 1074
980 1075
981 1075
981 1076
980 1076
980 1077
979 1077
979 1079
978 1079
978 1077
977 1077
977 1079
976 1079
976 1078
975 1078
975 1077
976 1077
976 1076
977 1076
977 1075
978 1075
978 1074
976 1074
976 1075
975 1075
975 1076
974 1076
974 1077
971 1077
971 1076
973 1076
973 1075
974 1075
974 1074
973 1074
973 1073
974 1073
974 1072
976 1072
976 1073
977 1073
977 1072
978 1072
978 1073
980 1073
980 1072
979 1072
979 1071
973 1071
973 1070
972 1070
972 1068
975 1068
975 1069
977 1069
977 1070
978 1070
978 1068
979 1068
979 1067
978 1067
978 1066
983 1066
983 1065
984 1065
984 1066
985 1066
985 1064
982 1064
982 1065
981 1065
981 1062
984 1062
984 1061
987 1061
987 1059
989 1059
989 1058
988 1058
988 1057
987 1057
987 1056
988 1056
988 1054
990 1054
990 1053
991 1053
991 1052
989 1052
989 1053
988 1053
988 1052
987 1052
987 1055
986 1055
986 1060
983 1060
983 1061
980 1061
980 1065
976 1065
976 1066
977 1066
977 1068
976 1068
976 1067
975 1067
975 1066
973 1066
973 1067
972 1067
972 1066
971 1066
971 1065
973 1065
973 1064
971 1064
971 1063
972 1063
972 1061
971 1061
971 1062
970 1062
970 1064
969 1064
969 1065
970 1065
970 1068
969 1068
969 1066
968 1066
968 1068
967 1068
967 1070
966 1070
966 1068
965 1068
965 1069
963 1069
963 1068
964 1068
964 1067
966 1067
966 1064
965 1064
965 1065
964 1065
964 1064
963 1064
963 1063
964 1063
964 1062
963 1062
963 1061
965 1061
965 1062
968 1062
968 1061
970 1061
970 1060
969 1060
969 1058
970 1058
970 1059
971 1059
971 1060
972 1060
972 1059
973 1059
973 1058
979 1058
979 1056
978 1056
978 1057
973 1057
973 1055
978 1055
978 1053
979 1053
979 1050
980 1050
980 1052
981 1052
981 1055
985 1055
985 1054
982 1054
982 1053
983 1053
983 1052
986 1052
986 1051
987 1051
987 1050
990 1050
990 1047
989 1047
989 1049
986 1049
986 1047
985 1047
985 1051
981 1051
981 1050
984 1050
984 1048
983 1048
983 1047
984 1047
984 1044
985 1044
985 1045
987 1045
987 1046
989 1046
989 1045
988 1045
988 1044
989 1044
989 1043
987 1043
987 1044
986 1044
986 1041
987 1041
987 1037
986 1037
986 1036
990 1036
990 1033
988 1033
988 1034
989 1034
989 1035
987 1035
987 1034
986 1034
986 1032
983 1032
983 1033
985 1033
985 1038
986 1038
986 1040
985 1040
985 1043
983 1043
983 1046
982 1046
982 1049
979 1049
979 1044
978 1044
978 1043
977 1043
977 1042
979 1042
979 1037
982 1037
982 1033
981 1033
981 1036
978 1036
978 1041
977 1041
977 1039
976 1039
976 1038
977 1038
977 1037
975 1037
975 1036
977 1036
977 1035
976 1035
976 1034
977 1034
977 1030
980 1030
980 1032
982 1032
982 1031
981 1031
981 1029
980 1029
980 1028
981 1028
981 1027
979 1027
979 1029
977 1029
977 1028
978 1028
978 1027
976 1027
976 1033
975 1033
975 1035
974 1035
974 1038
975 1038
975 1040
976 1040
976 1044
977 1044
977 1045
978 1045
978 1046
976 1046
976 1047
978 1047
978 1048
977 1048
977 1050
978 1050
978 1052
977 1052
977 1054
975 1054
975 1052
976 1052
976 1051
974 1051
974 1054
973 1054
973 1051
972 1051
972 1058
971 1058
971 1054
969 1054
969 1055
970 1055
970 1057
968 1057
968 1060
967 1060
967 1061
966 1061
966 1058
967 1058
967 1054
966 1054
966 1053
971 1053
971 1052
966 1052
966 1051
967 1051
967 1050
969 1050
969 1047
971 1047
971 1046
969 1046
969 1045
968 1045
968 1049
967 1049
967 1047
966 1047
966 1050
965 1050
965 1051
964 1051
964 1047
965 1047
965 1046
967 1046
967 1045
965 1045
965 1044
964 1044
964 1046
963 1046
963 1050
962 1050
962 1051
963 1051
963 1053
964 1053
964 1052
965 1052
965 1054
964 1054
964 1055
966 1055
966 1057
965 1057
965 1060
962 1060
962 1059
964 1059
964 1056
963 1056
963 1058
960 1058
960 1055
959 1055
959 1058
958 1058
958 1057
957 1057
957 1056
958 1056
958 1054
961 1054
961 1051
960 1051
960 1053
959 1053
959 1052
958 1052
958 1053
957 1053
957 1055
956 1055
956 1058
957 1058
957 1059
955 1059
955 1055
954 1055
954 1059
952 1059
952 1061
951 1061
951 1058
950 1058
950 1062
949 1062
949 1059
948 1059
948 1063
949 1063
949 1065
948 1065
948 1064
947 1064
947 1062
946 1062
946 1061
947 1061
947 1059
945 1059
945 1058
946 1058
946 1056
944 1056
944 1055
942 1055
942 1054
943 1054
943 1052
944 1052
944 1054
946 1054
946 1052
945 1052
945 1051
947 1051
947 1054
951 1054
951 1053
948 1053
948 1052
949 1052
949 1051
948 1051
948 1050
949 1050
949 1049
950 1049
950 1051
951 1051
951 1052
952 1052
952 1054
953 1054
953 1052
956 1052
956 1050
955 1050
955 1051
952 1051
952 1050
951 1050
951 1048
952 1048
952 1049
953 1049
953 1048
954 1048
954 1049
957 1049
957 1048
955 1048
955 1047
958 1047
958 1048
960 1048
960 1047
959 1047
959 1046
954 1046
954 1047
950 1047
950 1048
949 1048
949 1047
948 1047
948 1046
951 1046
951 1045
953 1045
953 1043
954 1043
954 1042
955 1042
955 1041
957 1041
957 1042
958 1042
958 1040
961 1040
961 1042
962 1042
962 1040
963 1040
963 1043
965 1043
965 1042
964 1042
964 1039
965 1039
965 1041
966 1041
966 1042
967 1042
967 1043
968 1043
968 1042
969 1042
969 1039
972 1039
972 1038
973 1038
973 1037
972 1037
972 1036
973 1036
973 1035
971 1035
971 1038
968 1038
968 1041
967 1041
967 1040
966 1040
966 1039
967 1039
967 1038
965 1038
965 1037
969 1037
969 1034
971 1034
971 1033
972 1033
972 1034
973 1034
973 1032
974 1032
974 1030
975 1030
975 1029
974 1029
974 1028
975 1028
975 1024
973 1024
973 1023
975 1023
975 1022
976 1022
976 1021
977 1021
977 1020
975 1020
975 1021
974 1021
974 1022
972 1022
972 1025
974 1025
974 1027
973 1027
973 1031
972 1031
972 1032
970 1032
970 1033
968 1033
968 1036
964 1036
964 1038
963 1038
963 1039
962 1039
962 1037
961 1037
961 1036
962 1036
962 1035
961 1035
961 1034
960 1034
960 1038
961 1038
961 1039
957 1039
957 1040
956 1040
956 1039
954 1039
954 1041
953 1041
953 1042
952 1042
952 1044
950 1044
950 1045
948 1045
948 1044
946 1044
946 1043
945 1043
945 1042
944 1042
944 1045
943 1045
943 1046
942 1046
942 1044
941 1044
941 1042
943 1042
943 1041
952 1041
952 1038
956 1038
956 1034
957 1034
957 1033
959 1033
959 1031
960 1031
960 1029
959 1029
959 1030
958 1030
958 1032
956 1032
956 1033
955 1033
955 1037
951 1037
951 1040
948 1040
948 1038
950 1038
950 1037
947 1037
947 1039
946 1039
946 1040
945 1040
945 1036
949 1036
949 1033
953 1033
953 1028
957 1028
957 1027
959 1027
959 1022
964 1022
964 1017
963 1017
963 1021
961 1021
961 1017
962 1017
962 1016
964 1016
964 1015
963 1015
963 1014
965 1014
965 1013
962 1013
962 1015
961 1015
961 1016
960 1016
960 1021
958 1021
958 1026
956 1026
956 1027
953 1027
953 1024
952 1024
952 1032
949 1032
949 1031
951 1031
951 1030
948 1030
948 1035
943 1035
943 1036
944 1036
944 1040
943 1040
943 1039
940 1039
940 1038
939 1038
939 1036
942 1036
942 1035
940 1035
940 1033
941 1033
941 1034
942 1034
942 1033
943 1033
943 1032
940 1032
940 1031
947 1031
947 1030
941 1030
941 1029
940 1029
940 1028
946 1028
946 1026
945 1026
945 1027
942 1027
942 1026
944 1026
944 1025
951 1025
951 1024
946 1024
946 1023
945 1023
945 1024
944 1024
944 1023
941 1023
941 1022
945 1022
945 1020
944 1020
944 1021
941 1021
941 1020
940 1020
940 1024
943 1024
943 1025
941 1025
941 1027
939 1027
939 1034
938 1034
938 1033
937 1033
937 1032
938 1032
938 1031
937 1031
937 1028
938 1028
938 1024
939 1024
939 1023
937 1023
937 1026
936 1026
936 1031
935 1031
935 1028
934 1028
934 1030
931 1030
931 1029
932 1029
932 1027
934 1027
934 1026
932 1026
932 1025
934 1025
934 1024
933 1024
933 1023
934 1023
934 1022
932 1022
932 1023
931 1023
931 1022
930 1022
930 1021
932 1021
932 1020
933 1020
933 1021
935 1021
935 1020
934 1020
934 1019
933 1019
933 1018
935 1018
935 1016
934 1016
934 1017
932 1017
932 1019
931 1019
931 1020
930 1020
930 1015
929 1015
929 1018
926 1018
926 1017
924 1017
924 1016
928 1016
928 1015
926 1015
926 1014
932 1014
932 1013
935 1013
935 1015
936 1015
936 1017
937 1017
937 1015
938 1015
938 1017
939 1017
939 1015
943 1015
943 1017
945 1017
945 1018
946 1018
946 1015
947 1015
947 1017
949 1017
949 1018
955 1018
955 1016
954 1016
954 1017
950 1017
950 1016
948 1016
948 1015
951 1015
951 1016
952 1016
952 1015
953 1015
953 1013
951 1013
951 1014
948 1014
948 1011
949 1011
949 1012
950 1012
950 1011
952 1011
952 1012
955 1012
955 1013
956 1013
956 1011
953 1011
953 1010
947 1010
947 1014
945 1014
945 1016
944 1016
944 1014
941 1014
941 1012
942 1012
942 1013
945 1013
945 1012
946 1012
946 1011
944 1011
944 1012
943 1012
943 1011
940 1011
940 1014
936 1014
936 1012
931 1012
931 1013
925 1013
925 1015
924 1015
924 1012
923 1012
923 1011
924 1011
924 1009
925 1009
925 1011
926 1011
926 1007
928 1007
928 1008
927 1008
927 1009
928 1009
928 1011
929 1011
929 1010
931 1010
931 1011
937 1011
937 1010
943 1010
943 1009
936 1009
936 1010
932 1010
932 1009
929 1009
929 1008
931 1008
931 1007
930 1007
930 1006
932 1006
932 1007
934 1007
934 1006
933 1006
933 1005
936 1005
936 1007
940 1007
940 1008
943 1008
943 1007
941 1007
941 1006
937 1006
937 1005
946 1005
946 1004
947 1004
947 1002
948 1002
948 1000
947 1000
947 1001
946 1001
946 1003
945 1003
945 1004
940 1004
940 1003
941 1003
941 1002
945 1002
945 1000
944 1000
944 1001
940 1001
940 1002
939 1002
939 1004
938 1004
938 1003
937 1003
937 1004
936 1004
936 1002
938 1002
938 1001
936 1001
936 1000
942 1000
