5360
954 1000
959 1000
959 999
954 999
954 998
957 998
957 996
958 996
958 998
959 998
959 997
960 997
960 998
965 998
965 997
961 997
961 996
959 996
959 995
956 995
956 997
954 997
954 996
941 996
941 998
940 998
940 996
936 996
936 995
937 995
937 994
935 994
935 995
934 995
934 994
930 994
930 993
934 993
934 992
936 992
936 991
933 991
933 992
930 992
930 991
929 991
929 992
927 992
927 993
925 993
925 992
923 992
923 991
924 991
924 990
925 990
925 989
926 989
926 990
927 990
927 988
926 988
926 987
925 987
925 984
926 984
926 986
927 986
927 984
928 984
928 983
927 983
927 982
928 982
928 979
929 979
929 988
930 988
930 987
932 987
932 989
933 989
933 986
930 986
930 985
932 985
932 984
930 984
930 980
931 980
931 978
932 978
932 980
933 980
933 977
932 977
932 976
933 976
933 974
934 974
934 989
936 989
936 988
935 988
935 986
937 986
937 989
939 989
939 990
940 990
940 988
938 988
938 987
940 987
940 986
941 986
941 988
942 988
942 990
954 990
954 991
960 991
960 990
958 990
958 989
957 989
957 990
956 990
956 989
955 989
955 988
961 988
961 992
963 992
963 991
962 991
962 989
965 989
965 990
968 990
968 991
969 991
969 989
966 989
966 988
962 988
962 987
964 987
964 986
961 986
961 987
959 987
959 986
960 986
960 985
964 985
964 984
959 984
959 985
958 985
958 987
954 987
954 989
950 989
950 988
951 988
951 987
949 987
949 988
948 988
948 989
947 989
947 988
946 988
946 989
943 989
943 987
942 987
942 985
939 985
939 986
938 986
938 985
935 985
935 980
936 980
936 983
937 983
937 984
938 984
938 983
939 983
939 984
940 984
940 983
941 983
941 982
937 982
937 981
940 981
940 980
946 980
946 982
947 982
947 985
951 985
951 984
948 984
948 982
950 982
950 981
952 981
952 982
954 982
954 985
956 985
956 984
955 984
955 982
957 982
957 983
958 983
958 982
963 982
963 983
965 983
965 984
967 984
967 985
970 985
970 987
971 987
971 985
972 985
972 988
973 988
973 987
976 987
976 985
977 985
977 984
978 984
978 983
976 983
976 984
975 984
975 986
974 986
974 985
973 985
973 984
968 984
968 983
969 983
969 982
970 982
970 983
973 983
973 982
976 982
976 981
979 981
979 982
981 982
981 981
980 981
980 980
975 980
975 981
972 981
972 982
971 982
971 980
974 980
974 979
973 979
973 978
974 978
974 977
972 977
972 979
970 979
970 981
968 981
968 982
967 982
967 983
966 983
966 982
964 982
964 981
956 981
956 980
954 980
954 981
953 981
953 980
949 980
949 981
947 981
947 980
948 980
948 979
939 979
939 980
938 980
938 979
935 979
935 978
938 978
938 977
935 977
935 975
936 975
936 976
937 976
937 974
938 974
938 976
939 976
939 977
940 977
940 976
943 976
943 975
944 975
944 976
945 976
945 977
946 977
946 976
949 976
949 978
953 978
953 979
961 979
961 980
962 980
962 978
958 978
958 977
957 977
957 975
956 975
956 978
954 978
954 977
950 977
950 976
951 976
951 975
952 975
952 976
954 976
954 975
953 975
953 974
950 974
950 975
945 975
945 974
942 974
942 975
939 975
939 973
945 973
945 972
944 972
944 971
943 971
943 972
938 972
938 973
936 973
936 974
935 974
935 973
934 973
934 972
933 972
933 973
932 973
932 969
933 969
933 971
934 971
934 970
935 970
935 971
940 971
940 970
936 970
936 968
934 968
934 967
933 967
933 965
934 965
934 966
935 966
935 967
938 967
938 966
937 966
937 965
938 965
938 963
940 963
940 965
939 965
939 966
941 966
941 968
942 968
942 966
944 966
944 967
946 967
946 968
945 968
945 971
946 971
946 969
948 969
948 971
947 971
947 974
949 974
949 973
948 973
948 972
949 972
949 969
952 969
952 973
953 973
953 971
954 971
954 973
955 973
955 974
956 974
956 972
957 972
957 974
960 974
960 977
961 977
961 976
969 976
969 975
970 975
970 976
972 976
972 975
971 975
971 974
972 974
972 973
970 973
970 974
968 974
968 975
961 975
961 974
965 974
965 973
958 973
958 971
955 971
955 970
953 970
953 969
954 969
954 968
960 968
960 967
953 967
953 968
951 968
951 967
952 967
952 966
956 966
956 965
951 965
951 966
950 966
950 968
947 968
947 966
948 966
948 964
947 964
947 965
946 965
946 966
945 966
945 965
941 965
941 964
946 964
946 963
941 963
941 962
939 962
939 960
938 960
938 959
940 959
940 960
941 960
941 959
942 959
942 962
949 962
949 963
950 963
950 962
951 962
951 961
943 961
943 960
944 960
944 959
943 959
943 957
945 957
945 958
949 958
949 959
951 959
951 960
952 960
952 961
953 961
953 959
952 959
952 958
951 958
951 957
949 957
949 956
948 956
948 957
946 957
946 956
944 956
944 955
948 955
948 954
945 954
945 953
946 953
946 952
945 952
945 951
947 951
947 952
948 952
948 949
947 949
947 948
949 948
949 949
952 949
952 951
953 951
953 952
954 952
954 955
956 955
956 954
955 954
955 953
956 953
956 952
957 952
957 951
958 951
958 952
959 952
959 959
960 959
960 964
961 964
961 968
963 968
963 972
965 972
965 971
964 971
964 969
965 969
965 970
966 970
966 973
967 973
967 970
968 970
968 971
970 971
970 969
966 969
966 968
969 968
969 967
965 967
965 968
964 968
964 967
962 967
962 963
961 963
961 960
962 960
962 961
964 961
964 966
965 966
965 965
970 965
970 967
971 967
971 970
972 970
972 968
973 968
973 967
974 967
974 970
973 970
973 971
975 971
975 966
971 966
971 964
965 964
965 960
963 960
963 959
961 959
961 958
960 958
960 955
962 955
962 956
965 956
965 955
963 955
963 954
960 954
960 951
959 951
959 950
960 950
960 949
958 949
958 950
956 950
956 949
955 949
955 951
954 951
954 950
953 950
953 949
954 949
954 948
950 948
950 947
954 947
954 946
949 946
949 947
948 947
948 946
947 946
947 944
948 944
948 945
949 945
949 944
950 944
950 945
951 945
951 944
953 944
953 943
950 943
950 942
951 942
951 941
954 941
954 940
952 940
952 939
955 939
955 937
954 937
954 936
955 936
955 935
956 935
956 934
955 934
955 933
956 933
956 932
957 932
957 937
956 937
956 938
957 938
957 939
958 939
958 940
957 940
957 941
956 941
956 943
957 943
957 944
956 944
956 947
958 947
958 948
960 948
960 947
959 947
959 946
957 946
957 945
958 945
958 944
959 944
959 943
961 943
961 949
963 949
963 950
966 950
966 951
968 951
968 950
967 950
967 949
964 949
964 948
962 948
962 944
963 944
963 947
969 947
969 946
964 946
964 943
962 943
962 942
958 942
958 941
959 941
959 939
960 939
960 938
959 938
959 937
960 937
960 936
958 936
958 935
960 935
960 934
959 934
959 932
961 932
961 938
962 938
962 937
963 937
963 936
964 936
964 935
962 935
962 931
963 931
963 934
965 934
965 937
969 937
969 942
970 942
970 943
969 943
969 944
970 944
970 947
971 947
971 950
972 950
972 953
974 953
974 955
976 955
976 956
977 956
977 954
975 954
975 952
973 952
973 949
972 949
972 946
971 946
971 943
973 943
973 945
975 945
975 944
974 944
974 942
976 942
976 945
977 945
977 946
978 946
978 947
979 947
979 948
980 948
980 949
979 949
979 952
981 952
981 955
982 955
982 953
983 953
983 956
982 956
982 959
983 959
983 965
986 965
986 964
984 964
984 958
983 958
983 957
984 957
984 952
982 952
982 951
980 951
980 950
981 950
981 947
980 947
980 946
979 946
979 945
978 945
978 944
977 944
977 941
973 941
973 940
976 940
976 939
972 939
972 942
971 942
971 941
970 941
970 936
966 936
966 933
964 933
964 931
966 931
966 930
967 930
967 932
968 932
968 931
970 931
970 930
971 930
971 934
974 934
974 933
976 933
976 936
977 936
977 937
978 937
978 935
977 935
977 932
973 932
973 933
972 933
972 930
974 930
974 929
969 929
969 930
968 930
968 929
967 929
967 928
968 928
968 926
969 926
969 927
971 927
971 924
972 924
972 928
973 928
973 925
974 925
974 924
973 924
973 923
974 923
974 922
975 922
975 921
976 921
976 922
977 922
977 923
976 923
976 926
977 926
977 927
976 927
976 928
977 928
977 930
979 930
979 929
978 929
978 926
980 926
980 929
982 929
982 930
980 930
980 931
982 931
982 934
980 934
980 937
981 937
981 935
982 935
982 938
981 938
981 939
980 939
980 942
981 942
981 943
982 943
982 941
981 941
981 940
982 940
982 939
984 939
984 941
985 941
985 938
983 938
983 935
984 935
984 937
985 937
985 934
983 934
983 928
981 928
981 926
982 926
982 927
983 927
983 925
984 925
984 924
982 924
982 925
981 925
981 924
979 924
979 925
977 925
977 924
978 924
978 921
979 921
979 922
981 922
981 921
982 921
982 923
984 923
984 922
985 922
985 921
987 921
987 923
985 923
985 925
986 925
986 926
985 926
985 927
987 927
987 924
988 924
988 923
989 923
989 925
988 925
988 926
990 926
990 922
991 922
991 921
992 921
992 919
994 919
994 921
995 921
995 922
994 922
994 923
995 923
995 924
992 924
992 925
991 925
991 927
989 927
989 928
987 928
987 929
988 929
988 930
987 930
987 931
986 931
986 932
987 932
987 933
986 933
986 935
987 935
987 934
988 934
988 935
989 935
989 936
990 936
990 939
988 939
988 940
990 940
990 942
991 942
991 935
990 935
990 934
989 934
989 933
988 933
988 931
989 931
989 929
990 929
990 928
992 928
992 927
993 927
993 928
994 928
994 929
992 929
992 933
993 933
993 930
994 930
994 934
995 934
995 927
994 927
994 926
993 926
993 925
996 925
996 926
998 926
998 927
999 927
999 930
997 930
997 931
998 931
998 934
997 934
997 935
996 935
996 936
998 936
998 935
1000 935
1000 937
996 937
996 945
995 945
995 948
993 948
993 949
991 949
991 950
989 950
989 951
990 951
990 952
989 952
989 953
988 953
988 959
987 959
987 961
988 961
988 960
989 960
989 954
990 954
990 953
991 953
991 951
992 951
992 950
993 950
993 953
997 953
997 955
996 955
996 957
995 957
995 960
997 960
997 959
996 959
996 958
997 958
997 956
998 956
998 952
994 952
994 949
995 949
995 951
997 951
997 950
998 950
998 951
999 951
999 953
1000 953
1000 950
999 950
999 949
996 949
996 946
997 946
997 948
998 948
998 945
997 945
997 938
1001 938
1001 934
999 934
999 932
1000 932
1000 929
1001 929
1001 932
1002 932
1002 935
1003 935
1003 934
1004 934
1004 940
1006 940
1006 943
1005 943
1005 947
1002 947
1002 951
1001 951
1001 952
1002 952
1002 953
1003 953
1003 952
1004 952
1004 953
1005 953
1005 954
1002 954
1002 955
1001 955
1001 959
1002 959
1002 960
1000 960
1000 961
998 961
998 962
1000 962
1000 963
999 963
999 964
1000 964
1000 967
999 967
999 969
995 969
995 973
996 973
996 970
998 970
998 974
999 974
999 970
1000 970
1000 968
1001 968
1001 963
1002 963
1002 962
1001 962
1001 961
1003 961
1003 958
1002 958
1002 956
1003 956
1003 955
1004 955
1004 959
1005 959
1005 956
1006 956
1006 955
1007 955
1007 959
1008 959
1008 954
1006 954
1006 952
1005 952
1005 951
1003 951
1003 948
1005 948
1005 950
1006 950
1006 948
1007 948
1007 950
1008 950
1008 947
1006 947
1006 944
1007 944
1007 946
1008 946
1008 944
1009 944
1009 945
1010 945
1010 943
1007 943
1007 939
1005 939
1005 938
1008 938
1008 937
1005 937
1005 933
1003 933
1003 931
1002 931
1002 928
1000 928
1000 927
1002 927
1002 926
999 926
999 925
997 925
997 924
999 924
999 922
1001 922
1001 923
1003 923
1003 926
1004 926
1004 924
1005 924
1005 925
1006 925
1006 926
1005 926
1005 927
1006 927
1006 934
1007 934
1007 923
1008 923
1008 924
1009 924
1009 923
1010 923
1010 926
1011 926
1011 928
1009 928
1009 930
1010 930
1010 929
1011 929
1011 934
1009 934
1009 939
1010 939
1010 935
1011 935
1011 941
1009 941
1009 942
1011 942
1011 947
1009 947
1009 948
1012 948
1012 940
1013 940
1013 939
1012 939
1012 930
1013 930
1013 928
1012 928
1012 927
1014 927
1014 939
1015 939
1015 932
1016 932
1016 942
1014 942
1014 943
1013 943
1013 944
1015 944
1015 943
1017 943
1017 931
1015 931
1015 929
1016 929
1016 930
1017 930
1017 928
1015 928
1015 926
1012 926
1012 925
1011 925
1011 921
1012 921
1012 924
1015 924
1015 923
1016 923
1016 924
1017 924
1017 925
1016 925
1016 926
1018 926
1018 923
1017 923
1017 922
1019 922
1019 923
1020 923
1020 926
1019 926
1019 927
1018 927
1018 928
1019 928
1019 929
1018 929
1018 936
1019 936
1019 930
1020 930
1020 927
1021 927
1021 923
1022 923
1022 925
1024 925
1024 926
1022 926
1022 927
1024 927
1024 928
1025 928
1025 927
1026 927
1026 925
1027 925
1027 926
1028 926
1028 928
1027 928
1027 929
1026 929
1026 930
1024 930
1024 931
1025 931
1025 932
1020 932
1020 934
1021 934
1021 933
1024 933
1024 939
1021 939
1021 942
1020 942
1020 944
1018 944
1018 947
1015 947
1015 946
1013 946
1013 947
1014 947
1014 948
1013 948
1013 949
1015 949
1015 950
1017 950
1017 951
1016 951
1016 953
1017 953
1017 952
1018 952
1018 949
1016 949
1016 948
1019 948
1019 950
1020 950
1020 951
1019 951
1019 952
1021 952
1021 949
1020 949
1020 947
1019 947
1019 945
1020 945
1020 946
1021 946
1021 947
1022 947
1022 945
1021 945
1021 944
1022 944
1022 940
1023 940
1023 943
1024 943
1024 940
1025 940
1025 933
1026 933
1026 932
1027 932
1027 930
1028 930
1028 935
1029 935
1029 936
1027 936
1027 937
1030 937
1030 939
1028 939
1028 940
1027 940
1027 941
1029 941
1029 940
1030 940
1030 942
1028 942
1028 943
1026 943
1026 945
1024 945
1024 946
1026 946
1026 948
1027 948
1027 949
1026 949
1026 952
1025 952
1025 953
1027 953
1027 954
1025 954
1025 955
1026 955
1026 956
1024 956
1024 958
1023 958
1023 959
1021 959
1021 961
1018 961
1018 962
1017 962
1017 967
1016 967
1016 973
1017 973
1017 970
1018 970
1018 971
1019 971
1019 969
1017 969
1017 968
1018 968
1018 965
1019 965
1019 964
1018 964
1018 963
1019 963
1019 962
1022 962
1022 960
1024 960
1024 959
1025 959
1025 961
1024 961
1024 963
1023 963
1023 964
1025 964
1025 962
1027 962
1027 961
1026 961
1026 959
1027 959
1027 960
1028 960
1028 959
1029 959
1029 958
1025 958
1025 957
1027 957
1027 955
1028 955
1028 954
1029 954
1029 953
1028 953
1028 952
1027 952
1027 950
1028 950
1028 951
1029 951
1029 949
1028 949
1028 948
1030 948
1030 947
1027 947
1027 944
1029 944
1029 943
1030 943
1030 946
1032 946
1032 945
1031 945
1031 942
1032 942
1032 941
1031 941
1031 936
1030 936
1030 935
1031 935
1031 934
1029 934
1029 927
1031 927
1031 928
1030 928
1030 929
1032 929
1032 933
1033 933
1033 930
1034 930
1034 928
1032 928
1032 927
1034 927
1034 926
1032 926
1032 925
1033 925
1033 924
1034 924
1034 925
1035 925
1035 926
1037 926
1037 927
1038 927
1038 926
1039 926
1039 928
1041 928
1041 929
1035 929
1035 930
1040 930
1040 931
1034 931
1034 932
1036 932
1036 933
1037 933
1037 932
1038 932
1038 933
1039 933
1039 934
1040 934
1040 935
1038 935
1038 934
1035 934
1035 933
1034 933
1034 935
1037 935
1037 936
1036 936
1036 937
1035 937
1035 939
1034 939
1034 942
1035 942
1035 940
1036 940
1036 938
1037 938
1037 937
1038 937
1038 940
1037 940
1037 943
1033 943
1033 944
1034 944
1034 949
1035 949
1035 944
1036 944
1036 945
1038 945
1038 941
1039 941
1039 942
1041 942
1041 941
1040 941
1040 939
1039 939
1039 936
1040 936
1040 937
1044 937
1044 936
1045 936
1045 934
1046 934
1046 935
1047 935
1047 936
1046 936
1046 937
1045 937
1045 940
1046 940
1046 941
1044 941
1044 940
1043 940
1043 941
1042 941
1042 943
1040 943
1040 944
1043 944
1043 942
1046 942
1046 943
1045 943
1045 945
1042 945
1042 946
1039 946
1039 947
1037 947
1037 948
1040 948
1040 947
1043 947
1043 946
1047 946
1047 945
1046 945
1046 944
1048 944
1048 946
1051 946
1051 947
1049 947
1049 949
1038 949
1038 950
1037 950
1037 951
1031 951
1031 952
1033 952
1033 953
1032 953
1032 954
1033 954
1033 955
1034 955
1034 952
1035 952
1035 953
1037 953
1037 952
1038 952
1038 951
1039 951
1039 950
1044 950
1044 953
1045 953
1045 950
1046 950
1046 954
1042 954
1042 955
1041 955
1041 956
1036 956
1036 957
1032 957
1032 958
1030 958
1030 960
1029 960
1029 961
1028 961
1028 963
1029 963
1029 965
1026 965
1026 966
1025 966
1025 968
1026 968
1026 967
1027 967
1027 966
1029 966
1029 968
1030 968
1030 972
1033 972
1033 971
1031 971
1031 968
1032 968
1032 967
1030 967
1030 966
1031 966
1031 965
1030 965
1030 961
1031 961
1031 959
1033 959
1033 958
1036 958
1036 959
1035 959
1035 961
1033 961
1033 962
1031 962
1031 963
1033 963
1033 965
1034 965
1034 962
1036 962
1036 960
1037 960
1037 957
1042 957
1042 958
1040 958
1040 959
1041 959
1041 960
1038 960
1038 961
1040 961
1040 962
1037 962
1037 964
1036 964
1036 965
1037 965
1037 967
1038 967
1038 963
1041 963
1041 961
1042 961
1042 959
1043 959
1043 955
1045 955
1045 957
1046 957
1046 955
1047 955
1047 950
1049 950
1049 952
1048 952
1048 953
1050 953
1050 948
1054 948
1054 949
1053 949
1053 950
1052 950
1052 949
1051 949
1051 951
1052 951
1052 952
1055 952
1055 953
1052 953
1052 954
1050 954
1050 957
1048 957
1048 958
1050 958
1050 959
1045 959
1045 960
1050 960
1050 963
1044 963
1044 965
1039 965
1039 966
1045 966
1045 964
1047 964
1047 966
1046 966
1046 968
1045 968
1045 969
1044 969
1044 968
1033 968
1033 970
1034 970
1034 969
1036 969
1036 971
1037 971
1037 969
1039 969
1039 970
1038 970
1038 971
1039 971
1039 972
1038 972
1038 973
1040 973
1040 969
1041 969
1041 970
1042 970
1042 969
1043 969
1043 970
1044 970
1044 971
1042 971
1042 974
1043 974
1043 973
1044 973
1044 972
1045 972
1045 971
1046 971
1046 969
1047 969
1047 972
1046 972
1046 974
1045 974
1045 976
1043 976
1043 975
1041 975
1041 974
1040 974
1040 977
1041 977
1041 976
1042 976
1042 981
1041 981
1041 986
1042 986
1042 987
1041 987
1041 988
1037 988
1037 986
1034 986
1034 988
1035 988
1035 987
1036 987
1036 989
1042 989
1042 988
1043 988
1043 985
1042 985
1042 982
1043 982
1043 981
1044 981
1044 980
1043 980
1043 977
1045 977
1045 979
1046 979
1046 975
1047 975
1047 973
1048 973
1048 968
1047 968
1047 967
1048 967
1048 964
1049 964
1049 967
1050 967
1050 964
1051 964
1051 961
1052 961
1052 960
1051 960
1051 958
1053 958
1053 962
1054 962
1054 957
1051 957
1051 955
1053 955
1053 954
1055 954
1055 955
1054 955
1054 956
1055 956
1055 957
1056 957
1056 958
1057 958
1057 957
1058 957
1058 954
1059 954
1059 955
1060 955
1060 954
1061 954
1061 958
1059 958
1059 959
1060 959
1060 960
1058 960
1058 961
1056 961
1056 962
1057 962
1057 963
1053 963
1053 964
1054 964
1054 965
1051 965
1051 967
1052 967
1052 966
1055 966
1055 964
1056 964
1056 966
1057 966
1057 967
1058 967
1058 969
1055 969
1055 970
1053 970
1053 972
1050 972
1050 975
1048 975
1048 976
1047 976
1047 977
1048 977
1048 979
1047 979
1047 980
1049 980
1049 981
1046 981
1046 982
1045 982
1045 983
1047 983
1047 982
1050 982
1050 979
1049 979
1049 976
1050 976
1050 978
1051 978
1051 973
1052 973
1052 975
1054 975
1054 974
1053 974
1053 973
1054 973
1054 971
1055 971
1055 975
1056 975
1056 970
1058 970
1058 975
1057 975
1057 976
1059 976
1059 965
1057 965
1057 964
1058 964
1058 962
1059 962
1059 961
1060 961
1060 963
1061 963
1061 964
1060 964
1060 965
1062 965
1062 961
1061 961
1061 960
1063 960
1063 959
1062 959
1062 956
1063 956
1063 957
1064 957
1064 956
1065 956
1065 958
1066 958
1066 956
1068 956
1068 957
1069 957
1069 956
1070 956
1070 957
1072 957
1072 956
1073 956
1073 958
1070 958
1070 960
1067 960
1067 963
1064 963
1064 964
1068 964
1068 961
1069 961
1069 962
1071 962
1071 959
1073 959
1073 961
1074 961
1074 957
1075 957
1075 959
1076 959
1076 960
1078 960
1078 961
1079 961
1079 963
1077 963
1077 964
1078 964
1078 967
1076 967
1076 965
1075 965
1075 964
1069 964
1069 965
1068 965
1068 966
1069 966
1069 967
1066 967
1066 969
1067 969
1067 968
1068 968
1068 971
1069 971
1069 969
1070 969
1070 965
1072 965
1072 966
1071 966
1071 967
1073 967
1073 965
1074 965
1074 966
1075 966
1075 967
1074 967
1074 968
1072 968
1072 969
1075 969
1075 970
1076 970
1076 968
1078 968
1078 969
1081 969
1081 970
1077 970
1077 971
1079 971
1079 972
1081 972
1081 973
1077 973
1077 974
1075 974
1075 973
1071 973
1071 972
1070 972
1070 973
1068 973
1068 974
1067 974
1067 972
1065 972
1065 973
1066 973
1066 975
1063 975
1063 976
1066 976
1066 977
1062 977
1062 978
1065 978
1065 979
1064 979
1064 980
1066 980
1066 979
1067 979
1067 975
1068 975
1068 976
1069 976
1069 974
1074 974
1074 975
1073 975
1073 976
1076 976
1076 978
1077 978
1077 977
1078 977
1078 976
1077 976
1077 975
1078 975
1078 974
1079 974
1079 975
1080 975
1080 976
1081 976
1081 977
1080 977
1080 978
1081 978
1081 979
1080 979
1080 980
1082 980
1082 982
1079 982
1079 981
1078 981
1078 982
1077 982
1077 979
1076 979
1076 980
1069 980
1069 979
1068 979
1068 980
1067 980
1067 981
1065 981
1065 982
1064 982
1064 983
1066 983
1066 982
1068 982
1068 981
1073 981
1073 983
1074 983
1074 981
1076 981
1076 982
1075 982
1075 983
1077 983
1077 984
1072 984
1072 983
1069 983
1069 984
1064 984
1064 985
1063 985
1063 984
1062 984
1062 982
1061 982
1061 981
1059 981
1059 982
1060 982
1060 983
1061 983
1061 984
1056 984
1056 986
1057 986
1057 985
1058 985
1058 986
1059 986
1059 985
1060 985
1060 987
1061 987
1061 985
1062 985
1062 986
1065 986
1065 985
1070 985
1070 984
1071 984
1071 985
1075 985
1075 986
1070 986
1070 987
1066 987
1066 988
1071 988
1071 987
1075 987
1075 988
1076 988
1076 986
1077 986
1077 988
1078 988
1078 984
1079 984
1079 983
1080 983
1080 986
1081 986
1081 989
1080 989
1080 991
1078 991
1078 989
1076 989
1076 990
1077 990
1077 992
1078 992
1078 993
1075 993
1075 994
1074 994
1074 993
1070 993
1070 994
1073 994
1073 995
1069 995
1069 992
1067 992
1067 993
1068 993
1068 994
1067 994
1067 995
1068 995
1068 996
1066 996
1066 995
1065 995
1065 992
1064 992
1064 993
1063 993
1063 989
1060 989
1060 990
1062 990
1062 993
1061 993
1061 994
1059 994
1059 988
1057 988
1057 989
1058 989
1058 992
1057 992
1057 990
1056 990
1056 988
1055 988
1055 989
1054 989
1054 988
1050 988
1050 986
1047 986
1047 987
1049 987
1049 988
1047 988
1047 989
1046 989
1046 990
1034 990
1034 991
1047 991
1047 990
1048 990
1048 989
1053 989
1053 990
1055 990
1055 991
1056 991
1056 992
1055 992
1055 993
1053 993
1053 994
1051 994
1051 995
1048 995
1048 994
1041 994
1041 993
1036 993
1036 994
1040 994
1040 995
1041 995
1041 996
1042 996
1042 995
1043 995
1043 996
1044 996
1044 995
1047 995
1047 998
1045 998
1045 997
1043 997
1043 998
1044 998
1044 999
1048 999
1048 996
1052 996
1052 995
1054 995
1054 994
1056 994
1056 993
1058 993
1058 995
1061 995
1061 996
1060 996
1060 998
1058 998
1058 999
1059 999
1059 1001
1060 1001
1060 999
1061 999
1061 997
1062 997
1062 994
1063 994
1063 995
1064 995
1064 996
1065 996
1065 997
1063 997
1063 998
1066 998
1066 997
1068 997
1068 998
1069 998
1069 996
1071 996
1071 997
1070 997
1070 998
1072 998
1072 996
1074 996
1074 995
1076 995
1076 994
1078 994
1078 995
1077 995
1077 996
1078 996
1078 997
1079 997
1079 992
1081 992
1081 991
1082 991
1082 992
1083 992
1083 993
1085 993
1085 992
1086 992
1086 994
1084 994
1084 995
1085 995
1085 996
1083 996
1083 994
1080 994
1080 995
1081 995
1081 996
1082 996
1082 997
1084 997
1084 998
1083 998
1083 999
1082 999
1082 998
1081 998
1081 997
1080 997
1080 998
1076 998
1076 999
1079 999
1079 1000
1077 1000
1077 1001
1081 1001
1081 1000
1082 1000
1082 1001
1083 1001
1083 1002
1081 1002
1081 1003
1080 1003
1080 1005
1079 1005
1079 1003
1077 1003
1077 1004
1078 1004
1078 1005
1077 1005
1077 1006
1078 1006
1078 1007
1076 1007
1076 1006
1075 1006
1075 1008
1079 1008
1079 1009
1075 1009
1075 1010
1074 1010
1074 1008
1072 1008
1072 1007
1073 1007
1073 1004
1072 1004
1072 1002
1065 1002
1065 1001
1063 1001
1063 1000
1061 1000
1061 1001
1062 1001
1062 1002
1064 1002
1064 1003
1065 1003
1065 1004
1066 1004
1066 1003
1071 1003
1071 1004
1067 1004
1067 1005
1072 1005
1072 1006
1071 1006
1071 1008
1070 1008
1070 1006
1069 1006
1069 1007
1068 1007
1068 1006
1064 1006
1064 1004
1060 1004
1060 1005
1061 1005
1061 1006
1050 1006
1050 1001
1044 1001
1044 1002
1049 1002
1049 1003
1044 1003
1044 1004
1049 1004
1049 1005
1046 1005
1046 1007
1045 1007
1045 1005
1044 1005
1044 1006
1043 1006
1043 1005
1038 1005
1038 1006
1042 1006
1042 1007
1044 1007
1044 1008
1047 1008
1047 1006
1049 1006
1049 1007
1062 1007
1062 1005
1063 1005
1063 1007
1067 1007
1067 1008
1066 1008
1066 1009
1068 1009
1068 1008
1069 1008
1069 1009
1073 1009
1073 1010
1069 1010
1069 1011
1067 1011
1067 1012
1070 1012
1070 1011
1073 1011
1073 1012
1074 1012
1074 1011
1076 1011
1076 1010
1078 1010
1078 1011
1080 1011
1080 1012
1079 1012
1079 1013
1078 1013
1078 1014
1077 1014
1077 1013
1076 1013
1076 1015
1077 1015
1077 1016
1078 1016
1078 1019
1077 1019
1077 1017
1076 1017
1076 1019
1075 1019
1075 1020
1076 1020
1076 1021
1075 1021
1075 1024
1074 1024
1074 1015
1073 1015
1073 1016
1071 1016
1071 1014
1070 1014
1070 1017
1073 1017
1073 1018
1071 1018
1071 1019
1073 1019
1073 1023
1072 1023
1072 1025
1071 1025
1071 1023
1070 1023
1070 1026
1071 1026
1071 1027
1070 1027
1070 1029
1069 1029
1069 1014
1067 1014
1067 1015
1068 1015
1068 1017
1066 1017
1066 1014
1064 1014
1064 1013
1063 1013
1063 1015
1065 1015
1065 1016
1063 1016
1063 1017
1062 1017
1062 1015
1061 1015
1061 1013
1049 1013
1049 1012
1043 1012
1043 1013
1045 1013
1045 1014
1046 1014
1046 1013
1047 1013
1047 1014
1048 1014
1048 1015
1042 1015
1042 1011
1040 1011
1040 1012
1041 1012
1041 1014
1038 1014
1038 1013
1035 1013
1035 1012
1034 1012
1034 1014
1037 1014
1037 1015
1041 1015
1041 1016
1039 1016
1039 1017
1042 1017
1042 1016
1044 1016
1044 1017
1043 1017
1043 1018
1039 1018
1039 1019
1044 1019
1044 1018
1045 1018
1045 1016
1049 1016
1049 1014
1053 1014
1053 1015
1052 1015
1052 1016
1054 1016
1054 1015
1055 1015
1055 1014
1056 1014
1056 1015
1057 1015
1057 1014
1060 1014
1060 1016
1061 1016
1061 1018
1064 1018
1064 1017
1065 1017
1065 1018
1068 1018
1068 1023
1067 1023
1067 1020
1066 1020
1066 1019
1065 1019
1065 1020
1064 1020
1064 1019
1063 1019
1063 1020
1062 1020
1062 1021
1066 1021
1066 1022
1063 1022
1063 1023
1057 1023
1057 1021
1056 1021
1056 1018
1052 1018
1052 1019
1055 1019
1055 1021
1053 1021
1053 1022
1051 1022
1051 1021
1049 1021
1049 1018
1047 1018
1047 1019
1048 1019
1048 1021
1046 1021
1046 1020
1045 1020
1045 1021
1040 1021
1040 1020
1038 1020
1038 1019
1036 1019
1036 1018
1033 1018
1033 1016
1032 1016
1032 1018
1031 1018
1031 1015
1030 1015
1030 1016
1027 1016
1027 1018
1026 1018
1026 1019
1025 1019
1025 1020
1027 1020
1027 1019
1028 1019
1028 1017
1029 1017
1029 1018
1030 1018
1030 1019
1035 1019
1035 1020
1034 1020
1034 1021
1033 1021
1033 1020
1030 1020
1030 1021
1027 1021
1027 1022
1024 1022
1024 1021
1022 1021
1022 1022
1023 1022
1023 1023
1028 1023
1028 1022
1031 1022
1031 1021
1032 1021
1032 1023
1029 1023
1029 1024
1030 1024
1030 1025
1029 1025
1029 1026
1031 1026
1031 1024
1033 1024
1033 1022
1035 1022
1035 1021
1036 1021
1036 1020
1037 1020
1037 1021
1039 1021
1039 1022
1047 1022
1047 1023
1049 1023
1049 1022
1050 1022
1050 1023
1054 1023
1054 1022
1056 1022
1056 1023
1055 1023
1055 1024
1064 1024
1064 1023
1065 1023
1065 1024
1068 1024
1068 1025
1065 1025
1065 1026
1068 1026
1068 1028
1067 1028
1067 1027
1066 1027
1066 1029
1065 1029
1065 1027
1064 1027
1064 1026
1063 1026
1063 1027
1060 1027
1060 1028
1059 1028
1059 1027
1058 1027
1058 1026
1057 1026
1057 1027
1054 1027
1054 1025
1050 1025
1050 1024
1042 1024
1042 1023
1041 1023
1041 1025
1045 1025
1045 1026
1046 1026
1046 1028
1047 1028
1047 1025
1049 1025
1049 1026
1053 1026
1053 1027
1052 1027
1052 1028
1051 1028
1051 1027
1049 1027
1049 1028
1050 1028
1050 1029
1053 1029
1053 1028
1058 1028
1058 1029
1061 1029
1061 1028
1064 1028
1064 1030
1058 1030
1058 1031
1059 1031
1059 1032
1060 1032
1060 1031
1065 1031
1065 1030
1067 1030
1067 1029
1068 1029
1068 1030
1069 1030
1069 1031
1070 1031
1070 1030
1071 1030
1071 1034
1070 1034
1070 1032
1069 1032
1069 1033
1068 1033
1068 1032
1063 1032
1063 1033
1067 1033
1067 1035
1069 1035
1069 1036
1070 1036
1070 1038
1069 1038
1069 1037
1068 1037
1068 1036
1065 1036
1065 1037
1066 1037
1066 1038
1065 1038
1065 1040
1063 1040
1063 1038
1064 1038
1064 1037
1062 1037
1062 1035
1061 1035
1061 1037
1059 1037
1059 1036
1057 1036
1057 1035
1058 1035
1058 1032
1057 1032
1057 1034
1055 1034
1055 1032
1056 1032
1056 1029
1054 1029
1054 1030
1055 1030
1055 1031
1054 1031
1054 1034
1051 1034
1051 1030
1050 1030
1050 1032
1049 1032
1049 1030
1048 1030
1048 1029
1047 1029
1047 1031
1046 1031
1046 1029
1043 1029
1043 1026
1042 1026
1042 1027
1034 1027
1034 1028
1033 1028
1033 1027
1031 1027
1031 1028
1032 1028
1032 1029
1031 1029
1031 1030
1033 1030
1033 1029
1035 1029
1035 1028
1042 1028
1042 1029
1038 1029
1038 1030
1045 1030
1045 1032
1048 1032
1048 1033
1050 1033
1050 1034
1049 1034
1049 1035
1043 1035
1043 1036
1050 1036
1050 1035
1052 1035
1052 1036
1051 1036
1051 1037
1047 1037
1047 1038
1052 1038
1052 1037
1053 1037
1053 1035
1056 1035
1056 1037
1055 1037
1055 1039
1056 1039
1056 1038
1057 1038
1057 1037
1058 1037
1058 1038
1062 1038
1062 1039
1057 1039
1057 1040
1062 1040
1062 1041
1064 1041
1064 1043
1065 1043
1065 1044
1063 1044
1063 1043
1062 1043
1062 1044
1061 1044
1061 1041
1054 1041
1054 1040
1053 1040
1053 1041
1052 1041
1052 1042
1060 1042
1060 1043
1059 1043
1059 1044
1060 1044
1060 1046
1058 1046
1058 1045
1054 1045
1054 1044
1052 1044
1052 1043
1051 1043
1051 1042
1050 1042
1050 1044
1051 1044
1051 1045
1052 1045
1052 1046
1054 1046
1054 1047
1055 1047
1055 1046
1057 1046
1057 1047
1059 1047
1059 1048
1055 1048
1055 1049
1058 1049
1058 1050
1057 1050
1057 1051
1058 1051
1058 1052
1056 1052
1056 1051
1055 1051
1055 1054
1056 1054
1056 1055
1054 1055
1054 1054
1051 1054
1051 1052
1050 1052
1050 1051
1049 1051
1049 1048
1047 1048
1047 1049
1048 1049
1048 1050
1047 1050
1047 1051
1046 1051
1046 1052
1045 1052
1045 1051
1044 1051
1044 1044
1043 1044
1043 1039
1042 1039
1042 1035
1040 1035
1040 1031
1038 1031
1038 1032
1039 1032
1039 1034
1038 1034
1038 1033
1037 1033
1037 1030
1036 1030
1036 1033
1035 1033
1035 1032
1033 1032
1033 1034
1037 1034
1037 1035
1034 1035
1034 1036
1038 1036
1038 1035
1039 1035
1039 1036
1041 1036
1041 1040
1042 1040
1042 1043
1041 1043
1041 1042
1039 1042
1039 1037
1038 1037
1038 1038
1033 1038
1033 1036
1032 1036
1032 1033
1031 1033
1031 1035
1030 1035
1030 1036
1029 1036
1029 1033
1030 1033
1030 1032
1028 1032
1028 1037
1032 1037
1032 1039
1038 1039
1038 1043
1040 1043
1040 1044
1042 1044
1042 1045
1043 1045
1043 1048
1041 1048
1041 1047
1038 1047
1038 1048
1040 1048
1040 1049
1043 1049
1043 1052
1044 1052
1044 1053
1043 1053
1043 1054
1045 1054
1045 1053
1047 1053
1047 1054
1048 1054
1048 1052
1049 1052
1049 1053
1050 1053
1050 1054
1049 1054
1049 1055
1053 1055
1053 1056
1049 1056
1049 1057
1054 1057
1054 1056
1055 1056
1055 1057
1056 1057
1056 1059
1055 1059
1055 1058
1054 1058
1054 1059
1053 1059
1053 1058
1052 1058
1052 1059
1050 1059
1050 1060
1053 1060
1053 1061
1052 1061
1052 1062
1049 1062
1049 1063
1051 1063
1051 1064
1048 1064
1048 1066
1049 1066
1049 1067
1048 1067
1048 1068
1047 1068
1047 1069
1048 1069
1048 1070
1047 1070
1047 1071
1046 1071
1046 1066
1047 1066
1047 1065
1046 1065
1046 1064
1045 1064
1045 1063
1046 1063
1046 1062
1047 1062
1047 1060
1046 1060
1046 1059
1047 1059
1047 1056
1045 1056
1045 1055
1043 1055
1043 1056
1044 1056
1044 1057
1046 1057
1046 1058
1045 1058
1045 1059
1044 1059
1044 1060
1042 1060
1042 1054
1040 1054
1040 1053
1037 1053
1037 1052
1035 1052
1035 1053
1036 1053
1036 1054
1039 1054
1039 1055
1041 1055
1041 1059
1040 1059
1040 1056
1034 1056
1034 1057
1039 1057
1039 1060
1041 1060
1041 1061
1045 1061
1045 1062
1044 1062
1044 1064
1043 1064
1043 1065
1044 1065
1044 1066
1043 1066
1043 1067
1045 1067
1045 1068
1043 1068
1043 1069
1044 1069
1044 1071
1042 1071
1042 1065
1041 1065
1041 1066
1040 1066
1040 1067
1039 1067
1039 1068
1041 1068
1041 1072
1040 1072
1040 1069
1038 1069
1038 1066
1034 1066
1034 1061
1033 1061
1033 1060
1034 1060
1034 1059
1033 1059
1033 1056
1032 1056
1032 1053
1031 1053
1031 1050
1029 1050
1029 1048
1027 1048
1027 1047
1026 1047
1026 1049
1028 1049
1028 1051
1030 1051
1030 1054
1031 1054
1031 1057
1032 1057
1032 1060
1030 1060
1030 1058
1028 1058
1028 1059
1029 1059
1029 1061
1027 1061
1027 1058
1026 1058
1026 1057
1025 1057
1025 1056
1024 1056
1024 1055
1023 1055
1023 1054
1024 1054
1024 1051
1022 1051
1022 1048
1021 1048
1021 1050
1020 1050
1020 1047
1021 1047
1021 1044
1020 1044
1020 1038
1017 1038
1017 1039
1019 1039
1019 1045
1020 1045
1020 1046
1019 1046
1019 1051
1021 1051
1021 1052
1023 1052
1023 1053
1022 1053
1022 1056
1023 1056
1023 1057
1024 1057
1024 1058
1025 1058
1025 1059
1026 1059
1026 1062
1030 1062
1030 1063
1027 1063
1027 1064
1031 1064
1031 1061
1032 1061
1032 1062
1033 1062
1033 1067
1037 1067
1037 1070
1039 1070
1039 1072
1037 1072
1037 1073
1036 1073
1036 1071
1035 1071
1035 1072
1033 1072
1033 1073
1032 1073
1032 1069
1029 1069
1029 1070
1027 1070
1027 1067
1026 1067
1026 1066
1025 1066
1025 1068
1026 1068
1026 1071
1030 1071
1030 1070
1031 1070
1031 1073
1029 1073
1029 1074
1034 1074
1034 1073
1035 1073
1035 1074
1036 1074
1036 1075
1035 1075
1035 1077
1034 1077
1034 1076
1032 1076
1032 1079
1031 1079
1031 1075
1030 1075
1030 1078
1029 1078
1029 1079
1030 1079
1030 1080
1029 1080
1029 1081
1028 1081
1028 1082
1027 1082
1027 1081
1026 1081
1026 1080
1027 1080
1027 1077
1026 1077
1026 1076
1027 1076
1027 1075
1026 1075
1026 1073
1024 1073
1024 1074
1025 1074
1025 1077
1023 1077
1023 1074
1021 1074
1021 1073
1023 1073
1023 1072
1021 1072
1021 1069
1023 1069
1023 1066
1022 1066
1022 1068
1021 1068
1021 1065
1022 1065
1022 1064
1023 1064
1023 1061
1022 1061
1022 1060
1021 1060
1021 1062
1022 1062
1022 1063
1021 1063
1021 1064
1019 1064
1019 1062
1018 1062
1018 1065
1020 1065
1020 1068
1019 1068
1019 1066
1018 1066
1018 1069
1020 1069
1020 1075
1022 1075
1022 1077
1021 1077
1021 1076
1020 1076
1020 1078
1019 1078
1019 1079
1021 1079
1021 1078
1022 1078
1022 1079
1024 1079
1024 1078
1026 1078
1026 1079
1025 1079
1025 1082
1024 1082
1024 1081
1022 1081
1022 1082
1021 1082
1021 1080
1019 1080
1019 1081
1018 1081
1018 1082
1016 1082
1016 1080
1018 1080
1018 1078
1017 1078
1017 1077
1018 1077
1018 1076
1016 1076
1016 1079
1015 1079
1015 1080
1014 1080
1014 1078
1015 1078
1015 1077
1013 1077
1013 1081
1012 1081
1012 1082
1011 1082
1011 1084
1009 1084
1009 1082
1008 1082
1008 1081
1009 1081
1009 1080
1008 1080
1008 1079
1011 1079
1011 1078
1012 1078
1012 1076
1014 1076
1014 1075
1016 1075
1016 1074
1015 1074
1015 1073
1016 1073
1016 1072
1017 1072
1017 1071
1016 1071
1016 1070
1017 1070
1017 1068
1016 1068
1016 1069
1015 1069
1015 1068
1014 1068
1014 1067
1013 1067
1013 1064
1015 1064
1015 1063
1013 1063
1013 1061
1012 1061
1012 1068
1013 1068
1013 1069
1014 1069
1014 1070
1015 1070
1015 1072
1014 1072
1014 1074
1013 1074
1013 1075
1011 1075
1011 1076
1010 1076
1010 1075
1009 1075
1009 1074
1011 1074
1011 1070
1010 1070
1010 1073
1009 1073
1009 1069
1008 1069
1008 1076
1009 1076
1009 1077
1010 1077
1010 1078
1007 1078
1007 1077
1005 1077
1005 1076
1004 1076
1004 1073
1006 1073
1006 1072
1005 1072
1005 1069
1006 1069
1006 1068
1007 1068
1007 1067
1005 1067
1005 1068
1003 1068
1003 1066
1007 1066
1007 1058
1008 1058
1008 1055
1010 1055
1010 1054
1012 1054
1012 1053
1014 1053
1014 1052
1013 1052
1013 1051
1014 1051
1014 1050
1015 1050
1015 1044
1016 1044
1016 1042
1015 1042
1015 1043
1014 1043
1014 1049
1013 1049
1013 1050
1012 1050
1012 1052
1011 1052
1011 1053
1010 1053
1010 1050
1006 1050
1006 1048
1007 1048
1007 1046
1008 1046
1008 1043
1006 1043
1006 1044
1007 1044
1007 1045
1006 1045
1006 1047
1005 1047
1005 1051
1009 1051
1009 1054
1008 1054
1008 1052
1006 1052
1006 1053
1005 1053
1005 1052
1004 1052
1004 1050
1003 1050
1003 1053
1004 1053
1004 1054
1007 1054
1007 1057
1006 1057
1006 1055
1005 1055
1005 1058
1006 1058
1006 1065
1002 1065
1002 1069
1004 1069
1004 1071
1003 1071
1003 1074
1002 1074
1002 1071
1001 1071
1001 1068
1000 1068
1000 1069
999 1069
999 1063
997 1063
997 1060
998 1060
998 1056
1001 1056
1001 1052
1002 1052
1002 1051
1001 1051
1001 1050
1000 1050
1000 1051
999 1051
999 1050
998 1050
998 1049
1001 1049
1001 1048
1002 1048
1002 1044
1001 1044
1001 1043
1003 1043
1003 1042
1005 1042
1005 1041
1003 1041
1003 1040
1004 1040
1004 1039
1003 1039
1003 1036
1004 1036
1004 1034
1008 1034
1008 1030
1007 1030
1007 1033
1005 1033
1005 1029
1004 1029
1004 1033
1003 1033
1003 1035
1002 1035
1002 1040
1001 1040
1001 1041
1002 1041
1002 1042
1000 1042
1000 1045
1001 1045
1001 1047
1000 1047
1000 1048
999 1048
999 1044
998 1044
998 1047
997 1047
997 1048
996 1048
996 1044
995 1044
995 1049
997 1049
997 1051
998 1051
998 1052
1000 1052
1000 1055
998 1055
998 1053
997 1053
997 1055
996 1055
996 1053
995 1053
995 1056
997 1056
997 1059
996 1059
996 1057
995 1057
995 1059
994 1059
994 1058
993 1058
993 1060
996 1060
996 1064
998 1064
998 1065
995 1065
995 1066
998 1066
998 1070
1000 1070
1000 1072
1001 1072
1001 1075
1003 1075
1003 1076
1001 1076
1001 1077
1004 1077
1004 1078
1006 1078
1006 1079
1004 1079
1004 1081
1002 1081
1002 1080
1000 1080
1000 1077
999 1077
999 1079
998 1079
998 1078
997 1078
997 1077
998 1077
998 1076
997 1076
997 1069
996 1069
996 1080
995 1080
995 1079
994 1079
994 1080
993 1080
993 1077
992 1077
992 1075
994 1075
994 1073
993 1073
993 1074
992 1074
992 1069
994 1069
994 1064
993 1064
993 1068
992 1068
992 1062
994 1062
994 1061
992 1061
992 1056
994 1056
994 1055
991 1055
991 1063
990 1063
990 1064
991 1064
991 1073
990 1073
990 1075
991 1075
991 1076
989 1076
989 1064
988 1064
988 1071
987 1071
987 1061
989 1061
989 1060
990 1060
990 1059
988 1059
988 1060
986 1060
986 1072
988 1072
988 1074
987 1074
987 1073
986 1073
986 1075
988 1075
988 1077
991 1077
991 1078
992 1078
992 1082
991 1082
991 1079
988 1079
988 1080
987 1080
987 1079
986 1079
986 1078
987 1078
987 1077
985 1077
985 1080
986 1080
986 1081
984 1081
984 1080
983 1080
983 1077
984 1077
984 1076
985 1076
985 1075
984 1075
984 1074
985 1074
985 1067
984 1067
984 1073
983 1073
983 1076
982 1076
982 1080
981 1080
981 1078
979 1078
979 1077
981 1077
981 1076
979 1076
979 1075
978 1075
978 1076
977 1076
977 1078
976 1078
976 1077
975 1077
975 1075
976 1075
976 1074
977 1074
977 1073
979 1073
979 1072
978 1072
978 1071
983 1071
983 1069
982 1069
982 1070
979 1070
979 1064
982 1064
982 1061
983 1061
983 1059
985 1059
985 1056
988 1056
988 1057
990 1057
990 1056
989 1056
989 1055
990 1055
990 1054
988 1054
988 1053
986 1053
986 1052
987 1052
987 1050
986 1050
986 1051
985 1051
985 1054
987 1054
987 1055
984 1055
984 1053
983 1053
983 1052
984 1052
984 1051
982 1051
982 1054
983 1054
983 1056
984 1056
984 1058
983 1058
983 1057
982 1057
982 1056
981 1056
981 1058
982 1058
982 1059
981 1059
981 1063
980 1063
980 1060
979 1060
979 1063
978 1063
978 1070
977 1070
977 1071
976 1071
976 1073
975 1073
975 1068
974 1068
974 1067
976 1067
976 1066
973 1066
973 1064
975 1064
975 1063
976 1063
976 1062
974 1062
974 1063
973 1063
973 1061
975 1061
975 1060
977 1060
977 1058
979 1058
979 1057
977 1057
977 1055
976 1055
976 1054
977 1054
977 1051
978 1051
978 1050
976 1050
976 1049
978 1049
978 1048
977 1048
977 1047
979 1047
979 1045
980 1045
980 1044
982 1044
982 1042
985 1042
985 1041
986 1041
986 1036
987 1036
987 1030
986 1030
986 1033
985 1033
985 1032
984 1032
984 1034
986 1034
986 1035
985 1035
985 1038
984 1038
984 1039
985 1039
985 1040
984 1040
984 1041
981 1041
981 1043
979 1043
979 1044
978 1044
978 1042
979 1042
979 1040
980 1040
980 1039
978 1039
978 1041
976 1041
976 1042
977 1042
977 1044
976 1044
976 1043
975 1043
975 1044
974 1044
974 1045
978 1045
978 1046
976 1046
976 1048
975 1048
975 1049
974 1049
974 1050
975 1050
975 1051
976 1051
976 1053
975 1053
975 1052
974 1052
974 1054
975 1054
975 1055
973 1055
973 1056
976 1056
976 1059
974 1059
974 1060
973 1060
973 1057
971 1057
971 1058
972 1058
972 1061
971 1061
971 1062
972 1062
972 1067
973 1067
973 1068
972 1068
972 1069
974 1069
974 1076
972 1076
972 1075
973 1075
973 1074
971 1074
971 1070
970 1070
970 1073
969 1073
969 1075
971 1075
971 1076
969 1076
969 1077
971 1077
971 1078
970 1078
970 1079
969 1079
969 1078
968 1078
968 1077
966 1077
966 1076
965 1076
965 1077
964 1077
964 1075
962 1075
962 1074
968 1074
968 1073
963 1073
963 1072
969 1072
969 1071
967 1071
967 1070
966 1070
966 1071
965 1071
965 1070
964 1070
964 1069
963 1069
963 1068
965 1068
965 1069
968 1069
968 1070
969 1070
969 1068
966 1068
966 1067
967 1067
967 1066
968 1066
968 1064
969 1064
969 1061
968 1061
968 1063
967 1063
967 1065
966 1065
966 1066
965 1066
965 1063
966 1063
966 1060
970 1060
970 1059
969 1059
969 1054
968 1054
968 1059
967 1059
967 1058
965 1058
965 1062
964 1062
964 1061
962 1061
962 1062
963 1062
963 1064
964 1064
964 1067
963 1067
963 1066
959 1066
959 1067
958 1067
958 1069
957 1069
957 1068
956 1068
956 1067
957 1067
957 1066
958 1066
958 1063
957 1063
957 1062
959 1062
959 1063
960 1063
960 1062
961 1062
961 1060
963 1060
963 1059
960 1059
960 1061
957 1061
957 1060
958 1060
958 1058
961 1058
961 1057
964 1057
964 1056
966 1056
966 1055
963 1055
963 1056
960 1056
960 1057
956 1057
956 1058
957 1058
957 1059
955 1059
955 1057
952 1057
952 1056
954 1056
954 1054
965 1054
965 1053
966 1053
966 1052
972 1052
972 1051
970 1051
970 1050
971 1050
971 1049
970 1049
970 1048
969 1048
969 1051
968 1051
968 1050
966 1050
966 1051
965 1051
965 1052
964 1052
964 1053
959 1053
959 1050
958 1050
958 1053
957 1053
957 1049
961 1049
961 1048
962 1048
962 1047
967 1047
967 1046
971 1046
971 1045
973 1045
973 1043
974 1043
974 1042
975 1042
975 1040
974 1040
974 1038
977 1038
977 1037
978 1037
978 1035
977 1035
977 1036
976 1036
976 1037
974 1037
974 1035
973 1035
973 1031
970 1031
970 1032
972 1032
972 1035
971 1035
971 1036
973 1036
973 1037
972 1037
972 1038
973 1038
973 1042
972 1042
972 1044
970 1044
970 1045
967 1045
967 1044
968 1044
968 1042
970 1042
970 1041
972 1041
972 1040
970 1040
970 1038
969 1038
969 1041
967 1041
967 1043
966 1043
966 1046
961 1046
961 1045
963 1045
963 1044
962 1044
962 1043
965 1043
965 1042
963 1042
963 1041
966 1041
966 1039
967 1039
967 1038
966 1038
966 1036
965 1036
965 1040
962 1040
962 1042
961 1042
961 1044
960 1044
960 1048
958 1048
958 1046
957 1046
957 1048
956 1048
956 1053
954 1053
954 1051
955 1051
955 1050
953 1050
953 1055
949 1055
949 1054
950 1054
950 1053
951 1053
951 1054
952 1054
952 1052
951 1052
951 1051
948 1051
948 1050
951 1050
951 1049
953 1049
953 1046
955 1046
955 1045
953 1045
953 1044
958 1044
958 1043
953 1043
953 1040
959 1040
959 1038
964 1038
964 1037
958 1037
958 1039
956 1039
956 1037
957 1037
957 1035
958 1035
958 1034
959 1034
959 1035
970 1035
970 1033
969 1033
969 1034
967 1034
967 1032
966 1032
966 1034
964 1034
964 1033
965 1033
965 1032
964 1032
964 1031
965 1031
965 1030
963 1030
963 1034
962 1034
962 1033
961 1033
961 1034
960 1034
960 1033
959 1033
959 1032
961 1032
961 1029
960 1029
960 1030
959 1030
959 1031
958 1031
958 1032
957 1032
957 1034
956 1034
956 1031
957 1031
957 1029
958 1029
958 1027
960 1027
960 1028
962 1028
962 1029
963 1029
963 1026
962 1026
962 1027
961 1027
961 1022
962 1022
962 1017
961 1017
961 1016
962 1016
962 1015
966 1015
966 1017
969 1017
969 1015
968 1015
968 1016
967 1016
967 1014
961 1014
961 1015
960 1015
960 1018
961 1018
961 1021
960 1021
960 1022
959 1022
959 1023
960 1023
960 1026
958 1026
958 1024
957 1024
957 1028
956 1028
956 1030
955 1030
955 1035
956 1035
956 1036
955 1036
955 1039
954 1039
954 1036
953 1036
953 1039
952 1039
952 1042
951 1042
951 1043
952 1043
952 1045
950 1045
950 1041
949 1041
949 1046
952 1046
952 1048
950 1048
950 1049
948 1049
948 1048
949 1048
949 1047
948 1047
948 1046
947 1046
947 1045
946 1045
946 1046
945 1046
945 1049
944 1049
944 1048
943 1048
943 1049
942 1049
942 1045
944 1045
944 1044
943 1044
943 1043
945 1043
945 1042
947 1042
947 1041
946 1041
946 1040
950 1040
950 1039
949 1039
949 1038
952 1038
952 1036
951 1036
951 1037
948 1037
948 1039
947 1039
947 1037
946 1037
946 1036
945 1036
945 1034
948 1034
948 1033
950 1033
950 1031
953 1031
953 1028
955 1028
955 1027
956 1027
956 1026
955 1026
955 1024
956 1024
956 1023
954 1023
954 1022
957 1022
957 1021
958 1021
958 1020
956 1020
956 1021
953 1021
953 1024
954 1024
954 1027
953 1027
953 1025
952 1025
952 1030
951 1030
951 1028
949 1028
949 1029
950 1029
950 1030
949 1030
949 1032
948 1032
948 1028
947 1028
947 1033
945 1033
945 1028
946 1028
946 1027
944 1027
944 1038
946 1038
946 1039
945 1039
945 1041
944 1041
944 1042
943 1042
943 1040
942 1040
942 1039
943 1039
943 1038
941 1038
941 1042
942 1042
942 1043
940 1043
940 1044
941 1044
941 1047
940 1047
940 1046
939 1046
939 1047
938 1047
938 1045
937 1045
937 1047
935 1047
935 1046
934 1046
934 1047
933 1047
933 1046
931 1046
931 1047
930 1047
930 1045
933 1045
933 1043
936 1043
936 1040
939 1040
939 1039
935 1039
935 1042
934 1042
934 1041
932 1041
932 1044
930 1044
930 1042
929 1042
929 1046
928 1046
928 1044
927 1044
927 1043
925 1043
925 1042
924 1042
924 1040
926 1040
926 1039
925 1039
925 1036
927 1036
927 1038
928 1038
928 1039
934 1039
934 1038
935 1038
935 1037
934 1037
934 1036
937 1036
937 1034
936 1034
936 1035
935 1035
935 1032
934 1032
934 1034
933 1034
933 1038
931 1038
931 1037
932 1037
932 1036
930 1036
930 1038
929 1038
929 1037
928 1037
928 1036
929 1036
929 1035
931 1035
931 1034
928 1034
928 1033
927 1033
927 1035
925 1035
925 1034
922 1034
922 1033
926 1033
926 1032
924 1032
924 1031
922 1031
922 1030
926 1030
926 1029
928 1029
928 1030
932 1030
932 1031
933 1031
933 1030
935 1030
935 1029
936 1029
936 1031
938 1031
938 1030
937 1030
937 1028
940 1028
940 1027
937 1027
937 1026
941 1026
941 1025
938 1025
938 1024
939 1024
939 1023
937 1023
937 1024
936 1024
936 1028
935 1028
935 1027
934 1027
934 1029
929 1029
929 1028
930 1028
930 1027
927 1027
927 1025
926 1025
926 1026
925 1026
925 1027
926 1027
926 1028
925 1028
925 1029
924 1029
924 1028
923 1028
923 1027
922 1027
922 1026
923 1026
923 1025
922 1025
922 1024
923 1024
923 1023
921 1023
921 1021
924 1021
924 1022
925 1022
925 1021
926 1021
926 1024
927 1024
927 1023
934 1023
934 1024
935 1024
935 1023
936 1023
936 1022
938 1022
938 1021
939 1021
939 1020
937 1020
937 1021
935 1021
935 1022
930 1022
930 1020
929 1020
929 1022
927 1022
927 1021
928 1021
928 1020
926 1020
926 1019
931 1019
931 1020
934 1020
934 1019
939 1019
939 1018
940 1018
940 1019
941 1019
941 1021
942 1021
942 1022
944 1022
944 1021
943 1021
943 1020
942 1020
942 1019
947 1019
947 1017
946 1017
946 1018
945 1018
945 1017
944 1017
944 1018
943 1018
943 1016
942 1016
942 1018
941 1018
941 1017
938 1017
938 1018
933 1018
933 1019
932 1019
932 1018
928 1018
928 1017
933 1017
933 1016
937 1016
937 1015
932 1015
932 1016
928 1016
928 1015
927 1015
927 1017
926 1017
926 1015
925 1015
925 1019
924 1019
924 1020
923 1020
923 1017
922 1017
922 1014
923 1014
923 1012
925 1012
925 1014
927 1014
927 1013
926 1013
926 1011
925 1011
925 1010
928 1010
928 1009
929 1009
929 1010
933 1010
933 1009
930 1009
930 1008
934 1008
934 1011
936 1011
936 1010
935 1010
935 1009
936 1009
936 1008
935 1008
935 1007
937 1007
937 1008
938 1008
938 1011
939 1011
939 1010
940 1010
940 1014
943 1014
943 1013
941 1013
941 1010
942 1010
942 1009
944 1009
944 1015
946 1015
946 1014
945 1014
945 1011
946 1011
946 1013
947 1013
947 1015
948 1015
948 1014
949 1014
949 1015
953 1015
953 1017
956 1017
956 1016
954 1016
954 1015
956 1015
956 1014
957 1014
957 1013
969 1013
969 1012
956 1012
956 1013
955 1013
955 1014
950 1014
950 1013
948 1013
948 1012
947 1012
947 1011
948 1011
948 1010
950 1010
950 1009
952 1009
952 1008
955 1008
955 1009
962 1009
962 1010
967 1010
967 1009
963 1009
963 1008
962 1008
962 1007
961 1007
961 1008
960 1008
960 1007
959 1007
959 1008
956 1008
956 1005
958 1005
958 1006
960 1006
960 1005
959 1005
959 1004
955 1004
955 1007
951 1007
951 1008
949 1008
949 1009
947 1009
947 1010
945 1010
945 1008
942 1008
942 1007
943 1007
943 1005
945 1005
945 1004
944 1004
944 1002
943 1002
943 1004
942 1004
942 1006
941 1006
941 1009
940 1009
940 1008
939 1008
939 1007
938 1007
938 1006
940 1006
940 1005
937 1005
937 1006
935 1006
935 1005
934 1005
934 1007
932 1007
932 1006
933 1006
933 1005
931 1005
931 1007
929 1007
929 1008
927 1008
927 1009
925 1009
925 1008
926 1008
926 1007
925 1007
925 1006
924 1006
924 1011
922 1011
922 1012
921 1012
921 1011
920 1011
920 1010
918 1010
918 1011
917 1011
917 1009
919 1009
919 1008
918 1008
918 1007
920 1007
920 1009
923 1009
923 1008
922 1008
922 1007
921 1007
921 1006
919 1006
919 1005
920 1005
920 1004
921 1004
921 1005
922 1005
922 1006
923 1006
923 1005
927 1005
927 1004
924 1004
924 1003
926 1003
926 1002
922 1002
922 1003
921 1003
921 1002
920 1002
920 1001
922 1001
922 1000
923 1000
923 998
924 998
924 1000
926 1000
926 999
925 999
925 998
926 998
926 997
925 997
925 996
927 996
927 997
928 997
928 995
924 995
924 994
928 994
928 993
929 993
929 995
931 995
931 996
930 996
930 999
931 999
931 1001
938 1001
938 1002
940 1002
940 1003
942 1003
942 1002
941 1002
941 1001
939 1001
939 1000
938 1000
938 999
937 999
937 1000
932 1000
932 999
936 999
936 998
931 998
931 997
932 997
932 995
933 995
933 997
934 997
934 996
935 996
935 997
939 997
939 999
943 999
943 998
942 998
942 997
953 997
953 1002
959 1002
959 1001
954 1001
