6660
100122 99674
99942 99964
100000 100000
100216 99652
100158 99616
100194 99558
100252 99594
100324 99478
100208 99406
100244 99348
100302 99384
100338 99326
100396 99362
100360 99420
100418 99456
100490 99340
100374 99268
100446 99152
100330 99080
100438 98906
100496 98942
100676 98652
100560 98580
100632 98464
100400 98320
100616 97972
100558 97936
100666 97762
100492 97654
100564 97538
100506 97502
100686 97212
100396 97032
100432 96974
100374 96938
100518 96706
100460 96670
100532 96554
100474 96518
100510 96460
100626 96532
100554 96648
100728 96756
100692 96814
100808 96886
100844 96828
100786 96792
100822 96734
100648 96626
100720 96510
100778 96546
100742 96604
100974 96748
101010 96690
100836 96582
100872 96524
100698 96416
100662 96474
100546 96402
100582 96344
100350 96200
100386 96142
100328 96106
100364 96048
100248 95976
100356 95802
100472 95874
100580 95700
100522 95664
100450 95780
100392 95744
100464 95628
100406 95592
100334 95708
100102 95564
100174 95448
99884 95268
99920 95210
99804 95138
99840 95080
99434 94828
99470 94770
99586 94842
99622 94784
99680 94820
99644 94878
99702 94914
99738 94856
99970 95000
99934 95058
99992 95094
99956 95152
100014 95188
100050 95130
100108 95166
100144 95108
100202 95144
100238 95086
100412 95194
100448 95136
100216 94992
100180 95050
100122 95014
100086 95072
100028 95036
100064 94978
99658 94726
99730 94610
99846 94682
99810 94740
99868 94776
99904 94718
99962 94754
99926 94812
100042 94884
100078 94826
100020 94790
100056 94732
99882 94624
99918 94566
99860 94530
99896 94472
99954 94508
99990 94450
99874 94378
99838 94436
99780 94400
99744 94458
99686 94422
99722 94364
99664 94328
99700 94270
99816 94342
99852 94284
99910 94320
99946 94262
100004 94298
99968 94356
100026 94392
100062 94334
100120 94370
100048 94486
100106 94522
100070 94580
100302 94724
100194 94898
100252 94934
100360 94760
100418 94796
100310 94970
100368 95006
100440 94890
100498 94926
100426 95042
100484 95078
100556 94962
100614 94998
100542 95114
100658 95186
100550 95360
100608 95396
100500 95570
100732 95714
100660 95830
100718 95866
100790 95750
100848 95786
100776 95902
101008 96046
100972 96104
101030 96140
100958 96256
101132 96364
101168 96306
101052 96234
101088 96176
101262 96284
101334 96168
101276 96132
101240 96190
101066 96082
101102 96024
101044 95988
101080 95930
101312 96074
101384 95958
101326 95922
101290 95980
101058 95836
100986 95952
100870 95880
100942 95764
100768 95656
100804 95598
100920 95670
100956 95612
101014 95648
100978 95706
101152 95814
101188 95756
101072 95684
101108 95626
100934 95518
100898 95576
100782 95504
100710 95620
100594 95548
100630 95490
100688 95526
100760 95410
100644 95338
100680 95280
100912 95424
100948 95366
100716 95222
100752 95164
100636 95092
100708 94976
100476 94832
100512 94774
100628 94846
100664 94788
100490 94680
100454 94738
100396 94702
100432 94644
100374 94608
100338 94666
100280 94630
100316 94572
100258 94536
100222 94594
100164 94558
100200 94500
100142 94464
100178 94406
100584 94658
100620 94600
100794 94708
100830 94650
100598 94506
100562 94564
100098 94276
100134 94218
100192 94254
100228 94196
100344 94268
100416 94152
100590 94260
100554 94318
100670 94390
100706 94332
100764 94368
100728 94426
100786 94462
100822 94404
101054 94548
101090 94490
100394 94058
100430 94000
100372 93964
100336 94022
100278 93986
100350 93870
100466 93942
100538 93826
100596 93862
100488 94036
100836 94252
100872 94194
100582 94014
100618 93956
100850 94100
100886 94042
100712 93934
100748 93876
100864 93948
100900 93890
100726 93782
100762 93724
100704 93688
100740 93630
100856 93702
100820 93760
100936 93832
100972 93774
101088 93846
101124 93788
100892 93644
100928 93586
100870 93550
100906 93492
100848 93456
100920 93340
100804 93268
100840 93210
101072 93354
101036 93412
101094 93448
101022 93564
101080 93600
101116 93542
101174 93578
101102 93694
101160 93730
101304 93498
101362 93534
101398 93476
101340 93440
101376 93382
101260 93310
101332 93194
101390 93230
101354 93288
101412 93324
101448 93266
101506 93302
101434 93418
101492 93454
101312 93744
101254 93708
101218 93766
101334 93838
101586 93432
101644 93468
101572 93584
101630 93620
101558 93736
101500 93700
101356 93932
101240 93860
101204 93918
101262 93954
101226 94012
101284 94048
101248 94106
101190 94070
101010 94360
101068 94396
101212 94164
101270 94200
101522 93794
101580 93830
101544 93888
101602 93924
101566 93982
101508 93946
101400 94120
101458 94156
101530 94040
101588 94076
101408 94366
101350 94330
101314 94388
101198 94316
101126 94432
101184 94468
101220 94410
101278 94446
101062 94794
101120 94830
101012 95004
101070 95040
101034 95098
101092 95134
101056 95192
101114 95228
101186 95112
101128 95076
101164 95018
101106 94982
101178 94866
101236 94902
101200 94960
101258 94996
101330 94880
101156 94772
101372 94424
101430 94460
101502 94344
101560 94380
101596 94322
101538 94286
101646 94112
101704 94148
101632 94264
101748 94336
101640 94510
101582 94474
101546 94532
101488 94496
101452 94554
101394 94518
101322 94634
101380 94670
101416 94612
101474 94648
101366 94822
101424 94858
101604 94568
101662 94604
101446 94952
101388 94916
101244 95148
101302 95184
101410 95010
101468 95046
101612 94814
101670 94850
101634 94908
101692 94944
101620 95060
101678 95096
101606 95212
101664 95248
101772 95074
101714 95038
101750 94980
101808 95016
101844 94958
101728 94886
101764 94828
101648 94756
101756 94582
101698 94546
101842 94314
101784 94278
101820 94220
101936 94292
101900 94350
101958 94386
101814 94618
101872 94654
101944 94538
102002 94574
102038 94516
101980 94480
102016 94422
102074 94458
102110 94400
102052 94364
102088 94306
102204 94378
102060 94610
102118 94646
102082 94704
101966 94632
101822 94864
101880 94900
101988 94726
102104 94798
102140 94740
102198 94776
102126 94892
102068 94856
102032 94914
101974 94878
101902 94994
101960 95030
101852 95204
101910 95240
101874 95298
101816 95262
101780 95320
101722 95284
101686 95342
101570 95270
101498 95386
101440 95350
101332 95524
101390 95560
101246 95792
101304 95828
101340 95770
101456 95842
101492 95784
101376 95712
101412 95654
101470 95690
101506 95632
101448 95596
101484 95538
101426 95502
101462 95444
101520 95480
101592 95364
101650 95400
101542 95574
101658 95646
101514 95878
101572 95914
101500 96030
101674 96138
101638 96196
101754 96268
101646 96442
101704 96478
101776 96362
101834 96398
101870 96340
101812 96304
101848 96246
101732 96174
101768 96116
101594 96008
101666 95892
101608 95856
101752 95624
101636 95552
101672 95494
101730 95530
101766 95472
101708 95436
101744 95378
101802 95414
101838 95356
101954 95428
101990 95370
101932 95334
102004 95218
101946 95182
102090 94950
102206 95022
102242 94964
102184 94928
102292 94754
102350 94790
102386 94732
102270 94660
102234 94718
102176 94682
102212 94624
102154 94588
102334 94298
102276 94262
102312 94204
102370 94240
102406 94182
102464 94218
102428 94276
102544 94348
102436 94522
102378 94486
102306 94602
102364 94638
102400 94580
102458 94616
102494 94558
102552 94594
102408 94826
102466 94862
102718 94456
102776 94492
102812 94434
102870 94470
102906 94412
102964 94448
102820 94680
102704 94608
102668 94666
102726 94702
102618 94876
102676 94912
102604 95028
102662 95064
102626 95122
102452 95014
102344 95188
102228 95116
102192 95174
102308 95246
102128 95536
102012 95464
101976 95522
102034 95558
101998 95616
101940 95580
101796 95812
101854 95848
101962 95674
102020 95710
102056 95652
102114 95688
102042 95804
102216 95912
101820 96550
101878 96586
101842 96644
101784 96608
101676 96782
101734 96818
101806 96702
101922 96774
101886 96832
101828 96796
101720 96970
101778 97006
101850 96890
101908 96926
102016 96752
101900 96680
101972 96564
101914 96528
102166 96122
102224 96158
102260 96100
102202 96064
102310 95890
102136 95782
102172 95724
102230 95760
102266 95702
102150 95630
102186 95572
102360 95680
102396 95622
102222 95514
102258 95456
102316 95492
102352 95434
102294 95398
102474 95108
102648 95216
102612 95274
102554 95238
102518 95296
102460 95260
102388 95376
102446 95412
102482 95354
102540 95390
102576 95332
102634 95368
102562 95484
102504 95448
102468 95506
102526 95542
102454 95658
102512 95694
102656 95462
102714 95498
102642 95614
102758 95686
102794 95628
102736 95592
102808 95476
102692 95404
102764 95288
102706 95252
102742 95194
102684 95158
102756 95042
102872 95114
102908 95056
102734 94948
102770 94890
102712 94854
102784 94738
102842 94774
102806 94832
102922 94904
102958 94846
103074 94918
103038 94976
102980 94940
102944 94998
103002 95034
102966 95092
103024 95128
103060 95070
103118 95106
103082 95164
103140 95200
103068 95316
103126 95352
103234 95178
103292 95214
103112 95504
103170 95540
103098 95656
103040 95620
103004 95678
102946 95642
102910 95700
103026 95772
103062 95714
103120 95750
103264 95518
103206 95482
103314 95308
103430 95380
103466 95322
103350 95250
103386 95192
103154 95048
103226 94932
103284 94968
103248 95026
103306 95062
103342 95004
103400 95040
103364 95098
103422 95134
103494 95018
103378 94946
103414 94888
103356 94852
103392 94794
103450 94830
103486 94772
103544 94808
103616 94692
103674 94728
103566 94902
103624 94938
103732 94764
103790 94800
103646 95032
103704 95068
103776 94952
103834 94988
103870 94930
104044 95038
104080 94980
104254 95088
104218 95146
104160 95110
104088 95226
104030 95190
103994 95248
103936 95212
103972 95154
103914 95118
103878 95176
103820 95140
103748 95256
103806 95292
103842 95234
103900 95270
103864 95328
104038 95436
104002 95494
103828 95386
103792 95444
103676 95372
103640 95430
103756 95502
103684 95618
103626 95582
103590 95640
103706 95712
103814 95538
103872 95574
103800 95690
103858 95726
103786 95842
103496 95662
103460 95720
103692 95864
103620 95980
103562 95944
103526 96002
103468 95966
103432 96024
103548 96096
103404 96328
103346 96292
103382 96234
103324 96198
103360 96140
103186 96032
103078 96206
102788 96026
102644 96258
102586 96222
102622 96164
102390 96020
102282 96194
102340 96230
102412 96114
102528 96186
102492 96244
102434 96208
102326 96382
102152 96274
102080 96390
102138 96426
102174 96368
102290 96440
102254 96498
102196 96462
102052 96694
102110 96730
102146 96672
102204 96708
102132 96824
102190 96860
102226 96802
102284 96838
102320 96780
102262 96744
102298 96686
102182 96614
102218 96556
102276 96592
102456 96302
102514 96338
102478 96396
102536 96432
102500 96490
102558 96526
102486 96642
102370 96570
102334 96628
102508 96736
102580 96620
102638 96656
102566 96772
102624 96808
102732 96634
102616 96562
102652 96504
102594 96468
102630 96410
102572 96374
102608 96316
102666 96352
102810 96120
102926 96192
102890 96250
102948 96286
102984 96228
103100 96300
103208 96126
103266 96162
103230 96220
103288 96256
103252 96314
103310 96350
103238 96466
103296 96502
103368 96386
103484 96458
103412 96574
103470 96610
103398 96726
103224 96618
103188 96676
103304 96748
103268 96806
103094 96698
103166 96582
102934 96438
102898 96496
103072 96604
102964 96778
102906 96742
102870 96800
102754 96728
102682 96844
102798 96916
102834 96858
102892 96894
102928 96836
102986 96872
103058 96756
103116 96792
103008 96966
102950 96930
102914 96988
102856 96952
102820 97010
102704 96938
102668 96996
102610 96960
102646 96902
102472 96794
102436 96852
102494 96888
102422 97004
102480 97040
102516 96982
102574 97018
102538 97076
102596 97112
102560 97170
102328 97026
102292 97084
102350 97120
102314 97178
102140 97070
102104 97128
102220 97200
102184 97258
102010 97150
102046 97092
101988 97056
101736 97462
101678 97426
101642 97484
101758 97556
101974 97208
102090 97280
102054 97338
101996 97302
101960 97360
102076 97432
102148 97316
102206 97352
102278 97236
102336 97272
102408 97156
102582 97264
102726 97032
102842 97104
102806 97162
102748 97126
102712 97184
102828 97256
102972 97024
103030 97060
103174 96828
103232 96864
103088 97096
103146 97132
103110 97190
103168 97226
103132 97284
103016 97212
102872 97444
102814 97408
102778 97466
102720 97430
102648 97546
102416 97402
102308 97576
102250 97540
102106 97772
102164 97808
102128 97866
102186 97902
102150 97960
102034 97888
101998 97946
102172 98054
102280 97880
102222 97844
102258 97786
102200 97750
102272 97634
102330 97670
102438 97496
102670 97640
102742 97524
102800 97560
102836 97502
102952 97574
102916 97632
102858 97596
102822 97654
102938 97726
103046 97552
102930 97480
103038 97306
103154 97378
103262 97204
103204 97168
103240 97110
103298 97146
103334 97088
103218 97016
103326 96842
103442 96914
103370 97030
103428 97066
103536 96892
103420 96820
103528 96646
103586 96682
103550 96740
103666 96812
103702 96754
103644 96718
103680 96660
103622 96624
103658 96566
103600 96530
103564 96588
103506 96552
103578 96436
103462 96364
103750 95900
103808 95936
103916 95762
103974 95798
103902 95914
103960 95950
103996 95892
104054 95928
103982 96044
103866 95972
103830 96030
103888 96066
103816 96182
103874 96218
103946 96102
104004 96138
104040 96080
104156 96152
104120 96210
104062 96174
103918 96406
103744 96298
103708 96356
103824 96428
103788 96486
103846 96522
103810 96580
103868 96616
103688 96906
103630 96870
103522 97044
103580 97080
103400 97370
103458 97406
103386 97522
103444 97558
103552 97384
103494 97348
103674 97058
103616 97022
103652 96964
103710 97000
103962 96594
103904 96558
103940 96500
103998 96536
104070 96420
104012 96384
104084 96268
104142 96304
104178 96246
104236 96282
104272 96224
104330 96260
104366 96202
104076 96022
104148 95906
104206 95942
104242 95884
104300 95920
104228 96036
104344 96108
104416 95992
104474 96028
104438 96086
104496 96122
104568 96006
104510 95970
104582 95854
104640 95890
104604 95948
104662 95984
104626 96042
104800 96150
104764 96208
104706 96172
104634 96288
104692 96324
104584 96498
104352 96354
104316 96412
104606 96592
104570 96650
104222 96434
104186 96492
104128 96456
103984 96688
104042 96724
104150 96550
104208 96586
104244 96528
104302 96564
104266 96622
104382 96694
104274 96868
104216 96832
104180 96890
104064 96818
104028 96876
103912 96804
103876 96862
104050 96970
104086 96912
104144 96948
104000 97180
104058 97216
104166 97042
104224 97078
104260 97020
104202 96984
104238 96926
104296 96962
104404 96788
104462 96824
104498 96766
104556 96802
104592 96744
104650 96780
104578 96896
104636 96932
104600 96990
104426 96882
104390 96940
104448 96976
104412 97034
104470 97070
104506 97012
104564 97048
104492 97164
104434 97128
104398 97186
104456 97222
104420 97280
104478 97316
104622 97084
104680 97120
104608 97236
104666 97272
104702 97214
104760 97250
104724 97308
104782 97344
104746 97402
104572 97294
104536 97352
104768 97496
104840 97380
104898 97416
104790 97590
104558 97446
104522 97504
104464 97468
104500 97410
104326 97302
104290 97360
104406 97432
104370 97490
103964 97238
103928 97296
104044 97368
103900 97600
103958 97636
104102 97404
104218 97476
104110 97650
104052 97614
104016 97672
104132 97744
104276 97512
104334 97548
104298 97606
104356 97642
104428 97526
104486 97562
104378 97736
104436 97772
104508 97656
104566 97692
104602 97634
104544 97598
104580 97540
104696 97612
104660 97670
104718 97706
104682 97764
104624 97728
104588 97786
104704 97858
104884 97568
104942 97604
104906 97662
104964 97698
105000 97640
105116 97712
105080 97770
105022 97734
104986 97792
105102 97864
105210 97690
105152 97654
105188 97596
105420 97740
105384 97798
105442 97834
105514 97718
105572 97754
105536 97812
105594 97848
105558 97906
105616 97942
105652 97884
105710 97920
105638 98036
105696 98072
105624 98188
105566 98152
105602 98094
105370 97950
105406 97892
105348 97856
105276 97972
105508 98116
105472 98174
105414 98138
105378 98196
105262 98124
105298 98066
105124 97958
105088 98016
105146 98052
105110 98110
104994 98038
105030 97980
104972 97944
104936 98002
104878 97966
104806 98082
104864 98118
104900 98060
105132 98204
105096 98262
104922 98154
104850 98270
104966 98342
104930 98400
104988 98436
105024 98378
105140 98450
105176 98392
105234 98428
105198 98486
105314 98558
105278 98616
105104 98508
104996 98682
104880 98610
104916 98552
104974 98588
105010 98530
104894 98458
104822 98574
104706 98502
104742 98444
104568 98336
104640 98220
104582 98184
104690 98010
104632 97974
104560 98090
104502 98054
104610 97880
104494 97808
104422 97924
104480 97960
104444 98018
104328 97946
104364 97888
104306 97852
104270 97910
104154 97838
104118 97896
104060 97860
104096 97802
103748 97586
103712 97644
104002 97824
103966 97882
103850 97810
103778 97926
103604 97818
103676 97702
103618 97666
103546 97782
103488 97746
103452 97804
103394 97768
103358 97826
103474 97898
103438 97956
103322 97884
103250 98000
103192 97964
103156 98022
103272 98094
103344 97978
103460 98050
103568 97876
103742 97984
103706 98042
103648 98006
103576 98122
103518 98086
103482 98144
103540 98180
103504 98238
103446 98202
103410 98260
103526 98332
103670 98100
103728 98136
103620 98310
103678 98346
103822 98114
103764 98078
103872 97904
103988 97976
104024 97918
104198 98026
104234 97968
104408 98076
104336 98192
104394 98228
104466 98112
104524 98148
104488 98206
104546 98242
104474 98358
104648 98466
104612 98524
104264 98308
104300 98250
104126 98142
104018 98316
103902 98244
103866 98302
103924 98338
103888 98396
103946 98432
103982 98374
104040 98410
104148 98236
104206 98272
104170 98330
104286 98402
104214 98518
104156 98482
104120 98540
104236 98612
104344 98438
104460 98510
104424 98568
104482 98604
104518 98546
104576 98582
104540 98640
104598 98676
104670 98560
104786 98632
104714 98748
104656 98712
104620 98770
104388 98626
104352 98684
104294 98648
104258 98706
104084 98598
104048 98656
103990 98620
103954 98678
103838 98606
103802 98664
103860 98700
103824 98758
103708 98686
103672 98744
103440 98600
103476 98542
103244 98398
103280 98340
103222 98304
103150 98420
103382 98564
103346 98622
102824 98298
102788 98356
102730 98320
102586 98552
102412 98444
102268 98676
102152 98604
102116 98662
102058 98626
101986 98742
102044 98778
102080 98720
102138 98756
102174 98698
102290 98770
102434 98538
102608 98646
102752 98414
102810 98450
102846 98392
103194 98608
103050 98840
103108 98876
103252 98644
103368 98716
103404 98658
103578 98766
103434 98998
103376 98962
103340 99020
103166 98912
103058 99086
103000 99050
102964 99108
103080 99180
103188 99006
103304 99078
103232 99194
103290 99230
103254 99288
103196 99252
103052 99484
102936 99412
102900 99470
102784 99398
102712 99514
102654 99478
102618 99536
102560 99500
102524 99558
102292 99414
102112 99704
101996 99632
101852 99864
101562 99684
101526 99742
101468 99706
101288 99996
101230 99960
101194 100018
101252 100054
101216 100112
100926 99932
100998 99816
100940 99780
100976 99722
100802 99614
100766 99672
100476 99492
100440 99550
100382 99514
100346 99572
100462 99644
100498 99586
100614 99658
100578 99716
100636 99752
100672 99694
100730 99730
100694 99788
100752 99824
100824 99708
100882 99744
100846 99802
100904 99838
100868 99896
100810 99860
100774 99918
100716 99882
100680 99940
100738 99976
100702 100034
100528 99926
100600 99810
100484 99738
100448 99796
100506 99832
100470 99890
100238 99746
100202 99804
100260 99840
100224 99898
100282 99934
100318 99876
100724 100128
100832 99954
101238 100206
101490 99800
101548 99836
101584 99778
101874 99958
102018 99726
102134 99798
102314 99508
102546 99652
102582 99594
102640 99630
102676 99572
102792 99644
102828 99586
102770 99550
102806 99492
102922 99564
102958 99506
103074 99578
103182 99404
103240 99440
103384 99208
103326 99172
103398 99056
103514 99128
103478 99186
103536 99222
103500 99280
103558 99316
103630 99200
103572 99164
103608 99106
103550 99070
103586 99012
103528 98976
103600 98860
103658 98896
103730 98780
103788 98816
103680 98990
103738 99026
103918 98736
103976 98772
103940 98830
103998 98866
103962 98924
103904 98888
103868 98946
103926 98982
103890 99040
103948 99076
104092 98844
104034 98808
104106 98692
104280 98800
104316 98742
104374 98778
104410 98720
104584 98828
104548 98886
104490 98850
104454 98908
104338 98836
104230 99010
104114 98938
104078 98996
104136 99032
104100 99090
104158 99126
104194 99068
104252 99104
104360 98930
104476 99002
104512 98944
104570 98980
104678 98806
104736 98842
104844 98668
104902 98704
104830 98820
104888 98856
104852 98914
104794 98878
104758 98936
104700 98900
104664 98958
104722 98994
104614 99168
104556 99132
104520 99190
104636 99262
104816 98972
104874 99008
104982 98834
105040 98870
104968 98986
105084 99058
105048 99116
104990 99080
104954 99138
105070 99210
104998 99326
104824 99218
104860 99160
104802 99124
104694 99298
104752 99334
104788 99276
104846 99312
104774 99428
104426 99212
104390 99270
104564 99378
104492 99494
104376 99422
104412 99364
104122 99184
104086 99242
104028 99206
104064 99148
104006 99112
103970 99170
103854 99098
103818 99156
103876 99192
103840 99250
103898 99286
103934 99228
103992 99264
103920 99380
103804 99308
103732 99424
103674 99388
103638 99446
103812 99554
103848 99496
103790 99460
103826 99402
103942 99474
104050 99300
104108 99336
104144 99278
104318 99386
104282 99444
104398 99516
104362 99574
104246 99502
104210 99560
104036 99452
104000 99510
104174 99618
104102 99734
103928 99626
103892 99684
103834 99648
103798 99706
103914 99778
103950 99720
104008 99756
103936 99872
103704 99728
103668 99786
103610 99750
103574 99808
103516 99772
103444 99888
103270 99780
103198 99896
103082 99824
102902 100114
102844 100078
102700 100310
102816 100382
102852 100324
102794 100288
102866 100172
102924 100208
103104 99918
103220 99990
103292 99874
103466 99982
103538 99866
103596 99902
103632 99844
103690 99880
103726 99822
103784 99858
103676 100032
103560 99960
103524 100018
103698 100126
103806 99952
103864 99988
103900 99930
103958 99966
103886 100082
103944 100118
104052 99944
103994 99908
104066 99792
104124 99828
104196 99712
104254 99748
104074 100038
104132 100074
104348 99726
104232 99654
104268 99596
104384 99668
104456 99552
104514 99588
104622 99414
104680 99450
104608 99566
104666 99602
104738 99486
104796 99522
104904 99348
104962 99384
104890 99500
104948 99536
105092 99304
105150 99340
105078 99456
105136 99492
105172 99434
105230 99470
105158 99586
105100 99550
105064 99608
105006 99572
104934 99688
104818 99616
104782 99674
104898 99746
104862 99804
104804 99768
104768 99826
105000 99970
104928 100086
104754 99978
104718 100036
104660 100000
104696 99942
104638 99906
104566 100022
104508 99986
104580 99870
104406 99762
104298 99936
104356 99972
104428 99856
104486 99892
104414 100008
104588 100116
104552 100174
104436 100102
104400 100160
104342 100124
104378 100066
104262 99994
104226 100052
104284 100088
104248 100146
104364 100218
104328 100276
104154 100168
104118 100226
104002 100154
103966 100212
103850 100140
103778 100256
103836 100292
103872 100234
104046 100342
104082 100284
104140 100320
104176 100262
104234 100298
104198 100356
104256 100392
104292 100334
104350 100370
104458 100196
104574 100268
104610 100210
104668 100246
104704 100188
104646 100152
104682 100094
104740 100130
104776 100072
104950 100180
105094 99948
105152 99984
105044 100158
105102 100194
105138 100136
105196 100172
105124 100288
105182 100324
105146 100382
105030 100310
104958 100426
104726 100282
104654 100398
104538 100326
104394 100558
104220 100450
104148 100566
104206 100602
104242 100544
104358 100616
104322 100674
104264 100638
104192 100754
104018 100646
104090 100530
104032 100494
104068 100436
104010 100400
103974 100458
103800 100350
103764 100408
103996 100552
103960 100610
103786 100502
103750 100560
103692 100524
103656 100582
103482 100474
103410 100590
103236 100482
103200 100540
103084 100468
103120 100410
102946 100302
102874 100418
102932 100454
102968 100396
103026 100432
102990 100490
103048 100526
103012 100584
102896 100512
102860 100570
103034 100678
103106 100562
103164 100598
103092 100714
103150 100750
103258 100576
103432 100684
103504 100568
103620 100640
103584 100698
103642 100734
103570 100850
103512 100814
103476 100872
103302 100764
103266 100822
103498 100966
103534 100908
103592 100944
103736 100712
103678 100676
103714 100618
103772 100654
103808 100596
104040 100740
103896 100972
103780 100900
103708 101016
103650 100980
103542 101154
103600 101190
103672 101074
103730 101110
103802 100994
103860 101030
103788 101146
103846 101182
104098 100776
104272 100884
104308 100826
104250 100790
104286 100732
104344 100768
104560 100420
104676 100492
104748 100376
104864 100448
104756 100622
104640 100550
104532 100724
104474 100688
104330 100920
104388 100956
104496 100782
104554 100818
104662 100644
104720 100680
104612 100854
104670 100890
104922 100484
104980 100520
105052 100404
105168 100476
105132 100534
105074 100498
105002 100614
105060 100650
105024 100708
105082 100744
105118 100686
105234 100758
105198 100816
105256 100852
105220 100910
105104 100838
105068 100896
104894 100788
104786 100962
104844 100998
104880 100940
104938 100976
104974 100918
105090 100990
105126 100932
105184 100968
105112 101084
105054 101048
105018 101106
105076 101142
105040 101200
104924 101128
104960 101070
104902 101034
104866 101092
104692 100984
104656 101042
104888 101186
104852 101244
104504 101028
104468 101086
104642 101194
104606 101252
104432 101144
104396 101202
104512 101274
104476 101332
104244 101188
104208 101246
104382 101354
104346 101412
103940 101160
103904 101218
104078 101326
104042 101384
103984 101348
103912 101464
103970 101500
104006 101442
104064 101478
104136 101362
104194 101398
104122 101514
104180 101550
104252 101434
104368 101506
104440 101390
104556 101462
104592 101404
104534 101368
104570 101310
104628 101346
104700 101230
104758 101266
104722 101324
104838 101396
104946 101222
105062 101294
105170 101120
105228 101156
105156 101272
105272 101344
105236 101402
105120 101330
105084 101388
105200 101460
105164 101518
105222 101554
105186 101612
105128 101576
105092 101634
105150 101670
105114 101728
105056 101692
105020 101750
104730 101570
104694 101628
104810 101700
104774 101758
104658 101686
104622 101744
104738 101816
104630 101990
104688 102026
104652 102084
104710 102120
104782 102004
104724 101968
104868 101736
105100 101880
105172 101764
105230 101800
105158 101916
105216 101952
105180 102010
104948 101866
104912 101924
105028 101996
104992 102054
105050 102090
105086 102032
105144 102068
105108 102126
105224 102198
105260 102140
105318 102176
105246 102292
105130 102220
105094 102278
104978 102206
104942 102264
105000 102300
104964 102358
105138 102466
105102 102524
104986 102452
104950 102510
105008 102546
104972 102604
104856 102532
104820 102590
104878 102626
104842 102684
104726 102612
104834 102438
104660 102330
104624 102388
104566 102352
104674 102178
104384 101998
104348 102056
104580 102200
104544 102258
104138 102006
104174 101948
104116 101912
104080 101970
103906 101862
104050 101630
103934 101558
103898 101616
103956 101652
103812 101884
104044 102028
104008 102086
104066 102122
104102 102064
104392 102244
104356 102302
104414 102338
104450 102280
104508 102316
104472 102374
104530 102410
104458 102526
104516 102562
104588 102446
104646 102482
104682 102424
104740 102460
104632 102634
104806 102742
104734 102858
104618 102786
104654 102728
104596 102692
104524 102808
104640 102880
104604 102938
104430 102830
104502 102714
104444 102678
104480 102620
104422 102584
104350 102700
104292 102664
104364 102548
104190 102440
104226 102382
104168 102346
104204 102288
104146 102252
104182 102194
104124 102158
104088 102216
103972 102144
103936 102202
103994 102238
103958 102296
103784 102188
103856 102072
103392 101784
103356 101842
103182 101734
103326 101502
102862 101214
102970 101040
102622 100824
102586 100882
102876 101062
102840 101120
102666 101012
102630 101070
102804 101178
102768 101236
103232 101524
103196 101582
103080 101510
103044 101568
103160 101640
103124 101698
102892 101554
102964 101438
102906 101402
102870 101460
102580 101280
102616 101222
102558 101186
102486 101302
102776 101482
102740 101540
103320 101900
103284 101958
102646 101562
102610 101620
102668 101656
102596 101772
102538 101736
102574 101678
102516 101642
102552 101584
102378 101476
102342 101534
102284 101498
102392 101324
102334 101288
102190 101520
102364 101628
102400 101570
102458 101606
102422 101664
102480 101700
102444 101758
102270 101650
102234 101708
102466 101852
102502 101794
102618 101866
102726 101692
103074 101908
103002 102024
102886 101952
102814 102068
102872 102104
102908 102046
103024 102118
103132 101944
103306 102052
103414 101878
103530 101950
103494 102008
103552 102044
103516 102102
103458 102066
103422 102124
103538 102196
103646 102022
103762 102094
103726 102152
103668 102116
103596 102232
103654 102268
103690 102210
103748 102246
103712 102304
103770 102340
103734 102398
103386 102182
103314 102298
103372 102334
103408 102276
103524 102348
103488 102406
103430 102370
103394 102428
103510 102500
103582 102384
103640 102420
103568 102536
103626 102572
103698 102456
103756 102492
103864 102318
103980 102390
104052 102274
104110 102310
104074 102368
104132 102404
104096 102462
104270 102570
104234 102628
104176 102592
104140 102650
104256 102722
104220 102780
104278 102816
104314 102758
104372 102794
104336 102852
104394 102888
104358 102946
104416 102982
104452 102924
104510 102960
104438 103076
104322 103004
104250 103120
104192 103084
104300 102910
103836 102622
103872 102564
103814 102528
103778 102586
103720 102550
103684 102608
103742 102644
103670 102760
103728 102796
103800 102680
103858 102716
103822 102774
103880 102810
103916 102752
103974 102788
103938 102846
103996 102882
104032 102824
104148 102896
104112 102954
104170 102990
104098 103106
103808 102926
103844 102868
103786 102832
103714 102948
104004 103128
103968 103186
103736 103042
103700 103100
103642 103064
103570 103180
103628 103216
103664 103158
103722 103194
103758 103136
103874 103208
103802 103324
103860 103360
103932 103244
103990 103280
103954 103338
104012 103374
103976 103432
104092 103504
104056 103562
103998 103526
103962 103584
103846 103512
103810 103570
103752 103534
103824 103418
103766 103382
103694 103498
103636 103462
103708 103346
103534 103238
103498 103296
103614 103368
103542 103484
103484 103448
103520 103390
103346 103282
103418 103166
103302 103094
103338 103036
103454 103108
103490 103050
103374 102978
103482 102804
103424 102768
103532 102594
103474 102558
103402 102674
103344 102638
103380 102580
103264 102508
103228 102566
103286 102602
103250 102660
103366 102732
103330 102790
103388 102826
103316 102942
103200 102870
103164 102928
103106 102892
103214 102718
103156 102682
103084 102798
103026 102762
103062 102704
103004 102668
103040 102610
103098 102646
103170 102530
103112 102494
103076 102552
103018 102516
103054 102458
102996 102422
102924 102538
102866 102502
102938 102386
102822 102314
102786 102372
102844 102408
102808 102466
102750 102430
102714 102488
102656 102452
102836 102162
102662 102054
102626 102112
102742 102184
102598 102416
102482 102344
102446 102402
102330 102330
102510 102040
102452 102004
102380 102120
102322 102084
102358 102026
102300 101990
102372 101874
102140 101730
102104 101788
102278 101896
102242 101954
102126 101882
102090 101940
102264 102048
102228 102106
102344 102178
102272 102294
102214 102258
102178 102316
102468 102496
102504 102438
102736 102582
102772 102524
102946 102632
102910 102690
102968 102726
102932 102784
103048 102856
103012 102914
103186 103022
103222 102964
103280 103000
103172 103174
103056 103102
103092 103044
103034 103008
102962 103124
102904 103088
102940 103030
102766 102922
102802 102864
102744 102828
102816 102712
102700 102640
102664 102698
102722 102734
102650 102850
102708 102886
102672 102944
102846 103052
102810 103110
102984 103218
103020 103160
103194 103268
103266 103152
103324 103188
103252 103304
103426 103412
103390 103470
103448 103506
103412 103564
103238 103456
103166 103572
103224 103608
103260 103550
103434 103658
103470 103600
103528 103636
103564 103578
103622 103614
103658 103556
103716 103592
103608 103766
103724 103838
103796 103722
103738 103686
103774 103628
103948 103736
103912 103794
103854 103758
103782 103874
103840 103910
103804 103968
103862 104004
103826 104062
103710 103990
103746 103932
103630 103860
103594 103918
103420 103810
103456 103752
103398 103716
103362 103774
103304 103738
103340 103680
103282 103644
103246 103702
103188 103666
103152 103724
103442 103904
103406 103962
103522 104034
103558 103976
103732 104084
103696 104142
103638 104106
103602 104164
103428 104056
103392 104114
103334 104078
103370 104020
103254 103948
103290 103890
103232 103854
103160 103970
103276 104042
103240 104100
103298 104136
103262 104194
103320 104230
103284 104288
103168 104216
103132 104274
103074 104238
103182 104064
103124 104028
102980 104260
103212 104404
103248 104346
103306 104382
103270 104440
103328 104476
103292 104534
103176 104462
103140 104520
103082 104484
103010 104600
102894 104528
102930 104470
102988 104506
103024 104448
102966 104412
103002 104354
102886 104282
102850 104340
102792 104304
102828 104246
102770 104210
102806 104152
102922 104224
103066 103992
103008 103956
102900 104130
102784 104058
102820 104000
102878 104036
102914 103978
102856 103942
102964 103768
103022 103804
103058 103746
103000 103710
103036 103652
102978 103616
102906 103732
102848 103696
102884 103638
102826 103602
102862 103544
102920 103580
102992 103464
102934 103428
102970 103370
102854 103298
102818 103356
102644 103248
102608 103306
102840 103450
102804 103508
102514 103328
102622 103154
102564 103118
102528 103176
102470 103140
102542 103024
102484 102988
102520 102930
102288 102786
102360 102670
102302 102634
102230 102750
102172 102714
102244 102598
102070 102490
102142 102374
102084 102338
102192 102164
102076 102092
102112 102034
101996 101962
101960 102020
102018 102056
101982 102114
102098 102186
102026 102302
101910 102230
101946 102172
101772 102064
101736 102122
101852 102194
101816 102252
102048 102396
101976 102512
102150 102620
102114 102678
101882 102534
101918 102476
101802 102404
101838 102346
101722 102274
101758 102216
101700 102180
101664 102238
101606 102202
101570 102260
101628 102296
101592 102354
101650 102390
101686 102332
101744 102368
101708 102426
101766 102462
101730 102520
102426 102952
102390 103010
102448 103046
102412 103104
102296 103032
102224 103148
102166 103112
102274 102938
102216 102902
102180 102960
102122 102924
102158 102866
101752 102614
101716 102672
102064 102888
102028 102946
102144 103018
102108 103076
101818 102896
101782 102954
101724 102918
101796 102802
101738 102766
101702 102824
101644 102788
101680 102730
101622 102694
101658 102636
101600 102600
101672 102484
101614 102448
101542 102564
101426 102492
101534 102318
101476 102282
101548 102166
101490 102130
101382 102304
101440 102340
101404 102398
101288 102326
101252 102384
101078 102276
101114 102218
100998 102146
101070 102030
101012 101994
100904 102168
101020 102240
100984 102298
101274 102478
101310 102420
101368 102456
101332 102514
101564 102658
101528 102716
101586 102752
101550 102810
101666 102882
101630 102940
101804 103048
101840 102990
102014 103098
101978 103156
102036 103192
102072 103134
102246 103242
102282 103184
102340 103220
102376 103162
102492 103234
102456 103292
102398 103256
102362 103314
102710 103530
102674 103588
102442 103444
102406 103502
102696 103682
102732 103624
102790 103660
102754 103718
102870 103790
102798 103906
102682 103834
102646 103892
102762 103964
102726 104022
102610 103950
102574 104008
102690 104080
102654 104138
102596 104102
102560 104160
102676 104232
102640 104290
102582 104254
102546 104312
102488 104276
102452 104334
102626 104442
102698 104326
102756 104362
102720 104420
102778 104456
102706 104572
102648 104536
102612 104594
102670 104630
102634 104688
102576 104652
102540 104710
102482 104674
102554 104558
102496 104522
102532 104464
102416 104392
102380 104450
102438 104486
102402 104544
102460 104580
102424 104638
102366 104602
102294 104718
102352 104754
102316 104812
102200 104740
102272 104624
102214 104588
102394 104298
102278 104226
102314 104168
102256 104132
102328 104016
102270 103980
102198 104096
102140 104060
102212 103944
102154 103908
102082 104024
102024 103988
102168 103756
101994 103648
102066 103532
101892 103424
101856 103482
101972 103554
101900 103670
102074 103778
101966 103952
101850 103880
101814 103938
101872 103974
101836 104032
101894 104068
101930 104010
102220 104190
102184 104248
102242 104284
102206 104342
102264 104378
102228 104436
102170 104400
102134 104458
102192 104494
102120 104610
102178 104646
102142 104704
102026 104632
102062 104574
102004 104538
101968 104596
101910 104560
101982 104444
102040 104480
102148 104306
102032 104234
101996 104292
102054 104328
102018 104386
101960 104350
101888 104466
101830 104430
101794 104488
101736 104452
101808 104336
101750 104300
101858 104126
101800 104090
101692 104264
101634 104228
101742 104054
101684 104018
101720 103960
101604 103888
101676 103772
101502 103664
101466 103722
101408 103686
101372 103744
101488 103816
101524 103758
101582 103794
101510 103910
101626 103982
101590 104040
101532 104004
101496 104062
101612 104134
101576 104192
101518 104156
101482 104214
101714 104358
101642 104474
102222 104834
102186 104892
102070 104820
102034 104878
101976 104842
102012 104784
101954 104748
101882 104864
101708 104756
101672 104814
101788 104886
101752 104944
101868 105016
101724 105248
101666 105212
101738 105096
101622 105024
101586 105082
101528 105046
101600 104930
101658 104966
101694 104908
101578 104836
101470 105010
101412 104974
101628 104626
101512 104554
101476 104612
101534 104648
101426 104822
101368 104786
101404 104728
101346 104692
101526 104402
101294 104258
101438 104026
101380 103990
101236 104222
101178 104186
101358 103896
101300 103860
101264 103918
101148 103846
101256 103672
101198 103636
101486 103172
101196 102992
101160 103050
101392 103194
101284 103368
101226 103332
101262 103274
101204 103238
101240 103180
101182 103144
101110 103260
101168 103296
101132 103354
101248 103426
101176 103542
101002 103434
100966 103492
100908 103456
101052 103224
100994 103188
100886 103362
100828 103326
101008 103036
100950 103000
100986 102942
100870 102870
100834 102928
100892 102964
100856 103022
100914 103058
100878 103116
100820 103080
100784 103138
100842 103174
100806 103232
100632 103124
100668 103066
100552 102994
100516 103052
100574 103088
100538 103146
100770 103290
100734 103348
100850 103420
100814 103478
101046 103622
101082 103564
101140 103600
101104 103658
101162 103694
101126 103752
101010 103680
100974 103738
101090 103810
101054 103868
101228 103976
101120 104150
101004 104078
101040 104020
100982 103984
101018 103926
100960 103890
100888 104006
100946 104042
100910 104100
100852 104064
100816 104122
100700 104050
100736 103992
100794 104028
100938 103796
100880 103760
100772 103934
100714 103898
100822 103724
100764 103688
100692 103804
100576 103732
100612 103674
100670 103710
100706 103652
100590 103580
100626 103522
100568 103486
100496 103602
100380 103530
100416 103472
100300 103400
100444 103168
100386 103132
100530 102900
100472 102864
100508 102806
100450 102770
100486 102712
100428 102676
100392 102734
100334 102698
100406 102582
100464 102618
100500 102560
100384 102488
100492 102314
100318 102206
100498 101916
100440 101880
100512 101764
100338 101656
100374 101598
100432 101634
100612 101344
100322 101164
100358 101106
100300 101070
100264 101128
100148 101056
100112 101114
100518 101366
100410 101540
100352 101504
100244 101678
100418 101786
100346 101902
100404 101938
100224 102228
100398 102336
100290 102510
100348 102546
100276 102662
99870 102410
100014 102178
99898 102106
100042 101874
99984 101838
100164 101548
100048 101476
100192 101244
100018 101136
99982 101194
100098 101266
100062 101324
99888 101216
99996 101042
99938 101006
99974 100948
99916 100912
99880 100970
99764 100898
99728 100956
99902 101064
99830 101180
99656 101072
99692 101014
99634 100978
99562 101094
100026 101382
99954 101498
100070 101570
100034 101628
99976 101592
99940 101650
99998 101686
99962 101744
99904 101708
99868 101766
99810 101730
99918 101556
99802 101484
99838 101426
99780 101390
99816 101332
99526 101152
99490 101210
99722 101354
99686 101412
99744 101448
99708 101506
99824 101578
99716 101752
99948 101896
99804 102128
99920 102200
99776 102432
100414 102828
100378 102886
100436 102922
100400 102980
100226 102872
100262 102814
100204 102778
100132 102894
100364 103038
100292 103154
100350 103190
100206 103422
100322 103494
100286 103552
100518 103696
100482 103754
100656 103862
100620 103920
100562 103884
100526 103942
100642 104014
100606 104072
100722 104144
100686 104202
100570 104130
100534 104188
100708 104296
100780 104180
100838 104216
100874 104158
100932 104194
100860 104310
100976 104382
101012 104324
100954 104288
101026 104172
101432 104424
101360 104540
101128 104396
101092 104454
101324 104598
101288 104656
101230 104620
101194 104678
101310 104750
101274 104808
101390 104880
101354 104938
101296 104902
101260 104960
101376 105032
101340 105090
101398 105126
101362 105184
101188 105076
101152 105134
101210 105170
101174 105228
101116 105192
101080 105250
100964 105178
101000 105120
101058 105156
101166 104982
101050 104910
101014 104968
101072 105004
101036 105062
100920 104990
100848 105106
100906 105142
100870 105200
100812 105164
100740 105280
100682 105244
100898 104896
100956 104932
101100 104700
101042 104664
100934 104838
100876 104802
101020 104570
100614 104318
100578 104376
100926 104592
100782 104824
100840 104860
100660 105150
100602 105114
100674 104998
100616 104962
100724 104788
100666 104752
100774 104578
100658 104506
100622 104564
100680 104600
100644 104658
100586 104622
100550 104680
100492 104644
100600 104470
100542 104434
100398 104666
100630 104810
100594 104868
100536 104832
100464 104948
100580 105020
100544 105078
100486 105042
100450 105100
100624 105208
100588 105266
100646 105302
100610 105360
100552 105324
100480 105440
100422 105404
100530 105230
100414 105158
100378 105216
100320 105180
100428 105006
100370 104970
100406 104912
100348 104876
100384 104818
100326 104782
100290 104840
100232 104804
100340 104630
100282 104594
100318 104536
100376 104572
100556 104282
100498 104246
100354 104478
100180 104370
100324 104138
100266 104102
100374 103928
100200 103820
100236 103762
100004 103618
99968 103676
100142 103784
100106 103842
100280 103950
100244 104008
100128 103936
100092 103994
100208 104066
100172 104124
100230 104160
100086 104392
100260 104500
100188 104616
100246 104652
100174 104768
100058 104696
100094 104638
100036 104602
100000 104660
99942 104624
99906 104682
100312 104934
100276 104992
100334 105028
100262 105144
100204 105108
100240 105050
100182 105014
100146 105072
99972 104964
100008 104906
99892 104834
99928 104776
99638 104596
99746 104422
99688 104386
99652 104444
99594 104408
99630 104350
99572 104314
99608 104256
99724 104328
99832 104154
99890 104190
99998 104016
99882 103944
99846 104002
99904 104038
99868 104096
99810 104060
99702 104234
99586 104162
99478 104336
99420 104300
99708 103836
99650 103800
99686 103742
99744 103778
99780 103720
99838 103756
99946 103582
99888 103546
99960 103430
99786 103322
99750 103380
99634 103308
99562 103424
99620 103460
99656 103402
99772 103474
99808 103416
99866 103452
99794 103568
99852 103604
99816 103662
99758 103626
99722 103684
99548 103576
99512 103634
99628 103706
99592 103764
99476 103692
99440 103750
99614 103858
99506 104032
99448 103996
99484 103938
99426 103902
99462 103844
99230 103700
99266 103642
99324 103678
99360 103620
99418 103656
99490 103540
99432 103504
99396 103562
99338 103526
99374 103468
99316 103432
99352 103374
99294 103338
99402 103164
99460 103200
99496 103142
99380 103070
99416 103012
99126 102832
99306 102542
99248 102506
99320 102390
99146 102282
99254 102108
99196 102072
99412 101724
99354 101688
99426 101572
99484 101608
99628 101376
99570 101340
99462 101514
99404 101478
99512 101304
99454 101268
99310 101500
99368 101536
99296 101652
99180 101580
99324 101348
99266 101312
99194 101428
99136 101392
99244 101218
99302 101254
99338 101196
99396 101232
99432 101174
99374 101138
99410 101080
99468 101116
99504 101058
99446 101022
99482 100964
99366 100892
99402 100834
99460 100870
99604 100638
99546 100602
99582 100544
99698 100616
99986 100152
99870 100080
99834 100138
99892 100174
99676 100522
99618 100486
99654 100428
99596 100392
99776 100102
99718 100066
99502 100414
99560 100450
99524 100508
99466 100472
99394 100588
99510 100660
99474 100718
99416 100682
99380 100740
99322 100704
99358 100646
99300 100610
99228 100726
99344 100798
99272 100914
99388 100986
99280 101160
99222 101124
99042 101414
99158 101486
99086 101602
99318 101746
99102 102094
99160 102130
99052 102304
99226 102412
99154 102528
99212 102564
99032 102854
99322 103034
99286 103092
99344 103128
99200 103360
99258 103396
99186 103512
99244 103548
99208 103606
99092 103534
99164 103418
98990 103310
99026 103252
98910 103180
98874 103238
98932 103274
98896 103332
99070 103440
98998 103556
98940 103520
98976 103462
98744 103318
98708 103376
98882 103484
98846 103542
99020 103650
99056 103592
99172 103664
99136 103722
99368 103866
99332 103924
99390 103960
99354 104018
99470 104090
99362 104264
99246 104192
99138 104366
99196 104402
99268 104286
99326 104322
99254 104438
99312 104474
99384 104358
99616 104502
99544 104618
99834 104798
99798 104856
99914 104928
99878 104986
100284 105238
100248 105296
100132 105224
100096 105282
100038 105246
100074 105188
100016 105152
99980 105210
99748 105066
99784 105008
99726 104972
99762 104914
99704 104878
99668 104936
99610 104900
99574 104958
99516 104922
99480 104980
99306 104872
99270 104930
99502 105074
99538 105016
99596 105052
99632 104994
99690 105030
99654 105088
100060 105340
99988 105456
99872 105384
99908 105326
99850 105290
99814 105348
99756 105312
99792 105254
99676 105182
99640 105240
99698 105276
99662 105334
99836 105442
99800 105500
99858 105536
99822 105594
99764 105558
99728 105616
99844 105688
99880 105630
99938 105666
99974 105608
100032 105644
99996 105702
100054 105738
100018 105796
99902 105724
99866 105782
99808 105746
99772 105804
99714 105768
99750 105710
99692 105674
99656 105732
99598 105696
99670 105580
99612 105544
99648 105486
99416 105342
99524 105168
99466 105132
99358 105306
99300 105270
99408 105096
99350 105060
99278 105176
99220 105140
99292 105024
99234 104988
99162 105104
99104 105068
99176 104952
99060 104880
99168 104706
99110 104670
99218 104496
98986 104352
99058 104236
99000 104200
98928 104316
98870 104280
98942 104164
98710 104020
98746 103962
98688 103926
98760 103810
98586 103702
98550 103760
98666 103832
98630 103890
98456 103782
98384 103898
98442 103934
98478 103876
98652 103984
98616 104042
98674 104078
98638 104136
98406 103992
98334 104108
98392 104144
98428 104086
98660 104230
98732 104114
98848 104186
98776 104302
98950 104410
98914 104468
98798 104396
98762 104454
98704 104418
98740 104360
98566 104252
98530 104310
98646 104382
98610 104440
98784 104548
98820 104490
98936 104562
99008 104446
99124 104518
99088 104576
99030 104540
98958 104656
99074 104728
99038 104786
98806 104642
98770 104700
99002 104844
98966 104902
99082 104974
99010 105090
99242 105234
99206 105292
99090 105220
99054 105278
99228 105386
99264 105328
99322 105364
99286 105422
99344 105458
99380 105400
99438 105436
99402 105494
99460 105530
99496 105472
99554 105508
99518 105566
99576 105602
99540 105660
99134 105408
99098 105466
98924 105358
98888 105416
99120 105560
99156 105502
99620 105790
99584 105848
99526 105812
99490 105870
99374 105798
99302 105914
99128 105806
99164 105748
99048 105676
99012 105734
98954 105698
98990 105640
98932 105604
98896 105662
98664 105518
98628 105576
99324 106008
99288 106066
99346 106102
99382 106044
99440 106080
99368 106196
99252 106124
99180 106240
99122 106204
99230 106030
98882 105814
98846 105872
99136 106052
99100 106110
98868 105966
98832 106024
99006 106132
98970 106190
98854 106118
98818 106176
98992 106284
98956 106342
99014 106378
98978 106436
98862 106364
98898 106306
98782 106234
98746 106292
98630 106220
98594 106278
98826 106422
98790 106480
98848 106516
98812 106574
98870 106610
98798 106726
98914 106798
98878 106856
98646 106712
98682 106654
98624 106618
98696 106502
98638 106466
98602 106524
98544 106488
98616 106372
98558 106336
98414 106568
98356 106532
98320 106590
98378 106626
98342 106684
98458 106756
98386 106872
98328 106836
98364 106778
98306 106742
98270 106800
98212 106764
98284 106648
98226 106612
98406 106322
98464 106358
98500 106300
98384 106228
98132 106634
98074 106598
98146 106482
98088 106446
98160 106330
98218 106366
98362 106134
98478 106206
98514 106148
98456 106112
98492 106054
98434 106018
98470 105960
98528 105996
98708 105706
98650 105670
98506 105902
98448 105866
98196 106272
98138 106236
98174 106178
98116 106142
98152 106084
98210 106120
98318 105946
98260 105910
98188 106026
98130 105990
98310 105700
98368 105736
98404 105678
98520 105750
98592 105634
98534 105598
98498 105656
98440 105620
98656 105272
98598 105236
98706 105062
98648 105026
98684 104968
98626 104932
98662 104874
98604 104838
98532 104954
98590 104990
98554 105048
98612 105084
98540 105200
98482 105164
98518 105106
98460 105070
98388 105186
98562 105294
98346 105642
98288 105606
98216 105722
98158 105686
98122 105744
98180 105780
98072 105954
98014 105918
98086 105802
97970 105730
98078 105556
98136 105592
98172 105534
98230 105570
98266 105512
98324 105548
98396 105432
98338 105396
98302 105454
98244 105418
98352 105244
98294 105208
98114 105498
98056 105462
98272 105114
98330 105150
98474 104918
98416 104882
98308 105056
98250 105020
98106 105252
98048 105216
98084 105158
98026 105122
98098 105006
98040 104970
98112 104854
98054 104818
97946 104992
98004 105028
97968 105086
97910 105050
97874 105108
97990 105180
97954 105238
98070 105310
97962 105484
98020 105520
97876 105752
97934 105788
97898 105846
97782 105774
97818 105716
97760 105680
97904 105448
97846 105412
97774 105528
97716 105492
97680 105550
97738 105586
97702 105644
97644 105608
97608 105666
97666 105702
97630 105760
97514 105688
97658 105456
97600 105420
97636 105362
97752 105434
97896 105202
97838 105166
97730 105340
97614 105268
97578 105326
97520 105290
97592 105174
97650 105210
97686 105152
97744 105188
97816 105072
97758 105036
97866 104862
97808 104826
97844 104768
97902 104804
97938 104746
97996 104782
98032 104724
98148 104796
98220 104680
98278 104716
98386 104542
98328 104506
98472 104274
98414 104238
98378 104296
98262 104224
98226 104282
98342 104354
98306 104412
98248 104376
98212 104434
98270 104470
98234 104528
98292 104564
98256 104622
98198 104586
98126 104702
98068 104666
98176 104492
98060 104420
98204 104188
98146 104152
98218 104036
98044 103928
98080 103870
97964 103798
98072 103624
98014 103588
97942 103704
97884 103668
97848 103726
97906 103762
97870 103820
97986 103892
97950 103950
98124 104058
98052 104174
98110 104210
97966 104442
98082 104514
98046 104572
97988 104536
97952 104594
98010 104630
97974 104688
97916 104652
97880 104710
97764 104638
97728 104696
97786 104732
97714 104848
97772 104884
97628 105116
97512 105044
97476 105102
97534 105138
97426 105312
97368 105276
97332 105334
97448 105406
97484 105348
97542 105384
97506 105442
97564 105478
97384 105768
97442 105804
97406 105862
97348 105826
97312 105884
97254 105848
97290 105790
97174 105718
97282 105544
97340 105580
97412 105464
97354 105428
97318 105486
97260 105450
97224 105508
97166 105472
97310 105240
97252 105204
97000 105610
96942 105574
96906 105632
96848 105596
96812 105654
96754 105618
96898 105386
97014 105458
97050 105400
96992 105364
97100 105190
97042 105154
97114 105038
97056 105002
97092 104944
97266 105052
97374 104878
97490 104950
97526 104892
97410 104820
97590 104530
97706 104602
97742 104544
97684 104508
97720 104450
97778 104486
97922 104254
97864 104218
97756 104392
97698 104356
97662 104414
97604 104378
97676 104262
97502 104154
97898 103516
97840 103480
97876 103422
97934 103458
98042 103284
97984 103248
97912 103364
97796 103292
97832 103234
97890 103270
97998 103096
97940 103060
97868 103176
97810 103140
97702 103314
97818 103386
97746 103502
97804 103538
97552 103944
97494 103908
97458 103966
97516 104002
97408 104176
97582 104284
97546 104342
97488 104306
97452 104364
97568 104436
97532 104494
97358 104386
97322 104444
97496 104552
97460 104610
97402 104574
97366 104632
97424 104668
97244 104958
97070 104850
97106 104792
97164 104828
97200 104770
97258 104806
97330 104690
97272 104654
97236 104712
97178 104676
97142 104734
97084 104698
97156 104582
97214 104618
97250 104560
97192 104524
97264 104408
97206 104372
97062 104604
97004 104568
97076 104452
96960 104380
96924 104438
96982 104474
96910 104590
97026 104662
96954 104778
97012 104814
96976 104872
97034 104908
96962 105024
96846 104952
96810 105010
96984 105118
96948 105176
97006 105212
96934 105328
96876 105292
96912 105234
96796 105162
96760 105220
96644 105148
96680 105090
96738 105126
96774 105068
96716 105032
96752 104974
96694 104938
96658 104996
96600 104960
96636 104902
96578 104866
96650 104750
96592 104714
96484 104888
96426 104852
96606 104562
96548 104526
96620 104410
96678 104446
96714 104388
96772 104424
96808 104366
96692 104294
96656 104352
96598 104316
96454 104548
96512 104584
96404 104758
96288 104686
96252 104744
96368 104816
96332 104874
96564 105018
96492 105134
96434 105098
96470 105040
96412 105004
96376 105062
96318 105026
96354 104968
96296 104932
96224 105048
96340 105120
96304 105178
96362 105214
96326 105272
96268 105236
96232 105294
96174 105258
96102 105374
96044 105338
96152 105164
96094 105128
95986 105302
95928 105266
96072 105034
96014 104998
95942 105114
95884 105078
95848 105136
95674 105028
95638 105086
95464 104978
95500 104920
95558 104956
95630 104840
95688 104876
95724 104818
95782 104854
95746 104912
95804 104948
95840 104890
95898 104926
95970 104810
95912 104774
95876 104832
95818 104796
95854 104738
95680 104630
95716 104572
95890 104680
95926 104622
96042 104694
96078 104636
95962 104564
96034 104448
96092 104484
96128 104426
96012 104354
95904 104528
95846 104492
95918 104376
95860 104340
95932 104224
96222 104404
96258 104346
96026 104202
96098 104086
96156 104122
96192 104064
96250 104100
96286 104042
96170 103970
96314 103738
96372 103774
96336 103832
96394 103868
96358 103926
96532 104034
96640 103860
96930 104040
97074 103808
97132 103844
97096 103902
97328 104046
97436 103872
97378 103836
97306 103952
97190 103880
97226 103822
97284 103858
97392 103684
97566 103792
97638 103676
97580 103640
97544 103698
97428 103626
97464 103568
97522 103604
97666 103372
97608 103336
97572 103394
97514 103358
97586 103242
97528 103206
97492 103264
97434 103228
97398 103286
97456 103322
97420 103380
97536 103452
97500 103510
97442 103474
97262 103764
97204 103728
97240 103670
97182 103634
97218 103576
97160 103540
97232 103424
97348 103496
97384 103438
97210 103330
97138 103446
97080 103410
97152 103294
97094 103258
96986 103432
97102 103504
97066 103562
97124 103598
97088 103656
97146 103692
97110 103750
97052 103714
96908 103946
96792 103874
96828 103816
96770 103780
96734 103838
96618 103766
96510 103940
96452 103904
96488 103846
96430 103810
96466 103752
96408 103716
96480 103600
96422 103564
96350 103680
96234 103608
96306 103492
96248 103456
96320 103340
96494 103448
96530 103390
96414 103318
96450 103260
96624 103368
96552 103484
96784 103628
96820 103570
96646 103462
96754 103288
96812 103324
96848 103266
96964 103338
97036 103222
96920 103150
96884 103208
96826 103172
96790 103230
96732 103194
96660 103310
96602 103274
96710 103100
96768 103136
96804 103078
96862 103114
96898 103056
97014 103128
97050 103070
97108 103106
97072 103164
97246 103272
97282 103214
97224 103178
97296 103062
97238 103026
97202 103084
97144 103048
97180 102990
97122 102954
97158 102896
97390 103040
97426 102982
97368 102946
97404 102888
97578 102996
97614 102938
97498 102866
97534 102808
97708 102916
97672 102974
97730 103010
97982 102604
98040 102640
98076 102582
97960 102510
97744 102858
97628 102786
97664 102728
97722 102764
97758 102706
97642 102634
97570 102750
97512 102714
97440 102830
97382 102794
97310 102910
97136 102802
96992 103034
96876 102962
96912 102904
96970 102940
97006 102882
96890 102810
96746 103042
96688 103006
96544 103238
96486 103202
96630 102970
96572 102934
96608 102876
96550 102840
96586 102782
96702 102854
96846 102622
96904 102658
96940 102600
96998 102636
97070 102520
97302 102664
97410 102490
97468 102526
97612 102294
97554 102258
97590 102200
97532 102164
97568 102106
97684 102178
97720 102120
97546 102012
97438 102186
97496 102222
97460 102280
97518 102316
97446 102432
97388 102396
97280 102570
97048 102426
96976 102542
96918 102506
96882 102564
96766 102492
96802 102434
96860 102470
96896 102412
96780 102340
96672 102514
96788 102586
96680 102760
96564 102688
96456 102862
96514 102898
96478 102956
96420 102920
96384 102978
96500 103050
96392 103224
96276 103152
96348 103036
96290 103000
96182 103174
96298 103246
96190 103420
96132 103384
96168 103326
96052 103254
96016 103312
96074 103348
96038 103406
96096 103442
96060 103500
96118 103536
96154 103478
96212 103514
96140 103630
96256 103702
95968 104166
95910 104130
95802 104304
95744 104268
95816 104152
95758 104116
95722 104174
95664 104138
95736 104022
95852 104094
95888 104036
95830 104000
95902 103884
95844 103848
95772 103964
95714 103928
95678 103986
95562 103914
95598 103856
95656 103892
95800 103660
95974 103768
96010 103710
95894 103638
95930 103580
95872 103544
95908 103486
95850 103450
96030 103160
96088 103196
96196 103022
96138 102986
96318 102696
96260 102660
96332 102544
96274 102508
96166 102682
96224 102718
96044 103008
96102 103044
96066 103102
96008 103066
95756 103472
95814 103508
95778 103566
95720 103530
95648 103646
95706 103682
95634 103798
95576 103762
95540 103820
95482 103784
95446 103842
95388 103806
95352 103864
95642 104044
95570 104160
95512 104124
95476 104182
95418 104146
95490 104030
95374 103958
95302 104074
95244 104038
95280 103980
95222 103944
95150 104060
95208 104096
95136 104212
95078 104176
95114 104118
95056 104082
95092 104024
94918 103916
94954 103858
95012 103894
95084 103778
95026 103742
95134 103568
95366 103712
95402 103654
95112 103474
95148 103416
95496 103632
95532 103574
95590 103610
95734 103378
95676 103342
95568 103516
95510 103480
95474 103538
95416 103502
95452 103444
95336 103372
95444 103198
95502 103234
95538 103176
95654 103248
95690 103190
95806 103262
95842 103204
95668 103096
95632 103154
95574 103118
95718 102886
95660 102850
95552 103024
95494 102988
95458 103046
95516 103082
95480 103140
95422 103104
95314 103278
95256 103242
95220 103300
95162 103264
95126 103322
95068 103286
95140 103170
95082 103134
95118 103076
95292 103184
95328 103126
95270 103090
95306 103032
95248 102996
95212 103054
95154 103018
95226 102902
95284 102938
95320 102880
95262 102844
95298 102786
95240 102750
95096 102982
95038 102946
95110 102830
95052 102794
95016 102852
94958 102816
94994 102758
94936 102722
94972 102664
95146 102772
95182 102714
94950 102570
94878 102686
94820 102650
94928 102476
95160 102620
95196 102562
95254 102598
95218 102656
95392 102764
95428 102706
95312 102634
95348 102576
95754 102828
95790 102770
95674 102698
95818 102466
95760 102430
95616 102662
95500 102590
95608 102416
95666 102452
95702 102394
95586 102322
95442 102554
95384 102518
95420 102460
95362 102424
95290 102540
95232 102504
95340 102330
95282 102294
95210 102410
95152 102374
95116 102432
95174 102468
95138 102526
95022 102454
95058 102396
95000 102360
95036 102302
95094 102338
95130 102280
95014 102208
94834 102498
94776 102462
94812 102404
94754 102368
94718 102426
94602 102354
94638 102296
94696 102332
94732 102274
94616 102202
94508 102376
94566 102412
94530 102470
94298 102326
94334 102268
94276 102232
94204 102348
94146 102312
94182 102254
94124 102218
94160 102160
94102 102124
94066 102182
94008 102146
94080 102030
94022 101994
94094 101878
94152 101914
94116 101972
94348 102116
94312 102174
94370 102210
94442 102094
94210 101950
94246 101892
94304 101928
94340 101870
94456 101942
94420 102000
94594 102108
94630 102050
94572 102014
94608 101956
94724 102028
94688 102086
94746 102122
94782 102064
94840 102100
94912 101984
94854 101948
94818 102006
94586 101862
94622 101804
94796 101912
94868 101796
94752 101724
94788 101666
94730 101630
94694 101688
94578 101616
94542 101674
94484 101638
94520 101580
94404 101508
94440 101450
94614 101558
94722 101384
94838 101456
94802 101514
94744 101478
94708 101536
94824 101608
94896 101492
95012 101564
94976 101622
95150 101730
95078 101846
95136 101882
95028 102056
95086 102092
95158 101976
95216 102012
95108 102186
95224 102258
95296 102142
95238 102106
95274 102048
95390 102120
95354 102178
95412 102214
95448 102156
95564 102228
95600 102170
95658 102206
95622 102264
95970 102480
96006 102422
95716 102242
95752 102184
95868 102256
95940 102140
96114 102248
96042 102364
96100 102400
96172 102284
96230 102320
96266 102262
96324 102298
96360 102240
96244 102168
96280 102110
96396 102182
96468 102066
96526 102102
96562 102044
96446 101972
96374 102088
96258 102016
96150 102190
95976 102082
96012 102024
96070 102060
96142 101944
96200 101980
96236 101922
96178 101886
96214 101828
96272 101864
96308 101806
96192 101734
96048 101966
95990 101930
96098 101756
96040 101720
95896 101952
95954 101988
95846 102162
95730 102090
95694 102148
95520 102040
95484 102098
95310 101990
95382 101874
95324 101838
95252 101954
95194 101918
95230 101860
95172 101824
95244 101708
95070 101600
95106 101542
95454 101758
95418 101816
95592 101924
95700 101750
95816 101822
95852 101764
95794 101728
95830 101670
95772 101634
95736 101692
95678 101656
95570 101830
95512 101794
95548 101736
95432 101664
95504 101548
95562 101584
95598 101526
95482 101454
95374 101628
95258 101556
95294 101498
95236 101462
95200 101520
95142 101484
95178 101426
95120 101390
95048 101506
94932 101434
95004 101318
95062 101354
95098 101296
95330 101440
95366 101382
95424 101418
95460 101360
95634 101468
95670 101410
95728 101446
95764 101388
95880 101460
95916 101402
95858 101366
95894 101308
96010 101380
96046 101322
96278 101466
96242 101524
96474 101668
96438 101726
96496 101762
96568 101646
96336 101502
96372 101444
96894 101768
96930 101710
96988 101746
97132 101514
97306 101622
97450 101390
97566 101462
97602 101404
97660 101440
97732 101324
97674 101288
97638 101346
97580 101310
97544 101368
97428 101296
97284 101528
97110 101420
96966 101652
96908 101616
96872 101674
96524 101458
96668 101226
96610 101190
96466 101422
96350 101350
96314 101408
96140 101300
96284 101068
96342 101104
96378 101046
96552 101154
96660 100980
96718 101016
96754 100958
96638 100886
96530 101060
96414 100988
96486 100872
96428 100836
96464 100778
96522 100814
96666 100582
96782 100654
96818 100596
96934 100668
97006 100552
97064 100588
97100 100530
97158 100566
97194 100508
97426 100652
97606 100362
97722 100434
97866 100202
98156 100382
98192 100324
98250 100360
98430 100070
98488 100106
98524 100048
98466 100012
98502 99954
98792 100134
98720 100250
98778 100286
98742 100344
98916 100452
98952 100394
99242 100574
99278 100516
99336 100552
99372 100494
99256 100422
99220 100480
99104 100408
99140 100350
99082 100314
99046 100372
98988 100336
99024 100278
98966 100242
98894 100358
98836 100322
98872 100264
98814 100228
98850 100170
98908 100206
98944 100148
99002 100184
99038 100126
98980 100090
99016 100032
99190 100140
99118 100256
99234 100328
99270 100270
99212 100234
99248 100176
99480 100320
99516 100262
99458 100226
99494 100168
99436 100132
99400 100190
98994 99938
98886 100112
98480 99860
98228 100266
98170 100230
98134 100288
97844 100108
97700 100340
97584 100268
97404 100558
97172 100414
97136 100472
97078 100436
97042 100494
96926 100422
96890 100480
96948 100516
96912 100574
96796 100502
96760 100560
96644 100488
96536 100662
96478 100626
96334 100858
96392 100894
96320 101010
96204 100938
96240 100880
96182 100844
96218 100786
96160 100750
96088 100866
96146 100902
96110 100960
96168 100996
96132 101054
96190 101090
96118 101206
96060 101170
95988 101286
95930 101250
96038 101076
95980 101040
95800 101330
95742 101294
95778 101236
95720 101200
95756 101142
95814 101178
95850 101120
95792 101084
95828 101026
95770 100990
95626 101222
95684 101258
95612 101374
95438 101266
95402 101324
95344 101288
95308 101346
95134 101238
95170 101180
95228 101216
95264 101158
95380 101230
95488 101056
95604 101128
95640 101070
95582 101034
95618 100976
95560 100940
95524 100998
95466 100962
95358 101136
95242 101064
95206 101122
95148 101086
95040 101260
94982 101224
94874 101398
94816 101362
94888 101246
94830 101210
94866 101152
94924 101188
94960 101130
95018 101166
95054 101108
94996 101072
95104 100898
95162 100934
95198 100876
95082 100804
94902 101094
94844 101058
94736 101232
94678 101196
94750 101080
94634 101008
94670 100950
94728 100986
94764 100928
94648 100856
94720 100740
94894 100848
94858 100906
94916 100942
95024 100768
94966 100732
94930 100790
94872 100754
94944 100638
95292 100854
95328 100796
95154 100688
95226 100572
95342 100644
95306 100702
95596 100882
95632 100824
95690 100860
95654 100918
95712 100954
95748 100896
95864 100968
95900 100910
95842 100874
95878 100816
95820 100780
95784 100838
95726 100802
95798 100686
95914 100758
95986 100642
96044 100678
96080 100620
95906 100512
95870 100570
95928 100606
95892 100664
95776 100592
95668 100766
95610 100730
95574 100788
95400 100680
95436 100622
95320 100550
95356 100492
95472 100564
95508 100506
95682 100614
95718 100556
95544 100448
95616 100332
95790 100440
95826 100382
95884 100418
95920 100360
95804 100288
95768 100346
95710 100310
95782 100194
96014 100338
96050 100280
96108 100316
96144 100258
96202 100294
96274 100178
96448 100286
96520 100170
96636 100242
96816 99952
96874 99988
97018 99756
96902 99684
96866 99742
96924 99778
96852 99894
96794 99858
96614 100148
96498 100076
96426 100192
96252 100084
96180 100200
96122 100164
96086 100222
96028 100186
95992 100244
95934 100208
96042 100034
96158 100106
96194 100048
96020 99940
95912 100114
95854 100078
95818 100136
95760 100100
95832 99984
95774 99948
95666 100122
95724 100158
95652 100274
95594 100238
95522 100354
95464 100318
95644 100028
95586 99992
95370 100340
95486 100412
95450 100470
95334 100398
95262 100514
95204 100478
95096 100652
95038 100616
95110 100500
95052 100464
94980 100580
94922 100544
94814 100718
94756 100682
94828 100566
94770 100530
94626 100762
94568 100726
94640 100610
94582 100574
94546 100632
94488 100596
94560 100480
94618 100516
94654 100458
94712 100494
94784 100378
94900 100450
94936 100392
94820 100320
94856 100262
94914 100298
94950 100240
94718 100096
94790 99980
94964 100088
95000 100030
95058 100066
95022 100124
95080 100160
95152 100044
95210 100080
95138 100196
95312 100304
95420 100130
95362 100094
95290 100210
95232 100174
95304 100058
95130 99950
95166 99892
95282 99964
95318 99906
95376 99942
95340 100000
95456 100072
95492 100014
95434 99978
95470 99920
95354 99848
95390 99790
95564 99898
95600 99840
95716 99912
95752 99854
95868 99926
95940 99810
95882 99774
95846 99832
95672 99724
95636 99782
95578 99746
95542 99804
95484 99768
95520 99710
95462 99674
95426 99732
95368 99696
95260 99870
95144 99798
95108 99856
95050 99820
95014 99878
95072 99914
95036 99972
94978 99936
94942 99994
94768 99886
94624 100118
94566 100082
94674 99908
94616 99872
94580 99930
94522 99894
94594 99778
94536 99742
94572 99684
94688 99756
94760 99640
94992 99784
95064 99668
95180 99740
95324 99508
95498 99616
95570 99500
95512 99464
95476 99522
95360 99450
95396 99392
95454 99428
95526 99312
95700 99420
95628 99536
95686 99572
95650 99630
95708 99666
95744 99608
95918 99716
95954 99658
95722 99514
95758 99456
95932 99564
95968 99506
96026 99542
96062 99484
96236 99592
96308 99476
96482 99584
96518 99526
96634 99598
96598 99656
96772 99764
96844 99648
96786 99612
96750 99670
96692 99634
96728 99576
96670 99540
96706 99482
96822 99554
96858 99496
96684 99388
96612 99504
96554 99468
96626 99352
96568 99316
96460 99490
96286 99382
96214 99498
96098 99426
96134 99368
96076 99332
96148 99216
96206 99252
96242 99194
96416 99302
96452 99244
96220 99100
96184 99158
96126 99122
95982 99354
96040 99390
96004 99448
95946 99412
95910 99470
95678 99326
95822 99094
95938 99166
96010 99050
96068 99086
96176 98912
96118 98876
96046 98992
95988 98956
95916 99072
95858 99036
95930 98920
95872 98884
95620 99290
95446 99182
95410 99240
95468 99276
95432 99334
95374 99298
95158 99646
95042 99574
94970 99690
94854 99618
94962 99444
95078 99516
95186 99342
95244 99378
95388 99146
95330 99110
95222 99284
95164 99248
95056 99422
94998 99386
95106 99212
95048 99176
94796 99582
94738 99546
94666 99662
94550 99590
94586 99532
94644 99568
94716 99452
94658 99416
94694 99358
94636 99322
94600 99380
94484 99308
94520 99250
94462 99214
94498 99156
94614 99228
94650 99170
94824 99278
94932 99104
94874 99068
94838 99126
94780 99090
94744 99148
94628 99076
94592 99134
94534 99098
94606 98982
94664 99018
94700 98960
94642 98924
94678 98866
94794 98938
94758 98996
94816 99032
94852 98974
95026 99082
95062 99024
94830 98880
94866 98822
95214 99038
95250 98980
95076 98872
95112 98814
95286 98922
95322 98864
95206 98792
95242 98734
95474 98878
95510 98820
95336 98712
95372 98654
95778 98906
95814 98848
95640 98740
95676 98682
95734 98718
95806 98602
95748 98566
95712 98624
95654 98588
95582 98704
95524 98668
95596 98552
95538 98516
95466 98632
95350 98560
95278 98676
95162 98604
95126 98662
95184 98698
95148 98756
95090 98720
95018 98836
94960 98800
94996 98742
94880 98670
94772 98844
94656 98772
94548 98946
94490 98910
94562 98794
94446 98722
94482 98664
94598 98736
94634 98678
94518 98606
94554 98548
94496 98512
94532 98454
94590 98490
94626 98432
94568 98396
94604 98338
94662 98374
94698 98316
94988 98496
95024 98438
94908 98366
94944 98308
95060 98380
95096 98322
94980 98250
95088 98076
95030 98040
95066 97982
95008 97946
94936 98062
94994 98098
94850 98330
94618 98186
94546 98302
94488 98266
94560 98150
94502 98114
94538 98056
94770 98200
94806 98142
94690 98070
94726 98012
94668 97976
94632 98034
94574 97998
94610 97940
94494 97868
94458 97926
94400 97890
94472 97774
94588 97846
94624 97788
94740 97860
94776 97802
94718 97766
94754 97708
94580 97600
94616 97542
94732 97614
94768 97556
94710 97520
94746 97462
94862 97534
94898 97476
94840 97440
94876 97382
94992 97454
94884 97628
95058 97736
95094 97678
95152 97714
95044 97888
95334 98068
95370 98010
95138 97866
95174 97808
95580 98060
95544 98118
95602 98154
95638 98096
95812 98204
95668 98436
95784 98508
95820 98450
95762 98414
95906 98182
95674 98038
95710 97980
95652 97944
95616 98002
95326 97822
95362 97764
95304 97728
95268 97786
95210 97750
95246 97692
95188 97656
95260 97540
95202 97504
95130 97620
95072 97584
95036 97642
94978 97606
95086 97432
94912 97324
94984 97208
95100 97280
95064 97338
95122 97374
95194 97258
95078 97186
95114 97128
95288 97236
95216 97352
95274 97388
95238 97446
95296 97482
95368 97366
95426 97402
95354 97518
95528 97626
95492 97684
95550 97720
95514 97778
95572 97814
95536 97872
95594 97908
95630 97850
95746 97922
95782 97864
95724 97828
95760 97770
95934 97878
95862 97994
96326 98282
96362 98224
96536 98332
96392 98564
96856 98852
96748 99026
97096 99242
97132 99184
96842 99004
96878 98946
97052 99054
97088 98996
96914 98888
96950 98830
96486 98542
96522 98484
96638 98556
96674 98498
96558 98426
96594 98368
96826 98512
96754 98628
96812 98664
96848 98606
97138 98786
97102 98844
97160 98880
97232 98764
96942 98584
96978 98526
96398 98166
96434 98108
97072 98504
97108 98446
97050 98410
97122 98294
97180 98330
97144 98388
97202 98424
97166 98482
97340 98590
97376 98532
97434 98568
97326 98742
97384 98778
97528 98546
97354 98438
97318 98496
97260 98460
97296 98402
97238 98366
97274 98308
97448 98416
97484 98358
97252 98214
97216 98272
97100 98200
96992 98374
96644 98158
96716 98042
96832 98114
96904 97998
96846 97962
96810 98020
96694 97948
96586 98122
96412 98014
96304 98188
96188 98116
96224 98058
96166 98022
96202 97964
96260 98000
96296 97942
96180 97870
96072 98044
95956 97972
95992 97914
96050 97950
96122 97834
96064 97798
96028 97856
95970 97820
96006 97762
95948 97726
95984 97668
96332 97884
96404 97768
96346 97732
96310 97790
96194 97718
96230 97660
96288 97696
96324 97638
96208 97566
96136 97682
96078 97646
96150 97530
96092 97494
96020 97610
95962 97574
95854 97748
95738 97676
95666 97792
95608 97756
95644 97698
95586 97662
95622 97604
95448 97496
95484 97438
95542 97474
95578 97416
95462 97344
95498 97286
95440 97250
95404 97308
95346 97272
95382 97214
95324 97178
95360 97120
95302 97084
95266 97142
95208 97106
95280 96990
95396 97062
95468 96946
95526 96982
95418 97156
95882 97444
95846 97502
95904 97538
95940 97480
95998 97516
96034 97458
95976 97422
96048 97306
95990 97270
95918 97386
95860 97350
95896 97292
95838 97256
95802 97314
95744 97278
95780 97220
95722 97184
95686 97242
95570 97170
95606 97112
95548 97076
95620 96960
95910 97140
95874 97198
95932 97234
96004 97118
95714 96938
95750 96880
95982 97024
96018 96966
96076 97002
96148 96886
96090 96850
96054 96908
95996 96872
95960 96930
95844 96858
95916 96742
95858 96706
95786 96822
95728 96786
95764 96728
95706 96692
95742 96634
95626 96562
95662 96504
95720 96540
95756 96482
95872 96554
95908 96496
95966 96532
95894 96648
95952 96684
96024 96568
96082 96604
96010 96720
96184 96828
96220 96770
96104 96698
96176 96582
96234 96618
96198 96676
96372 96784
96300 96900
96416 96972
96380 97030
96264 96958
96228 97016
96344 97088
96236 97262
96294 97298
96186 97472
96244 97508
96316 97392
96374 97428
96338 97486
96454 97558
96490 97500
96432 97464
96468 97406
96352 97334
96388 97276
96330 97240
96402 97124
96518 97196
96554 97138
96612 97174
96504 97348
96562 97384
96634 97268
96692 97304
96656 97362
96714 97398
96678 97456
96620 97420
96548 97536
96606 97572
96642 97514
96700 97550
96664 97608
96722 97644
96794 97528
96852 97564
96780 97680
96896 97752
96932 97694
96874 97658
96910 97600
96968 97636
97004 97578
97062 97614
96882 97904
97056 98012
97092 97954
96976 97882
97120 97650
97236 97722
97272 97664
97388 97736
97208 98026
97266 98062
97338 97946
97396 97982
97360 98040
97418 98076
97346 98192
97578 98336
97614 98278
97440 98170
97476 98112
97592 98184
97628 98126
97454 98018
97490 97960
97374 97888
97446 97772
97504 97808
97540 97750
97250 97570
97214 97628
96982 97484
96946 97542
96772 97434
96808 97376
96750 97340
96786 97282
96670 97210
96706 97152
96532 97044
96496 97102
96438 97066
96546 96892
96662 96964
96626 97022
96684 97058
96756 96942
96814 96978
96778 97036
96952 97144
96916 97202
96974 97238
96902 97354
97018 97426
97054 97368
96996 97332
97068 97216
97010 97180
97046 97122
96872 97014
96908 96956
96734 96848
96698 96906
96524 96798
96452 96914
96394 96878
96466 96762
96292 96654
96328 96596
96270 96560
96306 96502
96480 96610
96552 96494
96494 96458
96458 96516
96284 96408
96248 96466
96190 96430
96154 96488
96096 96452
96060 96510
96002 96474
96110 96300
95994 96228
95922 96344
95980 96380
95944 96438
95770 96330
95806 96272
95864 96308
95936 96192
95878 96156
95914 96098
95856 96062
95892 96004
96008 96076
95972 96134
96088 96206
96124 96148
96298 96256
96262 96314
96320 96350
96356 96292
96414 96328
96378 96386
96436 96422
96472 96364
96530 96400
96566 96342
96276 96162
96312 96104
96196 96032
96160 96090
95986 95982
96022 95924
96080 95960
96116 95902
96290 96010
96326 95952
96384 95988
96348 96046
96464 96118
96428 96176
96486 96212
96558 96096
96442 96024
96478 95966
96420 95930
96456 95872
96398 95836
96434 95778
96550 95850
96586 95792
96644 95828
96536 96002
96594 96038
96738 95806
96506 95662
96470 95720
96412 95684
96448 95626
96390 95590
96426 95532
96542 95604
96578 95546
96636 95582
96708 95466
96824 95538
96788 95596
96730 95560
96694 95618
96752 95654
96716 95712
96832 95784
96868 95726
96926 95762
96890 95820
96948 95856
96912 95914
96796 95842
96652 96074
96710 96110
96818 95936
96934 96008
96898 96066
96840 96030
96804 96088
96862 96124
96754 96298
96696 96262
96660 96320
96718 96356
96682 96414
96740 96450
96812 96334
96870 96370
96834 96428
96892 96464
96856 96522
96798 96486
96726 96602
96784 96638
96748 96696
96864 96768
96900 96710
97074 96818
97110 96760
96878 96616
96914 96558
97204 96738
97096 96912
97154 96948
97190 96890
97248 96926
97176 97042
97234 97078
97198 97136
97430 97280
97358 97396
97416 97432
97488 97316
97546 97352
97474 97468
97648 97576
97576 97692
97634 97728
97526 97902
97642 97974
97606 98032
97722 98104
97758 98046
97700 98010
97736 97952
97620 97880
97692 97764
97808 97836
97772 97894
97946 98002
97982 97944
97866 97872
97902 97814
97670 97670
97742 97554
97568 97446
97604 97388
97836 97532
97800 97590
97916 97662
97880 97720
97996 97792
97960 97850
98018 97886
98054 97828
98112 97864
98148 97806
98090 97770
98126 97712
98068 97676
98032 97734
97974 97698
98010 97640
97952 97604
97988 97546
97292 97114
97328 97056
97270 97020
97306 96962
97422 97034
97494 96918
97552 96954
97444 97128
97502 97164
97538 97106
97596 97142
97560 97200
97966 97452
98002 97394
97654 97178
97690 97120
97574 97048
97610 96990
97900 97170
97936 97112
97994 97148
97922 97264
97980 97300
98016 97242
98074 97278
98038 97336
98096 97372
98060 97430
98118 97466
98046 97582
98104 97618
98176 97502
98292 97574
98184 97748
98242 97784
98170 97900
98228 97936
98336 97762
98278 97726
98314 97668
98430 97740
98466 97682
98640 97790
98604 97848
98720 97920
98648 98036
98706 98072
98814 97898
98698 97826
98734 97768
98444 97588
98408 97646
98350 97610
98386 97552
98154 97408
98190 97350
98132 97314
98168 97256
98052 97184
98088 97126
97914 97018
97878 97076
97704 96968
97740 96910
97682 96874
97646 96932
97472 96824
97436 96882
97378 96846
97342 96904
97226 96832
97262 96774
97320 96810
97356 96752
97008 96536
97044 96478
97276 96622
97312 96564
97022 96384
96986 96442
96928 96406
96964 96348
96848 96276
96920 96160
97036 96232
97072 96174
96956 96102
96992 96044
97108 96116
97144 96058
97028 95986
97064 95928
97122 95964
97158 95906
97042 95834
97078 95776
97136 95812
97172 95754
97230 95790
97266 95732
97092 95624
97020 95740
96962 95704
96998 95646
96940 95610
97012 95494
97070 95530
97106 95472
97048 95436
97084 95378
97142 95414
97178 95356
97236 95392
97164 95508
97222 95544
97186 95602
97302 95674
97338 95616
97280 95580
97316 95522
97258 95486
97294 95428
97352 95464
97424 95348
97366 95312
97402 95254
97518 95326
97446 95442
97504 95478
97324 95768
97440 95840
97404 95898
97462 95934
97390 96050
97448 96086
97520 95970
97578 96006
97506 96122
97564 96158
97636 96042
97694 96078
97550 96310
97724 96418
97652 96534
97826 96642
97862 96584
97746 96512
97818 96396
97644 96288
97752 96114
97868 96186
97904 96128
97846 96092
97882 96034
97824 95998
97788 96056
97498 95876
97534 95818
97476 95782
97512 95724
97454 95688
97490 95630
97548 95666
97584 95608
97526 95572
97598 95456
97540 95420
97576 95362
97692 95434
97656 95492
97714 95528
97750 95470
97808 95506
97736 95622
97678 95586
97570 95760
97686 95832
97722 95774
97664 95738
97700 95680
97758 95716
97830 95600
97888 95636
97924 95578
97982 95614
97910 95730
97968 95766
97860 95940
97918 95976
98026 95802
98084 95838
97976 96012
98034 96048
97998 96106
98114 96178
98042 96294
98216 96402
98252 96344
98310 96380
98346 96322
98230 96250
98194 96308
98136 96272
98208 96156
98092 96084
98128 96026
98186 96062
98222 96004
98106 95932
98142 95874
98200 95910
98236 95852
98004 95708
98076 95592
97496 95232
97532 95174
97648 95246
97684 95188
97742 95224
97706 95282
97764 95318
97836 95202
98010 95310
98046 95252
97930 95180
97966 95122
97850 95050
97994 94818
98052 94854
97980 94970
98096 95042
98132 94984
98190 95020
98118 95136
98060 95100
98024 95158
98140 95230
98248 95056
98306 95092
98090 95440
98206 95512
98242 95454
98184 95418
98292 95244
98350 95280
98314 95338
98372 95374
98192 95664
98424 95808
98280 96040
98338 96076
98482 95844
98540 95880
98360 96170
98418 96206
98454 96148
98570 96220
98462 96394
98520 96430
98232 96894
98522 97074
98558 97016
98326 96872
98434 96698
98492 96734
98456 96792
98514 96828
98478 96886
98536 96922
98608 96806
98550 96770
98586 96712
98470 96640
98542 96524
98716 96632
98752 96574
98810 96610
98666 96842
98724 96878
98832 96704
98890 96740
98710 97030
98768 97066
98732 97124
98848 97196
98884 97138
98826 97102
98862 97044
98804 97008
98840 96950
98898 96986
98934 96928
98876 96892
98912 96834
99086 96942
99050 97000
99166 97072
99202 97014
99144 96978
99180 96920
98948 96776
98984 96718
98868 96646
98904 96588
98672 96444
98636 96502
98578 96466
98614 96408
98556 96372
98592 96314
98708 96386
98744 96328
98628 96256
98664 96198
98490 96090
98598 95916
98714 95988
98678 96046
98736 96082
98700 96140
98758 96176
98830 96060
98772 96024
98808 95966
98866 96002
98902 95944
99018 96016
98982 96074
98924 96038
98780 96270
98838 96306
98946 96132
99004 96168
98896 96342
98954 96378
99026 96262
99142 96334
99106 96392
99048 96356
99012 96414
99128 96486
99092 96544
99150 96580
99222 96464
99338 96536
99302 96594
99418 96666
99274 96898
99332 96934
99188 97166
99246 97202
99210 97260
99268 97296
99232 97354
99290 97390
99326 97332
99384 97368
99312 97484
99254 97448
99218 97506
99334 97578
99226 97752
99400 97860
99220 98150
99278 98186
99206 98302
99380 98410
99344 98468
99286 98432
99106 98722
99396 98902
99360 98960
99418 98996
99454 98938
99570 99010
99606 98952
99200 98700
99308 98526
99366 98562
99474 98388
99300 98280
99372 98164
99314 98128
99494 97838
99320 97730
99428 97556
99370 97520
99442 97404
99848 97656
99704 97888
99820 97960
99676 98192
99734 98228
99554 98518
99670 98590
99526 98822
99700 98930
99736 98872
99620 98800
99656 98742
99830 98850
99722 99024
99780 99060
99744 99118
99802 99154
99838 99096
99954 99168
99990 99110
99816 99002
99888 98886
100062 98994
100026 99052
100084 99088
100156 98972
99692 98684
99764 98568
99648 98496
99684 98438
99742 98474
99778 98416
99720 98380
99756 98322
99814 98358
99850 98300
99908 98336
99800 98510
99916 98582
99880 98640
99938 98676
99902 98734
100192 98914
100228 98856
99996 98712
100032 98654
99974 98618
100010 98560
99894 98488
100002 98314
99770 98170
99914 97938
99798 97866
99942 97634
99304 97238
99340 97180
99282 97144
99318 97086
99492 97194
99456 97252
99514 97288
99586 97172
99354 97028
99426 96912
99368 96876
99512 96644
99396 96572
99432 96514
99200 96370
99236 96312
99062 96204
99098 96146
99156 96182
99192 96124
99076 96052
99112 95994
98996 95922
99032 95864
99148 95936
99184 95878
99010 95770
98938 95886
98880 95850
98844 95908
98786 95872
98858 95756
98742 95684
98706 95742
98764 95778
98692 95894
98286 95642
98358 95526
98590 95670
98626 95612
98394 95468
98430 95410
98488 95446
98524 95388
98408 95316
98444 95258
98328 95186
98364 95128
98422 95164
98458 95106
98342 95034
98378 94976
98320 94940
98356 94882
98530 94990
98566 94932
98508 94896
98544 94838
98602 94874
98638 94816
98754 94888
98718 94946
98660 94910
98552 95084
98668 95156
98704 95098
98646 95062
98682 95004
98798 95076
98870 94960
98812 94924
98848 94866
98906 94902
98978 94786
99036 94822
98820 95170
98762 95134
98618 95366
98676 95402
98784 95228
98842 95264
98698 95496
99104 95748
99140 95690
98792 95474
98936 95242
98878 95206
99058 94916
99116 94952
99044 95068
99102 95104
98994 95278
99052 95314
98944 95488
99060 95560
99096 95502
99038 95466
99074 95408
99132 95444
99168 95386
99226 95422
99118 95596
99176 95632
99320 95400
99088 95256
99124 95198
99182 95234
99254 95118
99138 95046
99174 94988
99232 95024
99268 94966
99094 94858
99130 94800
99072 94764
99108 94706
99166 94742
99238 94626
99296 94662
99188 94836
99304 94908
99340 94850
99398 94886
99290 95060
99348 95096
99312 95154
99370 95190
99334 95248
99392 95284
99428 95226
99486 95262
99378 95436
99436 95472
99400 95530
99342 95494
99162 95784
99220 95820
99364 95588
99538 95696
99394 95928
99452 95964
99344 96138
99518 96246
99482 96304
99714 96448
99750 96390
99576 96282
99612 96224
99438 96116
99474 96058
99590 96130
99626 96072
99510 96000
99546 95942
99488 95906
99632 95674
99458 95566
99530 95450
99472 95414
99544 95298
99660 95370
99624 95428
99682 95464
99718 95406
99776 95442
99812 95384
99406 95132
99442 95074
99384 95038
99456 94922
99514 94958
99478 95016
99536 95052
99572 94994
99746 95102
99710 95160
99826 95232
99790 95290
100080 95470
99972 95644
100030 95680
100066 95622
100124 95658
100088 95716
100146 95752
100110 95810
99994 95738
99886 95912
99828 95876
99720 96050
99836 96122
99872 96064
99814 96028
99850 95970
99908 96006
100016 95832
100132 95904
100240 95730
100298 95766
100010 96230
100068 96266
100032 96324
99974 96288
99938 96346
99880 96310
99772 96484
99830 96520
99758 96636
99932 96744
99968 96686
100084 96758
100156 96642
100098 96606
100062 96664
99946 96592
99910 96650
99852 96614
99924 96498
99866 96462
99902 96404
99960 96440
99996 96382
100170 96490
100206 96432
100090 96360
100126 96302
100242 96374
100278 96316
100104 96208
100212 96034
100270 96070
100234 96128
100292 96164
100256 96222
100488 96366
100452 96424
100394 96388
100358 96446
100300 96410
100228 96526
100286 96562
100322 96504
100380 96540
100344 96598
100402 96634
100366 96692
100424 96728
100316 96902
100258 96866
100222 96924
100338 96996
100302 97054
100592 97234
100412 97524
100470 97560
100398 97676
100572 97784
100464 97958
100522 97994
100306 98342
100364 98378
100292 98494
100234 98458
100090 98690
100148 98726
100256 98552
100314 98588
100206 98762
100264 98798
100408 98566
100350 98530
100422 98414
100538 98486
100394 98718
100452 98754
100524 98638
100582 98674
100474 98848
100416 98812
100380 98870
100322 98834
100286 98892
100344 98928
100308 98986
100250 98950
100214 99008
100272 99044
100236 99102
100352 99174
100316 99232
100258 99196
100114 99428
100172 99464
100136 99522
100020 99450
99732 99914
99848 99986
99884 99928
99826 99892
100042 99544
100100 99580
100064 99638
