4800
104642 97114
104348 97315
104415 97413
104317 97480
104384 97578
104580 97444
104513 97346
104611 97279
104678 97377
104776 97310
104709 97212
104807 97145
104874 97243
105070 97109
105137 97207
104941 97341
105075 97537
104781 97738
104647 97542
104549 97609
104750 97903
105240 97568
105106 97372
105302 97238
105235 97140
105627 96872
105761 97068
105467 97269
105601 97465
105699 97398
105632 97300
105926 97099
105725 96805
106019 96604
105952 96506
106050 96439
105916 96243
106406 95908
106339 95810
106731 95542
106664 95444
106762 95377
106829 95475
106927 95408
106860 95310
107056 95176
107123 95274
107025 95341
107092 95439
107386 95238
107453 95336
106963 95671
107030 95769
107128 95702
107195 95800
106999 95934
106865 95738
106767 95805
106834 95903
106638 96037
106705 96135
106901 96001
106968 96099
107262 95898
107329 95996
106741 96398
106607 96202
106411 96336
106344 96238
106246 96305
106380 96501
106282 96568
106215 96470
106117 96537
106251 96733
106545 96532
106478 96434
106576 96367
106710 96563
107298 96161
107365 96259
107267 96326
107468 96620
107370 96687
107303 96589
107205 96656
107138 96558
107236 96491
107169 96393
106973 96527
107040 96625
106746 96826
106679 96728
106581 96795
106648 96893
106452 97027
106385 96929
106287 96996
106354 97094
106256 97161
106390 97357
106488 97290
106421 97192
106813 96924
106880 97022
106684 97156
106751 97254
107045 97053
106911 96857
107107 96723
107308 97017
107504 96883
107437 96785
107535 96718
107602 96816
107798 96682
107865 96780
107669 96914
107736 97012
107834 96945
107901 97043
107705 97177
107571 96981
107375 97115
107442 97213
106952 97548
107019 97646
107411 97378
107478 97476
107576 97409
107643 97507
107349 97708
107416 97806
107710 97605
107777 97703
107973 97569
108040 97667
107942 97734
108009 97832
107911 97899
107844 97801
107648 97935
107715 98033
107813 97966
107880 98064
107978 97997
108045 98095
107947 98162
108014 98260
107916 98327
107782 98131
107684 98198
107818 98394
107720 98461
107787 98559
107689 98626
107354 98136
107256 98203
106988 97811
106890 97878
106957 97976
106859 98043
106658 97749
106756 97682
106689 97584
106493 97718
106694 98012
106596 98079
106529 97981
106431 98048
106364 97950
106462 97883
106395 97785
106297 97852
106163 97656
106065 97723
106333 98115
106235 98182
106034 97888
105936 97955
105802 97759
105606 97893
105539 97795
105735 97661
105668 97563
105374 97764
105575 98058
105771 97924
105838 98022
105740 98089
105807 98187
106003 98053
106070 98151
105776 98352
105642 98156
105544 98223
105678 98419
105580 98486
105647 98584
105451 98718
105250 98424
105152 98491
105018 98295
104724 98496
104657 98398
104265 98666
104198 98568
104100 98635
104234 98831
104626 98563
104693 98661
104987 98460
105121 98656
105219 98589
105286 98687
105188 98754
105255 98852
105157 98919
105224 99017
105812 98615
105745 98517
105843 98450
105910 98548
106106 98414
106039 98316
106137 98249
106204 98347
106400 98213
106467 98311
106271 98445
106338 98543
106240 98610
106374 98806
106472 98739
106405 98641
106503 98574
106436 98476
106534 98409
106601 98507
106699 98440
106565 98244
106761 98110
106828 98208
107024 98074
107158 98270
107060 98337
107127 98435
107029 98502
107096 98600
106606 98935
106673 99033
107261 98631
107194 98533
107292 98466
107225 98368
107323 98301
107457 98497
107359 98564
107426 98662
107230 98796
107297 98894
107591 98693
107658 98791
107756 98724
107823 98822
107725 98889
107792 98987
107694 99054
107761 99152
107663 99219
107462 98925
107364 98992
107565 99286
107467 99353
107400 99255
107302 99322
107436 99518
107338 99585
107271 99487
107173 99554
107106 99456
107008 99523
106941 99425
107137 99291
107070 99193
107168 99126
107101 99028
107003 99095
106936 98997
106838 99064
106972 99260
106874 99327
106740 99131
106642 99198
106441 98904
106343 98971
106276 98873
106080 99007
105946 98811
105848 98878
105982 99074
105884 99141
105750 98945
105652 99012
105853 99306
105755 99373
105889 99569
105987 99502
105920 99404
106018 99337
105951 99239
106245 99038
106312 99136
106410 99069
106611 99363
106709 99296
106843 99492
106745 99559
106678 99461
106580 99528
106714 99724
106910 99590
106977 99688
106585 99956
106384 99662
106482 99595
106281 99301
106183 99368
106317 99564
106219 99631
106286 99729
106188 99796
106255 99894
106353 99827
106420 99925
106224 100059
106090 99863
105992 99930
106126 100126
106028 100193
106095 100291
105997 100358
105930 100260
105832 100327
105765 100229
105667 100296
105600 100198
105698 100131
105497 99837
105693 99703
105626 99605
105528 99672
105394 99476
105296 99543
105095 99249
105193 99182
105059 98986
104961 99053
104894 98955
104796 99022
104863 99120
104765 99187
104631 98991
104435 99125
104368 99027
104074 99228
104208 99424
104306 99357
104239 99259
104337 99192
104404 99290
104600 99156
104667 99254
104569 99321
104636 99419
104930 99218
105265 99708
105363 99641
105430 99739
105332 99806
105533 100100
105435 100167
105368 100069
105270 100136
105203 100038
105007 100172
104471 99388
104373 99455
104440 99553
104244 99687
104311 99785
104507 99651
104775 100043
104579 100177
104378 99883
104280 99950
103878 99362
103780 99429
103646 99233
103744 99166
103610 98970
103708 98903
103574 98707
103476 98774
103543 98872
103445 98939
103579 99135
103481 99202
103414 99104
103218 99238
103285 99336
103187 99403
103053 99207
102955 99274
103022 99372
102826 99506
102893 99604
103089 99470
103156 99568
103548 99300
103682 99496
103584 99563
103651 99661
103553 99728
103486 99630
103094 99898
103161 99996
103063 100063
103130 100161
103326 100027
103259 99929
103455 99795
103522 99893
103816 99692
103749 99594
103847 99527
104249 100115
104151 100182
104084 100084
103888 100218
103821 100120
103723 100187
103656 100089
103362 100290
103429 100388
103233 100522
103300 100620
103594 100419
103527 100321
103625 100254
103692 100352
103790 100285
103857 100383
103759 100450
103826 100548
104022 100414
103955 100316
104053 100249
104120 100347
104414 100146
104548 100342
104842 100141
104909 100239
104713 100373
104780 100471
105172 100203
105239 100301
105337 100234
105404 100332
105502 100265
105636 100461
105538 100528
105605 100626
105899 100425
105966 100523
106260 100322
106193 100224
106389 100090
106456 100188
106848 99920
106915 100018
107013 99951
106946 99853
107240 99652
107307 99750
107111 99884
107178 99982
107080 100049
107147 100147
107245 100080
107312 100178
107116 100312
107049 100214
106951 100281
106817 100085
106719 100152
106853 100348
106657 100482
106724 100580
106920 100446
106987 100544
107281 100343
107348 100441
107054 100642
107121 100740
107513 100472
107580 100570
107678 100503
107745 100601
107549 100735
107482 100637
107286 100771
107353 100869
107451 100802
107518 100900
107420 100967
107621 101261
107523 101328
107389 101132
107291 101199
107224 101101
107126 101168
107260 101364
107162 101431
106961 101137
107059 101070
106858 100776
106662 100910
106528 100714
106430 100781
106363 100683
106069 100884
106002 100786
106100 100719
106033 100621
105837 100755
105971 100951
105775 101085
105440 100595
105244 100729
105177 100631
105079 100698
105213 100894
105409 100760
105677 101152
105383 101353
104981 100765
104785 100899
104852 100997
104950 100930
105151 101224
105053 101291
104919 101095
104821 101162
104687 100966
104589 101033
104522 100935
104816 100734
104749 100636
104553 100770
104486 100672
104682 100538
104615 100440
104517 100507
104383 100311
104089 100512
104156 100610
104352 100476
104419 100574
104223 100708
104290 100806
104388 100739
104455 100837
104357 100904
104558 101198
104656 101131
104723 101229
104527 101363
104125 100775
103929 100909
103996 101007
104094 100940
104228 101136
104130 101203
104063 101105
103965 101172
104099 101368
104295 101234
104429 101430
104135 101631
103934 101337
103738 101471
103805 101569
103903 101502
104104 101796
104398 101595
104465 101693
103681 102229
103480 101935
103774 101734
103640 101538
103542 101605
103609 101703
103413 101837
103279 101641
103181 101708
103047 101512
103243 101378
103176 101280
102882 101481
103016 101677
102820 101811
102887 101909
103083 101775
103150 101873
103248 101806
103650 102394
104630 101724
104496 101528
104594 101461
104661 101559
104759 101492
104692 101394
104888 101260
104955 101358
104857 101425
104991 101621
105089 101554
105022 101456
105120 101389
105187 101487
105285 101420
105486 101714
105584 101647
105450 101451
106038 101049
106105 101147
106203 101080
106136 100982
106332 100848
106399 100946
106497 100879
106564 100977
105682 101580
105816 101776
105914 101709
105847 101611
106827 100941
106894 101039
106600 101240
106667 101338
106863 101204
107064 101498
106966 101565
106832 101369
106734 101436
106801 101534
106703 101601
106770 101699
106672 101766
106538 101570
106440 101637
106306 101441
106208 101508
106409 101802
106507 101735
106574 101833
106182 102101
105981 101807
105785 101941
105718 101843
105620 101910
105754 102106
105950 101972
106151 102266
107033 101663
107100 101761
107002 101828
107069 101926
106775 102127
106842 102225
107234 101957
107167 101859
107265 101792
107466 102086
107564 102019
107631 102117
107533 102184
107600 102282
107796 102148
107863 102246
107765 102313
107899 102509
107801 102576
107667 102380
107569 102447
107703 102643
107605 102710
107538 102612
107440 102679
107373 102581
107471 102514
107404 102416
107306 102483
107172 102287
107074 102354
107007 102256
106909 102323
106976 102421
106878 102488
106945 102586
106847 102653
106713 102457
106811 102390
106744 102292
106548 102426
106816 102818
107110 102617
107043 102519
107141 102452
107342 102746
107244 102813
107311 102911
107409 102844
107476 102942
107280 103076
107079 102782
106883 102916
106950 103014
106852 103081
106651 102787
106357 102988
106290 102890
106486 102756
106419 102658
106125 102859
106192 102957
106094 103024
106027 102926
105831 103060
105228 102178
105130 102245
105063 102147
104769 102348
104836 102446
105032 102312
105099 102410
105197 102343
105264 102441
105166 102508
105233 102606
105135 102673
105001 102477
104903 102544
105104 102838
105398 102637
105532 102833
105336 102967
105403 103065
105599 102931
105800 103225
105996 103091
106063 103189
106259 103055
106326 103153
106424 103086
106491 103184
106589 103117
106522 103019
106620 102952
106754 103148
106656 103215
106723 103313
106919 103179
106986 103277
107084 103210
107151 103308
107445 103107
107646 103401
107548 103468
107414 103272
107218 103406
107285 103504
107383 103437
107450 103535
107352 103602
107419 103700
107321 103767
107388 103865
107290 103932
107156 103736
107058 103803
106790 103411
106692 103478
107094 104066
106996 104133
106862 103937
106764 104004
106563 103710
106661 103643
106594 103545
106496 103612
106362 103416
106460 103349
106393 103251
106197 103385
106532 103875
106336 104009
106202 103813
106104 103880
106171 103978
105779 104246
105712 104148
105908 104014
105841 103916
106037 103782
105836 103488
105738 103555
105872 103751
105676 103885
105408 103493
105506 103426
105439 103328
105537 103261
105470 103163
105274 103297
105341 103395
105243 103462
105511 103854
105413 103921
105011 103333
105207 103199
105073 103003
104975 103070
104908 102972
104810 103039
104944 103235
104846 103302
105181 103792
104985 103926
104851 103730
104753 103797
104686 103699
104588 103766
104655 103864
104557 103931
104222 103441
104124 103508
103990 103312
103892 103379
103289 102497
103191 102564
102789 101976
102691 102043
102624 101945
102526 102012
102660 102208
102758 102141
102825 102239
102727 102306
102794 102404
102892 102337
103160 102729
103258 102662
103325 102760
103227 102827
103294 102925
103392 102858
103861 103544
103959 103477
104026 103575
103928 103642
103995 103740
103897 103807
103763 103611
103665 103678
103598 103580
103500 103647
103433 103549
103335 103616
102933 103028
103031 102961
102830 102667
102732 102734
102866 102930
102768 102997
102634 102801
102536 102868
102737 103162
102835 103095
102969 103291
102871 103358
102938 103456
103036 103389
103103 103487
103005 103554
103072 103652
102974 103719
102773 103425
102675 103492
102608 103394
102510 103461
102443 103363
102639 103229
102438 102935
102340 103002
102474 103198
102278 103332
102211 103234
102113 103301
102247 103497
102345 103430
102479 103626
102577 103559
102644 103657
102742 103590
102943 103884
103237 103683
103304 103781
103402 103714
103469 103812
103567 103745
103634 103843
103732 103776
103866 103972
104160 103771
104093 103673
104191 103606
104325 103802
104227 103869
104294 103967
104098 104101
104165 104199
104459 103998
104526 104096
104428 104163
104495 104261
104691 104127
104624 104029
104722 103962
104789 104060
104887 103993
104954 104091
105248 103890
105382 104086
105480 104019
105547 104117
105155 104385
105021 104189
104825 104323
104892 104421
104990 104354
105057 104452
104861 104586
104928 104684
104732 104818
104799 104916
105093 104715
105026 104617
105516 104282
105583 104380
105485 104447
105552 104545
105748 104411
105815 104509
105913 104442
105846 104344
106238 104076
106305 104174
106207 104241
106341 104437
106439 104370
106372 104272
106470 104205
106604 104401
106310 104602
106377 104700
106181 104834
106047 104638
105949 104705
106083 104901
105985 104968
105918 104870
105722 105004
105655 104906
105557 104973
105624 105071
105526 105138
105392 104942
105294 105009
105361 105107
105165 105241
105098 105143
105000 105210
105134 105406
105428 105205
105495 105303
105887 105035
105954 105133
106346 104865
106413 104963
106511 104896
106444 104798
106542 104731
106676 104927
106578 104994
106645 105092
106743 105025
106810 105123
106614 105257
106681 105355
106583 105422
106382 105128
106186 105262
106253 105360
106351 105293
106485 105489
106387 105556
106320 105458
106222 105525
106289 105623
106093 105757
106160 105855
106258 105788
106459 106082
106655 105948
106722 106046
106624 106113
106691 106211
106593 106278
106660 106376
106562 106443
106495 106345
106299 106479
106232 106381
106428 106247
106294 106051
106196 106118
106263 106216
106165 106283
106031 106087
105933 106154
106067 106350
105871 106484
105737 106288
105835 106221
105768 106123
105670 106190
105603 106092
105897 105891
105830 105793
105536 105994
105469 105896
105567 105829
105500 105731
105696 105597
105629 105499
105433 105633
105366 105535
105464 105468
105397 105370
105201 105504
105402 105798
105304 105865
105706 106453
105608 106520
105474 106324
105376 106391
105242 106195
105144 106262
105412 106654
105314 106721
105381 106819
105087 107020
104886 106726
104788 106793
104721 106695
104917 106561
104783 106365
104881 106298
104814 106200
104716 106267
104582 106071
104974 105803
104907 105705
104417 106040
104350 105942
104742 105674
104675 105576
104479 105710
104412 105612
104608 105478
104541 105380
104345 105514
104278 105416
104572 105215
104505 105117
104407 105184
104072 104694
103974 104761
104175 105055
104077 105122
103809 104730
103711 104797
103510 104503
103412 104570
103211 104276
102917 104477
102783 104281
102685 104348
102551 104152
102649 104085
102314 103595
102216 103662
102149 103564
102051 103631
101984 103533
102082 103466
101881 103172
101783 103239
101850 103337
101752 103404
101886 103600
101788 103667
101721 103569
101525 103703
101458 103605
101654 103471
101587 103373
101489 103440
101422 103342
101226 103476
101159 103378
101061 103445
101195 103641
101293 103574
101494 103868
101690 103734
101757 103832
101953 103698
102020 103796
102118 103729
102185 103827
102087 103894
102221 104090
102319 104023
102252 103925
102350 103858
102484 104054
102386 104121
102654 104513
102752 104446
102819 104544
102721 104611
102788 104709
103180 104441
103247 104539
103051 104673
103118 104771
103020 104838
103087 104936
103283 104802
103216 104704
103314 104637
103381 104735
103479 104668
103680 104962
103778 104895
103845 104993
103747 105060
103814 105158
103716 105225
103448 104833
103350 104900
103484 105096
103386 105163
103453 105261
103551 105194
103685 105390
103979 105189
104046 105287
104242 105153
104309 105251
104113 105385
104381 105777
104185 105911
103984 105617
103886 105684
104020 105880
103922 105947
103989 106045
104087 105978
104154 106076
104252 106009
104386 106205
104484 106138
104752 106530
104458 106731
104324 106535
104226 106602
104159 106504
104257 106437
104190 106339
104288 106272
104221 106174
104123 106241
104056 106143
103958 106210
103757 105916
103855 105849
103587 105457
103489 105524
103154 105034
103056 105101
103458 105689
103556 105622
103690 105818
103592 105885
103726 106081
103628 106148
103561 106050
103365 106184
103298 106086
103200 106153
103133 106055
103231 105988
103097 105792
102999 105859
103066 105957
102968 106024
103102 106220
103004 106287
103138 106483
103236 106416
103169 106318
103267 106251
103334 106349
103530 106215
103597 106313
103793 106179
103860 106277
103762 106344
103829 106442
104025 106308
104092 106406
103994 106473
104061 106571
103963 106638
103896 106540
103798 106607
103664 106411
103468 106545
103535 106643
103633 106576
103767 106772
103571 106906
103638 107004
103540 107071
103339 106777
103437 106710
103303 106514
103205 106581
103272 106679
103174 106746
103576 107334
103478 107401
103411 107303
103215 107437
103148 107339
103246 107272
103179 107174
103277 107107
103143 106911
103045 106978
102777 106586
102973 106452
102772 106158
102870 106091
102669 105797
102767 105730
102633 105534
102731 105467
102597 105271
102891 105070
102757 104874
102659 104941
102726 105039
102530 105173
102463 105075
102365 105142
102566 105436
102468 105503
102602 105699
102504 105766
102705 106060
102607 106127
102473 105931
102375 105998
102308 105900
102406 105833
102339 105735
102437 105668
102236 105374
102334 105307
102200 105111
102592 104843
102458 104647
102360 104714
102293 104616
102195 104683
102061 104487
101963 104554
102164 104848
102262 104781
102329 104879
102133 105013
101932 104719
101736 104853
101803 104951
101901 104884
102035 105080
101937 105147
101870 105049
101772 105116
101906 105312
102102 105178
102169 105276
102071 105343
102272 105637
102174 105704
102241 105802
102143 105869
102277 106065
102179 106132
101844 105642
101942 105575
101875 105477
101777 105544
101643 105348
101545 105415
101813 105807
101715 105874
101313 105286
101215 105353
101148 105255
101050 105322
101184 105518
101282 105451
101483 105745
101091 106013
101024 105915
100926 105982
101060 106178
101550 105843
101684 106039
101880 105905
102081 106199
101885 106333
101952 106431
102050 106364
102117 106462
102215 106395
102148 106297
102246 106230
102447 106524
102545 106457
102344 106163
102442 106096
102576 106292
102674 106225
102741 106323
102643 106390
102710 106488
102612 106555
102679 106653
102581 106720
102648 106818
102746 106751
103081 107241
102983 107308
103251 107700
103055 107834
102854 107540
102756 107607
102823 107705
102725 107772
102457 107380
102555 107313
102622 107411
102720 107344
102586 107148
102488 107215
102421 107117
102323 107184
102256 107086
102452 106952
102385 106854
102091 107055
102024 106957
102318 106756
102251 106658
102153 106725
102019 106529
101725 106730
101658 106632
101462 106766
101328 106570
101132 106704
101199 106802
101297 106735
101364 106833
101168 106967
101235 107065
101627 106797
101694 106895
101988 106694
102055 106792
101761 106993
101828 107091
101730 107158
101663 107060
101565 107127
101699 107323
101993 107122
102060 107220
102158 107153
102560 107741
102462 107808
102596 108004
102694 107937
102761 108035
102565 108169
102498 108071
102400 108138
102333 108040
102431 107973
102364 107875
102266 107942
102199 107844
102297 107777
102230 107679
102328 107612
102127 107318
102029 107385
101962 107287
101766 107421
101900 107617
102096 107483
102163 107581
102065 107648
102132 107746
102034 107813
102101 107911
102003 107978
102137 108174
102235 108107
102369 108303
102173 108437
101972 108143
101874 108210
102008 108406
101910 108473
101709 108179
101905 108045
101838 107947
101544 108148
101812 108540
101714 108607
101580 108411
101482 108478
101616 108674
101518 108741
101451 108643
101353 108710
101286 108612
101090 108746
101157 108844
101059 108911
101126 109009
101028 109076
100894 108880
100600 109081
100466 108885
100564 108818
100631 108916
100925 108715
100791 108519
100889 108452
100956 108550
101054 108483
100920 108287
100822 108354
100755 108256
101049 108055
100982 107957
100688 108158
100554 107962
100750 107828
100683 107730
100977 107529
100910 107431
101106 107297
100972 107101
100874 107168
100941 107266
100843 107333
100508 106843
100606 106776
100539 106678
100735 106544
100467 106152
100663 106018
100328 105528
100426 105461
100292 105265
100488 105131
100421 105033
100127 105234
100261 105430
100163 105497
100498 105987
100302 106121
100570 106513
100374 106647
100441 106745
100343 106812
100075 106420
99977 106487
100312 106977
100410 106910
100812 107498
100518 107699
100585 107797
100487 107864
100219 107472
100513 107271
100446 107173
100054 107441
100389 107931
100193 108065
100260 108163
100456 108029
100590 108225
100394 108359
100461 108457
100363 108524
100028 108034
99930 108101
100265 108591
100167 108658
99966 108364
99868 108431
100002 108627
99904 108694
99971 108792
100069 108725
100136 108823
100234 108756
100301 108854
100203 108921
100337 109117
100239 109184
100105 108988
100007 109055
99739 108663
99837 108596
99703 108400
99801 108333
99734 108235
99636 108302
99569 108204
99667 108137
99600 108039
100090 107704
99956 107508
99858 107575
99925 107673
99435 108008
99502 108106
99404 108173
99270 107977
99172 108044
99440 108436
99538 108369
99672 108565
99574 108632
99842 109024
99744 109091
99677 108993
99481 109127
99414 109029
99316 109096
99249 108998
99347 108931
99280 108833
99182 108900
99115 108802
99213 108735
99146 108637
98950 108771
99017 108869
98919 108936
98852 108838
98754 108905
98687 108807
99079 108539
99012 108441
98816 108575
98749 108477
98651 108544
98718 108642
98424 108843
98357 108745
98259 108812
98192 108714
98388 108580
98455 108678
98553 108611
98486 108513
98682 108379
98615 108281
98713 108214
98780 108312
99074 108111
99007 108013
99203 107879
99136 107781
98842 107982
98909 108080
98811 108147
98744 108049
98646 108116
98579 108018
98677 107951
98610 107853
98904 107652
98971 107750
99069 107683
99002 107585
99198 107451
99131 107353
99327 107219
99260 107121
99848 106719
99781 106621
99879 106554
99812 106456
99910 106389
99843 106291
100039 106157
100106 106255
100204 106188
100070 105992
99972 106059
99503 105373
99601 105306
99266 104816
99168 104883
99101 104785
99003 104852
99137 105048
99235 104981
99436 105275
99338 105342
99874 106126
99678 106260
99745 106358
99647 106425
99714 106523
99616 106590
99683 106688
99487 106822
99219 106430
99415 106296
99348 106198
99446 106131
99245 105837
99441 105703
98972 105017
98874 105084
99276 105672
99178 105739
98843 105249
98745 105316
99281 106100
99183 106167
99250 106265
99054 106399
99389 106889
99291 106956
99157 106760
98961 106894
99028 106992
99126 106925
99193 107023
99095 107090
99162 107188
99064 107255
98997 107157
98899 107224
98564 106734
98760 106600
98693 106502
98987 106301
98920 106203
99116 106069
98915 105775
98817 105842
98951 106038
98755 106172
98822 106270
98724 106337
98590 106141
98786 106007
98719 105909
98621 105976
98554 105878
98750 105744
98683 105646
98389 105847
98523 106043
98425 106110
98626 106404
98528 106471
98595 106569
98497 106636
98296 106342
98198 106409
98399 106703
98301 106770
98368 106868
98466 106801
98868 107389
98966 107322
99033 107420
98837 107554
98703 107358
98605 107425
98739 107621
98543 107755
98476 107657
98378 107724
98512 107920
98414 107987
98481 108085
98383 108152
98517 108348
98419 108415
98352 108317
98254 108384
98187 108286
98089 108353
98156 108451
98058 108518
97991 108420
97893 108487
97826 108389
97924 108322
97857 108224
97955 108157
97888 108059
97692 108193
97625 108095
97919 107894
98053 108090
98151 108023
98084 107925
98280 107791
98079 107497
98373 107296
98172 107002
98074 107069
98208 107265
98012 107399
97878 107203
97780 107270
98115 107760
98017 107827
97950 107729
97852 107796
97785 107698
97883 107631
97615 107239
97713 107172
97646 107074
97450 107208
97718 107600
97620 107667
97754 107863
97656 107930
97455 107636
97357 107703
97491 107899
97393 107966
97326 107868
97228 107935
97362 108131
97166 108265
97099 108167
97197 108100
97130 108002
96934 108136
96867 108038
97161 107837
97027 107641
97223 107507
97156 107409
96862 107610
96996 107806
96898 107873
96831 107775
96733 107842
96800 107940
96702 108007
96635 107909
96537 107976
96470 107878
96568 107811
96501 107713
96599 107646
96666 107744
96764 107677
96630 107481
96238 107749
96171 107651
96563 107383
96496 107285
96594 107218
96728 107414
96826 107347
96759 107249
96857 107182
96991 107378
97089 107311
96955 107115
97053 107048
97187 107244
97383 107110
97316 107012
97218 107079
97151 106981
97445 106780
97378 106682
96986 106950
96919 106852
97409 106517
97543 106713
98327 106177
98260 106079
97574 106548
97440 106352
97734 106151
97801 106249
98291 105914
98224 105816
98322 105749
98255 105651
98059 105785
98126 105883
97832 106084
97765 105986
97863 105919
97796 105821
98090 105620
98023 105522
98121 105455
98054 105357
98936 104754
98802 104558
98900 104491
98699 104197
98601 104264
98534 104166
98632 104099
98565 104001
98761 103867
98895 104063
99287 103795
99086 103501
98988 103568
99122 103764
98926 103898
98792 103702
98498 103903
98431 103805
98529 103738
98462 103640
98266 103774
98467 104068
98369 104135
98570 104429
98668 104362
98735 104460
98637 104527
98771 104723
98673 104790
98606 104692
98508 104759
98575 104857
98281 105058
98214 104960
98410 104826
98343 104728
98441 104661
98374 104563
98472 104496
98405 104398
98209 104532
98276 104630
98178 104697
98111 104599
98013 104666
97946 104568
98044 104501
97977 104403
98075 104336
98008 104238
97812 104372
97879 104470
97781 104537
97982 104831
98080 104764
98147 104862
98049 104929
98183 105125
97987 105259
97853 105063
97755 105130
97956 105424
97858 105491
97791 105393
97693 105460
97827 105656
97729 105723
97662 105625
97564 105692
97698 105888
97600 105955
97667 106053
97275 106321
97342 106419
96754 106821
96821 106919
96723 106986
96589 106790
97079 106455
97012 106357
97306 106156
97239 106058
96847 106326
96780 106228
97466 105759
97399 105661
97595 105527
97528 105429
97234 105630
97301 105728
97203 105795
97136 105697
97038 105764
97105 105862
96909 105996
96775 105800
97069 105599
97002 105501
97100 105434
97167 105532
97265 105465
97198 105367
97394 105233
97327 105135
97033 105336
96966 105238
96770 105372
96904 105568
96610 105769
96811 106063
96713 106130
96512 105836
96414 105903
96816 106491
96620 106625
96486 106429
96584 106362
96450 106166
96352 106233
96218 106037
96316 105970
96249 105872
96053 106006
96321 106398
96223 106465
96022 106171
95924 106238
96192 106630
96388 106496
96455 106594
96357 106661
96491 106857
96393 106924
96460 107022
96264 107156
96063 106862
96161 106795
96094 106697
95898 106831
95697 106537
95599 106604
95800 106898
95702 106965
95903 107259
95805 107326
95403 106738
95501 106671
95434 106573
95728 106372
95661 106274
95269 106542
95336 106640
95238 106707
95573 107197
95475 107264
95542 107362
95444 107429
95310 107233
95408 107166
95341 107068
95243 107135
95109 106939
95207 106872
95073 106676
94975 106743
95042 106841
94944 106908
95145 107202
95047 107269
95181 107465
95279 107398
95413 107594
95217 107728
95351 107924
95253 107991
95052 107697
95150 107630
95083 107532
94691 107800
94624 107702
94428 107836
94361 107738
94655 107537
94722 107635
95016 107434
94949 107336
94753 107470
94686 107372
94392 107573
94325 107475
94717 107207
94650 107109
94454 107243
94186 106851
94284 106784
94351 106882
94547 106748
94480 106650
94676 106516
94609 106418
94707 106351
94640 106253
94542 106320
94475 106222
94573 106155
94439 105959
94537 105892
94738 106186
94836 106119
94903 106217
94805 106284
94939 106480
95037 106413
94970 106315
95460 105980
95527 106078
95625 106011
95558 105913
95754 105779
95821 105877
96311 105542
96378 105640
96672 105439
96605 105341
96899 105140
96832 105042
97126 104841
97059 104743
96863 104877
96796 104779
96600 104913
96734 105109
96440 105310
96507 105408
96409 105475
96342 105377
96244 105444
96177 105346
96079 105413
96146 105511
95852 105712
95785 105614
95687 105681
95620 105583
95522 105650
95589 105748
95001 106150
94867 105954
94965 105887
95032 105985
95130 105918
94996 105722
94898 105789
94831 105691
95125 105490
95259 105686
95651 105418
95584 105320
95290 105521
95156 105325
94666 105660
94800 105856
94702 105923
94568 105727
94470 105794
94403 105696
95187 105160
95120 105062
95218 104995
95151 104897
95249 104830
95450 105124
95646 104990
95713 105088
95909 104954
95976 105052
96172 104918
96105 104820
96007 104887
95940 104789
96234 104588
96368 104784
96564 104650
96497 104552
96399 104619
96332 104521
96528 104387
96729 104681
96925 104547
96791 104351
96693 104418
96626 104320
97018 104052
97085 104150
97477 103882
97544 103980
97740 103846
97673 103748
97575 103815
97508 103717
97116 103985
97049 103887
97147 103820
97080 103722
96884 103856
96951 103954
96755 104088
96621 103892
96523 103959
96657 104155
96167 104490
96100 104392
96198 104325
96131 104227
95935 104361
95868 104263
95966 104196
95899 104098
95801 104165
95734 104067
95930 103933
95997 104031
96095 103964
95961 103768
96157 103634
96090 103536
95992 103603
95925 103505
95827 103572
95760 103474
95662 103541
95863 103835
95765 103902
95631 103706
95533 103773
95667 103969
95569 104036
95904 104526
96002 104459
96069 104557
95775 104758
95842 104856
95744 104923
95677 104825
95481 104959
95280 104665
94986 104866
94919 104768
94821 104835
95022 105129
94924 105196
94857 105098
94759 105165
94826 105263
94728 105330
94661 105232
94563 105299
94630 105397
94434 105531
94367 105433
94171 105567
94305 105763
94109 105897
93908 105603
94104 105469
94037 105371
94527 105036
94460 104938
94950 104603
94883 104505
94687 104639
94620 104541
94816 104407
94749 104309
94847 104242
94780 104144
94976 104010
95043 104108
95337 103907
95270 103809
95368 103742
95301 103644
95203 103711
95136 103613
95038 103680
95172 103876
95074 103943
95007 103845
94615 104113
94682 104211
94584 104278
94651 104376
94357 104577
94424 104675
94522 104608
94589 104706
94295 104907
94362 105005
93970 105273
93903 105175
93805 105242
93738 105144
94326 104742
94192 104546
94094 104613
94027 104515
94223 104381
94156 104283
94254 104216
94187 104118
93991 104252
94058 104350
93960 104417
93826 104221
93728 104288
94063 104778
93769 104979
93501 104587
93403 104654
93671 105046
93475 105180
93542 105278
93640 105211
93774 105407
93872 105340
93939 105438
93743 105572
93810 105670
93712 105737
93779 105835
93681 105902
93480 105608
93676 105474
93609 105376
93511 105443
93444 105345
93346 105412
93413 105510
93315 105577
93382 105675
93284 105742
93150 105546
93052 105613
93186 105809
92990 105943
92722 105551
92820 105484
92887 105582
92985 105515
92918 105417
93016 105350
92949 105252
93047 105185
93114 105283
93212 105216
93078 105020
92882 105154
92815 105056
93011 104922
92944 104824
92650 105025
92583 104927
92681 104860
92614 104762
93006 104494
93140 104690
93042 104757
93109 104855
93305 104721
93238 104623
93336 104556
93269 104458
93171 104525
93037 104329
93331 104128
93264 104030
93460 103896
93661 104190
93759 104123
93558 103829
93852 103628
93919 103726
94017 103659
94084 103757
94182 103690
94249 103788
94347 103721
94414 103819
94512 103752
94378 103556
94574 103422
94708 103618
94904 103484
94837 103386
94739 103453
94605 103257
94507 103324
94440 103226
94342 103293
94409 103391
94115 103592
94048 103494
93950 103561
93883 103463
93687 103597
93620 103499
93816 103365
93749 103267
94337 102865
94404 102963
94600 102829
94667 102927
94765 102860
94899 103056
95683 102520
95750 102618
95946 102484
96147 102778
96637 102443
96704 102541
96900 102407
96833 102309
96735 102376
96668 102278
96178 102613
96111 102515
96503 102247
96436 102149
96044 102417
95977 102319
95781 102453
95714 102355
94930 102891
94863 102793
95157 102592
95090 102494
95188 102427
95121 102329
94925 102463
94992 102561
94894 102628
94827 102530
94729 102597
94796 102695
94698 102762
94631 102664
94435 102798
94368 102700
94564 102566
94430 102370
94724 102169
94858 102365
94956 102298
94755 102004
94265 102339
94399 102535
94203 102669
94270 102767
93878 103035
93744 102839
94038 102638
93904 102442
93806 102509
93873 102607
93579 102808
93780 103102
93486 103303
93553 103401
93455 103468
93589 103664
93099 103999
93166 104097
92774 104365
92841 104463
92743 104530
92676 104432
92578 104499
92645 104597
92449 104731
92382 104633
92480 104566
92413 104468
92119 104669
92052 104571
92542 104236
92475 104138
92377 104205
92310 104107
92506 103973
92640 104169
92738 104102
92671 104004
92867 103870
92800 103772
92604 103906
92537 103808
92243 104009
92176 103911
92764 103509
92898 103705
93094 103571
93161 103669
93259 103602
93125 103406
93223 103339
93290 103437
93388 103370
93254 103174
92960 103375
93027 103473
92929 103540
92795 103344
92207 103746
92140 103648
92238 103581
92037 103287
92135 103220
92202 103318
92300 103251
92367 103349
92269 103416
92336 103514
92532 103380
92465 103282
92759 103081
92826 103179
92924 103112
92857 103014
93053 102880
93120 102978
93218 102911
93151 102813
93249 102746
93115 102550
93017 102617
93084 102715
92692 102983
92625 102885
92821 102751
92754 102653
92460 102854
92594 103050
92398 103184
92197 102890
92001 103024
92068 103122
91970 103189
91903 103091
91707 103225
91640 103127
91836 102993
91769 102895
91671 102962
91604 102864
91800 102730
91934 102926
92130 102792
92063 102694
92553 102359
92486 102261
92094 102529
92027 102431
91929 102498
91862 102400
92156 102199
92089 102101
91795 102302
91728 102204
91532 102338
91465 102240
91563 102173
91496 102075
91594 102008
91661 102106
91857 101972
91790 101874
91692 101941
91625 101843
91527 101910
91460 101812
91558 101745
91491 101647
91589 101580
91723 101776
91821 101709
91687 101513
91785 101446
91718 101348
91816 101281
92151 101771
92249 101704
92517 102096
92615 102029
92548 101931
92646 101864
92847 102158
92749 102225
92816 102323
93012 102189
92811 101895
92909 101828
92976 101926
93074 101859
93141 101957
93043 102024
93110 102122
93208 102055
93342 102251
93440 102184
93172 101792
93270 101725
93471 102019
93569 101952
93703 102148
93899 102014
93966 102112
93770 102246
93837 102344
94131 102143
93930 101849
93734 101983
93667 101885
93765 101818
93698 101720
93502 101854
93435 101756
93729 101555
93863 101751
93961 101684
93827 101488
93925 101421
93858 101323
94054 101189
94255 101483
94353 101416
94487 101612
94781 101411
94848 101509
95240 101241
95307 101339
95405 101272
95271 101076
94879 101344
94812 101246
94518 101447
94384 101251
94286 101318
94219 101220
94317 101153
94250 101055
94348 100988
94281 100890
93693 101292
93760 101390
93662 101457
93595 101359
93399 101493
93466 101591
93368 101658
93301 101560
93105 101694
93038 101596
93234 101462
93167 101364
93265 101297
93131 101101
93033 101168
93100 101266
93002 101333
93069 101431
92971 101498
92904 101400
92806 101467
92940 101663
92744 101797
92677 101699
92481 101833
92347 101637
92445 101570
92378 101472
92476 101405
92409 101307
92899 100972
92832 100874
92244 101276
92311 101374
92213 101441
92280 101539
92182 101606
92048 101410
92146 101343
92079 101245
92275 101111
92208 101013
91914 101214
91847 101116
91749 101183
91682 101085
91780 101018
91713 100920
91811 100853
91744 100755
91842 100688
92043 100982
92141 100915
91940 100621
92038 100554
92105 100652
92203 100585
92069 100389
92167 100322
92234 100420
92332 100353
92399 100451
92497 100384
92564 100482
92368 100616
92435 100714
92337 100781
92404 100879
92502 100812
92569 100910
92667 100843
92533 100647
92631 100580
92765 100776
92863 100709
93064 101003
93162 100936
93229 101034
93425 100900
93559 101096
93657 101029
93523 100833
93621 100766
93755 100962
93853 100895
93652 100601
93750 100534
93616 100338
93518 100405
93585 100503
93487 100570
93554 100668
93260 100869
93193 100771
93095 100838
92894 100544
92796 100611
92662 100415
92760 100348
92827 100446
92925 100379
92791 100183
92595 100317
92528 100219
92920 99951
93121 100245
93023 100312
93224 100606
93322 100539
93188 100343
93286 100276
93219 100178
93317 100111
93250 100013
93152 100080
93085 99982
93281 99848
93415 100044
93513 99977
93379 99781
93477 99714
93410 99616
93508 99549
93575 99647
93673 99580
93740 99678
93838 99611
93905 99709
93807 99776
94008 100070
93812 100204
93879 100302
93977 100235
94111 100431
94209 100364
94410 100658
94312 100725
94446 100921
94544 100854
94611 100952
94709 100885
94642 100787
94740 100720
94874 100916
95070 100782
95137 100880
95431 100679
95297 100483
95199 100550
95266 100648
95168 100715
95101 100617
94905 100751
94838 100653
94936 100586
94869 100488
94575 100689
94240 100199
94142 100266
94075 100168
94173 100101
93972 99807
94070 99740
94137 99838
94235 99771
94302 99869
94498 99735
95034 100519
95132 100452
95065 100354
95261 100220
95194 100122
94998 100256
94730 99864
94926 99730
95127 100024
95225 99957
95627 100545
95725 100478
95859 100674
95761 100741
95895 100937
95797 101004
95931 101200
96029 101133
95962 101035
96060 100968
95926 100772
96024 100705
96091 100803
96287 100669
96220 100571
96318 100504
96452 100700
96550 100633
96483 100535
96679 100401
96612 100303
96416 100437
96349 100339
95957 100607
95823 100411
95921 100344
95854 100246
95952 100179
96019 100277
96411 100009
96344 99911
96442 99844
96375 99746
96179 99880
96246 99978
96050 100112
95983 100014
95689 100215
95756 100313
95658 100380
95256 99792
95354 99725
95421 99823
95617 99689
95684 99787
95782 99720
95849 99818
96143 99617
96076 99519
96272 99385
96205 99287
95911 99488
95978 99586
95880 99653
95813 99555
95715 99622
95648 99524
95746 99457
95679 99359
95483 99493
95550 99591
95452 99658
95385 99560
95091 99761
94957 99565
94663 99766
94596 99668
94792 99534
94725 99436
94333 99704
94266 99606
94168 99673
94101 99575
94003 99642
93869 99446
93967 99379
93900 99281
93606 99482
93539 99384
93245 99585
93312 99683
93116 99817
93049 99719
92657 99987
92590 99889
92492 99956
92559 100054
92265 100255
92198 100157
92394 100023
92327 99925
92425 99858
92358 99760
92260 99827
92193 99729
92389 99595
92456 99693
92554 99626
92688 99822
92786 99755
92652 99559
92848 99425
92781 99327
92585 99461
92518 99363
92224 99564
92157 99466
92451 99265
92384 99167
91992 99435
91925 99337
91827 99404
91760 99306
91956 99172
92023 99270
92219 99136
92152 99038
92054 99105
91987 99007
92085 98940
91884 98646
91982 98579
92116 98775
92214 98708
92281 98806
92379 98739
92245 98543
92343 98476
92544 98770
92446 98837
92647 99131
92843 98997
92977 99193
93075 99126
93142 99224
93436 99023
93503 99121
93405 99188
93472 99286
93668 99152
93534 98956
93730 98822
94065 99312
94261 99178
94328 99276
94426 99209
94292 99013
94096 99147
93828 98755
94122 98554
94524 99142
94720 99008
94653 98910
94555 98977
94354 98683
94452 98616
94586 98812
94684 98745
94818 98941
94916 98874
94983 98972
94689 99173
94756 99271
94952 99137
95019 99235
94823 99369
94890 99467
94988 99400
95122 99596
95416 99395
95349 99297
95153 99431
95086 99333
95282 99199
95215 99101
95117 99168
95050 99070
95148 99003
94947 98709
94849 98776
94782 98678
94978 98544
95380 99132
95576 98998
95509 98900
95411 98967
95277 98771
95375 98704
95442 98802
95540 98735
95406 98539
95210 98673
95076 98477
95370 98276
95571 98570
95767 98436
95700 98338
95602 98405
95401 98111
95107 98312
95040 98214
95824 97678
96025 97972
95731 98173
95865 98369
95963 98302
95896 98204
96092 98070
96226 98266
96324 98199
96458 98395
96262 98529
96329 98627
96623 98426
96489 98230
96685 98096
96618 97998
96422 98132
96355 98034
96257 98101
95855 97513
94875 98183
95009 98379
94911 98446
94844 98348
94746 98415
94813 98513
94617 98647
94550 98549
94648 98482
94514 98286
94416 98353
94483 98451
94385 98518
94318 98420
94220 98487
94019 98193
93921 98260
94055 98456
93467 98858
93400 98760
93302 98827
93369 98925
93173 99059
93106 98961
93008 99028
92941 98930
93823 98327
93689 98131
93591 98198
93658 98296
92678 98966
92611 98868
92905 98667
92838 98569
92642 98703
92441 98409
92539 98342
92673 98538
92771 98471
92704 98373
92802 98306
92735 98208
92833 98141
92967 98337
93065 98270
93199 98466
93297 98399
93096 98105
92998 98172
92931 98074
93323 97806
93524 98100
93720 97966
93787 98064
93885 97997
93751 97801
93555 97935
93354 97641
92472 98244
92405 98146
92503 98079
92436 97981
92730 97780
92663 97682
92271 97950
92338 98048
92240 98115
92039 97821
91941 97888
91874 97790
91972 97723
91905 97625
91709 97759
91642 97661
91740 97594
91606 97398
91704 97331
91838 97527
91936 97460
91802 97264
91900 97197
91967 97295
92065 97228
92132 97326
92034 97393
92101 97491
92199 97424
92333 97620
92431 97553
92498 97651
92596 97584
92529 97486
92627 97419
92560 97321
92658 97254
92792 97450
92694 97517
92761 97615
92957 97481
92689 97089
92395 97290
92462 97388
92364 97455
92163 97161
92261 97094
92194 96996
92096 97063
92029 96965
92225 96831
92426 97125
92622 96991
92555 96893
92653 96826
92854 97120
93148 96919
93215 97017
93019 97151
93086 97249
93380 97048
93313 96950
93411 96883
93478 96981
93674 96847
94277 97729
94375 97662
94442 97760
94736 97559
94669 97461
94473 97595
94406 97497
94308 97564
94241 97466
94339 97399
94272 97301
94370 97234
94504 97430
94602 97363
94401 97069
94107 97270
93973 97074
94169 96940
94102 96842
93906 96976
93705 96682
93509 96816
93442 96718
93246 96852
93179 96754
93081 96821
93014 96723
92916 96790
92983 96888
92885 96955
92751 96759
92849 96692
92782 96594
92586 96728
92519 96630
92421 96697
92354 96599
92060 96800
91859 96506
91957 96439
92091 96635
92287 96501
92220 96403
92122 96470
92055 96372
92153 96305
92086 96207
92184 96140
92117 96042
92215 95975
92349 96171
92447 96104
92715 96496
92813 96429
92411 95841
92509 95774
92643 95970
92741 95903
92942 96197
92844 96264
92911 96362
93009 96295
93143 96491
93045 96558
93112 96656
93308 96522
92973 96032
93169 95898
93303 96094
93401 96027
93334 95929
93726 95661
93793 95759
93597 95893
93664 95991
93468 96125
93669 96419
93767 96352
93633 96156
93829 96022
94097 96414
93999 96481
94066 96579
93968 96646
94035 96744
94231 96610
94164 96512
94262 96445
93994 96053
94092 95986
94494 96574
94298 96708
94432 96904
94530 96837
94597 96935
94695 96868
94561 96672
94659 96605
94324 96115
94520 95981
94654 96177
94752 96110
94819 96208
94917 96141
94850 96043
94948 95976
95283 96466
95381 96399
95515 96595
95613 96528
96216 97410
96314 97343
96716 97931
96814 97864
96881 97962
96979 97895
96845 97699
96747 97766
96680 97668
96778 97601
96711 97503
96613 97570
96345 97178
96247 97245
96180 97147
96278 97080
96211 96982
96113 97049
95644 96363
95546 96430
95479 96332
95577 96265
95510 96167
95608 96100
95742 96296
95840 96229
95907 96327
96005 96260
96072 96358
96170 96291
96572 96879
96474 96946
96675 97240
96773 97173
96639 96977
96737 96910
96871 97106
96969 97039
96768 96745
96670 96812
96536 96616
96634 96549
96567 96451
96469 96518
96402 96420
96500 96353
96433 96255
96531 96188
96732 96482
96830 96415
96897 96513
96995 96446
97062 96544
96866 96678
97067 96972
97165 96905
97031 96709
97227 96575
97294 96673
97392 96606
97258 96410
97160 96477
97026 96281
96928 96348
96861 96250
96763 96317
96562 96023
96268 96224
96201 96126
96103 96193
96036 96095
95938 96162
95871 96064
95773 96131
95639 95935
95345 96136
95412 96234
95314 96301
95180 96105
95278 96038
95211 95940
95407 95806
95340 95708
95046 95909
94979 95811
95077 95744
95010 95646
94814 95780
94881 95878
94783 95945
94716 95847
94618 95914
94551 95816
94257 96017
94123 95821
94025 95888
93958 95790
94350 95522
94484 95718
94680 95584
94613 95486
94515 95553
94448 95455
94644 95321
94577 95223
94773 95089
94706 94991
94412 95192
94479 95290
93989 95625
93922 95527
94020 95460
93953 95362
93757 95496
93690 95398
93592 95465
93659 95563
93267 95831
93200 95733
93298 95666
93164 95470
93066 95537
93133 95635
93035 95702
92901 95506
93195 95305
93128 95207
93324 95073
93458 95269
93556 95202
93422 95006
93520 94939
93587 95037
93783 94903
93850 95001
93948 94934
93881 94836
93979 94769
94113 94965
94211 94898
94144 94800
94340 94666
94407 94764
94505 94697
94371 94501
94077 94702
94010 94604
93618 94872
93551 94774
93159 95042
93092 94944
92994 95011
93061 95109
92963 95176
92829 94980
92927 94913
92860 94815
92762 94882
92695 94784
92891 94650
92824 94552
92922 94485
93123 94779
93319 94645
93252 94547
93154 94614
93020 94418
93118 94351
93185 94449
93283 94382
93216 94284
93412 94150
93345 94052
93247 94119
93046 93825
92850 93959
92783 93861
92881 93794
92814 93696
92912 93629
92845 93531
92943 93464
93010 93562
93206 93428
93273 93526
93077 93660
93211 93856
93309 93789
93242 93691
93340 93624
93474 93820
93572 93753
93438 93557
93634 93423
93768 93619
93670 93686
93737 93784
93835 93717
93902 93815
93608 94016
93675 94114
93969 93913
94036 94011
93938 94078
94005 94176
93809 94310
93876 94408
94072 94274
94139 94372
94041 94439
94108 94537
94304 94403
94103 94109
94201 94042
93799 93454
93897 93387
94031 93583
94129 93516
94263 93712
94361 93645
94093 93253
94191 93186
94124 93088
94418 92887
94619 93181
94717 93114
94784 93212
94588 93346
94722 93542
94624 93609
94691 93707
94789 93640
94923 93836
94531 94104
94598 94202
95088 93867
95155 93965
94763 94233
94830 94331
95026 94197
95093 94295
94897 94429
94964 94527
95160 94393
95227 94491
94933 94692
95000 94790
95098 94723
95433 95213
95531 95146
95330 94852
95428 94785
95696 95177
95794 95110
95995 95404
96093 95337
96294 95631
96588 95430
96722 95626
96820 95559
96954 95755
96856 95822
97191 96312
97289 96245
97356 96343
97454 96276
97521 96374
97423 96441
97624 96735
97722 96668
97655 96570
97753 96503
97619 96307
97717 96240
97784 96338
97980 96204
98047 96302
97851 96436
97918 96534
98016 96467
98083 96565
98279 96431
98346 96529
98444 96462
98310 96266
98212 96333
98011 96039
97815 96173
97748 96075
97552 96209
97485 96111
97387 96178
97320 96080
97418 96013
97284 95817
97186 95884
97253 95982
97155 96049
97021 95853
97119 95786
96851 95394
96753 95461
96686 95363
96784 95296
96717 95198
96325 95466
96258 95368
96454 95234
96387 95136
96485 95069
96418 94971
96222 95105
96289 95203
96191 95270
96124 95172
96026 95239
95825 94945
95727 95012
95660 94914
95758 94847
95691 94749
95789 94682
96057 95074
96155 95007
96021 94811
96119 94744
96052 94646
95954 94713
95820 94517
95526 94718
95459 94620
95263 94754
95196 94656
95392 94522
95124 94130
95320 93996
95521 94290
95619 94223
95485 94027
95583 93960
95516 93862
95418 93929
95351 93831
95253 93898
95119 93702
95021 93769
94753 93377
95047 93176
95181 93372
95279 93305
95346 93403
95248 93470
95315 93568
95217 93635
95284 93733
95382 93666
95449 93764
95547 93697
95748 93991
95650 94058
95918 94450
96016 94383
96351 94873
96449 94806
96047 94218
95949 94285
95815 94089
95913 94022
95779 93826
95877 93759
95944 93857
96140 93723
96207 93821
96305 93754
96372 93852
96274 93919
96408 94115
96506 94048
96439 93950
96537 93883
96403 93687
96501 93620
96367 93424
96269 93491
96336 93589
96238 93656
96171 93558
95975 93692
95908 93594
95712 93728
95645 93630
95743 93563
95676 93465
95480 93599
95413 93501
95511 93434
95444 93336
95542 93269
95609 93367
95707 93300
95841 93496
96037 93362
95970 93264
95872 93331
95738 93135
95934 93001
95867 92903
95965 92836
96166 93130
96068 93197
96202 93393
96300 93326
96233 93228
96331 93161
95929 92573
96027 92506
96094 92604
96290 92470
96357 92568
96259 92635
96326 92733
96228 92800
96362 92996
96460 92929
96728 93321
96532 93455
96733 93749
96635 93816
96836 94110
96738 94177
96872 94373
96774 94440
96908 94636
96614 94837
96748 95033
96846 94966
96779 94868
96975 94734
97042 94832
97140 94765
96939 94471
97037 94404
96903 94208
97001 94141
96800 93847
96898 93780
97032 93976
97130 93909
97197 94007
97099 94074
97166 94172
97068 94239
97269 94533
97171 94600
97305 94796
96913 95064
97047 95260
97145 95193
97212 95291
97310 95224
97444 95420
97542 95353
97341 95059
97243 95126
97176 95028
97372 94894
97573 95188
97769 95054
97702 94956
97604 95023
97470 94827
97568 94760
97635 94858
97733 94791
97599 94595
97403 94729
97336 94631
97434 94564
97233 94270
97331 94203
97264 94105
97362 94038
97228 93842
97326 93775
97661 94265
97563 94332
97630 94430
97728 94363
97862 94559
97960 94492
97692 94100
97790 94033
98192 94621
98290 94554
98357 94652
98455 94585
98321 94389
98223 94456
98022 94162
98414 93894
98481 93992
98579 93925
98445 93729
97955 94064
97821 93868
97625 94002
97424 93708
97620 93574
97553 93476
97455 93543
97388 93445
97290 93512
97357 93610
97259 93677
97058 93383
96960 93450
97161 93744
97063 93811
96929 93615
96831 93682
96764 93584
96862 93517
96795 93419
96893 93352
96826 93254
96924 93187
96857 93089
96759 93156
96424 92666
96522 92599
96254 92207
96450 92073
96651 92367
96749 92300
96682 92202
96780 92135
97048 92527
96950 92594
96883 92496
96785 92563
96919 92759
97017 92692
97084 92790
97182 92723
97249 92821
97053 92955
97120 93053
97414 92852
97481 92950
97187 93151
97254 93249
97352 93182
97486 93378
97780 93177
97847 93275
98043 93141
98177 93337
98373 93203
98306 93105
98208 93172
98141 93074
98337 92940
98270 92842
97878 93110
97811 93012
97517 93213
97450 93115
97744 92914
97677 92816
97775 92749
97842 92847
97940 92780
97806 92584
97512 92785
97445 92687
97347 92754
96945 92166
97043 92099
96909 91903
96811 91970
96744 91872
96940 91738
97007 91836
97105 91769
97172 91867
97074 91934
97141 92032
97239 91965
97306 92063
97208 92130
97275 92228
97177 92295
97378 92589
97476 92522
97543 92620
97739 92486
97605 92290
97409 92424
97342 92326
97440 92259
97373 92161
97471 92094
97404 91996
97502 91929
97368 91733
97270 91800
97136 91604
97332 91470
97533 91764
97631 91697
97497 91501
97595 91434
97796 91728
97600 91862
97667 91960
97961 91759
97693 91367
97791 91300
97925 91496
98023 91429
97889 91233
97987 91166
98054 91264
98152 91197
98219 91295
98415 91161
98348 91063
98446 90996
98379 90898
98477 90831
98611 91027
98905 90826
99039 91022
98941 91089
98874 90991
98580 91192
98714 91388
98616 91455
98549 91357
98451 91424
98585 91620
98683 91553
98750 91651
98456 91852
98523 91950
98817 91749
98951 91945
98755 92079
98822 92177
98528 92378
98595 92476
98399 92610
98533 92806
98631 92739
98564 92641
98662 92574
98997 93064
98899 93131
98966 93229
98770 93363
99038 93755
98842 93889
99177 94379
99079 94446
99213 94642
99017 94776
99084 94874
99378 94673
99244 94477
99342 94410
99007 93920
99203 93786
98935 93394
99131 93260
99064 93162
99162 93095
99430 93487
99528 93420
99193 92930
99095 92997
98693 92409
98987 92208
98920 92110
99018 92043
99286 92435
98992 92636
99059 92734
99451 92466
99116 91976
99312 91842
99245 91744
99049 91878
98915 91682
99111 91548
99044 91450
99142 91383
99477 91873
99575 91806
99240 91316
99338 91249
99539 91543
99637 91476
99503 91280
99601 91213
99534 91115
99436 91182
99369 91084
99271 91151
99204 91053
99302 90986
99168 90790
99266 90723
99400 90919
99498 90852
99766 91244
99668 91311
99802 91507
99704 91574
99771 91672
99869 91605
99936 91703
99838 91770
99905 91868
99415 92203
99549 92399
99647 92332
99580 92234
100070 91899
100003 91801
100101 91734
100235 91930
100333 91863
100065 91471
99967 91538
99833 91342
99931 91275
99663 90883
99761 90816
99828 90914
100024 90780
100091 90878
100189 90811
100256 90909
100158 90976
100225 91074
100323 91007
100390 91105
100292 91172
100359 91270
100555 91136
100488 91038
100586 90971
100653 91069
100751 91002
100818 91100
100426 91368
100493 91466
100689 91332
100756 91430
100854 91363
100787 91265
101081 91064
101148 91162
101246 91095
101313 91193
101117 91327
101050 91229
100952 91296
101019 91394
100823 91528
100890 91626
100792 91693
100725 91595
100431 91796
100498 91894
100302 92028
100369 92126
100663 91925
100596 91827
100694 91760
100761 91858
100859 91791
100926 91889
100828 91956
100895 92054
100601 92255
100534 92157
100436 92224
100503 92322
100307 92456
100374 92554
100178 92688
100245 92786
99657 93188
99724 93286
99626 93353
99693 93451
99595 93518
99662 93616
99466 93750
99399 93652
99301 93719
99435 93915
99533 93848
100002 94534
99904 94601
100239 95091
100337 95024
100404 95122
100502 95055
100368 94859
100270 94926
100069 94632
100167 94565
99631 93781
99827 93647
99760 93549
99858 93482
99791 93384
99889 93317
99822 93219
100018 93085
100286 93477
100090 93611
100157 93709
100059 93776
100260 94070
100064 94204
100533 94890
100631 94823
100229 94235
100327 94168
100662 94658
100760 94591
100224 93807
100322 93740
100255 93642
100451 93508
100116 93018
100214 92951
100348 93147
100544 93013
100477 92915
100379 92982
100312 92884
100410 92817
100343 92719
100441 92652
100508 92750
100606 92683
100941 93173
100745 93307
100812 93405
100518 93606
100585 93704
100389 93838
100590 94132
100688 94065
100554 93869
100750 93735
100683 93637
100781 93570
100915 93766
100719 93900
100786 93998
100884 93931
100951 94029
100755 94163
100822 94261
101116 94060
100982 93864
101080 93797
100879 93503
100977 93436
100910 93338
101008 93271
101209 93565
101307 93498
101106 93204
101204 93137
101137 93039
101039 93106
100637 92518
100539 92585
100472 92487
100668 92353
100802 92549
100900 92482
100766 92286
100962 92152
101029 92250
101127 92183
100993 91987
101091 91920
101024 91822
101122 91755
100988 91559
101086 91492
101153 91590
101251 91523
101318 91621
101416 91554
101349 91456
101447 91389
101514 91487
101612 91420
101679 91518
101581 91585
101648 91683
101550 91750
101617 91848
101813 91714
101880 91812
101586 92013
101452 91817
101354 91884
101421 91982
101225 92116
101426 92410
101132 92611
101333 92905
101431 92838
101297 92642
101493 92508
101627 92704
101725 92637
101390 92147
101488 92080
101555 92178
101653 92111
101720 92209
101622 92276
101890 92668
101792 92735
101859 92833
102055 92699
101787 92307
101885 92240
101751 92044
101849 91977
102050 92271
102148 92204
102014 92008
102112 91941
102179 92039
102277 91972
102143 91776
102339 91642
102406 91740
102308 91807
102375 91905
102571 91771
102638 91869
102344 92070
102478 92266
102282 92400
102349 92498
102643 92297
102509 92101
102607 92034
102674 92132
102772 92065
102705 91967
102803 91900
102870 91998
102968 91931
103035 92029
102937 92096
103004 92194
102906 92261
102839 92163
102741 92230
102875 92426
103267 92158
103334 92256
102942 92524
103009 92622
102911 92689
102777 92493
102679 92560
102746 92658
102648 92725
102514 92529
102416 92596
102550 92792
102452 92859
102318 92663
102122 92797
102189 92895
102287 92828
102354 92926
102060 93127
102127 93225
102519 92957
102586 93055
102096 93390
101962 93194
101178 93730
101245 93828
101931 93359
102065 93555
101771 93756
101704 93658
101214 93993
101281 94091
101183 94158
101250 94256
101446 94122
101379 94024
101673 93823
101740 93921
101642 93988
101709 94086
101415 94287
101482 94385
101384 94452
101451 94550
100569 95153
100703 95349
100605 95416
100806 95710
100904 95643
100971 95741
100873 95808
100940 95906
100744 96040
100610 95844
100218 96112
100419 96406
100517 96339
100383 96143
100579 96009
100713 96205
101007 96004
101074 96102
100976 96169
101043 96267
101239 96133
101038 95839
101136 95772
100935 95478
100837 95545
100770 95447
100868 95380
100734 95184
100832 95117
100899 95215
100997 95148
100930 95050
101224 94849
101291 94947
101095 95081
101162 95179
101064 95246
101131 95344
101033 95411
101100 95509
101296 95375
101229 95277
101327 95210
101394 95308
101492 95241
101559 95339
101461 95406
101528 95504
101430 95571
101497 95669
101693 95535
101626 95437
101724 95370
101523 95076
101425 95143
101358 95045
101456 94978
101322 94782
101518 94648
101652 94844
101750 94777
101549 94483
101647 94416
101714 94514
101812 94447
101678 94251
101776 94184
101843 94282
101941 94215
101807 94019
101905 93952
101838 93854
102230 93586
102163 93488
102751 93086
102684 92988
102782 92921
102916 93117
102426 93452
102493 93550
102199 93751
102266 93849
102658 93581
102725 93679
102039 94148
102106 94246
101910 94380
101977 94478
102271 94277
102204 94179
102302 94112
102369 94210
102467 94143
102400 94045
102596 93911
102730 94107
102436 94308
102503 94406
102405 94473
102338 94375
102240 94442
102307 94540
102111 94674
102178 94772
102472 94571
102539 94669
102735 94535
102601 94339
102895 94138
102694 93844
102792 93777
102993 94071
103091 94004
102689 93416
102885 93282
103019 93478
102921 93545
103055 93741
103153 93674
103287 93870
103189 93937
103256 94035
103452 93901
103184 93509
103282 93442
103483 93736
103581 93669
103313 93277
103117 93411
103050 93313
103148 93246
103014 93050
103112 92983
103045 92885
103241 92751
103442 93045
103344 93112
103411 93210
103607 93076
103808 93370
103906 93303
103705 93009
103803 92942
103602 92648
103700 92581
104102 93169
104004 93236
104071 93334
103777 93535
103844 93633
104236 93365
104169 93267
104267 93200
103932 92710
104030 92643
103963 92545
104061 92478
104195 92674
104097 92741
104164 92839
104262 92772
104396 92968
104298 93035
104432 93231
104530 93164
104463 93066
104561 92999
104360 92705
104458 92638
104324 92442
104226 92509
104092 92313
104288 92179
104154 91983
104252 91916
104453 92210
104355 92277
104422 92375
104814 92107
104881 92205
105077 92071
105144 92169
104850 92370
104783 92272
104489 92473
104556 92571
104752 92437
104819 92535
105113 92334
105180 92432
104788 92700
104855 92798
105051 92664
105319 93056
105221 93123
105154 93025
104958 93159
105025 93257
104829 93391
104896 93489
104798 93556
104865 93654
104963 93587
105030 93685
104932 93752
105066 93948
104968 94015
104767 93721
104669 93788
104602 93690
104700 93623
104566 93427
104468 93494
104535 93592
104045 93927
103978 93829
103880 93896
103947 93994
103751 94128
103684 94030
103194 94365
103127 94267
102833 94468
102900 94566
102606 94767
102673 94865
102379 95066
102446 95164
102642 95030
102709 95128
102905 94994
102771 94798
103065 94597
102998 94499
103096 94432
103163 94530
103261 94463
103328 94561
103426 94494
103359 94396
103653 94195
103720 94293
103818 94226
103885 94324
103983 94257
103916 94159
104504 93757
104638 93953
104540 94020
104473 93922
104375 93989
104509 94185
104607 94118
104674 94216
104380 94417
104246 94221
103854 94489
103921 94587
104215 94386
104349 94582
104839 94247
104705 94051
104803 93984
104937 94180
105035 94113
105102 94211
104318 94747
104385 94845
104287 94912
104354 95010
104256 95077
104055 94783
103859 94917
103792 94819
103596 94953
103529 94855
103333 94989
103400 95087
103498 95020
103565 95118
103271 95319
103137 95123
102941 95257
103008 95355
103106 95288
103173 95386
102977 95520
102776 95226
102580 95360
102714 95556
102812 95489
102879 95587
102487 95855
102420 95757
102028 96025
101961 95927
101765 96061
101832 96159
101930 96092
101997 96190
102389 95922
102456 96020
102358 96087
102425 96185
102621 96051
102554 95953
102750 95819
102884 96015
102982 95948
102848 95752
103338 95417
103405 95515
103307 95582
103374 95680
103570 95546
103637 95644
103539 95711
103606 95809
103704 95742
103771 95840
103575 95974
103508 95876
103410 95943
103544 96139
103348 96273
103415 96371
103513 96304
103580 96402
103678 96335
103745 96433
103843 96366
103642 96072
103740 96005
103874 96201
103972 96134
103838 95938
103936 95871
103601 95381
103503 95448
103436 95350
103730 95149
103663 95051
103761 94984
103828 95082
104024 94948
104225 95242
104519 95041
104586 95139
104684 95072
104483 94778
104581 94711
104648 94809
104746 94742
104679 94644
104777 94577
104844 94675
104942 94608
104875 94510
105071 94376
105138 94474
105334 94340
105200 94144
105396 94010
105597 94304
105401 94438
105468 94536
104978 94871
105045 94969
104555 95304
104622 95402
104818 95268
104885 95366
104689 95500
104756 95598
104658 95665
104725 95763
104529 95897
104462 95799
104168 96000
104235 96098
104137 96165
104204 96263
104302 96196
104369 96294
104467 96227
104333 96031
104431 95964
104498 96062
104890 95794
104823 95696
104921 95629
104854 95531
105148 95330
105081 95232
104983 95299
104916 95201
105210 95000
105143 94902
105535 94634
105602 94732
105700 94665
105767 94763
105179 95165
105313 95361
105411 95294
105478 95392
105282 95526
105349 95624
105251 95691
105318 95789
105514 95655
105447 95557
105545 95490
105679 95686
105777 95619
105442 95129
105736 94928
106004 95320
106102 95253
105834 94861
106030 94727
105963 94629
105865 94696
105731 94500
105633 94567
105566 94469
105762 94335
105695 94237
105793 94170
105726 94072
105824 94005
106025 94299
105829 94433
105896 94531
105994 94464
106061 94562
106159 94495
106092 94397
106190 94330
106123 94232
106221 94165
106355 94361
106453 94294
106319 94098
106515 93964
106783 94356
106685 94423
106618 94325
106520 94392
106587 94490
106489 94557
106556 94655
106458 94722
106391 94624
106293 94691
106427 94887
106623 94753
106690 94851
106494 94985
106561 95083
106855 94882
106922 94980
106824 95047
106891 95145
106499 95413
106365 95217
106463 95150
106396 95052
106200 95186
106267 95284
106169 95351
106236 95449
106334 95382
106468 95578
106174 95779
106241 95877
106045 96011
105844 95717
105746 95784
105947 96078
105653 96279
105586 96181
105488 96248
105421 96150
105323 96217
105256 96119
105158 96186
105091 96088
104993 96155
105127 96351
104931 96485
104797 96289
104601 96423
104668 96521
104766 96454
104900 96650
104998 96583
105065 96681
105163 96614
105096 96516
105390 96315
105457 96413
105555 96346
105622 96444
105818 96310
105885 96408
105689 96542
105756 96640
105168 97042
105101 96944
104905 97078
104838 96980
104740 97047
104606 96851
103822 97387
103755 97289
103559 97423
103358 97129
102868 97464
102801 97366
102605 97500
102672 97598
102770 97531
102837 97629
103327 97294
103394 97392
103002 97660
103069 97758
103461 97490
103528 97588
103724 97454
103791 97552
104575 97016
