4592
98428 101994
98510 101884
98455 101843
98127 102283
98017 102201
97976 102256
97866 102174
97825 102229
97935 102311
97894 102366
97949 102407
97908 102462
97798 102380
97757 102435
97922 102558
97881 102613
97716 102490
97675 102545
97730 102586
97689 102641
97744 102682
97785 102627
97840 102668
97676 102888
97566 102806
97648 102696
97593 102655
97552 102710
97497 102669
97456 102724
97511 102765
97388 102930
97333 102889
97374 102834
97319 102793
97483 102573
97538 102614
97579 102559
97469 102477
97223 102807
97278 102848
97237 102903
97292 102944
97251 102999
97196 102958
97155 103013
97210 103054
96964 103384
96909 103343
96868 103398
96758 103316
96922 103096
96867 103055
96744 103220
96634 103138
96593 103193
96538 103152
96620 103042
96675 103083
96716 103028
96661 102987
96743 102877
96908 103000
96990 102890
97100 102972
97141 102917
97086 102876
97127 102821
97072 102780
97113 102725
97168 102766
97291 102601
97236 102560
97154 102670
97099 102629
97058 102684
97003 102643
97085 102533
96975 102451
97016 102396
97071 102437
97153 102327
97208 102368
97290 102258
97400 102340
97441 102285
97496 102326
97455 102381
97510 102422
97551 102367
97606 102408
97729 102243
97674 102202
97592 102312
97482 102230
97523 102175
97578 102216
97660 102106
97770 102188
97811 102133
97646 102010
97687 101955
97797 102037
97920 101872
97865 101831
97988 101666
98043 101707
98084 101652
97974 101570
97892 101680
97837 101639
98001 101419
98111 101501
98234 101336
98344 101418
98385 101363
98440 101404
98604 101184
98714 101266
98837 101101
98782 101060
98700 101170
98645 101129
98768 100964
98878 101046
98919 100991
98809 100909
98850 100854
98905 100895
98946 100840
98836 100758
98426 101308
98371 101267
98330 101322
98220 101240
98097 101405
97987 101323
97741 101653
97851 101735
97769 101845
97824 101886
97783 101941
97673 101859
97550 102024
97605 102065
97564 102120
97399 101997
97522 101832
97412 101750
97371 101805
97426 101846
97303 102011
97468 102134
97427 102189
97372 102148
97331 102203
97276 102162
97194 102272
97139 102231
97057 102341
97002 102300
96879 102465
96989 102547
96907 102657
96962 102698
96921 102753
96976 102794
96935 102849
96880 102808
96839 102863
96784 102822
96866 102712
96811 102671
96688 102836
96633 102795
96592 102850
96647 102891
96606 102946
96496 102864
96455 102919
96510 102960
96469 103015
96414 102974
96373 103029
96428 103070
96305 103235
96250 103194
96291 103139
96236 103098
96318 102988
96263 102947
96304 102892
96359 102933
96400 102878
96345 102837
96468 102672
96578 102754
96619 102699
96509 102617
96632 102452
96687 102493
96728 102438
96673 102397
96755 102287
96700 102246
96741 102191
96686 102150
96727 102095
96837 102177
96878 102122
96933 102163
96974 102108
96864 102026
96823 102081
96768 102040
96850 101930
96905 101971
96946 101916
97056 101998
97138 101888
97193 101929
97316 101764
97261 101723
97179 101833
97124 101792
97042 101902
96987 101861
97028 101806
96973 101765
96891 101875
96836 101834
96918 101724
96863 101683
96945 101573
96890 101532
96808 101642
96753 101601
96712 101656
96822 101738
96740 101848
96795 101889
96672 102054
96617 102013
96576 102068
96631 102109
96590 102164
96645 102205
96604 102260
96659 102301
96495 102521
96440 102480
96399 102535
96454 102576
96331 102741
96276 102700
96153 102865
95988 102742
96029 102687
96139 102769
96180 102714
96070 102632
96111 102577
96221 102659
96303 102549
96248 102508
96289 102453
96234 102412
96275 102357
96330 102398
96412 102288
96467 102329
96549 102219
96439 102137
96357 102247
96302 102206
96507 101931
96452 101890
96370 102000
96315 101959
96233 102069
96288 102110
96206 102220
96261 102261
96220 102316
96110 102234
96069 102289
96014 102248
95973 102303
95808 102180
95849 102125
95904 102166
95945 102111
96055 102193
96096 102138
96041 102097
96082 102042
96027 102001
96068 101946
96123 101987
96205 101877
96150 101836
96191 101781
96356 101904
96397 101849
96342 101808
96383 101753
96493 101835
96575 101725
96630 101766
96671 101711
96561 101629
96479 101739
96369 101657
96287 101767
96177 101685
95972 101960
95917 101919
95999 101809
95944 101768
95985 101713
95930 101672
95971 101617
96026 101658
96149 101493
96039 101411
95998 101466
96053 101507
96012 101562
95957 101521
95793 101741
95738 101700
95697 101755
95862 101878
95780 101988
95725 101947
95766 101892
95656 101810
95574 101920
95464 101838
95505 101783
95560 101824
95601 101769
95546 101728
95587 101673
95642 101714
95724 101604
95779 101645
95820 101590
95710 101508
95669 101563
95614 101522
95655 101467
95600 101426
95682 101316
95847 101439
95888 101384
95943 101425
95984 101370
95874 101288
95833 101343
95778 101302
95819 101247
95709 101165
95791 101055
95681 100973
95558 101138
95448 101056
95530 100946
95585 100987
95626 100932
95571 100891
95653 100781
95763 100863
95804 100808
95859 100849
95818 100904
95873 100945
95832 101000
95887 101041
95928 100986
96148 101150
96189 101095
96244 101136
96162 101246
96437 101451
96478 101396
96533 101437
96492 101492
96657 101615
96780 101450
96725 101409
96643 101519
96588 101478
96629 101423
96464 101300
96423 101355
96258 101232
96381 101067
96491 101149
96532 101094
96697 101217
96738 101162
96958 101326
96999 101271
97054 101312
97095 101257
97150 101298
97191 101243
97136 101202
97177 101147
97232 101188
97273 101133
97383 101215
97342 101270
97507 101393
97753 101063
97863 101145
98191 100705
98081 100623
98204 100458
98149 100417
97985 100637
98095 100719
97849 101049
97739 100967
97493 101297
97438 101256
97479 101201
97259 101037
97218 101092
97163 101051
97040 101216
96985 101175
96944 101230
96724 101066
96683 101121
96628 101080
96669 101025
96614 100984
96655 100929
96765 101011
96888 100846
96833 100805
96751 100915
96641 100833
96477 101053
96367 100971
96285 101081
96230 101040
96271 100985
96216 100944
96134 101054
95969 100931
96051 100821
96106 100862
96147 100807
96037 100725
95955 100835
95900 100794
95941 100739
95886 100698
95845 100753
95790 100712
95872 100602
95927 100643
95968 100588
96243 100793
96202 100848
96257 100889
96298 100834
96353 100875
96394 100820
96229 100697
96270 100642
96380 100724
96462 100614
96517 100655
96558 100600
96613 100641
96654 100586
96874 100750
96915 100695
96970 100736
97011 100681
97231 100845
97272 100790
96942 100544
96860 100654
96805 100613
96928 100448
97093 100571
97134 100516
97024 100434
97065 100379
97010 100338
97051 100283
97161 100365
97202 100310
97147 100269
97229 100159
97119 100077
97078 100132
97133 100173
97092 100228
96982 100146
96941 100201
96996 100242
96750 100572
96695 100531
96900 100256
96845 100215
96722 100380
96667 100339
96585 100449
96640 100490
96599 100545
96544 100504
96503 100559
96448 100518
96489 100463
96434 100422
96475 100367
96420 100326
96461 100271
96571 100353
96653 100243
96598 100202
96557 100257
96447 100175
96324 100340
96379 100381
96338 100436
96393 100477
96352 100532
96407 100573
96366 100628
96256 100546
96215 100601
96160 100560
96119 100615
96009 100533
96132 100368
96077 100327
95954 100492
95899 100451
95817 100561
95707 100479
95748 100424
95803 100465
95844 100410
95789 100369
95830 100314
95940 100396
96145 100121
96310 100244
96351 100189
96186 100066
96227 100011
96392 100134
96474 100024
96749 100229
96790 100174
96460 99928
96378 100038
96323 99997
96364 99942
96254 99860
95926 100300
95871 100259
95994 100094
95939 100053
95898 100108
95843 100067
95884 100012
95829 99971
95911 99861
95856 99820
95733 99985
95678 99944
95842 99724
95897 99765
95938 99710
96048 99792
96089 99737
96199 99819
96322 99654
96652 99900
96611 99955
96886 100160
96927 100105
96817 100023
96858 99968
96803 99927
96762 99982
96707 99941
96748 99886
96693 99845
96734 99790
96954 99954
96913 100009
96968 100050
97050 99940
96940 99858
96981 99803
97256 100008
97215 100063
97380 100186
97421 100131
97586 100254
97627 100199
97737 100281
97860 100116
97805 100075
97846 100020
97901 100061
98147 99731
98257 99813
98339 99703
98394 99744
98435 99689
98600 99812
98641 99757
98421 99593
98380 99648
98325 99607
98243 99717
98133 99635
97887 99965
97832 99924
97873 99869
97818 99828
97736 99938
97791 99979
97709 100089
97764 100130
97723 100185
97613 100103
97572 100158
97407 100035
97366 100090
97311 100049
97352 99994
97297 99953
97338 99898
97283 99857
97242 99912
97187 99871
97228 99816
97173 99775
97132 99830
96967 99707
96885 99817
96720 99694
96638 99804
96583 99763
96624 99708
96569 99667
96528 99722
96418 99640
96541 99475
96596 99516
96555 99571
96665 99653
96706 99598
96651 99557
96692 99502
96912 99666
96953 99611
97063 99693
97104 99638
97269 99761
97310 99706
97365 99747
97324 99802
97489 99925
97530 99870
97420 99788
97461 99733
97406 99692
97488 99582
97543 99623
97502 99678
97557 99719
97639 99609
97474 99486
97351 99651
97296 99610
97255 99665
97090 99542
97049 99597
96939 99515
96898 99570
96788 99488
96870 99378
96925 99419
97007 99309
97062 99350
97103 99295
97048 99254
97089 99199
97254 99322
97295 99267
97460 99390
97542 99280
97762 99444
97803 99389
97968 99512
98009 99457
97789 99293
97748 99348
97693 99307
97734 99252
97679 99211
97638 99266
97583 99225
97624 99170
97569 99129
97446 99294
97281 99171
97240 99226
97075 99103
96911 99323
96856 99282
96774 99392
96719 99351
96637 99461
96527 99379
96486 99434
96431 99393
96349 99503
96404 99544
96363 99599
96308 99558
96185 99723
96075 99641
96034 99696
95979 99655
96020 99600
95965 99559
96129 99339
96074 99298
95869 99573
95924 99614
95883 99669
95828 99628
95664 99848
95554 99766
95513 99821
95458 99780
95499 99725
95444 99684
95526 99574
95581 99615
95622 99560
95677 99601
95841 99381
95786 99340
95663 99505
95608 99464
95649 99409
95539 99327
95580 99272
95690 99354
95772 99244
95882 99326
95923 99271
95978 99312
96019 99257
95909 99175
95868 99230
95758 99148
95717 99203
95607 99121
95566 99176
95456 99094
95497 99039
95552 99080
95593 99025
95428 98902
95469 98847
95689 99011
95730 98956
96005 99161
96046 99106
95771 98901
95812 98846
96087 99051
96128 98996
96183 99037
96142 99092
96252 99174
96293 99119
96348 99160
96389 99105
96444 99146
96362 99256
96417 99297
96458 99242
96623 99365
96664 99310
96554 99228
96636 99118
96691 99159
96732 99104
96622 99022
96540 99132
96485 99091
96526 99036
96471 98995
96512 98940
96567 98981
96608 98926
96883 99131
97170 98746
97995 99361
98036 99306
98091 99347
98132 99292
98187 99333
98228 99278
98338 99360
98297 99415
98462 99538
98503 99483
98393 99401
98434 99346
98599 99469
98558 99524
98613 99565
98695 99455
98530 99332
98571 99277
98736 99400
98777 99345
98832 99386
98873 99331
98763 99249
98722 99304
98557 99181
98475 99291
98420 99250
98379 99305
98214 99182
98173 99237
98118 99196
98077 99251
98022 99210
97981 99265
97156 98650
96992 98870
96937 98829
96896 98884
96951 98925
96869 99035
96649 98871
96690 98816
96800 98898
96841 98843
96676 98720
96635 98775
96580 98734
96539 98789
96594 98830
96553 98885
96498 98844
96334 99064
96224 98982
96388 98762
96333 98721
96169 98941
96114 98900
96073 98955
95963 98873
96004 98818
96059 98859
96100 98804
96045 98763
96086 98708
96141 98749
96182 98694
96072 98612
96031 98667
95976 98626
95894 98736
95949 98777
95908 98832
95798 98750
95675 98915
95620 98874
95661 98819
95606 98778
95647 98723
95592 98682
95551 98737
95441 98655
95482 98600
95427 98559
95468 98504
95743 98709
95784 98654
95839 98695
95921 98585
95866 98544
95825 98599
95770 98558
95729 98613
95454 98408
95495 98353
95660 98476
95701 98421
95756 98462
95797 98407
95742 98366
95783 98311
95838 98352
95879 98297
95989 98379
95948 98434
95893 98393
95852 98448
96017 98571
96058 98516
96003 98475
96044 98420
96264 98584
96223 98639
96278 98680
96319 98625
96374 98666
96456 98556
96621 98679
96662 98624
96882 98788
97005 98623
96950 98582
96868 98692
96758 98610
96799 98555
96854 98596
96936 98486
97101 98609
97142 98554
96977 98431
97018 98376
96963 98335
96840 98500
96785 98459
96703 98569
96648 98528
96689 98473
96634 98432
96552 98542
96442 98460
96360 98570
96250 98488
96332 98378
96387 98419
96428 98364
96538 98446
96702 98226
96812 98308
96853 98253
96908 98294
96949 98239
96839 98157
96798 98212
96688 98130
96524 98350
96414 98268
96373 98323
96318 98282
96195 98447
96085 98365
96126 98310
96181 98351
96222 98296
96167 98255
96208 98200
96153 98159
96194 98104
96249 98145
96290 98090
96235 98049
96276 97994
96331 98035
96413 97925
96358 97884
96317 97939
96262 97898
96057 98173
96112 98214
96030 98324
95810 98160
95728 98270
95673 98229
95755 98119
95645 98037
95522 98202
95412 98120
95453 98065
95508 98106
95590 97996
95535 97955
95494 98010
95439 97969
95480 97914
95370 97832
95411 97777
95686 97982
95727 97927
95947 98091
96029 97981
95974 97940
96056 97830
96001 97789
95878 97954
95823 97913
95864 97858
95754 97776
95672 97886
95617 97845
95658 97790
95548 97708
95507 97763
95452 97722
95575 97557
95795 97721
95836 97666
95891 97707
95932 97652
95822 97570
95781 97625
95726 97584
95767 97529
95712 97488
95753 97433
95698 97392
95616 97502
95561 97461
95684 97296
95629 97255
95588 97310
95533 97269
95615 97159
95560 97118
95601 97063
95656 97104
95738 96994
95848 97076
95766 97186
95821 97227
95780 97282
95835 97323
95917 97213
95972 97254
95931 97309
96041 97391
96000 97446
96055 97487
96137 97377
96192 97418
96110 97528
96220 97610
96179 97665
96289 97747
96330 97692
96275 97651
96316 97596
96206 97514
96288 97404
96343 97445
96302 97500
96467 97623
96426 97678
96481 97719
96563 97609
96398 97486
96439 97431
96219 97267
96178 97322
96123 97281
96082 97336
96027 97295
96068 97240
95903 97117
95944 97062
95999 97103
96040 97048
96150 97130
96191 97075
96081 96993
96163 96883
96218 96924
96259 96869
96204 96828
96245 96773
96300 96814
96382 96704
96437 96745
96232 97020
96287 97061
96205 97171
96315 97253
96397 97143
96342 97102
96383 97047
96328 97006
96369 96951
96424 96992
96506 96882
96561 96923
96438 97088
96548 97170
96589 97115
96534 97074
96575 97019
96630 97060
96671 97005
96726 97046
96603 97211
96768 97334
96809 97279
96699 97197
96781 97087
96946 97210
96618 97650
96673 97691
96591 97801
96756 97924
96715 97979
96825 98061
96866 98006
96811 97965
96852 97910
96687 97787
96728 97732
96838 97814
96879 97759
96714 97636
97042 97196
96657 96909
96698 96854
96643 96813
96766 96648
96876 96730
96835 96785
96890 96826
96849 96881
96904 96922
96863 96977
96918 97018
96959 96963
97014 97004
96973 97059
97083 97141
97124 97086
97069 97045
97110 96990
97165 97031
97206 96976
97261 97017
97138 97182
97248 97264
97207 97319
97097 97237
97056 97292
97166 97374
97084 97484
97139 97525
97098 97580
97043 97539
96920 97704
96975 97745
96934 97800
96989 97841
96948 97896
97003 97937
97085 97827
97030 97786
97071 97731
97016 97690
97057 97635
97167 97717
97208 97662
97153 97621
97194 97566
97304 97648
97345 97593
97180 97470
97221 97415
97496 97620
97373 97785
97483 97867
97442 97922
97332 97840
97291 97895
97401 97977
97360 98032
97250 97950
97209 98005
97319 98087
97278 98142
97388 98224
97429 98169
97374 98128
97538 97908
97648 97990
97566 98100
97621 98141
97539 98251
97594 98292
97717 98127
97662 98086
97703 98031
97758 98072
97799 98017
97854 98058
97813 98113
97868 98154
97909 98099
98074 98222
98033 98277
98143 98359
97938 98634
98268 98880
98309 98825
98914 99276
98955 99221
98295 98729
98254 98784
98034 98620
98239 98345
98514 98550
98555 98495
98225 98249
98184 98304
98129 98263
98211 98153
98156 98112
98115 98167
97895 98003
97936 97948
97881 97907
97840 97962
97785 97921
97744 97976
97469 97771
97551 97661
97771 97825
97812 97770
97647 97647
97688 97592
97743 97633
97784 97578
97674 97496
97592 97606
97262 97360
97344 97250
97234 97168
97316 97058
97371 97099
97453 96989
97398 96948
97357 97003
97192 96880
97233 96825
97343 96907
97384 96852
97439 96893
97480 96838
97535 96879
97494 96934
97604 97016
97563 97071
97508 97030
97426 97140
97481 97181
97522 97126
97632 97208
97591 97263
97536 97222
97495 97277
97440 97236
97399 97291
97509 97373
97550 97318
97605 97359
97564 97414
97619 97455
97660 97400
97715 97441
97756 97386
97646 97304
97687 97249
97852 97372
97770 97482
97990 97646
97949 97701
98059 97783
98018 97838
98183 97961
98142 98016
98197 98057
98279 97947
98334 97988
98293 98043
98788 98412
98747 98467
98802 98508
98638 98728
98693 98769
98611 98879
98721 98961
98762 98906
98707 98865
98789 98755
98734 98714
98775 98659
98885 98741
98926 98686
98816 98604
98898 98494
98843 98453
98884 98398
98609 98193
98691 98083
98801 98165
98842 98110
98952 98192
98993 98137
99048 98178
99089 98123
98979 98041
98938 98096
98828 98014
98787 98069
98677 97987
98554 98152
98389 98029
98430 97974
98540 98056
98581 98001
98416 97878
98375 97933
98265 97851
98224 97906
98114 97824
98155 97769
98045 97687
98086 97632
98031 97591
98072 97536
98017 97495
97976 97550
97866 97468
97907 97413
97962 97454
98003 97399
97618 97112
97659 97057
97714 97098
97755 97043
97700 97002
97741 96947
97851 97029
97892 96974
98112 97138
97989 97303
98044 97344
98126 97234
98181 97275
98058 97440
98113 97481
98195 97371
98250 97412
98332 97302
98442 97384
98483 97329
98703 97493
98662 97548
98827 97671
98868 97616
98758 97534
98799 97479
99019 97643
98978 97698
98923 97657
98882 97712
98937 97753
98896 97808
98951 97849
99115 97629
98785 97383
98744 97438
98469 97233
98428 97288
98318 97206
98277 97261
98222 97220
98263 97165
98208 97124
98249 97069
98194 97028
98153 97083
97988 96960
98070 96850
98015 96809
97933 96919
97878 96878
97837 96933
97727 96851
97645 96961
97590 96920
97631 96865
97466 96742
97425 96797
97315 96715
97274 96770
97219 96729
97301 96619
97411 96701
97452 96646
97342 96564
97383 96509
97713 96755
97754 96700
97534 96536
97575 96481
97630 96522
97753 96357
97808 96398
97726 96508
97781 96549
97740 96604
97795 96645
97877 96535
97822 96494
97863 96439
97973 96521
97932 96576
98097 96699
98056 96754
98111 96795
98193 96685
98303 96767
98180 96932
98730 97342
98771 97287
98276 96918
98317 96863
98537 97027
98578 96972
98358 96808
98399 96753
98179 96589
98138 96644
98028 96562
98069 96507
98014 96466
98055 96411
98110 96452
98192 96342
98247 96383
98288 96328
98343 96369
98302 96424
98467 96547
98508 96492
98673 96615
98509 96835
98949 97163
98826 97328
98936 97410
98977 97355
98922 97314
99045 97149
98605 96821
98687 96711
98852 96834
98811 96889
98976 97012
99058 96902
99003 96861
98962 96916
98907 96875
98948 96820
98838 96738
98920 96628
98865 96587
98783 96697
98728 96656
98769 96601
98494 96396
98453 96451
98398 96410
98439 96355
98274 96232
98233 96287
98178 96246
98096 96356
97931 96233
97890 96288
97945 96329
97904 96384
97684 96220
97725 96165
97835 96247
97917 96137
97862 96096
97903 96041
98013 96123
98054 96068
97944 95986
97985 95931
98040 95972
98081 95917
98191 95999
98150 96054
98205 96095
98287 95985
98067 95821
98108 95766
98328 95930
98410 95820
98355 95779
98396 95724
98451 95765
98492 95710
98547 95751
98506 95806
98561 95847
98479 95957
98424 95916
98383 95971
98438 96012
98356 96122
98576 96286
98658 96176
98603 96135
98562 96190
98452 96108
98493 96053
98548 96094
98589 96039
98699 96121
98740 96066
98575 95943
98616 95888
98671 95929
98712 95874
98602 95792
98643 95737
98973 95983
98891 96093
98836 96052
98754 96162
98809 96203
98850 96148
98905 96189
98741 96409
98906 96532
98947 96477
98837 96395
98919 96285
98974 96326
99015 96271
99070 96312
98988 96422
99098 96504
99139 96449
99084 96408
99166 96298
98946 96134
98987 96079
99097 96161
99138 96106
99028 96024
99069 95969
98959 95887
99000 95832
98945 95791
98904 95846
98849 95805
98931 95695
98876 95654
98835 95709
98780 95668
98739 95723
98684 95682
98766 95572
98711 95531
98752 95476
98917 95599
98958 95544
98848 95462
98889 95407
98944 95448
98985 95393
99095 95475
99136 95420
99246 95502
99205 95557
99150 95516
99109 95571
99164 95612
99123 95667
99178 95708
99219 95653
99274 95694
99192 95804
99302 95886
99220 95996
99275 96037
99316 95982
99426 96064
99303 96229
99358 96270
99276 96380
99331 96421
99290 96476
99235 96435
99194 96490
99249 96531
99126 96696
99181 96737
99140 96792
99195 96833
99236 96778
99346 96860
99387 96805
99222 96682
99345 96517
99510 96640
99469 96695
99579 96777
99661 96667
99551 96585
99592 96530
99537 96489
99496 96544
99441 96503
99482 96448
99372 96366
99454 96256
99399 96215
99481 96105
99536 96146
99577 96091
99412 95968
99453 95913
99618 96036
99659 95981
99549 95899
99590 95844
99480 95762
99398 95872
99288 95790
99329 95735
99384 95776
99425 95721
99315 95639
99356 95584
99301 95543
99342 95488
99507 95611
99466 95666
99631 95789
99672 95734
99562 95652
99603 95597
99438 95474
99479 95419
99534 95460
99575 95405
99630 95446
99671 95391
99726 95432
99767 95377
99822 95418
99658 95638
99713 95679
99918 95404
99863 95363
99904 95308
99959 95349
100041 95239
100096 95280
99973 95445
100083 95527
100124 95472
100179 95513
100220 95458
100330 95540
100289 95595
100234 95554
100193 95609
100248 95650
100207 95705
100152 95664
100111 95719
100056 95678
100097 95623
99932 95500
99891 95555
100001 95637
99960 95692
100015 95733
99974 95788
100029 95829
99988 95884
99768 95720
99686 95830
99741 95871
99782 95816
99837 95857
99796 95912
99851 95953
99892 95898
99947 95939
99824 96104
99714 96022
99673 96077
99783 96159
99742 96214
99797 96255
99838 96200
99893 96241
99770 96406
99880 96488
99921 96433
99866 96392
99948 96282
100003 96323
99962 96378
100072 96460
99990 96570
99935 96529
99853 96639
99908 96680
99949 96625
100004 96666
100086 96556
100141 96597
100018 96762
99963 96721
99922 96776
99867 96735
99826 96790
99881 96831
99676 97106
99731 97147
99608 97312
99938 97558
99897 97613
99952 97654
99870 97764
99925 97805
100007 97695
100062 97736
100103 97681
99993 97599
100034 97544
99704 97298
99827 97133
99772 97092
99977 96817
100087 96899
100046 96954
100156 97036
100115 97091
100280 97214
100321 97159
100211 97077
100252 97022
100142 96940
100183 96885
100073 96803
100237 96583
100127 96501
100168 96446
100058 96364
100099 96309
99879 96145
99961 96035
100016 96076
99975 96131
100030 96172
100153 96007
100098 95966
100057 96021
100002 95980
100125 95815
100180 95856
100262 95746
100317 95787
100194 95952
100249 95993
100413 95773
100303 95691
100344 95636
100399 95677
100440 95622
100495 95663
100454 95718
100509 95759
100263 96089
100318 96130
100359 96075
100469 96157
100428 96212
100373 96171
100332 96226
100442 96308
100401 96363
100566 96486
100525 96541
100470 96500
100347 96665
100512 96788
100307 97063
100362 97104
100526 96884
100581 96925
100376 97200
100431 97241
100390 97296
100500 97378
100459 97433
100294 97310
100171 97475
100226 97516
100185 97571
100295 97653
100254 97708
100199 97667
100117 97777
100172 97818
100213 97763
100378 97886
100337 97941
100392 97982
100474 97872
100309 97749
100391 97639
100281 97557
100322 97502
100267 97461
100308 97406
100473 97529
100596 97364
100486 97282
100527 97227
100472 97186
100677 96911
100567 96829
100608 96774
100443 96651
100484 96596
100649 96719
100690 96664
100580 96582
100662 96472
100497 96349
100538 96294
100483 96253
100524 96198
100744 96362
100785 96307
100400 96020
100646 95690
100591 95649
100632 95594
100687 95635
100769 95525
100879 95607
100838 95662
100783 95621
100742 95676
100797 95717
100756 95772
100701 95731
100660 95786
100715 95827
100674 95882
100619 95841
100496 96006
100661 96129
100702 96074
100592 95992
100633 95937
100688 95978
100811 95813
100866 95854
100825 95909
100935 95991
101017 95881
100907 95799
101030 95634
100975 95593
101057 95483
101112 95524
101194 95414
101249 95455
101003 95785
101058 95826
101345 95441
101400 95482
101154 95812
101209 95853
101127 95963
101072 95922
101031 95977
101086 96018
101045 96073
100990 96032
100949 96087
101059 96169
101100 96114
101155 96155
101196 96100
101306 96182
101265 96237
101210 96196
101128 96306
101073 96265
101032 96320
101142 96402
101224 96292
101279 96333
101156 96498
101211 96539
101293 96429
101403 96511
101239 96731
101019 96567
100773 96897
100938 97020
101020 96910
100965 96869
100924 96924
100869 96883
101033 96663
101088 96704
101006 96814
101061 96855
101143 96745
101198 96786
101075 96951
101240 97074
101199 97129
101144 97088
100816 97528
100981 97651
100940 97706
100885 97665
100721 97885
100611 97803
100447 98023
100502 98064
100420 98174
100475 98215
100434 98270
100489 98311
100571 98201
100516 98160
100557 98105
100667 98187
100708 98132
100543 98009
100625 97899
100735 97981
100899 97761
100954 97802
100872 97912
100927 97953
100886 98008
100941 98049
100900 98104
100790 98022
100749 98077
100859 98159
100777 98269
100722 98228
100681 98283
100736 98324
100695 98379
100750 98420
100873 98255
100928 98296
100846 98406
101066 98570
101107 98515
101162 98556
101121 98611
101176 98652
101258 98542
101093 98419
101052 98474
100942 98392
101024 98282
100914 98200
101037 98035
100982 97994
101023 97939
100968 97898
101050 97788
100995 97747
101077 97637
100912 97514
101035 97349
101090 97390
101131 97335
101076 97294
101158 97184
101213 97225
101172 97280
101227 97321
101309 97211
101254 97170
101295 97115
101350 97156
101391 97101
101171 96937
101417 96607
101637 96771
101678 96716
101458 96552
101499 96497
101334 96374
101375 96319
101320 96278
101361 96223
101471 96305
101512 96250
101182 96004
101264 95894
101429 96017
101388 96072
101443 96113
101525 96003
101305 95839
101346 95784
101291 95743
101332 95688
101497 95811
101538 95756
101373 95633
101455 95523
101510 95564
101551 95509
101331 95345
101372 95290
101317 95249
101358 95194
101413 95235
101454 95180
101509 95221
101468 95276
101523 95317
101564 95262
101619 95303
101660 95248
101605 95207
101646 95152
101701 95193
101742 95138
101797 95179
101756 95234
101811 95275
101770 95330
101715 95289
101592 95454
101647 95495
101729 95385
101784 95426
101743 95481
101798 95522
101716 95632
101771 95673
101566 95948
101676 96030
101758 95920
101703 95879
101785 95769
101840 95810
101922 95700
101977 95741
101526 96346
101691 96469
101650 96524
101760 96606
101719 96661
101774 96702
101856 96592
101746 96510
101787 96455
101622 96332
101991 95837
102046 95878
101964 95988
102019 96029
101773 96359
101883 96441
101924 96386
101869 96345
101910 96290
101965 96331
102006 96276
101951 96235
102156 95960
102101 95919
102142 95864
102032 95782
102073 95727
102128 95768
102210 95658
102265 95699
102183 95809
102238 95850
102443 95575
102498 95616
102334 95836
102389 95877
102348 95932
102293 95891
102252 95946
102362 96028
102321 96083
102376 96124
102335 96179
102225 96097
102184 96152
102239 96193
102198 96248
102143 96207
102102 96262
102157 96303
101993 96523
101938 96482
101897 96537
102007 96619
102294 96234
102349 96275
102390 96220
102445 96261
102363 96371
102308 96330
102267 96385
102322 96426
102281 96481
102336 96522
102541 96247
102486 96206
102527 96151
102417 96069
102499 95959
102664 96082
102582 96192
102637 96233
102719 96123
102774 96164
102733 96219
102788 96260
102870 96150
102980 96232
102939 96287
102884 96246
102843 96301
102898 96342
102816 96452
102761 96411
102720 96466
102665 96425
102706 96370
102651 96329
102610 96384
102555 96343
102514 96398
102679 96521
102638 96576
102473 96453
102432 96508
102487 96549
102446 96604
102391 96563
102350 96618
102405 96659
102323 96769
102158 96646
102117 96701
102227 96783
102145 96893
101980 96770
101898 96880
101733 96757
101692 96812
101802 96894
101638 97114
101583 97073
101542 97128
101487 97087
101282 97362
101392 97444
101351 97499
101406 97540
101488 97430
101378 97348
101501 97183
101556 97224
101597 97169
101707 97251
101748 97196
101693 97155
101857 96935
101967 97017
102008 96962
101953 96921
101994 96866
102104 96948
101858 97278
101913 97319
102282 96824
102337 96865
102378 96810
102433 96851
102474 96796
102584 96878
102625 96823
102460 96700
102501 96645
102556 96686
102597 96631
102652 96672
102611 96727
102721 96809
102762 96754
102707 96713
102748 96658
102693 96617
102775 96507
102830 96548
102871 96493
103036 96616
102954 96726
103009 96767
103132 96602
103022 96520
103063 96465
103118 96506
103159 96451
103214 96492
103255 96437
103310 96478
102941 96973
102886 96932
102763 97097
102598 96974
102434 97194
102324 97112
102242 97222
102132 97140
101927 97415
101872 97374
101790 97484
101680 97402
101639 97457
101694 97498
101530 97718
101585 97759
101749 97539
101804 97580
101886 97470
101941 97511
101900 97566
102010 97648
102051 97593
101996 97552
102037 97497
101982 97456
102146 97236
102201 97277
102160 97332
102215 97373
102338 97208
102393 97249
102270 97414
102325 97455
102243 97565
102298 97606
102257 97661
102147 97579
101901 97909
101791 97827
101668 97992
101723 98033
101805 97923
101860 97964
101778 98074
101833 98115
102161 97675
102271 97757
102312 97702
102422 97784
102463 97729
102353 97647
102394 97592
102339 97551
102380 97496
102490 97578
102531 97523
102366 97400
102407 97345
102572 97468
102613 97413
102558 97372
102599 97317
102544 97276
102503 97331
102448 97290
102612 97070
102722 97152
102640 97262
102695 97303
102736 97248
102791 97289
102832 97234
102777 97193
102900 97028
102955 97069
102914 97124
102969 97165
102805 97385
102750 97344
102709 97399
102819 97481
103065 97151
103010 97110
103051 97055
102996 97014
103037 96959
103092 97000
103133 96945
103078 96904
103324 96574
103379 96615
103420 96560
103530 96642
103366 96862
103421 96903
103544 96738
103654 96820
103695 96765
103750 96806
103668 96916
103613 96875
103572 96930
103627 96971
103545 97081
103380 96958
103298 97068
103188 96986
103147 97041
103202 97082
103161 97137
103216 97178
103175 97233
103120 97192
102997 97357
103052 97398
103134 97288
103189 97329
103230 97274
103285 97315
103203 97425
103313 97507
103272 97562
103217 97521
103135 97631
103080 97590
102998 97700
102888 97618
102847 97673
102792 97632
102833 97577
102778 97536
102737 97591
102682 97550
102559 97715
102614 97756
102696 97646
102806 97728
102765 97783
102710 97742
102628 97852
102518 97770
102477 97825
102642 97948
102601 98003
102491 97921
102368 98086
102423 98127
102300 98292
102245 98251
102204 98306
102314 98388
102396 98278
102451 98319
102287 98539
102177 98457
102054 98622
101944 98540
101903 98595
101848 98554
101684 98774
101574 98692
101451 98857
101506 98898
101588 98788
101643 98829
101520 98994
101410 98912
101369 98967
101479 99049
101438 99104
101383 99063
101342 99118
101452 99200
101862 98650
101917 98691
101958 98636
102068 98718
102191 98553
102301 98635
102547 98305
102437 98223
102519 98113
102464 98072
102505 98017
102615 98099
102738 97934
102683 97893
102724 97838
102889 97961
102766 98126
102876 98208
102917 98153
102862 98112
102985 97947
102820 97824
102861 97769
102916 97810
102957 97755
103012 97796
103094 97686
103149 97727
103231 97617
103286 97658
103409 97493
103299 97411
103381 97301
103326 97260
103367 97205
103312 97164
103353 97109
103408 97150
103449 97095
103504 97136
103422 97246
103477 97287
103600 97122
103655 97163
103696 97108
103641 97067
103682 97012
103792 97094
103833 97039
103778 96998
103819 96943
103874 96984
103915 96929
103860 96888
103983 96723
104038 96764
103997 96819
104052 96860
103970 96970
104025 97011
103984 97066
103929 97025
103888 97080
103943 97121
103820 97286
103710 97204
103669 97259
103779 97341
103656 97506
103601 97465
103560 97520
103615 97561
103533 97671
103588 97712
103547 97767
103602 97808
103561 97863
103451 97781
103410 97836
103355 97795
103314 97850
103424 97932
103465 97877
103520 97918
103438 98028
103383 97987
103342 98042
103232 97960
103150 98070
103095 98029
102972 98194
103027 98235
103109 98125
103164 98166
103246 98056
103301 98097
103260 98152
103315 98193
103397 98083
103452 98124
103370 98234
103425 98275
103343 98385
103398 98426
103480 98316
103535 98357
103576 98302
103466 98220
103548 98110
103493 98069
103616 97904
103671 97945
103712 97890
103657 97849
103698 97794
103643 97753
103684 97698
103629 97657
103793 97437
103848 97478
103889 97423
103834 97382
103957 97217
104012 97258
104135 97093
104300 97216
104259 97271
104149 97189
104108 97244
104218 97326
104177 97381
104067 97299
103985 97409
104040 97450
103999 97505
104054 97546
104013 97601
103958 97560
103876 97670
103821 97629
103739 97739
103849 97821
103931 97711
103986 97752
103781 98027
103836 98068
103918 97958
103973 97999
104055 97889
104000 97848
104082 97738
104027 97697
104068 97642
104178 97724
104219 97669
104274 97710
104315 97655
104480 97778
104439 97833
104384 97792
104343 97847
104233 97765
104192 97820
104247 97861
104206 97916
104261 97957
104220 98012
104165 97971
104083 98081
104138 98122
104097 98177
103932 98054
103891 98109
103946 98150
103905 98205
103795 98123
103713 98233
103658 98192
103617 98247
103727 98329
103809 98219
103919 98301
104001 98191
104111 98273
104316 97998
104371 98039
104289 98149
104344 98190
104303 98245
104358 98286
104317 98341
104262 98300
104139 98465
104249 98547
104290 98492
104235 98451
104276 98396
104331 98437
104495 98217
104550 98258
104591 98203
104426 98080
104508 97970
104563 98011
104522 98066
104632 98148
104714 98038
104824 98120
104783 98175
104728 98134
104687 98189
104742 98230
104701 98285
104646 98244
104564 98354
104509 98313
104468 98368
104578 98450
104619 98395
104674 98436
104633 98491
104688 98532
104606 98642
104441 98519
104400 98574
104345 98533
104304 98588
104414 98670
104455 98615
104510 98656
104469 98711
104579 98793
104497 98903
104607 98985
104730 98820
104840 98902
104758 99012
104703 98971
104662 99026
104717 99067
104635 99177
104525 99095
104484 99150
104429 99109
104470 99054
104415 99013
104456 98958
104401 98917
104360 98972
104140 98808
104099 98863
104044 98822
104126 98712
103851 98507
103810 98562
103755 98521
103796 98466
103631 98343
103508 98508
103563 98549
103645 98439
103700 98480
103659 98535
103824 98658
103865 98603
104030 98726
103907 98891
103797 98809
103756 98864
103591 98741
103550 98796
103330 98632
103289 98687
103234 98646
103193 98701
103138 98660
103097 98715
103152 98756
103111 98811
103056 98770
103015 98825
102905 98743
102946 98688
102781 98565
102535 98895
102425 98813
102097 99253
102207 99335
102084 99500
102139 99541
102303 99321
102193 99239
102439 98909
102549 98991
102795 98661
102850 98702
102809 98757
103029 98921
103070 98866
103125 98907
103248 98742
103303 98783
103344 98728
103564 98892
103605 98837
103660 98878
103619 98933
103674 98974
103633 99029
103523 98947
103400 99112
103455 99153
103537 99043
103647 99125
103811 98905
103921 98987
104003 98877
104058 98918
104017 98973
104072 99014
104154 98904
104319 99027
104237 99137
104182 99096
104141 99151
104251 99233
104333 99123
104388 99164
104347 99219
104402 99260
104443 99205
104498 99246
104416 99356
104361 99315
104320 99370
104045 99165
104086 99110
104031 99069
103990 99124
103935 99083
103894 99138
104059 99261
104018 99316
103908 99234
103826 99344
103771 99303
103730 99358
103675 99317
103634 99372
103414 99208
103373 99263
103318 99222
103277 99277
103057 99113
103016 99168
103346 99414
103428 99304
103483 99345
103360 99510
103195 99387
103154 99442
103264 99524
103223 99579
103278 99620
103237 99675
103127 99593
103086 99648
103141 99689
103059 99799
103169 99881
103210 99826
103155 99785
103196 99730
103306 99812
103347 99757
103292 99716
103538 99386
103593 99427
103388 99702
103443 99743
103566 99578
103621 99619
103703 99509
103648 99468
103689 99413
103744 99454
103785 99399
103840 99440
103799 99495
103854 99536
103813 99591
103868 99632
103827 99687
103717 99605
103635 99715
103690 99756
103731 99701
103841 99783
103964 99618
103909 99577
103950 99522
103895 99481
103936 99426
103881 99385
103922 99330
104032 99412
104073 99357
104128 99398
104169 99343
104279 99425
104156 99590
104211 99631
104334 99466
104389 99507
104471 99397
104581 99479
104540 99534
104485 99493
104444 99548
104499 99589
104458 99644
104348 99562
104143 99837
103978 99714
103937 99769
104102 99892
104061 99947
103896 99824
103814 99934
103539 99729
103498 99784
103828 100030
103910 99920
103965 99961
103924 100016
104034 100098
104362 99658
104417 99699
104294 99864
104349 99905
104390 99850
104445 99891
104404 99946
104459 99987
104377 100097
104432 100138
104555 99973
104610 100014
104446 100234
104391 100193
104350 100248
104240 100166
104199 100221
104089 100139
103966 100304
103636 100058
103677 100003
103402 99798
103361 99853
103471 99935
103430 99990
103485 100031
103526 99976
103581 100017
103540 100072
103595 100113
103554 100168
103334 100004
103375 99949
103320 99908
103238 100018
103348 100100
103307 100155
103032 99950
103073 99895
102908 99772
102867 99827
102702 99704
102661 99759
102551 99677
102428 99842
102483 99883
102442 99938
102387 99897
102141 100227
102031 100145
101949 100255
101894 100214
101853 100269
101688 100146
101647 100201
101867 100365
101908 100310
101963 100351
102045 100241
102155 100323
102401 99993
102456 100034
102415 100089
102470 100130
102552 100020
102497 99979
102579 99869
102524 99828
102565 99773
102675 99855
102716 99800
102881 99923
102922 99868
102977 99909
102936 99964
102991 100005
102950 100060
103005 100101
103046 100046
103101 100087
103060 100142
103115 100183
103156 100128
103321 100251
103403 100141
103568 100264
103650 100154
103705 100195
103664 100250
103719 100291
103760 100236
103870 100318
103747 100483
103692 100442
103733 100387
103623 100305
103582 100360
103637 100401
103596 100456
103376 100292
103335 100347
103225 100265
103184 100320
103019 100197
102978 100252
102923 100211
102964 100156
102799 100033
102758 100088
102868 100170
102827 100225
102882 100266
102800 100376
102745 100335
102786 100280
102731 100239
102649 100349
102814 100472
102937 100307
102992 100348
103033 100293
103198 100416
103239 100361
103349 100443
103390 100388
103500 100470
103418 100580
103363 100539
103281 100649
103226 100608
103185 100663
103240 100704
103199 100759
103034 100636
102993 100691
102828 100568
102746 100678
102526 100514
102485 100569
102320 100446
102279 100501
102499 100665
102540 100610
102595 100651
102554 100706
102609 100747
102650 100692
102705 100733
102664 100788
102719 100829
102842 100664
103007 100787
103048 100732
103213 100855
103377 100635
103432 100676
103514 100566
103569 100607
103651 100497
103761 100579
103802 100524
103857 100565
103939 100455
103884 100414
103925 100359
103980 100400
104103 100235
104213 100317
104254 100262
104309 100303
104268 100358
104323 100399
104159 100619
104214 100660
104419 100385
104364 100344
104405 100289
104460 100330
104624 100110
104734 100192
104775 100137
104830 100178
104789 100233
104844 100274
104762 100384
104707 100343
104666 100398
104611 100357
104447 100577
104502 100618
104625 100453
104680 100494
104639 100549
104749 100631
104708 100686
104598 100604
104516 100714
104406 100632
104365 100687
104310 100646
104269 100701
104379 100783
104420 100728
104530 100810
104571 100755
104681 100837
104722 100782
104832 100864
104791 100919
104736 100878
104695 100933
104860 101056
104819 101111
104599 100947
104558 101002
104283 100797
104242 100852
104517 101057
104476 101112
104201 100907
104160 100962
104105 100921
104146 100866
104036 100784
103995 100839
103940 100798
103899 100853
103844 100812
103926 100702
103871 100661
103830 100716
103665 100593
103624 100648
103734 100730
103652 100840
103597 100799
103556 100854
103666 100936
103748 100826
103803 100867
103762 100922
103817 100963
103776 101018
103721 100977
103680 101032
103405 100827
103118 101212
102293 100597
102252 100652
102197 100611
102156 100666
102101 100625
102060 100680
101950 100598
101991 100543
101826 100420
101785 100475
101895 100557
101854 100612
101689 100489
101730 100434
101675 100393
101593 100503
101758 100626
101717 100681
101552 100558
101511 100613
101456 100572
101415 100627
101525 100709
101566 100654
101731 100777
101813 100667
101868 100708
101909 100653
102074 100776
102115 100721
102170 100762
102211 100707
102266 100748
102307 100693
103132 101308
103296 101088
103351 101129
103392 101074
103337 101033
103419 100923
103639 101087
103598 101142
103488 101060
103447 101115
103612 101238
103653 101183
103708 101224
103749 101169
103694 101128
103735 101073
103790 101114
103954 100894
104064 100976
103900 101196
103955 101237
104119 101017
104174 101058
104215 101003
104325 101085
104284 101140
104229 101099
104188 101154
104243 101195
104202 101250
104147 101209
104106 101264
104216 101346
104257 101291
104312 101332
104394 101222
104339 101181
104380 101126
104490 101208
104613 101043
104668 101084
104627 101139
104682 101180
104641 101235
104696 101276
104737 101221
104847 101303
104806 101358
104861 101399
104820 101454
104545 101249
104504 101304
104449 101263
104367 101373
104422 101414
104463 101359
104518 101400
104559 101345
104834 101550
104793 101605
104628 101482
104587 101537
104532 101496
104491 101551
104546 101592
104505 101647
104450 101606
104409 101661
104299 101579
104340 101524
104395 101565
104436 101510
104271 101387
104230 101442
104285 101483
104244 101538
104024 101374
104065 101319
104010 101278
103969 101333
103914 101292
103832 101402
103667 101279
103626 101334
103406 101170
103283 101335
103338 101376
103420 101266
103530 101348
103489 101403
103434 101362
103352 101472
103187 101349
103146 101404
103311 101527
103270 101582
103325 101623
103448 101458
103503 101499
103585 101389
103640 101430
103599 101485
103654 101526
103736 101416
103846 101498
103928 101388
104038 101470
103956 101580
103901 101539
103860 101594
103750 101512
103586 101732
103476 101650
103435 101705
103380 101664
103339 101719
103449 101801
103490 101746
103600 101828
103764 101608
103874 101690
103915 101635
103970 101676
104093 101511
104203 101593
104162 101648
104107 101607
104066 101662
104121 101703
104080 101758
104135 101799
104094 101854
104039 101813
103998 101868
104053 101909
104012 101964
103957 101923
103875 102033
103930 102074
103971 102019
104026 102060
104231 101785
104176 101744
104258 101634
104478 101798
104560 101688
104615 101729
104533 101839
104643 101921
104766 101756
104876 101838
104835 101893
104780 101852
104698 101962
104753 102003
104794 101948
104849 101989
104808 102044
104918 102126
104877 102181
104602 101976
104561 102031
104341 101867
104259 101977
104314 102018
104232 102128
104287 102169
104410 102004
104465 102045
104424 102100
104534 102182
104616 102072
104671 102113
104630 102168
104740 102250
104781 102195
104836 102236
104713 102401
104493 102237
104452 102292
104397 102251
104356 102306
104466 102388
104507 102333
104562 102374
104521 102429
104576 102470
104535 102525
104590 102566
104672 102456
104727 102497
104604 102662
104659 102703
104700 102648
104755 102689
104673 102799
104728 102840
104687 102895
104632 102854
104550 102964
104440 102882
104522 102772
104467 102731
104508 102676
104453 102635
104371 102745
104316 102704
104357 102649
104247 102567
104288 102512
104233 102471
104151 102581
104096 102540
104178 102430
104068 102348
104109 102293
103999 102211
103958 102266
104013 102307
103972 102362
104082 102444
104000 102554
103945 102513
103986 102458
103821 102335
103862 102280
103807 102239
103725 102349
103890 102472
103849 102527
104069 102691
104110 102636
104165 102677
104206 102622
104261 102663
104220 102718
104385 102841
104344 102896
104289 102855
104248 102910
104138 102828
104097 102883
104207 102965
104125 103075
104070 103034
104029 103089
104084 103130
104043 103185
103988 103144
103906 103254
103851 103213
104056 102938
104001 102897
104083 102787
103973 102705
103891 102815
103946 102856
103905 102911
103960 102952
103919 103007
103864 102966
103782 103076
103727 103035
103850 102870
103740 102788
103699 102843
103754 102884
103713 102939
103658 102898
103617 102953
103562 102912
103685 102747
103520 102624
103479 102679
103589 102761
103507 102871
103342 102748
103670 102308
103615 102267
103697 102157
103532 102034
103573 101979
103463 101897
103422 101952
103477 101993
103436 102048
103601 102171
103560 102226
103450 102144
103409 102199
103574 102322
103246 102762
103631 103049
103590 103104
103645 103145
103522 103310
103412 103228
103453 103173
103398 103132
103439 103077
103384 103036
103425 102981
103370 102940
103329 102995
103274 102954
103315 102899
103205 102817
103164 102872
103219 102913
103178 102968
103123 102927
103082 102982
103027 102941
103150 102776
103040 102694
103081 102639
103191 102721
103232 102666
103122 102584
103204 102474
103149 102433
103190 102378
103245 102419
103368 102254
103313 102213
103354 102158
103299 102117
103340 102062
103285 102021
103203 102131
103258 102172
103217 102227
103272 102268
103231 102323
103121 102241
103080 102296
103135 102337
103094 102392
102984 102310
102943 102365
103108 102488
103067 102543
102792 102338
102915 102173
102805 102091
102846 102036
102956 102118
102997 102063
102887 101981
102928 101926
103038 102008
103079 101953
102969 101871
103010 101816
102900 101734
102859 101789
102914 101830
102750 102050
102640 101968
102722 101858
102667 101817
102749 101707
102694 101666
102571 101831
102626 101872
102585 101927
102530 101886
102489 101941
102434 101900
102475 101845
102420 101804
102379 101859
102214 101736
102255 101681
102145 101599
102350 101324
102020 101078
101979 101133
101374 100682
101333 100737
101993 101229
102034 101174
102254 101338
102049 101613
101774 101408
101733 101463
102063 101709
102104 101654
102159 101695
102077 101805
102132 101846
102173 101791
102393 101955
102352 102010
102407 102051
102448 101996
102503 102037
102544 101982
102819 102187
102737 102297
102517 102133
102476 102188
102641 102311
102600 102366
102545 102325
102504 102380
102614 102462
102696 102352
103026 102598
102944 102708
103054 102790
102972 102900
102917 102859
102835 102969
102890 103010
102931 102955
103096 103078
103055 103133
102945 103051
102904 103106
102849 103065
102808 103120
102753 103079
102794 103024
102684 102942
102725 102887
102780 102928
102862 102818
102807 102777
102766 102832
102656 102750
102697 102695
102752 102736
102793 102681
102848 102722
102889 102667
102779 102585
102738 102640
102683 102599
102724 102544
102669 102503
102628 102558
102573 102517
102532 102572
102642 102654
102601 102709
102436 102586
102518 102476
102298 102312
102339 102257
102229 102175
102270 102120
102105 101997
102146 101942
102091 101901
102009 102011
101954 101970
101995 101915
101500 101546
101541 101491
101486 101450
101650 101230
101595 101189
101677 101079
101567 100997
101526 101052
101581 101093
101499 101203
101554 101244
101513 101299
101403 101217
101362 101272
101472 101354
101390 101464
101445 101505
101404 101560
101679 101765
101597 101875
101487 101793
101446 101848
101336 101766
101295 101821
101240 101780
101199 101835
101309 101917
101350 101862
101460 101944
101501 101889
101611 101971
101734 101806
101899 101929
101858 101984
101748 101902
101707 101957
101872 102080
101913 102025
102023 102107
102064 102052
102174 102134
102133 102189
102243 102271
102202 102326
102257 102367
102216 102422
102271 102463
102312 102408
102422 102490
102381 102545
102326 102504
102285 102559
102670 102846
102629 102901
102574 102860
102533 102915
102588 102956
102547 103011
102437 102929
102396 102984
102176 102820
102299 102655
102244 102614
102162 102724
102107 102683
102230 102518
102175 102477
102093 102587
102038 102546
101956 102656
101846 102574
101805 102629
101585 102465
101626 102410
101461 102287
101420 102342
101530 102424
101489 102479
101269 102315
101310 102260
101365 102301
101406 102246
101351 102205
101392 102150
101337 102109
101173 102329
101503 102575
101544 102520
101819 102725
101860 102670
101970 102752
102011 102697
102066 102738
102025 102793
102080 102834
102039 102889
102094 102930
102135 102875
102300 102998
102218 103108
102273 103149
102355 103039
102410 103080
102451 103025
102561 103107
102643 102997
102698 103038
102657 103093
102822 103216
102863 103161
102973 103243
103014 103188
103069 103229
102987 103339
102877 103257
102836 103312
102946 103394
102905 103449
102575 103203
102534 103258
102754 103422
102713 103477
102658 103436
102535 103601
102480 103560
102562 103450
102507 103409
102548 103354
102493 103313
102411 103423
102466 103464
102425 103519
102315 103437
102356 103382
102191 103259
102232 103204
102177 103163
102095 103273
101985 103191
102108 103026
101558 102616
101517 102671
102012 103040
101971 103095
101751 102931
101710 102986
101930 103150
101889 103205
102109 103369
102150 103314
102260 103396
102219 103451
102274 103492
102233 103547
102178 103506
102096 103616
102041 103575
102000 103630
101945 103589
101986 103534
101821 103411
101780 103466
101615 103343
101779 103123
101339 102795
101462 102630
101352 102548
101311 102603
101366 102644
101243 102809
101683 103137
101601 103247
101436 103124
101477 103069
101312 102946
101230 103056
101285 103097
101326 103042
101381 103083
101340 103138
101450 103220
101368 103330
101423 103371
101505 103261
101560 103302
101519 103357
101794 103562
101835 103507
101890 103548
101849 103603
102014 103726
102055 103671
102110 103712
102192 103602
102357 103725
102398 103670
102343 103629
102384 103574
102604 103738
102563 103793
102453 103711
102371 103821
102426 103862
102385 103917
102275 103835
102234 103890
102344 103972
102303 104027
102248 103986
102207 104041
102097 103959
102138 103904
102083 103863
102001 103973
102221 104137
102180 104192
101960 104028
101878 104138
101933 104179
101892 104234
101837 104193
101796 104248
101741 104207
101782 104152
101727 104111
101809 104001
101864 104042
101905 103987
101850 103946
101932 103836
101712 103672
101630 103782
101685 103823
101726 103768
101836 103850
101795 103905
101740 103864
101699 103919
101589 103837
101548 103892
101713 104015
101672 104070
101617 104029
101576 104084
101686 104166
101645 104221
101315 103975
101397 103865
101452 103906
101534 103796
101479 103755
101438 103810
101383 103769
101547 103549
101382 103426
101341 103481
101451 103563
101369 103673
101314 103632
101273 103687
101218 103646
101300 103536
101190 103454
101149 103509
101204 103550
101122 103660
101342 103824
101301 103879
101191 103797
101150 103852
101260 103934
101219 103989
101329 104071
101288 104126
101343 104167
101384 104112
101439 104153
101357 104263
101412 104304
101453 104249
101508 104290
101549 104235
101604 104276
101522 104386
101577 104427
101536 104482
101371 104359
101330 104414
101440 104496
101399 104551
101344 104510
101303 104565
101193 104483
101152 104538
101042 104456
101083 104401
101138 104442
101179 104387
101124 104346
101165 104291
101110 104250
101069 104305
101014 104264
101096 104154
100986 104072
101068 103962
101013 103921
100972 103976
100862 103894
100985 103729
100930 103688
101012 103578
100957 103537
100998 103482
101053 103523
101094 103468
101039 103427
101162 103262
101107 103221
101148 103166
101093 103125
101052 103180
100942 103098
100901 103153
101066 103276
100943 103441
100778 103318
100819 103263
100709 103181
100627 103291
100737 103373
100696 103428
100751 103469
100792 103414
100847 103455
100806 103510
100916 103592
100834 103702
100889 103743
100807 103853
100752 103812
100711 103867
100876 103990
100835 104045
100670 103922
100629 103977
100739 104059
100698 104114
100808 104196
100890 104086
101000 104168
100959 104223
100904 104182
100863 104237
100973 104319
100932 104374
100987 104415
100946 104470
100781 104347
100822 104292
100657 104169
100616 104224
100726 104306
100685 104361
100850 104484
100809 104539
100754 104498
100713 104553
100658 104512
100617 104567
100562 104526
100521 104581
100466 104540
100630 104320
100575 104279
100370 104554
100425 104595
100384 104650
100329 104609
100247 104719
100192 104678
100315 104513
100205 104431
100164 104486
100109 104445
100068 104500
99958 104418
99999 104363
100054 104404
100095 104349
100040 104308
100081 104253
100136 104294
100177 104239
100232 104280
100191 104335
100356 104458
100397 104403
100287 104321
100328 104266
100273 104225
100314 104170
100259 104129
100300 104074
100520 104238
100602 104128
100547 104087
100506 104142
100451 104101
100492 104046
100437 104005
100396 104060
100341 104019
100464 103854
100574 103936
100615 103881
100505 103799
100546 103744
100491 103703
100450 103758
100395 103717
100518 103552
100408 103470
100367 103525
100422 103566
100340 103676
100285 103635
100326 103580
100216 103498
100298 103388
100353 103429
100435 103319
100380 103278
100339 103333
100284 103292
100202 103402
100147 103361
100270 103196
100325 103237
100366 103182
100421 103223
100462 103168
100407 103127
100612 102852
100557 102811
100680 102646
100350 102400
100391 102345
100336 102304
100418 102194
100363 102153
100281 102263
100226 102222
100185 102277
100295 102359
100254 102414
100584 102660
100461 102825
100516 102866
100311 103141
100201 103059
100242 103004
100132 102922
100173 102867
100008 102744
99967 102799
100077 102881
100036 102936
100146 103018
100105 103073
100215 103155
100051 103375
100161 103457
100120 103512
100230 103594
100189 103649
100409 103813
100327 103923
100272 103882
100313 103827
100258 103786
100135 103951
100190 103992
100231 103937
100286 103978
100163 104143
100108 104102
100026 104212
99971 104171
100094 104006
100039 103965
99875 104185
99985 104267
99944 104322
99889 104281
99848 104336
99793 104295
99834 104240
99779 104199
100025 103869
99970 103828
99929 103883
99819 103801
99860 103746
99915 103787
99956 103732
99846 103650
99887 103595
99722 103472
99763 103417
99818 103458
99941 103293
99776 103170
99981 102895
99926 102854
99762 103074
99707 103033
99912 102758
99857 102717
99898 102662
99788 102580
99829 102525
99994 102648
100117 102483
100062 102442
100103 102387
99993 102305
100034 102250
100089 102291
100171 102181
100116 102140
100075 102195
99910 102072
99951 102017
99896 101976
99814 102086
99979 102209
99897 102319
100007 102401
99966 102456
100021 102497
99980 102552
99815 102429
99692 102594
99802 102676
99761 102731
99816 102772
99611 103047
99721 103129
99680 103184
99845 103307
99804 103362
99639 103239
99598 103294
99708 103376
99626 103486
99791 103609
99750 103664
99805 103705
99764 103760
99544 103596
99503 103651
99888 103938
99642 104268
99697 104309
99656 104364
99601 104323
99519 104433
99409 104351
99450 104296
99505 104337
99546 104282
99491 104241
99532 104186
99587 104227
99628 104172
99573 104131
99614 104076
99669 104117
99792 103952
99627 103829
99586 103884
99696 103966
99655 104021
99600 103980
99477 104145
99422 104104
99463 104049
99353 103967
99271 104077
99381 104159
99258 104324
99313 104365
99231 104475
99176 104434
99094 104544
99039 104503
99285 104173
99230 104132
98943 104517
98888 104476
99134 104146
99079 104105
99161 103995
99216 104036
99257 103981
99202 103940
99243 103885
99298 103926
99339 103871
99229 103789
99188 103844
99133 103803
99092 103858
98982 103776
99023 103721
99078 103762
99160 103652
99215 103693
99256 103638
99146 103556
99064 103666
99009 103625
99132 103460
99077 103419
98995 103529
98885 103447
99049 103227
99269 103391
99515 103061
99350 102938
99268 103048
99323 103089
99364 103034
99419 103075
99255 103295
99200 103254
99282 103144
99227 103103
99145 103213
99090 103172
99213 103007
99048 102884
99089 102829
99144 102870
99472 102430
99307 102307
99348 102252
99403 102293
99567 102073
99677 102155
99841 101935
99786 101894
99868 101784
99813 101743
99854 101688
99799 101647
99717 101757
99772 101798
99731 101853
99621 101771
99580 101826
99745 101949
99663 102059
99553 101977
99389 102197
99334 102156
99416 102046
99361 102005
99402 101950
99347 101909
99388 101854
99498 101936
99539 101881
99429 101799
99511 101689
99566 101730
99607 101675
99552 101634
99593 101579
99538 101538
99415 101703
99360 101662
99442 101552
99222 101388
99181 101443
99126 101402
99167 101347
99112 101306
99030 101416
99195 101539
99236 101484
99346 101566
99264 101676
99374 101758
99251 101923
99306 101964
99265 102019
99320 102060
99238 102170
99293 102211
99211 102321
99376 102444
99253 102609
99198 102568
99157 102623
99212 102664
99130 102774
99075 102733
99116 102678
99061 102637
98979 102747
99034 102788
98993 102843
98938 102802
98897 102857
99117 103021
98871 103351
98651 103187
98610 103242
98830 103406
98789 103461
98954 103584
98913 103639
98968 103680
98927 103735
98817 103653
98776 103708
99106 103954
99024 104064
98859 103941
98900 103886
98845 103845
98763 103955
98983 104119
98942 104174
98997 104215
98956 104270
98791 104147
98750 104202
98915 104325
98833 104435
98778 104394
98737 104449
98957 104613
98916 104668
98971 104709
98930 104764
98875 104723
98834 104778
98779 104737
98820 104682
98765 104641
98724 104696
98669 104655
98628 104710
98683 104751
98642 104806
98587 104765
98546 104820
98491 104779
98532 104724
98477 104683
98518 104628
98573 104669
98696 104504
98641 104463
98559 104573
98504 104532
98545 104477
98490 104436
98572 104326
98517 104285
98722 104010
98612 103928
98530 104038
98585 104079
98503 104189
98448 104148
98366 104258
98311 104217
98762 103612
98597 103489
98638 103434
98528 103352
98569 103297
98514 103256
98432 103366
98542 103448
98501 103503
98666 103626
98297 104121
98242 104080
98324 103970
98269 103929
98515 103599
98405 103517
98364 103572
98419 103613
98378 103668
98323 103627
98282 103682
98337 103723
98132 103998
98187 104039
98146 104094
98256 104176
98215 104231
98160 104190
98078 104300
98023 104259
98105 104149
98050 104108
97845 104383
97790 104342
97954 104122
97899 104081
97940 104026
97995 104067
98036 104012
97926 103930
97967 103875
97912 103834
97953 103779
98063 103861
98104 103806
98049 103765
98090 103710
98145 103751
98186 103696
98131 103655
98295 103435
98350 103476
98391 103421
98281 103339
97994 103724
97939 103683
97898 103738
97843 103697
97925 103587
97980 103628
98021 103573
97966 103532
98007 103477
97952 103436
97747 103711
97802 103752
97761 103807
97871 103889
97789 103999
97624 103876
97706 103766
97651 103725
97569 103835
97514 103794
97555 103739
97500 103698
97418 103808
97308 103726
97349 103671
97404 103712
97445 103657
97390 103616
97472 103506
97527 103547
97568 103492
97623 103533
97582 103588
97637 103629
97678 103574
97733 103615
97774 103560
97609 103437
97650 103382
97815 103505
97856 103450
97801 103409
97842 103354
97897 103395
97938 103340
97883 103299
97965 103189
98130 103312
98171 103257
98061 103175
98143 103065
98308 103188
98390 103078
98555 103201
98596 103146
98486 103064
98650 102844
98705 102885
98746 102830
98801 102871
99006 102596
98896 102514
98937 102459
98882 102418
98800 102528
98910 102610
98787 102775
98732 102734
98691 102789
98581 102707
98540 102762
98595 102803
98431 103023
98321 102941
98280 102996
98335 103037
98294 103092
98184 103010
98430 102680
98375 102639
98006 103134
97951 103093
97910 103148
97855 103107
97814 103162
97704 103080
97663 103135
97828 103258
97787 103313
97732 103272
97691 103327
97636 103286
97677 103231
97567 103149
97526 103204
97581 103245
97540 103300
97595 103341
97513 103451
97458 103410
97417 103465
97252 103342
97334 103232
97279 103191
97156 103356
97266 103438
97225 103493
97170 103452
97129 103507
97074 103466
97033 103521
96978 103480
97347 102985
97402 103026
97525 102861
97690 102984
97854 102764
97964 102846
98046 102736
98156 102818
98361 102543
98416 102584
98498 102474
98608 102556
98649 102501
98594 102460
98758 102240
98703 102199
98539 102419
98484 102378
98402 102488
98347 102447
98388 102392
98278 102310
98237 102365
98292 102406
98251 102461
98306 102502
98142 102722
98087 102681
98128 102626
98073 102585
97950 102750
97895 102709
98018 102544
97963 102503
98045 102393
97990 102352
98031 102297
98141 102379
98387 102049
98497 102131
98620 101966
98565 101925
98483 102035
