5296
98610 95392
98638 95470
98716 95442
98688 95364
98766 95336
98542 94712
98386 94768
98274 94456
98430 94400
98402 94322
98480 94294
98704 94918
98782 94890
98866 95124
99022 95068
99078 95224
98844 95308
98900 95464
98978 95436
98950 95358
99106 95302
99134 95380
99056 95408
99168 95720
99324 95664
99352 95742
99274 95770
99330 95926
99252 95954
99280 96032
99202 96060
99230 96138
99152 96166
99180 96244
99102 96272
99130 96350
99208 96322
99236 96400
99314 96372
99482 96840
99404 96868
99432 96946
99510 96918
99538 96996
99694 96940
99666 96862
99588 96890
99532 96734
99610 96706
99582 96628
99504 96656
99364 96266
99286 96294
99258 96216
99336 96188
99308 96110
99386 96082
99358 96004
99436 95976
99380 95820
99458 95792
99374 95558
99218 95614
99162 95458
99240 95430
99072 94962
98916 95018
98832 94784
98754 94812
98642 94500
98720 94472
98692 94394
98614 94422
98530 94188
98374 94244
98290 94010
98446 93954
98418 93876
98262 93932
98206 93776
98284 93748
98312 93826
98390 93798
98362 93720
98518 93664
98546 93742
98468 93770
98496 93848
98652 93792
98680 93870
98524 93926
98580 94082
98658 94054
98630 93976
98708 93948
98848 94338
98770 94366
98826 94522
98982 94466
99010 94544
99088 94516
99032 94360
98954 94388
98786 93920
98864 93892
98892 93970
98970 93942
98942 93864
99098 93808
99126 93886
99204 93858
99344 94248
99266 94276
99322 94432
99400 94404
99372 94326
99450 94298
99254 93752
99176 93780
99148 93702
99226 93674
99198 93596
99276 93568
99332 93724
99410 93696
99326 93462
99014 93574
98986 93496
98908 93524
98880 93446
98958 93418
98930 93340
99008 93312
99036 93390
99192 93334
99220 93412
99298 93384
99242 93228
99320 93200
99292 93122
99370 93094
99398 93172
99476 93144
99504 93222
99582 93194
99610 93272
99376 93356
99404 93434
99482 93406
99538 93562
99460 93590
99544 93824
99622 93796
99566 93640
99644 93612
99784 94002
99628 94058
99684 94214
99606 94242
99690 94476
99456 94560
99484 94638
99640 94582
99668 94660
99512 94716
99540 94794
99462 94822
99490 94900
99646 94844
99618 94766
99696 94738
99892 95284
99970 95256
99998 95334
99920 95362
99976 95518
99898 95546
99926 95624
100004 95596
100032 95674
99954 95702
99982 95780
100060 95752
100088 95830
100166 95802
100194 95880
100272 95852
100300 95930
100144 95986
100200 96142
99810 96282
99838 96360
99760 96388
99844 96622
99688 96678
99716 96756
99950 96672
99866 96438
99944 96410
99916 96332
100306 96192
100250 96036
100406 95980
100322 95746
100244 95774
100216 95696
100138 95724
100054 95490
100132 95462
100020 95150
99942 95178
99774 94710
99852 94682
99824 94604
99746 94632
99718 94554
99952 94470
99980 94548
99902 94576
99958 94732
100036 94704
100008 94626
100086 94598
100002 94364
99768 94448
99712 94292
99790 94264
99734 94108
99890 94052
99918 94130
99840 94158
99868 94236
100024 94180
99940 93946
99862 93974
99694 93506
99616 93534
99588 93456
99744 93400
99772 93478
99850 93450
99794 93294
99716 93322
99660 93166
99738 93138
99766 93216
99844 93188
99956 93500
99800 93556
99912 93868
99990 93840
99906 93606
100062 93550
99922 93160
100078 93104
100106 93182
100028 93210
100056 93288
100290 93204
100318 93282
100396 93254
100424 93332
100346 93360
100374 93438
100530 93382
100558 93460
100168 93600
100196 93678
100508 93566
100536 93644
100068 93812
100152 94046
100074 94074
100130 94230
100208 94202
100264 94358
100342 94330
100174 93862
100486 93750
100514 93828
100592 93800
100564 93722
100642 93694
100614 93616
100692 93588
100776 93822
100542 93906
100570 93984
100648 93956
100676 94034
100520 94090
100548 94168
100626 94140
100654 94218
100576 94246
100632 94402
100710 94374
100682 94296
100760 94268
100704 94112
100782 94084
100726 93928
100804 93900
100860 94056
100938 94028
100770 93560
100848 93532
100708 93142
100786 93114
100870 93348
100948 93320
100920 93242
101154 93158
101182 93236
101104 93264
101132 93342
101054 93370
101082 93448
101004 93476
101032 93554
101110 93526
101138 93604
101060 93632
101088 93710
100932 93766
100960 93844
101116 93788
101144 93866
101066 93894
101094 93972
101172 93944
101200 94022
101278 93994
101250 93916
101328 93888
101300 93810
101378 93782
101434 93938
101512 93910
101540 93988
101462 94016
101490 94094
101412 94122
101384 94044
101306 94072
101334 94150
101256 94178
101228 94100
100916 94212
100944 94290
101100 94234
101128 94312
101050 94340
101078 94418
100922 94474
100894 94396
100738 94452
100766 94530
100844 94502
100872 94580
101106 94496
101134 94574
100822 94686
100794 94608
100560 94692
100588 94770
100510 94798
100622 95110
100700 95082
100616 94848
100694 94820
100666 94742
100744 94714
100828 94948
100906 94920
100850 94764
101006 94708
101062 94864
100984 94892
101012 94970
101168 94914
101084 94680
101162 94652
101218 94808
101296 94780
101184 94468
101262 94440
101290 94518
101368 94490
101312 94334
101234 94362
101206 94284
101440 94200
101552 94512
101630 94484
101602 94406
101758 94350
101730 94272
101574 94328
101518 94172
101596 94144
101624 94222
101858 94138
101886 94216
101808 94244
101836 94322
101914 94294
102026 94606
101246 94886
101274 94964
101352 94936
101380 95014
101302 95042
101330 95120
100862 95288
100918 95444
100762 95500
100874 95812
100718 95868
100802 96102
100724 96130
100780 96286
100702 96314
100758 96470
100680 96498
100708 96576
100396 96688
100424 96766
99878 96962
99906 97040
100530 96816
100502 96738
100814 96626
100786 96548
100864 96520
100808 96364
100886 96336
100830 96180
100908 96152
100824 95918
100980 95862
100868 95550
101024 95494
100968 95338
101046 95310
101074 95388
101152 95360
101124 95282
101202 95254
101230 95332
101386 95276
101358 95198
101436 95170
101492 95326
101180 95438
101208 95516
101364 95460
101420 95616
101498 95588
101442 95432
101598 95376
101430 94908
101586 94852
101698 95164
101776 95136
101664 94824
101742 94796
101770 94874
101848 94846
101876 94924
101798 94952
101854 95108
101932 95080
101904 95002
101982 94974
101898 94740
102054 94684
102082 94762
102160 94734
102020 94344
102098 94316
102154 94472
102232 94444
102176 94288
102254 94260
102282 94338
102360 94310
102388 94388
102700 94276
102728 94354
102260 94522
102288 94600
102522 94516
102550 94594
102628 94566
102656 94644
102500 94700
102528 94778
102450 94806
102506 94962
102350 95018
102378 95096
102456 95068
102512 95224
102278 95308
102194 95074
102038 95130
102066 95208
101832 95292
101860 95370
102172 95258
102200 95336
101966 95420
101994 95498
101838 95554
101726 95242
101648 95270
101788 95660
101944 95604
101972 95682
101816 95738
101844 95816
101688 95872
101632 95716
101476 95772
101504 95850
101582 95822
101638 95978
101716 95950
101744 96028
101588 96084
101560 96006
101326 96090
101354 96168
101276 96196
101304 96274
101382 96246
101410 96324
101254 96380
101282 96458
101204 96486
101232 96564
101310 96536
101366 96692
101210 96748
101266 96904
101110 96960
101166 97116
101088 97144
101116 97222
101272 97166
101216 97010
101372 96954
101316 96798
101472 96742
101360 96430
101516 96374
101432 96140
101510 96112
101538 96190
101850 96078
101794 95922
101950 95866
101922 95788
102156 95704
102128 95626
102050 95654
102022 95576
102100 95548
102072 95470
102150 95442
102206 95598
102284 95570
102256 95492
102334 95464
102306 95386
102384 95358
102496 95670
102418 95698
102446 95776
102602 95720
102490 95408
102568 95380
102540 95302
102618 95274
102534 95040
102612 95012
102556 94856
102634 94828
102606 94750
102684 94722
102740 94878
102662 94906
102690 94984
102846 94928
102762 94694
102918 94638
102946 94716
102868 94744
102952 94978
103030 94950
103002 94872
103158 94816
103214 94972
102824 95112
102852 95190
103086 95106
103170 95340
103014 95396
102986 95318
102830 95374
102858 95452
102936 95424
102964 95502
102730 95586
102758 95664
102680 95692
102708 95770
102474 95854
102502 95932
102424 95960
102536 96272
102458 96300
102486 96378
102642 96322
102530 96010
102608 95982
102580 95904
102814 95820
102786 95742
102864 95714
102836 95636
102914 95608
103026 95920
102948 95948
102976 96026
102898 96054
102870 95976
102714 96032
102742 96110
102820 96082
102876 96238
102954 96210
102926 96132
103160 96048
102992 95580
103070 95552
103042 95474
103276 95390
103164 95078
103320 95022
103348 95100
103270 95128
103326 95284
103482 95228
103510 95306
103588 95278
103616 95356
103538 95384
103566 95462
103644 95434
103672 95512
103750 95484
103778 95562
103622 95618
103594 95540
103516 95568
103460 95412
103226 95496
103254 95574
103332 95546
103360 95624
103126 95708
103182 95864
103260 95836
103232 95758
103466 95674
103494 95752
103338 95808
103394 95964
103472 95936
103444 95858
103522 95830
103550 95908
103628 95880
103600 95802
103678 95774
103706 95852
103784 95824
103812 95902
103734 95930
103762 96008
103684 96036
103656 95958
103422 96042
103450 96120
103372 96148
103344 96070
103266 96098
103294 96176
102826 96344
102854 96422
103166 96310
103222 96466
102910 96578
102882 96500
102648 96584
102592 96428
102436 96484
102408 96406
102174 96490
102202 96568
102046 96624
102102 96780
102180 96752
102152 96674
102308 96618
102280 96540
102358 96512
102386 96590
102542 96534
102598 96690
102364 96774
102392 96852
102626 96768
102654 96846
102732 96818
102676 96662
102832 96606
102860 96684
103328 96516
103244 96282
103478 96198
103534 96354
103378 96410
103406 96488
103640 96404
103528 96092
103606 96064
103662 96220
103740 96192
103712 96114
103790 96086
103818 96164
104052 96080
104080 96158
103924 96214
103952 96292
103874 96320
103846 96242
103690 96298
103718 96376
103796 96348
103824 96426
104136 96314
104108 96236
104186 96208
104242 96364
104086 96420
104142 96576
104064 96604
104008 96448
103774 96532
103802 96610
103646 96666
103590 96510
103512 96538
103568 96694
103490 96722
103434 96566
103356 96594
103384 96672
103306 96700
103334 96778
103256 96806
103200 96650
102966 96734
102994 96812
102916 96840
102888 96762
102810 96790
102838 96868
102682 96924
102710 97002
102476 97086
102420 96930
102342 96958
102286 96802
102208 96830
102292 97064
102370 97036
102454 97270
102220 97354
102248 97432
102092 97488
102064 97410
101518 97606
101546 97684
101468 97712
101440 97634
101206 97718
101234 97796
101078 97852
101106 97930
100872 98014
100900 98092
101212 97980
101184 97902
101340 97846
101312 97768
101390 97740
101418 97818
101652 97734
101624 97656
102014 97516
102042 97594
102120 97566
102176 97722
102098 97750
102070 97672
101992 97700
102020 97778
101864 97834
101892 97912
101268 98136
101296 98214
101608 98102
101636 98180
101480 98236
101508 98314
101742 98230
101686 98074
101842 98018
101870 98096
101792 98124
101820 98202
101898 98174
101926 98252
101536 98392
101564 98470
102032 98302
101948 98068
102026 98040
101970 97884
102204 97800
102232 97878
102154 97906
102182 97984
102104 98012
102160 98168
102238 98140
102210 98062
102288 98034
102260 97956
102338 97928
102198 97538
102276 97510
102416 97900
102494 97872
102326 97404
102404 97376
102544 97766
102622 97738
102482 97348
102560 97320
102504 97164
102816 97052
102788 96974
103100 96862
103072 96784
103150 96756
103206 96912
103362 96856
103418 97012
103028 97152
103056 97230
102900 97286
102984 97520
102828 97576
102856 97654
102778 97682
102806 97760
102650 97816
102678 97894
102912 97810
102940 97888
102706 97972
102734 98050
102578 98106
102606 98184
102528 98212
102500 98134
102422 98162
102450 98240
102294 98296
102322 98374
102244 98402
102216 98324
102138 98352
102166 98430
102010 98486
102038 98564
102272 98480
102300 98558
101910 98698
101938 98776
101782 98832
101810 98910
101966 98854
102022 99010
101944 99038
101972 99116
102050 99088
102106 99244
102184 99216
102016 98748
102172 98692
102284 99004
102362 98976
102250 98664
102328 98636
102412 98870
102490 98842
102350 98452
102428 98424
102400 98346
102556 98290
102584 98368
102662 98340
102634 98262
102712 98234
102684 98156
102840 98100
102812 98022
103046 97938
102934 97626
103090 97570
103006 97336
103084 97308
103112 97386
103190 97358
103134 97202
103212 97174
103240 97252
103318 97224
103290 97146
103446 97090
103474 97168
103396 97196
103424 97274
103502 97246
103530 97324
103452 97352
103480 97430
103402 97458
103430 97536
103508 97508
103620 97820
103698 97792
103558 97402
103636 97374
103440 96828
103908 96660
103880 96582
103958 96554
104014 96710
103936 96738
103964 96816
103886 96844
103858 96766
103780 96794
103808 96872
103730 96900
103758 96978
103680 97006
103652 96928
103574 96956
103630 97112
103864 97028
103836 96950
104070 96866
104042 96788
104120 96760
104176 96916
104020 96972
104048 97050
104126 97022
104154 97100
103686 97268
103714 97346
104260 97150
104204 96994
104282 96966
104170 96654
104248 96626
104220 96548
104298 96520
104270 96442
104504 96358
104532 96436
104376 96492
104432 96648
104588 96592
104616 96670
104382 96754
104438 96910
104516 96882
104488 96804
104722 96720
104778 96876
104700 96904
104672 96826
104594 96854
104678 97088
104210 97256
104238 97334
104082 97390
104110 97468
103798 97580
103826 97658
104216 97518
104188 97440
104344 97384
104316 97306
104628 97194
104656 97272
104500 97328
104528 97406
104294 97490
104322 97568
104088 97652
104116 97730
104428 97618
104400 97540
104634 97456
104606 97378
104684 97350
104768 97584
104456 97696
104484 97774
104874 97634
104706 97166
104784 97138
104896 97450
104974 97422
104834 97032
104912 97004
104884 96926
104962 96898
105018 97054
105096 97026
105124 97104
104968 97160
104996 97238
105074 97210
105102 97288
105180 97260
105208 97338
105130 97366
105186 97522
105264 97494
105236 97416
105314 97388
105370 97544
105526 97488
105554 97566
105476 97594
105504 97672
105738 97588
105766 97666
105610 97722
105666 97878
105588 97906
105560 97828
105326 97912
105270 97756
105036 97840
105008 97762
104852 97818
104824 97740
104668 97796
104696 97874
104774 97846
104802 97924
104958 97868
104986 97946
105220 97862
105248 97940
105170 97968
105198 98046
104964 98130
104936 98052
104858 98080
104886 98158
104730 98214
104702 98136
104546 98192
104462 97958
104306 98014
104278 97936
104122 97992
104094 97914
104016 97942
103960 97786
103804 97842
103832 97920
103910 97892
103966 98048
104044 98020
104072 98098
104228 98042
104256 98120
104412 98064
104440 98142
104284 98198
104312 98276
104468 98220
104496 98298
104574 98270
104602 98348
104446 98404
104418 98326
104340 98354
104396 98510
104162 98594
104050 98282
103894 98338
103922 98416
104000 98388
104056 98544
103900 98600
103844 98444
103766 98472
103710 98316
103632 98344
103688 98500
103610 98528
103638 98606
103794 98550
103850 98706
104084 98622
104168 98856
104246 98828
104190 98672
104346 98616
104430 98850
104196 98934
104224 99012
104146 99040
104118 98962
104040 98990
104012 98912
103778 98996
103806 99074
103728 99102
103672 98946
103594 98974
103650 99130
103494 99186
103438 99030
103048 99170
102964 98936
102652 99048
102596 98892
102518 98920
102602 99154
102914 99042
102998 99276
103388 99136
103416 99214
103182 99298
103210 99376
103054 99432
103110 99588
103188 99560
103160 99482
103316 99426
103288 99348
103600 99236
103656 99392
103266 99532
103294 99610
103216 99638
103244 99716
103166 99744
103138 99666
103060 99694
103032 99616
102798 99700
102770 99622
102692 99650
102664 99572
102352 99684
102380 99762
102614 99678
102642 99756
102720 99728
102748 99806
102982 99722
103010 99800
103088 99772
103116 99850
103194 99822
103222 99900
102754 100068
102670 99834
102514 99890
102486 99812
102408 99840
102464 99996
102620 99940
102704 100174
103328 99950
103272 99794
103350 99766
103322 99688
103400 99660
103372 99582
103684 99470
103712 99548
103478 99632
103506 99710
103818 99598
103678 99208
103912 99124
103884 99046
103962 99018
103990 99096
104068 99068
104096 99146
104330 99062
104302 98984
104536 98900
104508 98822
104586 98794
104558 98716
104480 98744
104424 98588
104502 98560
104474 98482
104552 98454
104580 98532
104658 98504
104630 98426
104708 98398
104680 98320
104758 98292
104814 98448
104892 98420
104836 98264
104914 98236
104942 98314
105020 98286
105048 98364
105126 98336
105070 98180
105304 98096
105332 98174
105254 98202
105310 98358
105388 98330
105360 98252
105438 98224
105466 98302
105544 98274
105488 98118
105410 98146
105354 97990
105510 97934
105538 98012
105694 97956
105722 98034
105566 98090
105594 98168
105750 98112
105806 98268
105728 98296
105700 98218
105622 98246
105650 98324
105260 98464
105288 98542
105054 98626
105082 98704
104614 98872
104642 98950
104798 98894
104826 98972
104748 99000
104776 99078
104932 99022
104876 98866
104954 98838
105038 99072
104726 99184
104754 99262
104676 99290
104704 99368
104860 99312
104832 99234
104910 99206
104966 99362
104888 99390
104916 99468
105072 99412
104988 99178
105144 99122
105032 98810
105188 98754
105160 98676
105394 98592
105366 98514
105756 98374
105784 98452
105628 98508
105712 98742
105478 98826
105450 98748
105294 98804
105322 98882
105400 98854
105428 98932
105662 98848
105690 98926
105534 98982
105562 99060
105406 99116
105434 99194
105668 99110
105640 99032
105796 98976
105740 98820
105818 98792
105734 98558
105890 98502
105946 98658
106102 98602
106158 98758
105846 98870
105902 99026
105980 98998
105952 98920
106030 98892
106058 98970
106214 98914
106186 98836
106264 98808
106180 98574
106648 98406
106676 98484
106364 98596
106392 98674
106314 98702
106370 98858
106292 98886
106320 98964
105540 99244
105568 99322
105802 99238
105886 99472
105964 99444
105880 99210
106270 99070
106298 99148
106142 99204
106198 99360
106276 99332
106248 99254
106404 99198
106348 99042
106426 99014
106398 98936
106476 98908
106420 98752
106576 98696
106604 98774
106526 98802
106554 98880
106632 98852
106660 98930
106816 98874
106844 98952
106766 98980
106822 99136
106900 99108
106928 99186
106772 99242
106744 99164
106666 99192
106694 99270
106616 99298
106532 99064
106454 99092
106538 99326
106460 99354
106488 99432
106800 99320
106828 99398
106750 99426
106778 99504
106934 99448
106906 99370
106984 99342
106956 99264
107112 99208
107056 99052
107212 98996
107240 99074
107162 99102
107246 99336
107324 99308
107268 99152
107346 99124
107374 99202
107452 99174
107480 99252
107402 99280
107430 99358
107352 99386
107380 99464
107224 99520
107168 99364
107090 99392
107146 99548
107068 99576
107040 99498
106962 99526
106990 99604
106912 99632
106940 99710
107018 99682
107046 99760
106734 99872
106678 99716
106600 99744
106684 99978
106762 99950
106790 100028
106868 100000
106896 100078
106662 100162
106606 100006
106528 100034
106500 99956
106578 99928
106550 99850
106472 99878
106388 99644
106232 99700
106288 99856
106366 99828
106394 99906
106316 99934
106344 100012
106422 99984
106506 100218
106584 100190
106612 100268
106690 100240
106718 100318
106640 100346
106668 100424
106590 100452
106562 100374
106484 100402
106400 100168
106322 100196
106378 100352
106300 100380
106188 100068
106032 100124
106004 100046
106238 99962
106182 99806
106104 99834
106132 99912
105976 99968
105948 99890
106026 99862
105998 99784
106076 99756
106020 99600
105942 99628
105970 99706
105892 99734
105920 99812
105608 99924
105524 99690
105446 99718
105418 99640
105262 99696
105318 99852
105474 99796
105502 99874
105268 99958
105324 100114
105402 100086
105374 100008
105452 99980
105480 100058
105870 99918
105926 100074
105692 100158
105720 100236
105954 100152
106010 100308
106088 100280
106060 100202
106138 100174
106250 100486
106172 100514
106116 100358
106038 100386
106122 100620
105966 100676
105826 100286
105748 100314
105804 100470
105726 100498
105614 100186
105458 100242
105486 100320
105564 100292
105620 100448
105542 100476
105514 100398
105358 100454
105386 100532
105230 100588
105062 100120
104984 100148
104928 99992
105006 99964
104978 99886
104900 99914
104816 99680
104738 99708
104794 99864
104638 99920
104610 99842
104688 99814
104660 99736
104504 99792
104560 99948
104482 99976
104398 99742
104242 99798
104214 99720
104136 99748
104164 99826
104008 99882
103924 99648
103768 99704
103796 99782
103874 99754
103930 99910
103852 99938
103824 99860
103746 99888
103690 99732
103612 99760
103668 99916
103590 99944
103618 100022
103774 99966
103802 100044
104348 99848
104404 100004
104326 100032
104298 99954
104142 100010
104170 100088
104014 100144
103986 100066
103830 100122
103858 100200
103936 100172
103964 100250
104510 100054
104538 100132
104616 100104
104588 100026
104822 99942
104878 100098
104800 100126
104828 100204
104750 100232
104722 100154
104644 100182
104672 100260
104360 100372
104332 100294
104098 100378
104126 100456
104282 100400
104310 100478
105012 100226
105068 100382
104600 100550
104628 100628
104550 100656
104494 100500
104338 100556
104366 100634
104444 100606
104500 100762
104734 100678
104706 100600
105096 100460
105180 100694
105414 100610
105442 100688
105130 100800
105158 100878
105236 100850
105264 100928
105342 100900
105314 100822
105548 100738
105492 100582
105648 100526
105704 100682
105782 100654
105754 100576
105832 100548
105888 100704
105654 100788
105682 100866
105838 100810
105866 100888
105710 100944
105766 101100
105688 101128
105632 100972
105554 101000
105638 101234
105872 101150
105816 100994
105972 100938
105916 100782
105994 100754
106050 100910
106284 100826
106312 100904
106156 100960
106184 101038
106106 101066
106134 101144
106290 101088
106262 101010
106340 100982
106368 101060
106446 101032
106474 101110
106552 101082
106580 101160
106502 101188
106530 101266
106452 101294
106480 101372
106558 101344
106586 101422
106508 101450
106564 101606
106720 101550
106748 101628
106670 101656
106698 101734
106620 101762
106592 101684
106514 101712
106542 101790
106464 101818
106352 101506
106430 101478
106374 101322
106296 101350
106324 101428
106246 101456
106218 101378
106140 101406
106196 101562
106274 101534
106302 101612
106224 101640
106280 101796
106202 101824
106118 101590
106040 101618
105984 101462
106062 101434
106034 101356
105878 101412
105990 101724
106068 101696
106096 101774
105862 101858
105834 101780
105912 101752
105800 101440
105722 101468
105806 101702
105728 101730
105756 101808
105678 101836
105706 101914
105550 101970
105522 101892
105600 101864
105572 101786
105416 101842
105388 101764
105544 101708
105516 101630
105360 101686
105248 101374
105092 101430
105064 101352
105142 101324
105114 101246
105036 101274
105008 101196
104930 101224
105014 101458
104936 101486
104824 101174
104668 101230
104612 101074
104378 101158
104406 101236
104562 101180
104618 101336
104774 101280
104830 101436
104752 101464
104724 101386
104568 101442
104540 101364
104462 101392
104434 101314
104356 101342
104328 101264
104250 101292
104194 101136
104272 101108
104132 100718
103898 100802
103926 100880
104082 100824
104110 100902
104032 100930
104060 101008
104138 100980
104166 101058
104088 101086
104172 101320
104016 101376
103960 101220
104038 101192
103982 101036
103904 101064
103932 101142
103854 101170
103798 101014
103720 101042
103748 101120
103670 101148
103586 100914
103430 100970
103402 100892
103324 100920
103296 100842
102984 100954
102928 100798
102850 100826
102934 101060
103246 100948
103274 101026
103352 100998
103380 101076
103536 101020
103620 101254
103776 101198
103832 101354
103910 101326
103938 101404
103860 101432
103888 101510
103810 101538
103838 101616
103916 101588
104056 101978
104134 101950
103994 101560
104072 101532
104044 101454
104278 101370
104362 101604
104440 101576
104412 101498
104490 101470
104518 101548
104596 101520
104652 101676
104730 101648
104702 101570
104858 101514
104886 101592
105198 101480
105366 101948
105444 101920
105472 101998
105316 102054
105148 101586
104836 101698
104864 101776
105098 101692
105154 101848
104764 101988
104736 101910
104580 101966
104524 101810
104446 101838
104502 101994
104424 102022
104396 101944
104318 101972
104290 101894
104212 101922
104240 102000
104162 102028
104190 102106
104346 102050
104374 102128
104530 102072
104558 102150
104636 102122
104608 102044
104686 102016
104742 102172
104664 102200
104692 102278
104536 102334
104480 102178
104168 102290
104112 102134
103956 102190
103984 102268
104062 102240
104118 102396
104430 102284
104458 102362
104380 102390
104408 102468
104798 102328
104770 102250
104848 102222
104792 102066
105182 101926
105266 102160
105734 101992
105762 102070
105918 102014
105946 102092
105712 102176
105740 102254
105818 102226
105846 102304
105924 102276
105980 102432
105902 102460
105874 102382
105796 102410
105768 102332
105612 102388
105556 102232
104776 102512
104804 102590
105116 102478
105144 102556
105222 102528
105194 102450
105506 102338
105534 102416
105456 102444
105484 102522
105250 102606
105278 102684
105590 102572
105562 102494
105640 102466
105724 102700
105802 102672
105774 102594
105852 102566
105880 102644
105958 102616
105986 102694
105908 102722
105936 102800
105858 102828
105830 102750
105674 102806
105646 102728
105490 102784
105462 102706
105384 102734
105440 102890
105362 102918
105306 102762
105228 102790
105312 103024
105546 102940
105518 102862
105596 102834
105624 102912
105780 102856
105808 102934
105652 102990
105680 103068
105836 103012
105864 103090
105942 103062
105970 103140
105814 103196
105842 103274
105686 103330
105574 103018
105262 103130
105122 102740
105200 102712
105172 102634
105016 102690
104988 102612
104676 102724
104648 102646
104726 102618
104698 102540
104620 102568
104592 102490
104514 102518
104570 102674
104336 102758
104280 102602
104358 102574
104330 102496
104174 102552
104258 102786
104180 102814
104096 102580
104018 102608
103962 102452
103884 102480
103968 102714
104046 102686
104074 102764
103996 102792
104024 102870
104102 102842
104130 102920
104598 102752
104626 102830
104938 102718
104966 102796
105044 102768
105100 102924
104944 102980
104972 103058
105128 103002
105212 103236
105524 103124
105552 103202
105396 103258
105452 103414
105530 103386
105502 103308
105580 103280
105636 103436
105870 103352
105898 103430
105820 103458
105848 103536
105926 103508
105954 103586
105798 103642
105770 103564
105692 103592
105720 103670
105642 103698
105586 103542
105508 103570
105592 103804
105514 103832
105402 103520
105246 103576
105274 103654
105196 103682
105140 103526
105062 103554
105174 103866
105252 103838
105224 103760
105380 103704
105408 103782
105330 103810
105358 103888
105280 103916
105336 104072
105258 104100
105202 103944
105124 103972
105180 104128
105102 104156
105130 104234
105208 104206
105236 104284
105002 104368
104974 104290
105052 104262
104996 104106
104840 104162
104812 104084
105046 104000
105018 103922
104940 103950
104884 103794
104962 103766
104990 103844
105068 103816
105012 103660
104934 103688
104878 103532
104800 103560
104744 103404
104822 103376
104766 103220
104844 103192
104760 102958
104682 102986
104654 102908
104420 102992
104448 103070
104604 103014
104632 103092
104710 103064
104738 103142
104504 103226
104532 103304
104688 103248
104716 103326
104638 103354
104750 103666
104828 103638
104856 103716
104778 103744
104834 103900
104756 103928
104784 104006
104628 104062
104572 103906
104650 103878
104622 103800
104700 103772
104672 103694
104594 103722
104342 103020
104264 103048
104544 103828
104388 103884
104360 103806
104438 103778
104410 103700
104332 103728
104248 103494
104326 103466
104214 103154
104136 103182
104220 103416
104142 103444
104198 103600
104120 103628
104092 103550
104014 103578
103986 103500
104064 103472
104036 103394
104114 103366
104058 103210
103980 103238
103952 103160
103874 103188
103846 103110
103924 103082
103896 103004
103974 102976
103946 102898
103790 102954
103818 103032
103740 103060
103796 103216
103718 103244
103746 103322
103668 103350
103724 103506
103802 103478
103774 103400
103852 103372
103824 103294
103902 103266
103958 103422
103880 103450
103908 103528
103830 103556
103858 103634
103936 103606
103964 103684
104042 103656
104070 103734
104226 103678
104254 103756
104176 103784
104204 103862
104282 103834
104338 103990
104494 103934
104578 104168
104500 104196
104444 104040
104210 104124
104182 104046
104026 104102
103998 104024
103920 104052
103864 103896
103786 103924
103702 103690
103780 103662
103752 103584
103674 103612
103534 103222
103456 103250
103400 103094
103322 103122
103294 103044
103372 103016
103204 102548
103282 102520
103310 102598
103388 102570
103220 102102
103064 102158
102924 101768
102846 101796
102790 101640
102634 101696
102578 101540
102422 101596
102394 101518
102238 101574
102210 101496
102444 101412
102416 101334
102104 101446
102188 101680
102344 101624
102372 101702
102528 101646
102584 101802
102740 101746
102768 101824
102378 101964
102322 101808
102088 101892
102060 101814
101982 101842
102038 101998
102272 101914
102328 102070
102874 101874
102902 101952
102668 102036
102696 102114
102930 102030
102958 102108
102802 102164
102830 102242
102986 102186
103014 102264
103170 102208
103254 102442
103020 102526
102936 102292
102702 102376
102618 102142
102540 102170
102512 102092
102434 102120
102490 102276
102568 102248
102652 102482
102886 102398
102942 102554
102864 102582
102892 102660
102814 102688
102870 102844
102714 102900
102742 102978
102976 102894
102920 102738
102998 102710
102970 102632
103048 102604
103076 102682
103154 102654
103266 102966
103188 102994
103272 103228
103350 103200
103406 103356
103484 103328
103512 103406
103434 103434
103462 103512
103540 103484
103652 103796
103496 103852
103552 104008
103630 103980
103602 103902
103680 103874
103736 104030
103814 104002
103842 104080
103608 104164
103636 104242
103870 104158
103898 104236
104132 104152
104160 104230
104394 104146
104422 104224
104188 104308
104216 104386
104294 104358
104322 104436
104244 104464
104300 104620
104222 104648
104194 104570
104116 104598
104144 104676
104066 104704
104094 104782
104172 104754
104200 104832
104122 104860
104150 104938
104072 104966
103960 104654
103882 104682
103910 104760
103832 104788
103776 104632
103698 104660
103474 104036
103318 104092
103262 103936
103418 103880
103334 103646
103256 103674
103312 103830
103234 103858
103150 103624
103306 103568
103278 103490
103122 103546
103094 103468
102938 103524
102798 103134
102720 103162
102748 103240
102592 103296
102620 103374
102776 103318
102888 103630
103044 103574
103128 103808
102972 103864
102944 103786
102866 103814
102922 103970
103156 103886
103184 103964
102950 104048
102978 104126
103212 104042
103240 104120
103084 104176
103112 104254
103424 104142
103564 104532
103408 104588
103436 104666
103592 104610
103620 104688
103464 104744
103492 104822
103726 104738
103782 104894
103626 104950
103654 105028
103810 104972
103838 105050
103682 105106
103710 105184
103632 105212
103548 104978
103470 105006
103498 105084
103420 105112
103392 105034
103314 105062
103202 104750
103280 104722
103252 104644
103174 104672
103146 104594
103224 104566
103168 104410
103090 104438
103118 104516
103040 104544
103068 104622
102990 104650
102934 104494
103012 104466
102984 104388
102906 104416
102878 104338
102956 104310
102928 104232
102850 104260
102822 104182
102900 104154
102648 103452
102492 103508
102464 103430
102542 103402
102486 103246
102564 103218
102508 103062
102430 103090
102458 103168
102380 103196
102324 103040
102480 102984
102284 102438
102206 102466
102374 102934
102296 102962
102240 102806
102162 102834
102078 102600
102156 102572
102128 102494
102050 102522
102022 102444
102100 102416
101988 102104
101910 102132
101994 102366
101916 102394
101832 102160
101754 102188
101726 102110
101492 102194
101520 102272
101598 102244
101626 102322
101782 102266
101866 102500
101944 102472
101972 102550
101738 102634
101710 102556
101632 102584
101548 102350
101470 102378
101526 102534
101448 102562
101336 102250
101258 102278
101370 102590
101292 102618
101320 102696
101554 102612
101582 102690
101660 102662
101688 102740
102000 102628
102112 102940
102190 102912
102302 103224
102146 103280
102174 103358
102408 103274
102436 103352
102358 103380
102442 103614
102598 103558
102794 104104
102716 104132
102576 103742
102498 103770
102526 103848
102448 103876
102392 103720
102314 103748
102370 103904
102136 103988
102164 104066
102554 103926
102666 104238
102588 104266
102616 104344
102772 104288
102856 104522
102778 104550
102834 104706
102912 104678
102940 104756
103096 104700
103208 105012
103130 105040
103074 104884
102840 104968
102812 104890
102734 104918
102790 105074
103024 104990
103080 105146
102846 105230
102874 105308
103108 105224
103136 105302
103058 105330
103114 105486
103036 105514
103092 105670
103014 105698
102986 105620
102908 105648
102880 105570
102958 105542
102930 105464
102774 105520
102858 105754
102780 105782
102640 105392
102562 105420
102702 105810
102624 105838
102400 105214
102478 105186
102450 105108
102372 105136
102344 105058
102422 105030
102366 104874
102444 104846
102360 104612
102282 104640
102254 104562
102332 104534
102248 104300
102092 104356
102120 104434
102198 104406
102226 104484
102148 104512
102176 104590
102098 104618
101958 104228
102036 104200
101952 103966
101874 103994
101818 103838
101896 103810
101812 103576
101734 103604
101454 102824
101298 102880
101326 102958
101404 102930
101544 103320
101388 103376
101192 102830
101114 102858
101254 103248
101176 103276
101120 103120
101042 103148
101126 103382
101282 103326
101338 103482
101572 103398
101656 103632
101578 103660
101606 103738
101762 103682
101790 103760
101712 103788
101824 104100
101902 104072
101930 104150
101852 104178
101908 104334
101830 104362
101858 104440
101936 104412
102048 104724
102204 104668
102232 104746
102310 104718
102338 104796
102260 104824
102316 104980
102238 105008
102546 105866
102468 105894
102412 105738
102256 105794
102172 105560
102328 105504
102188 105114
102110 105142
101998 104830
101764 104914
101792 104992
101948 104936
102060 105248
102138 105220
102222 105454
102144 105482
102088 105326
102010 105354
101898 105042
101820 105070
101960 105460
102038 105432
102150 105744
101994 105800
102022 105878
102178 105822
102206 105900
102362 105844
102390 105922
102234 105978
102262 106056
102652 105916
102680 105994
102758 105966
102730 105888
102808 105860
102864 106016
102708 106072
102764 106228
102686 106256
102630 106100
102552 106128
102608 106284
102530 106312
102558 106390
102480 106418
102424 106262
102502 106234
102446 106078
102290 106134
102374 106368
102296 106396
102240 106240
102162 106268
102274 106580
102196 106608
102112 106374
102034 106402
102090 106558
102012 106586
101956 106430
101878 106458
101934 106614
101856 106642
101828 106564
101750 106592
101694 106436
101928 106352
101900 106274
101978 106246
102006 106324
102084 106296
102028 106140
102184 106084
102156 106006
102000 106062
101944 105906
101866 105934
101810 105778
101732 105806
101816 106040
101894 106012
101950 106168
101794 106224
101822 106302
101744 106330
101688 106174
101610 106202
101554 106046
101632 106018
101604 105940
101682 105912
101458 105288
101614 105232
101530 104998
101452 105026
101508 105182
101430 105210
101374 105054
101296 105082
101436 105472
101358 105500
101190 105032
101424 104948
101284 104558
101440 104502
101384 104346
101462 104318
101350 104006
101428 103978
101372 103822
101294 103850
101322 103928
101244 103956
101356 104268
101278 104296
101334 104452
101178 104508
101318 104898
101240 104926
101212 104848
101134 104876
101162 104954
101084 104982
101308 105606
101464 105550
101576 105862
101420 105918
101448 105996
101370 106024
101146 105400
101068 105428
100984 105194
100828 105250
100772 105094
101006 105010
100950 104854
100872 104882
100900 104960
100744 105016
100716 104938
100794 104910
100682 104598
100526 104654
100498 104576
100576 104548
100520 104392
100598 104364
100570 104286
100648 104258
100620 104180
100698 104152
100670 104074
100748 104046
100720 103968
100642 103996
100614 103918
100536 103946
100368 103478
100446 103450
100418 103372
100340 103400
100312 103322
100156 103378
100184 103456
100262 103428
100318 103584
100240 103612
100268 103690
100346 103662
100486 104052
100564 104024
100592 104102
100514 104130
100542 104208
100464 104236
100492 104314
100414 104342
100470 104498
100392 104526
100476 104760
100632 104704
100688 104860
100610 104888
100778 105356
100934 105300
101018 105534
101096 105506
101208 105818
101130 105846
101158 105924
101236 105896
101320 106130
101476 106074
101560 106308
101404 106364
101432 106442
101588 106386
101644 106542
101566 106570
101538 106492
101460 106520
101488 106598
101332 106654
101304 106576
101382 106548
101354 106470
101198 106526
101170 106448
101326 106392
101270 106236
101192 106264
101220 106342
101142 106370
101002 105980
101080 105952
101024 105796
100868 105852
100840 105774
100762 105802
100818 105958
100896 105930
101064 106398
100986 106426
100958 106348
100880 106376
100908 106454
100752 106510
100724 106432
100646 106460
100506 106070
100584 106042
100528 105886
100450 105914
100478 105992
100400 106020
100596 106566
100674 106538
100702 106616
100624 106644
100652 106722
100574 106750
100518 106594
100440 106622
100524 106856
100836 106744
100864 106822
100942 106794
100970 106872
100892 106900
100920 106978
100842 107006
100814 106928
100658 106984
100630 106906
100552 106934
100608 107090
100530 107118
100558 107196
100480 107224
100452 107146
100374 107174
100346 107096
100268 107124
100240 107046
100474 106962
100446 106884
100368 106912
100312 106756
100390 106728
100306 106494
100228 106522
100284 106678
100206 106706
100066 106316
100222 106260
100166 106104
100244 106076
100160 105842
100394 105758
100366 105680
100210 105736
100182 105658
100338 105602
100310 105524
100388 105496
100360 105418
100204 105474
100232 105552
100154 105580
99958 105034
99880 105062
99852 104984
99930 104956
99874 104800
99952 104772
99924 104694
99846 104722
99818 104644
99896 104616
99868 104538
99790 104566
99762 104488
99684 104516
99656 104438
99578 104466
99550 104388
99706 104332
99650 104176
100040 104036
100012 103958
100090 103930
100006 103696
100162 103640
100134 103562
99900 103646
99984 103880
99906 103908
99934 103986
99544 104126
99600 104282
99444 104338
99528 104572
99606 104544
99634 104622
99712 104594
99796 104828
99718 104856
99830 105168
99908 105140
100076 105608
99998 105636
100026 105714
100104 105686
100132 105764
99898 105848
99870 105770
99948 105742
99892 105586
99814 105614
99842 105692
99764 105720
99848 105954
100082 105870
100138 106026
100060 106054
100116 106210
99960 106266
99932 106188
100010 106160
99982 106082
99826 106138
99910 106372
99988 106344
100156 106812
100234 106784
100262 106862
100106 106918
100078 106840
100000 106868
100056 107024
100134 106996
100190 107152
100112 107180
100084 107102
100006 107130
99894 106818
100050 106762
99938 106450
99860 106478
99944 106712
99788 106768
99928 107158
99772 107214
99744 107136
99822 107108
99794 107030
99560 107114
99532 107036
99454 107064
99426 106986
99504 106958
99476 106880
99320 106936
99292 106858
99682 106718
99654 106640
99342 106752
99314 106674
99782 106506
99698 106272
99776 106244
99720 106088
99642 106116
99586 105960
99508 105988
99676 106456
99364 106568
99336 106490
99258 106518
99286 106596
99208 106624
99236 106702
99158 106730
99074 106496
99308 106412
99280 106334
99202 106362
99174 106284
99330 106228
99302 106150
99224 106178
99196 106100
99274 106072
99218 105916
99140 105944
99168 106022
99090 106050
99146 106206
99068 106234
99124 106390
99046 106418
98990 106262
98912 106290
99080 106758
99002 106786
99142 107176
99064 107204
98980 106970
98902 106998
98930 107076
98696 107160
98668 107082
98746 107054
98718 106976
98796 106948
98768 106870
98846 106842
98818 106764
98740 106792
98712 106714
98790 106686
98762 106608
98918 106552
98890 106474
98734 106530
98706 106452
98784 106424
98756 106346
98678 106374
98650 106296
98572 106324
98600 106402
98522 106430
98550 106508
98472 106536
98416 106380
98338 106408
98310 106330
98388 106302
98360 106224
98438 106196
98466 106274
98544 106246
98516 106168
98594 106140
98622 106218
98934 106106
98906 106028
98750 106084
98722 106006
98800 105978
98772 105900
98928 105844
98956 105922
99112 105866
99084 105788
99006 105816
98978 105738
98744 105822
98716 105744
99028 105632
99056 105710
99290 105626
99262 105548
99340 105520
99228 105208
99150 105236
99234 105470
99156 105498
99184 105576
99106 105604
99022 105370
98944 105398
99000 105554
98844 105610
98788 105454
98866 105426
98838 105348
98682 105404
98766 105638
98688 105666
98632 105510
98554 105538
98666 105850
98588 105878
98560 105800
98482 105828
98538 105984
98616 105956
98644 106034
98410 106118
98298 105806
98220 105834
98248 105912
98092 105968
98120 106046
98276 105990
98332 106146
98254 106174
98226 106096
97992 106180
97964 106102
98042 106074
98014 105996
97936 106024
97824 105712
98604 105432
98576 105354
98498 105382
98470 105304
98548 105276
98520 105198
98988 105030
98932 104874
99088 104818
98976 104506
99132 104450
99048 104216
99126 104188
99070 104032
99148 104004
99092 103848
99170 103820
99142 103742
99454 103630
99426 103552
99972 103356
99944 103278
99320 103502
99348 103580
99036 103692
99064 103770
98986 103798
99042 103954
98964 103982
99020 104138
98942 104166
99026 104400
98870 104456
98982 104768
98826 104824
98882 104980
98804 105008
98776 104930
98698 104958
98726 105036
98648 105064
98620 104986
98464 105042
98492 105120
98414 105148
98358 104992
98670 104880
98642 104802
98486 104858
98430 104702
98352 104730
98408 104886
98252 104942
98420 105410
98264 105466
98152 105154
98074 105182
98186 105494
98108 105522
98080 105444
98002 105472
97974 105394
98052 105366
97996 105210
97918 105238
97946 105316
97868 105344
97952 105578
97796 105634
97768 105556
97690 105584
97830 105974
97752 106002
97696 105846
97618 105874
97674 106030
97596 106058
97568 105980
97490 106008
97462 105930
97150 106042
97122 105964
97590 105796
97562 105718
97328 105802
97300 105724
97222 105752
97194 105674
97350 105618
97322 105540
97400 105512
97344 105356
97500 105300
97472 105222
97394 105250
97338 105094
97572 105010
97656 105244
97812 105188
97784 105110
98018 105026
97990 104948
97678 105060
97650 104982
97884 104898
97856 104820
98012 104764
98124 105076
98202 105048
98062 104658
97906 104714
97878 104636
98034 104580
98006 104502
98162 104446
98218 104602
98374 104546
98346 104468
98268 104496
98212 104340
98134 104368
98106 104290
98262 104234
98290 104312
98524 104228
98496 104150
98574 104122
98546 104044
98468 104072
98440 103994
98596 103938
98568 103860
98646 103832
98618 103754
98540 103782
98484 103626
98640 103570
98584 103414
98740 103358
98684 103202
98762 103174
98734 103096
98578 103152
98634 103308
98478 103364
98534 103520
98378 103576
98490 103888
98334 103944
98418 104178
98340 104206
98312 104128
98000 104240
98056 104396
97900 104452
97928 104530
97694 104614
97722 104692
97800 104664
97828 104742
97750 104770
97778 104848
97700 104876
97644 104720
97566 104748
97594 104826
97516 104854
97544 104932
97466 104960
97354 104648
97432 104620
97404 104542
97248 104598
97360 104910
97282 104938
97310 105016
97232 105044
97316 105278
97238 105306
97294 105462
97216 105490
97244 105568
97166 105596
97110 105440
97188 105412
97160 105334
97004 105390
97088 105624
96932 105680
96904 105602
96982 105574
96898 105340
96820 105368
96848 105446
96692 105502
96636 105346
97026 105206
96998 105128
96764 105212
96680 104978
96836 104922
96864 105000
97020 104944
96992 104866
96914 104894
96886 104816
97120 104732
97092 104654
97170 104626
97142 104548
97376 104464
97348 104386
97426 104358
97314 104046
97392 104018
97364 103940
97208 103996
97320 104308
97242 104336
97270 104414
97036 104498
97064 104576
96986 104604
97014 104682
96936 104710
96824 104398
96902 104370
96874 104292
96952 104264
96980 104342
97136 104286
97108 104208
97030 104236
96974 104080
96896 104108
96924 104186
96690 104270
96858 104738
96780 104766
96808 104844
96574 104928
96686 105240
96530 105296
96502 105218
96580 105190
96524 105034
96368 105090
96340 105012
96262 105040
96234 104962
96312 104934
96284 104856
96206 104884
96178 104806
96100 104834
96072 104756
96228 104700
96256 104778
96334 104750
96390 104906
96624 104822
96596 104744
96518 104772
96490 104694
96724 104610
96668 104454
96590 104482
96618 104560
96384 104644
96356 104566
96512 104510
96456 104354
96378 104382
96406 104460
96328 104488
96300 104410
96222 104438
96250 104516
96172 104544
96144 104466
96066 104494
96038 104416
96116 104388
96088 104310
96166 104282
96194 104360
96428 104276
96400 104198
96478 104170
96506 104248
96584 104220
96556 104142
97024 103974
96996 103896
96684 104008
96628 103852
96940 103740
96968 103818
97202 103734
97258 103890
97414 103834
97442 103912
97676 103828
97648 103750
97804 103694
97748 103538
97670 103566
97698 103644
97542 103700
97570 103778
97492 103806
97464 103728
97308 103784
97252 103628
97486 103544
97458 103466
97224 103550
97196 103472
97118 103500
97174 103656
97018 103712
96990 103634
96522 103802
96606 104036
96372 104120
96316 103964
96472 103908
96444 103830
96210 103914
96322 104226
96244 104254
96188 104098
96110 104126
96138 104204
96060 104232
96032 104154
95798 104238
95770 104160
95926 104104
95898 104026
95976 103998
96004 104076
96160 104020
96132 103942
96054 103970
96026 103892
95714 104004
95742 104082
95664 104110
95608 103954
95764 103898
95708 103742
95786 103714
95842 103870
96076 103786
96048 103708
96204 103652
96260 103808
96338 103780
96282 103624
96360 103596
96416 103752
96494 103724
96466 103646
96544 103618
96516 103540
96594 103512
96650 103668
96884 103584
96856 103506
96934 103478
96962 103556
97040 103528
97012 103450
97168 103394
97140 103316
97374 103232
97430 103388
97508 103360
97564 103516
97642 103488
97558 103254
97480 103282
97396 103048
97630 102964
97602 102886
97758 102830
97786 102908
98332 102712
98304 102634
98382 102606
98410 102684
98644 102600
98616 102522
98772 102466
98744 102388
98978 102304
98950 102226
98638 102338
98666 102416
98510 102472
98538 102550
98460 102578
98432 102500
98198 102584
98226 102662
97836 102802
97808 102724
97730 102752
97674 102596
97752 102568
97780 102646
97858 102618
97830 102540
97986 102484
97958 102406
98582 102182
98554 102104
98242 102216
98214 102138
98370 102082
98342 102004
98108 102088
98164 102244
98008 102300
97980 102222
98058 102194
98030 102116
97952 102144
97924 102066
98314 101926
98286 101848
97818 102016
97902 102250
97824 102278
97880 102434
97646 102518
97618 102440
97696 102412
97668 102334
97746 102306
97690 102150
97612 102178
97640 102256
97562 102284
97590 102362
97512 102390
97652 102780
97574 102808
97434 102418
97356 102446
97524 102914
97446 102942
97306 102552
97228 102580
97368 102970
97290 102998
97346 103154
97034 103266
97062 103344
96750 103456
96778 103534
96700 103562
96644 103406
96488 103462
96432 103306
96822 103166
96794 103088
96950 103032
96866 102798
97022 102742
96994 102664
97072 102636
97044 102558
97200 102502
97172 102424
96938 102508
96910 102430
97144 102346
97116 102268
97272 102212
97244 102134
97322 102106
97350 102184
97428 102156
97400 102078
97556 102022
97528 101944
97606 101916
97634 101994
97712 101966
97684 101888
97840 101832
97812 101754
97578 101838
97550 101760
97940 101620
97912 101542
98068 101486
98040 101408
97884 101464
97828 101308
97906 101280
97878 101202
97800 101230
97744 101074
97666 101102
97834 101570
97678 101626
97566 101314
97488 101342
97600 101654
97522 101682
97438 101448
97360 101476
97500 101866
97422 101894
97450 101972
97294 102028
97266 101950
97188 101978
97216 102056
97138 102084
97166 102162
97010 102218
97038 102296
96804 102380
96916 102692
96760 102748
96844 102982
96766 103010
96738 102932
96660 102960
96716 103116
96638 103144
96610 103066
96532 103094
96560 103172
96404 103228
96376 103150
96454 103122
96426 103044
96348 103072
96320 102994
96398 102966
96370 102888
96448 102860
96420 102782
96342 102810
96230 102498
96152 102526
96292 102916
96214 102944
96410 103490
95942 103658
95970 103736
95892 103764
95836 103608
95914 103580
95886 103502
95964 103474
95992 103552
96070 103524
96042 103446
96120 103418
96092 103340
96170 103312
96198 103390
96276 103362
96220 103206
95986 103290
96014 103368
95780 103452
95808 103530
95730 103558
95674 103402
95830 103346
95802 103268
95724 103296
95696 103218
96164 103050
96136 102972
95590 103168
95646 103324
95568 103352
95680 103664
95602 103692
95630 103770
95552 103798
95580 103876
95346 103960
95318 103882
95474 103826
95418 103670
95262 103726
95234 103648
95468 103564
95412 103408
95334 103436
95362 103514
95128 103598
95072 103442
95150 103414
95178 103492
95256 103464
95172 103230
95640 103062
95612 102984
95768 102928
95740 102850
96052 102738
96024 102660
95634 102800
95662 102878
95506 102934
95534 103012
95222 103124
95194 103046
95350 102990
95322 102912
95556 102828
95528 102750
95762 102666
95734 102588
95422 102700
95450 102778
95216 102862
95244 102940
95166 102968
95082 102734
95394 102622
95366 102544
94976 102684
95144 103152
95066 103180
94954 102868
94876 102896
95016 103286
94938 103314
94966 103392
94888 103420
94832 103264
94754 103292
94726 103214
94882 103158
94854 103080
94776 103108
94748 103030
94670 103058
94642 102980
94720 102952
94664 102796
94586 102824
94614 102902
94536 102930
94480 102774
94324 102830
94296 102752
94374 102724
94346 102646
94112 102730
94084 102652
94240 102596
94184 102440
94262 102412
94290 102490
94524 102406
94580 102562
94814 102478
94842 102556
94998 102500
95026 102578
95182 102522
95154 102444
95076 102472
95048 102394
94892 102450
94864 102372
94630 102456
94602 102378
94680 102350
94652 102272
94886 102188
94914 102266
94992 102238
94964 102160
95120 102104
95148 102182
95304 102126
95388 102360
95544 102304
95572 102382
95728 102326
95756 102404
95834 102376
95890 102532
96046 102476
96018 102398
95940 102426
95884 102270
95806 102298
95778 102220
95622 102276
95594 102198
95438 102254
95410 102176
95566 102120
95538 102042
95382 102098
95354 102020
95276 102048
95248 101970
95404 101914
95432 101992
95510 101964
95454 101808
95688 101724
95800 102036
95956 101980
95928 101902
95850 101930
95794 101774
95950 101718
96006 101874
96084 101846
96140 102002
96218 101974
96162 101818
96240 101790
96212 101712
96056 101768
96000 101612
95766 101696
95682 101462
95604 101490
95660 101646
95504 101702
95420 101468
95654 101384
95626 101306
95704 101278
95732 101356
95810 101328
95838 101406
96072 101322
96044 101244
96122 101216
96178 101372
96256 101344
96200 101188
96356 101132
96412 101288
96802 101148
96886 101382
97198 101270
97254 101426
97332 101398
97248 101164
96936 101276
96852 101042
96462 101182
96434 101104
96668 101020
96640 100942
96796 100886
96740 100730
96662 100758
96690 100836
96534 100892
96562 100970
96250 101082
96194 100926
96584 100786
96556 100708
96634 100680
96606 100602
96684 100574
96712 100652
96790 100624
96818 100702
97052 100618
97080 100696
97158 100668
97186 100746
97498 100634
97470 100556
97236 100640
97208 100562
97130 100590
97102 100512
96868 100596
96840 100518
96762 100546
96734 100468
96656 100496
96628 100418
97096 100250
97180 100484
97336 100428
97364 100506
97442 100478
97386 100322
97230 100378
97146 100144
96522 100368
96578 100524
96500 100552
96528 100630
96450 100658
96478 100736
96166 100848
96138 100770
96372 100686
96344 100608
96032 100720
96172 101110
95938 101194
95966 101272
95888 101300
95860 101222
95782 101250
95754 101172
95520 101256
95548 101334
95314 101418
95342 101496
95264 101524
95292 101602
95370 101574
95426 101730
95348 101758
95376 101836
95298 101864
95270 101786
95192 101814
95220 101892
95142 101920
95170 101998
95092 102026
95036 101870
94958 101898
95014 102054
94936 102082
94908 102004
94830 102032
94802 101954
94724 101982
94780 102138
94546 102222
94518 102144
94596 102116
94540 101960
94462 101988
94490 102066
94412 102094
94384 102016
94306 102044
94362 102200
94440 102172
94496 102328
94340 102384
94312 102306
94156 102362
94128 102284
94284 102228
94256 102150
94100 102206
94044 102050
94122 102022
94150 102100
94228 102072
94200 101994
94590 101854
94562 101776
94796 101692
94768 101614
95236 101446
95208 101368
95052 101424
95024 101346
95102 101318
95074 101240
94918 101296
94974 101452
94896 101480
94812 101246
95124 101134
95096 101056
95174 101028
95146 100950
94990 101006
95018 101084
94940 101112
94884 100956
94962 100928
94934 100850
94778 100906
94862 101140
94706 101196
94818 101508
94662 101564
94690 101642
94456 101726
94484 101804
94094 101944
94066 101866
94222 101810
94138 101576
94372 101492
94400 101570
94556 101514
94528 101436
94450 101464
94422 101386
94188 101470
94160 101392
94316 101336
94288 101258
94444 101202
94416 101124
94182 101208
94210 101286
94054 101342
94110 101498
94032 101526
94116 101760
93960 101816
93904 101660
93748 101716
93692 101560
94004 101448
93948 101292
93870 101320
93898 101398
93820 101426
93792 101348
93636 101404
93664 101482
93586 101510
93670 101744
93202 101912
93174 101834
93486 101722
93458 101644
93536 101616
93480 101460
93558 101432
93530 101354
94310 101074
94282 100996
94048 101080
93964 100846
93886 100874
93970 101108
93580 101248
93552 101170
93708 101114
93652 100958
93574 100986
93602 101064
93446 101120
93502 101276
93424 101304
93452 101382
93374 101410
93430 101566
93274 101622
93246 101544
93324 101516
93296 101438
93218 101466
93190 101388
93034 101444
93006 101366
93084 101338
93028 101182
92950 101210
92922 101132
93078 101076
93106 101154
93184 101126
93156 101048
93234 101020
93318 101254
93396 101226
93312 100992
93390 100964
93362 100886
93050 100998
93022 100920
93100 100892
93072 100814
92916 100870
92944 100948
92866 100976
92894 101054
92738 101110
92794 101266
92638 101322
92610 101244
92688 101216
92604 100982
92526 101010
92582 101166
92504 101194
92476 101116
92398 101144
92370 101066
92448 101038
92420 100960
92498 100932
92470 100854
92626 100798
92682 100954
92760 100926
92704 100770
92782 100742
92810 100820
92888 100792
92860 100714
92938 100686
92910 100608
92832 100636
92804 100558
93116 100446
93172 100602
93250 100574
93166 100340
93088 100368
93060 100290
92982 100318
92954 100240
93188 100156
93244 100312
93322 100284
93350 100362
93272 100390
93300 100468
93378 100440
93462 100674
93618 100618
93562 100462
93484 100490
93456 100412
93534 100384
93506 100306
93428 100334
93344 100100
93266 100128
93238 100050
93160 100078
93132 100000
93210 99972
93182 99894
93260 99866
93288 99944
93366 99916
93450 100150
93528 100122
93472 99966
93550 99938
93662 100250
93818 100194
93846 100272
93612 100356
93668 100512
93746 100484
93718 100406
93874 100350
93902 100428
93824 100456
93852 100534
93774 100562
93830 100718
93908 100690
93880 100612
93958 100584
93930 100506
94242 100394
94326 100628
94404 100600
94432 100678
94588 100622
94532 100466
94376 100522
94348 100444
94582 100360
94526 100204
94448 100232
94476 100310
94398 100338
94370 100260
93980 100400
93924 100244
94158 100160
94130 100082
93896 100166
93840 100010
93762 100038
93790 100116
93712 100144
93600 99832
93678 99804
93734 99960
93812 99932
93728 99698
93884 99642
94024 100032
94102 100004
94046 99848
94124 99820
94236 100132
94392 100076
94364 99998
94286 100026
94230 99870
94308 99842
94336 99920
94492 99864
94464 99786
94620 99730
94788 100198
94866 100170
94922 100326
94844 100354
94872 100432
94950 100404
95034 100638
95112 100610
95056 100454
95212 100398
95240 100476
95162 100504
95190 100582
95346 100526
95290 100370
95368 100342
95452 100576
95608 100520
95636 100598
95714 100570
95686 100492
95842 100436
95926 100670
96082 100614
96054 100536
95976 100564
95920 100408
95998 100380
96026 100458
96104 100430
96160 100586
96238 100558
96182 100402
96260 100374
96232 100296
96076 100352
96048 100274
95502 100470
95446 100314
95524 100286
95552 100364
95708 100308
95680 100230
95836 100174
95864 100252
96020 100196
95992 100118
95914 100146
95886 100068
95340 100264
95312 100186
95234 100214
95262 100292
95028 100376
94972 100220
95050 100192
95022 100114
95100 100086
95128 100164
95206 100136
95178 100058
95490 99946
95518 100024
95752 99940
95724 99862
95568 99918
95540 99840
94838 100092
94782 99936
95250 99768
95222 99690
95300 99662
95356 99818
95512 99762
95484 99684
95406 99712
95350 99556
95116 99640
95144 99718
94754 99858
94670 99624
94436 99708
94408 99630
94720 99518
94692 99440
94614 99468
94586 99390
94508 99418
94536 99496
94302 99580
94358 99736
94202 99792
94146 99636
94068 99664
94096 99742
94018 99770
93962 99614
94196 99530
94168 99452
94012 99508
93984 99430
94140 99374
94084 99218
94162 99190
94218 99346
94296 99318
94212 99084
93978 99168
94034 99324
93878 99380
93934 99536
93856 99564
93800 99408
93566 99492
93538 99414
93694 99358
93666 99280
93744 99252
93716 99174
93560 99230
93588 99308
93510 99336
93482 99258
93404 99286
93376 99208
93298 99236
93270 99158
93348 99130
93320 99052
93398 99024
93370 98946
93292 98974
93264 98896
93342 98868
93286 98712
93130 98768
93102 98690
93180 98662
93152 98584
93230 98556
93258 98634
93336 98606
93308 98528
93386 98500
93498 98812
93420 98840
93476 98996
93554 98968
93526 98890
93604 98862
93632 98940
93710 98912
93654 98756
93576 98784
93548 98706
93626 98678
93570 98522
93648 98494
93732 98728
93810 98700
93866 98856
93788 98884
93816 98962
93972 98906
93860 98594
93782 98622
93754 98544
93988 98460
94016 98538
93938 98566
94050 98878
94128 98850
94044 98616
94122 98588
94094 98510
94172 98482
94144 98404
94300 98348
94328 98426
94250 98454
94278 98532
94434 98476
94462 98554
94306 98610
94334 98688
94490 98632
94602 98944
94758 98888
94786 98966
94708 98994
94736 99072
94814 99044
94842 99122
94920 99094
94836 98860
94914 98832
95026 99144
95182 99088
95238 99244
95472 99160
95444 99082
95288 99138
95232 98982
95076 99038
95020 98882
95098 98854
95126 98932
95282 98876
95310 98954
95388 98926
95416 99004
95494 98976
95522 99054
95600 99026
95656 99182
95578 99210
95718 99600
95952 99516
95924 99438
95768 99494
95740 99416
95818 99388
95790 99310
95712 99338
95684 99260
95762 99232
95678 98998
95834 98942
95890 99098
95812 99126
95868 99282
95946 99254
95918 99176
95996 99148
96052 99304
96130 99276
96102 99198
96180 99170
96264 99404
96420 99348
96448 99426
96526 99398
96554 99476
96866 99364
96922 99520
97000 99492
96916 99258
96604 99370
96576 99292
96498 99320
96470 99242
96314 99298
96230 99064
96074 99120
96018 98964
95940 98992
95912 98914
95990 98886
95962 98808
96040 98780
96012 98702
95934 98730
95794 98340
95716 98368
95856 98758
95778 98786
95806 98864
95572 98948
95488 98714
95410 98742
95438 98820
95360 98848
95332 98770
95254 98798
95198 98642
95120 98670
95148 98748
94992 98804
94964 98726
94652 98838
94484 98370
94406 98398
94378 98320
94534 98264
94702 98732
95014 98620
94986 98542
94752 98626
94696 98470
95086 98330
95114 98408
95270 98352
95326 98508
95404 98480
95348 98324
95426 98296
95454 98374
95532 98346
95560 98424
95638 98396
95610 98318
95688 98290
95660 98212
95504 98268
95476 98190
95320 98246
95292 98168
95214 98196
95242 98274
95164 98302
95108 98146
95186 98118
95158 98040
95314 97984
95370 98140
95682 98028
95738 98184
95894 98128
95866 98050
95788 98078
95732 97922
95420 98034
95392 97956
95470 97928
95442 97850
95052 97990
95080 98068
95002 98096
95058 98252
94668 98392
94584 98158
94116 98326
94088 98248
93932 98304
93904 98226
94138 98142
94110 98064
94032 98092
94004 98014
93926 98042
93870 97886
93948 97858
93976 97936
94054 97908
94082 97986
94238 97930
94294 98086
95074 97806
95046 97728
94734 97840
94706 97762
94628 97790
94656 97868
94344 97980
94316 97902
94394 97874
94366 97796
94600 97712
94572 97634
94260 97746
94288 97824
94210 97852
94126 97618
94048 97646
94076 97724
93998 97752
93970 97674
93892 97702
93864 97624
93942 97596
93914 97518
93992 97490
94020 97568
94176 97512
94204 97590
94360 97534
94388 97612
94466 97584
94410 97428
94488 97400
94544 97556
94622 97528
94538 97294
94304 97378
94332 97456
94254 97484
94226 97406
94070 97462
94042 97384
94198 97328
94170 97250
94014 97306
93986 97228
93908 97256
93880 97178
94036 97122
94008 97044
94164 96988
94276 97300
94588 97188
94728 97578
94650 97606
94678 97684
94834 97628
94862 97706
95174 97594
95202 97672
95124 97700
95152 97778
95230 97750
95258 97828
95336 97800
95280 97644
95514 97560
95570 97716
95492 97744
95520 97822
95676 97766
95592 97532
95670 97504
95754 97738
95832 97710
95888 97866
95966 97838
95882 97604
95804 97632
95776 97554
95854 97526
95826 97448
95748 97476
95720 97398
95252 97566
95224 97488
94912 97600
94884 97522
94806 97550
94750 97394
94906 97338
94878 97260
94722 97316
94638 97082
94326 97194
94298 97116
94454 97060
94398 96904
94320 96932
94348 97010
94270 97038
94214 96882
93980 96966
93952 96888
94030 96860
94002 96782
93924 96810
93896 96732
94052 96676
94080 96754
94158 96726
94130 96648
94208 96620
94264 96776
94342 96748
94258 96514
94336 96486
94448 96798
94604 96742
94576 96664
94654 96636
94710 96792
94788 96764
94676 96452
94598 96480
94626 96558
94470 96614
94442 96536
94520 96508
94492 96430
94570 96402
94514 96246
94592 96218
94648 96374
94726 96346
94670 96190
94748 96162
94720 96084
94642 96112
94614 96034
94848 95950
94876 96028
94798 96056
94854 96212
95010 96156
95038 96234
94804 96318
94832 96396
94910 96368
94966 96524
94888 96552
94860 96474
94782 96502
94838 96658
94916 96630
94972 96786
95050 96758
95106 96914
95028 96942
95084 97098
95006 97126
95090 97360
95168 97332
95196 97410
95430 97326
95402 97248
95246 97304
95218 97226
95140 97254
95112 97176
95346 97092
95318 97014
95162 97070
95134 96992
95212 96964
95100 96652
95022 96680
94994 96602
95072 96574
95016 96418
95094 96390
95066 96312
95222 96256
95278 96412
95200 96440
95228 96518
95150 96546
95178 96624
95256 96596
95508 97298
95586 97270
95306 96490
95462 96434
95490 96512
95412 96540
95440 96618
95518 96590
95602 96824
95524 96852
95636 97164
95714 97136
95630 96902
95708 96874
95652 96718
95730 96690
95758 96768
95836 96740
95864 96818
95786 96846
95814 96924
95736 96952
95792 97108
95870 97080
95898 97158
95976 97130
96004 97208
95926 97236
95954 97314
95876 97342
95904 97420
96060 97364
96032 97286
96110 97258
96054 97102
96132 97074
96104 96996
96182 96968
96126 96812
96048 96840
96076 96918
95998 96946
96026 97024
95948 97052
95892 96896
95970 96868
95942 96790
96020 96762
95992 96684
95914 96712
95886 96634
95808 96662
95780 96584
95624 96640
95596 96562
95674 96534
95646 96456
95568 96484
95512 96328
95356 96384
95272 96150
95350 96122
95406 96278
95640 96194
95668 96272
95824 96216
95852 96294
95930 96266
95986 96422
96064 96394
96148 96628
96070 96656
96098 96734
96176 96706
96316 97096
96394 97068
96450 97224
96528 97196
96556 97274
96478 97302
96646 97770
96568 97798
96540 97720
96462 97748
96630 98216
96786 98160
96926 98550
97004 98522
97060 98678
97216 98622
97272 98778
97428 98722
97456 98800
97612 98744
97640 98822
97406 98906
97434 98984
97746 98872
97662 98638
97506 98694
97478 98616
97322 98672
97266 98516
97110 98572
97082 98494
97472 98354
97528 98510
97762 98426
97790 98504
97868 98476
97812 98320
97578 98404
97522 98248
96976 98444
96948 98366
97182 98282
97154 98204
96920 98288
96892 98210
97048 98154
97020 98076
96864 98132
96836 98054
96680 98110
96596 97876
96830 97792
96914 98026
97148 97942
97232 98176
97310 98148
97338 98226
97416 98198
97360 98042
97282 98070
97198 97836
96964 97920
96908 97764
96986 97736
96958 97658
97036 97630
96980 97474
97136 97418
97108 97340
96874 97424
96930 97580
96852 97608
96880 97686
96802 97714
96774 97636
96696 97664
96584 97352
96662 97324
96578 97090
96500 97118
96444 96962
96366 96990
96338 96912
96416 96884
96388 96806
96310 96834
96198 96522
96354 96466
96298 96310
96220 96338
96248 96416
96170 96444
96114 96288
96036 96316
96008 96238
96242 96154
96214 96076
95980 96160
95952 96082
95718 96166
95690 96088
95456 96172
95428 96094
95662 96010
95634 95932
95556 95960
95528 95882
95606 95854
95550 95698
95628 95670
95656 95748
95734 95720
95706 95642
95784 95614
95756 95536
95678 95564
95650 95486
95728 95458
95700 95380
95778 95352
95890 95664
95968 95636
95940 95558
96018 95530
96074 95686
96152 95658
96376 96282
96532 96226
96588 96382
96432 96438
96516 96672
96594 96644
96538 96488
96616 96460
96700 96694
96544 96750
96572 96828
96728 96772
96756 96850
96912 96794
97052 97184
97130 97156
97102 97078
97258 97022
97230 96944
97074 97000
96962 96688
96806 96744
96722 96510
96878 96454
96906 96532
96984 96504
96928 96348
96694 96432
96666 96354
96900 96270
96872 96192
96638 96276
96610 96198
96766 96142
96738 96064
96426 96176
96286 95786
96442 95730
96414 95652
96258 95708
96230 95630
96386 95574
96358 95496
96124 95580
96068 95424
96224 95368
96196 95290
96040 95346
96012 95268
96168 95212
96140 95134
96218 95106
96302 95340
96380 95312
96352 95234
96430 95206
96458 95284
96536 95256
96648 95568
96570 95596
96598 95674
96676 95646
96704 95724
96626 95752
96682 95908
96760 95880
96732 95802
96810 95774
96782 95696
96860 95668
96916 95824
96838 95852
96866 95930
96944 95902
96972 95980
96894 96008
96922 96086
97000 96058
97028 96136
96950 96164
97202 96866
97358 96810
97386 96888
97308 96916
97364 97072
97286 97100
97342 97256
97420 97228
97392 97150
97470 97122
97526 97278
97370 97334
97566 97880
97644 97852
97476 97384
97554 97356
97610 97512
97688 97484
97772 97718
97694 97746
97722 97824
97800 97796
97828 97874
97750 97902
97862 98214
97940 98186
97856 97952
97934 97924
98018 98158
98096 98130
98124 98208
98358 98124
98330 98046
98252 98074
98224 97996
98068 98052
97984 97818
97906 97846
97878 97768
98112 97684
98140 97762
98218 97734
98302 97968
98380 97940
98324 97784
98402 97756
98514 98068
98592 98040
98480 97728
98558 97700
98530 97622
98296 97706
98268 97628
98190 97656
98162 97578
97850 97690
97738 97378
97660 97406
97548 97094
97704 97038
97676 96960
97442 97044
97414 96966
97492 96938
97408 96704
97252 96760
97056 96214
97134 96186
97274 96576
97352 96548
97324 96470
97402 96442
97458 96598
97536 96570
97480 96414
97714 96330
97686 96252
97296 96392
97184 96080
97262 96052
97234 95974
97078 96030
96994 95796
97072 95768
97016 95612
96938 95640
96910 95562
96754 95618
96642 95306
96720 95278
96776 95434
97010 95350
97038 95428
97116 95400
97060 95244
96826 95328
96770 95172
97004 95088
96976 95010
96742 95094
96714 95016
96792 94988
96736 94832
96814 94804
96758 94648
96836 94620
96864 94698
96942 94670
96970 94748
96892 94776
96920 94854
97076 94798
96992 94564
97070 94536
97210 94926
97288 94898
97148 94508
97226 94480
97450 95104
97372 95132
97400 95210
97478 95182
97506 95260
97428 95288
97484 95444
97406 95472
97490 95706
97568 95678
97596 95756
97518 95784
97602 96018
97758 95962
97730 95884
97652 95912
97624 95834
97702 95806
97674 95728
97752 95700
97892 96090
97814 96118
97898 96352
97976 96324
98032 96480
97954 96508
98038 96742
98116 96714
98396 97494
98552 97438
98524 97360
98446 97388
98306 96998
98462 96942
98658 97488
98736 97460
98596 97070
98674 97042
98730 97198
98808 97170
98724 96936
98568 96992
98512 96836
98278 96920
98194 96686
98272 96658
98244 96580
98088 96636
98060 96558
98138 96530
98026 96218
97948 96246
97920 96168
97998 96140
97942 95984
98020 95956
97992 95878
97914 95906
97802 95594
97646 95650
97618 95572
97540 95600
97512 95522
97590 95494
97534 95338
97612 95310
97304 94452
97382 94424
97438 94580
97594 94524
97678 94758
97522 94814
97662 95204
97740 95176
97852 95488
98086 95404
98058 95326
97902 95382
97790 95070
97712 95098
97628 94864
97706 94836
97762 94992
97840 94964
97952 95276
98030 95248
97890 94858
97812 94886
97700 94574
97856 94518
97828 94440
97672 94496
97644 94418
97488 94474
97460 94396
97616 94340
97588 94262
97198 94402
97170 94324
97092 94352
97120 94430
97042 94458
96986 94302
97142 94246
97086 94090
97164 94062
97220 94218
97298 94190
97242 94034
97320 94006
97292 93928
97370 93900
97426 94056
97348 94084
97404 94240
97560 94184
97476 93950
97554 93922
97610 94078
97688 94050
97576 93738
97654 93710
97738 93944
97816 93916
97760 93760
97838 93732
97894 93888
97972 93860
97916 93704
97994 93676
98022 93754
98100 93726
98156 93882
97922 93966
97950 94044
97872 94072
97844 93994
97766 94022
97822 94178
97666 94234
97694 94312
97850 94256
97906 94412
97984 94384
98040 94540
98118 94512
98034 94278
97956 94306
97900 94150
98056 94094
98028 94016
98106 93988
98162 94144
98240 94116
98296 94272
98218 94300
98246 94378
98168 94406
98392 95030
98236 95086
98320 95320
98398 95292
98342 95136
98420 95108
98476 95264
98554 95236
98414 94846
98492 94818
98660 95286
98426 95370
98566 95760
98410 95816
98466 95972
98388 96000
98500 96312
98422 96340
98478 96496
98556 96468
98528 96390
98606 96362
98494 96050
98572 96022
98516 95866
98672 95810
98532 95420
