4408
99772 101105
99782 101061
99760 101056
99745 101122
99723 101117
99678 101315
99656 101310
99661 101288
99639 101283
99644 101261
99578 101246
99588 101202
99610 101207
99620 101163
99664 101173
99669 101151
99647 101146
99657 101102
99701 101112
99706 101090
99662 101080
99667 101058
99689 101063
99694 101041
99672 101036
99677 101014
99699 101019
99704 100997
99682 100992
99692 100948
99670 100943
99635 101097
99613 101092
99623 101048
99579 101038
99599 100950
99577 100945
99552 101055
99596 101065
99586 101109
99630 101119
99625 101141
99603 101136
99593 101180
99571 101175
99551 101263
99617 101278
99612 101300
99634 101305
99629 101327
99673 101337
99658 101403
99636 101398
99646 101354
99602 101344
99597 101366
99619 101371
99609 101415
99565 101405
99560 101427
99582 101432
99577 101454
99599 101459
99594 101481
99616 101486
99611 101508
99589 101503
99584 101525
99606 101530
99576 101662
99532 101652
99542 101608
99520 101603
99525 101581
99547 101586
99562 101520
99540 101515
99530 101559
99486 101549
99491 101527
99513 101532
99518 101510
99496 101505
99501 101483
99567 101498
99572 101476
99506 101461
99521 101395
99499 101390
99479 101478
99457 101473
99472 101407
99450 101402
99440 101446
99418 101441
99423 101419
99401 101414
99386 101480
99408 101485
99413 101463
99435 101468
99430 101490
99474 101500
99459 101566
99503 101576
99498 101598
99454 101588
99449 101610
99405 101600
99425 101512
99403 101507
99388 101573
99366 101568
99376 101524
99354 101519
99339 101585
99317 101580
99327 101536
99305 101531
99300 101553
99278 101548
99283 101526
99261 101521
99266 101499
99222 101489
99212 101533
99168 101523
99163 101545
99141 101540
99156 101474
99200 101484
99205 101462
99227 101467
99237 101423
99281 101433
99286 101411
99308 101416
99303 101438
99347 101448
99352 101426
99330 101421
99335 101399
99313 101394
99318 101372
99296 101367
99291 101389
99269 101384
99264 101406
99220 101396
99225 101374
99203 101369
99208 101347
99230 101352
99235 101330
99323 101350
99333 101306
99311 101301
99306 101323
99174 101293
99169 101315
99147 101310
99142 101332
99164 101337
99159 101359
99137 101354
99132 101376
99088 101366
99093 101344
99115 101349
99125 101305
99081 101295
99091 101251
99135 101261
99130 101283
99152 101288
99162 101244
99118 101234
99123 101212
99167 101222
99172 101200
99216 101210
99206 101254
99228 101259
99233 101237
99387 101272
99392 101250
99370 101245
99375 101223
99419 101233
99424 101211
99358 101196
99353 101218
99331 101213
99326 101235
99260 101220
99265 101198
99309 101208
99314 101186
99248 101171
99243 101193
99199 101183
99204 101161
99226 101166
99231 101144
99429 101189
99434 101167
99324 101142
99329 101120
99417 101140
99437 101052
99415 101047
99400 101113
99356 101103
99376 101015
99464 101035
99474 100991
99540 101006
99545 100984
99479 100969
99484 100947
99550 100962
99560 100918
99538 100913
99533 100935
99489 100925
99494 100903
99516 100908
99531 100842
99575 100852
99570 100874
99592 100879
99597 100857
99619 100862
99609 100906
99653 100916
99658 100894
99636 100889
99666 100757
99644 100752
99659 100686
99637 100681
99647 100637
99669 100642
99689 100554
99711 100559
99716 100537
99694 100532
99699 100510
99677 100505
99667 100549
99645 100544
99640 100566
99662 100571
99652 100615
99630 100610
99610 100698
99632 100703
99627 100725
99605 100720
99595 100764
99639 100774
99624 100840
99558 100825
99588 100693
99566 100688
99536 100820
99514 100815
99499 100881
99477 100876
99447 101008
99403 100998
99418 100932
99396 100927
99381 100993
99359 100988
99334 101098
99312 101093
99307 101115
99285 101110
99280 101132
99214 101117
99219 101095
99241 101100
99246 101078
99224 101073
99229 101051
99295 101066
99300 101044
99322 101049
99327 101027
99305 101022
99320 100956
99364 100966
99384 100878
99362 100873
99347 100939
99325 100934
99335 100890
99313 100885
99278 101039
99256 101034
99271 100968
99249 100963
99244 100985
99200 100975
99215 100909
99237 100914
99247 100870
99269 100875
99279 100831
99389 100856
99409 100768
99431 100773
99436 100751
99480 100761
99490 100717
99512 100722
99532 100634
99510 100629
99495 100695
99473 100690
99463 100734
99419 100724
99414 100746
99392 100741
99372 100829
99306 100814
99316 100770
99294 100765
99289 100787
99267 100782
99252 100848
99230 100843
99220 100887
99198 100882
99223 100772
99245 100777
99260 100711
99216 100701
99211 100723
99233 100728
99228 100750
99206 100745
99171 100899
99193 100904
99173 100992
99239 101007
99234 101029
99212 101024
99197 101090
99175 101085
99180 101063
99158 101058
99148 101102
99192 101112
99177 101178
99155 101173
99165 101129
99143 101124
99138 101146
99116 101141
99141 101031
99119 101026
99094 101136
99072 101131
99067 101153
99111 101163
99106 101185
99084 101180
99074 101224
99052 101219
99047 101241
99025 101236
99035 101192
98969 101177
98974 101155
98996 101160
99006 101116
98984 101111
98989 101089
99011 101094
99016 101072
99060 101082
99065 101060
99043 101055
99058 100989
99080 100994
99110 100862
99132 100867
99137 100845
99071 100830
99076 100808
99120 100818
99125 100796
99059 100781
99044 100847
99088 100857
99078 100901
99056 100896
99051 100918
99073 100923
99063 100967
99041 100962
99021 101050
98977 101040
98967 101084
98945 101079
98940 101101
98962 101106
98957 101128
98935 101123
98930 101145
98908 101140
98923 101074
98901 101069
98891 101113
98869 101108
98879 101064
98857 101059
98862 101037
98928 101052
98938 101008
99004 101023
99014 100979
98992 100974
98987 100996
98943 100986
98953 100942
98975 100947
98985 100903
98963 100898
98958 100920
98936 100915
98926 100959
98904 100954
98899 100976
98921 100981
98916 101003
98872 100993
98897 100883
98941 100893
98946 100871
98968 100876
98978 100832
98956 100827
98951 100849
98929 100844
98924 100866
98902 100861
98907 100839
98885 100834
98850 100988
98828 100983
98823 101005
98801 101000
98816 100934
98838 100939
98853 100873
98831 100868
98821 100912
98799 100907
98784 100973
98740 100963
98745 100941
98701 100931
98706 100909
98750 100919
98755 100897
98733 100892
98738 100870
98716 100865
98721 100843
98743 100848
98748 100826
98682 100811
98687 100789
98753 100804
98758 100782
98890 100812
98895 100790
98917 100795
98912 100817
98934 100822
98939 100800
99005 100815
99010 100793
98878 100763
98873 100785
98785 100765
98800 100699
98778 100694
98763 100760
98741 100755
98736 100777
98692 100767
98707 100701
98729 100706
98744 100640
98810 100655
98805 100677
98827 100682
98832 100660
98854 100665
98859 100643
98881 100648
98871 100692
98915 100702
98910 100724
98932 100729
98927 100751
99015 100771
99030 100705
99008 100700
98998 100744
98954 100734
98959 100712
98937 100707
98942 100685
98898 100675
98903 100653
98991 100673
98996 100651
99040 100661
99035 100683
99057 100688
99062 100666
99194 100696
99199 100674
99243 100684
99248 100662
99358 100687
99383 100577
99361 100572
99341 100660
99231 100635
99226 100657
99204 100652
99209 100630
99187 100625
99177 100669
99133 100659
99138 100637
99116 100632
99111 100654
98979 100624
98974 100646
98864 100621
98874 100577
98962 100597
98967 100575
99011 100585
99006 100607
99072 100622
99077 100600
99165 100620
99175 100576
99153 100571
99148 100593
99060 100573
99055 100595
99033 100590
99038 100568
98972 100553
98977 100531
99043 100546
99048 100524
99092 100534
99087 100556
99109 100561
99114 100539
99180 100554
99195 100488
99305 100513
99300 100535
99344 100545
99349 100523
99327 100518
99332 100496
99222 100471
99227 100449
99293 100464
99298 100442
99342 100452
99347 100430
99281 100415
99276 100437
99210 100422
99200 100466
99178 100461
99163 100527
99119 100517
99124 100495
99102 100490
99097 100512
99031 100497
99026 100519
98960 100504
98945 100570
98923 100565
98928 100543
98906 100538
98911 100516
98933 100521
98943 100477
98987 100487
98992 100465
99058 100480
99063 100458
98997 100443
99002 100421
99024 100426
99029 100404
99051 100409
99046 100431
99090 100441
99085 100463
99107 100468
99117 100424
99073 100414
99078 100392
99188 100417
99193 100395
99149 100385
99154 100363
99176 100368
99181 100346
99269 100366
99264 100388
99352 100408
99357 100386
99379 100391
99374 100413
99396 100418
99406 100374
99428 100379
99423 100401
99489 100416
99494 100394
99516 100399
99536 100311
99580 100321
99585 100299
99519 100284
99499 100372
99477 100367
99472 100389
99450 100384
99455 100362
99389 100347
99384 100369
99340 100359
99335 100381
99291 100371
99296 100349
99230 100334
99235 100312
99213 100307
99218 100285
99196 100280
99186 100324
99164 100319
99179 100253
99245 100268
99255 100224
99233 100219
99228 100241
99162 100226
99127 100380
99061 100365
99056 100387
99034 100382
99044 100338
99022 100333
99007 100399
98963 100389
98953 100433
98975 100438
98970 100460
98926 100450
98916 100494
98894 100489
98879 100555
98857 100550
98877 100462
98899 100467
98944 100269
98922 100264
98932 100220
98976 100230
98981 100208
99025 100218
99030 100196
98986 100186
98991 100164
98969 100159
98959 100203
98915 100193
98895 100281
98917 100286
98892 100396
98870 100391
98865 100413
98887 100418
98882 100440
98860 100435
98830 100567
98808 100562
98803 100584
98847 100594
98837 100638
98727 100613
98712 100679
98690 100674
98660 100806
98616 100796
98631 100730
98587 100720
98592 100698
98658 100713
98668 100669
98646 100664
98641 100686
98575 100671
98580 100649
98558 100644
98563 100622
98519 100612
98524 100590
98546 100595
98556 100551
98578 100556
98573 100578
98617 100588
98612 100610
98678 100625
98683 100603
98639 100593
98644 100571
98688 100581
98693 100559
98715 100564
98720 100542
98676 100532
98671 100554
98649 100549
98654 100527
98632 100522
98637 100500
98659 100505
98664 100483
98708 100493
98713 100471
98647 100456
98652 100434
98718 100449
98723 100427
98833 100452
98838 100430
98794 100420
98799 100398
98755 100388
98750 100410
98728 100405
98748 100317
98770 100322
98775 100300
98797 100305
98787 100349
98809 100354
98814 100332
98836 100337
98841 100315
98819 100310
98829 100266
98807 100261
98802 100283
98780 100278
98785 100256
98741 100246
98736 100268
98758 100273
98753 100295
98731 100290
98701 100422
98679 100417
98684 100395
98662 100390
98667 100368
98689 100373
98699 100329
98677 100324
98697 100236
98675 100231
98615 100495
98593 100490
98598 100468
98576 100463
98581 100441
98493 100421
98498 100399
98564 100414
98569 100392
98613 100402
98618 100380
98574 100370
98594 100282
98572 100277
98557 100343
98535 100338
98540 100316
98518 100311
98523 100289
98501 100284
98496 100306
98430 100291
98420 100335
98398 100330
98413 100264
98435 100269
98440 100247
98418 100242
98423 100220
98467 100230
98462 100252
98550 100272
98555 100250
98533 100245
98538 100223
98648 100248
98653 100226
98587 100211
98592 100189
98746 100224
98751 100202
98641 100177
98646 100155
98712 100170
98717 100148
98739 100153
98734 100175
98756 100180
98766 100136
98744 100131
98749 100109
98771 100114
98776 100092
98908 100122
98913 100100
98847 100085
98852 100063
98874 100068
98879 100046
99077 100091
99087 100047
99065 100042
99060 100064
99038 100059
99043 100037
99021 100032
99016 100054
98994 100049
98999 100027
98977 100022
98982 100000
98960 99995
98950 100039
98928 100034
98933 100012
98889 100002
98884 100024
98862 100019
98857 100041
98835 100036
98825 100080
98759 100065
98754 100087
98732 100082
98722 100126
98700 100121
98695 100143
98629 100128
98619 100172
98575 100162
98585 100118
98607 100123
98612 100101
98590 100096
98595 100074
98573 100069
98548 100179
98570 100184
98565 100206
98521 100196
98511 100240
98489 100235
98494 100213
98450 100203
98455 100181
98499 100191
98504 100169
98438 100154
98433 100176
98411 100171
98401 100215
98379 100210
98389 100166
98367 100161
98362 100183
98340 100178
98335 100200
98291 100190
98301 100146
98323 100151
98328 100129
98394 100144
98404 100100
98382 100095
98387 100073
98431 100083
98436 100061
98480 100071
98485 100049
98551 100064
98556 100042
98644 100062
98649 100040
98539 100015
98534 100037
98512 100032
98517 100010
98495 100005
98500 99983
98478 99978
98483 99956
98417 99941
98422 99919
98510 99939
98505 99961
98527 99966
98532 99944
98554 99949
98549 99971
98593 99981
98598 99959
98620 99964
98615 99986
98637 99991
98642 99969
98664 99974
98654 100018
98676 100023
98691 99957
98713 99962
98708 99984
98840 100014
98845 99992
98735 99967
98740 99945
98696 99935
98701 99913
98767 99928
98772 99906
98706 99891
98716 99847
98760 99857
98765 99835
98787 99840
98777 99884
98799 99889
98804 99867
98826 99872
98806 99960
98850 99970
98855 99948
98833 99943
98838 99921
98860 99926
98865 99904
98887 99909
98872 99975
98894 99980
98904 99936
98948 99946
98943 99968
98965 99973
98970 99951
98992 99956
98987 99978
99009 99983
99004 100005
99026 100010
99031 99988
99075 99998
99080 99976
99058 99971
99063 99949
99041 99944
99036 99966
99014 99961
99019 99939
98931 99919
98936 99897
99002 99912
99007 99890
99029 99895
99024 99917
99046 99922
99056 99878
98990 99863
98985 99885
98919 99870
98914 99892
98848 99877
98853 99855
98809 99845
98814 99823
98792 99818
98802 99774
98868 99789
98883 99723
98861 99718
98851 99762
98829 99757
98834 99735
98812 99730
98807 99752
98785 99747
98775 99791
98753 99786
98758 99764
98736 99759
98726 99803
98748 99808
98743 99830
98699 99820
98679 99908
98657 99903
98662 99881
98640 99876
98635 99898
98613 99893
98608 99915
98674 99930
98669 99952
98515 99917
98520 99895
98586 99910
98596 99866
98574 99861
98569 99883
98503 99868
98493 99912
98449 99902
98454 99880
98388 99865
98393 99843
98437 99853
98442 99831
98398 99821
98403 99799
98491 99819
98496 99797
98518 99802
98508 99846
98530 99851
98540 99807
98562 99812
98567 99790
98589 99795
98579 99839
98645 99854
98650 99832
98606 99822
98611 99800
98633 99805
98638 99783
98660 99788
98670 99744
98714 99754
98719 99732
98741 99737
98746 99715
98702 99705
98697 99727
98653 99717
98643 99761
98621 99756
98616 99778
98572 99768
98577 99746
98599 99751
98604 99729
98582 99724
98597 99658
98707 99683
98712 99661
98602 99636
98612 99592
98590 99587
98555 99741
98533 99736
98553 99648
98531 99643
98506 99753
98528 99758
98523 99780
98479 99770
98474 99792
98430 99782
98435 99760
98457 99765
98462 99743
98484 99748
98494 99704
98472 99699
98467 99721
98423 99711
98428 99689
98384 99679
98379 99701
98401 99706
98396 99728
98418 99733
98413 99755
98391 99750
98386 99772
98364 99767
98374 99723
98352 99718
98342 99762
98320 99757
98330 99713
98286 99703
98291 99681
98313 99686
98318 99664
98340 99669
98345 99647
98301 99637
98306 99615
98328 99620
98333 99598
98377 99608
98372 99630
98482 99655
98487 99633
98421 99618
98426 99596
98360 99581
98365 99559
98409 99569
98414 99547
98392 99542
98397 99520
98331 99505
98336 99483
98446 99508
98431 99574
98475 99584
98470 99606
98536 99621
98541 99599
98497 99589
98502 99567
98546 99577
98551 99555
98573 99560
98578 99538
98534 99528
98529 99550
98485 99540
98480 99562
98458 99557
98468 99513
98512 99523
98517 99501
98429 99481
98434 99459
98456 99464
98461 99442
98439 99437
98459 99349
98525 99364
98515 99408
98537 99413
98547 99369
98591 99379
98586 99401
98608 99406
98598 99450
98620 99455
98615 99477
98637 99482
98632 99504
98610 99499
98605 99521
98649 99531
98664 99465
98642 99460
98647 99438
98691 99448
98671 99536
98693 99541
98683 99585
98705 99590
98720 99524
98698 99519
98708 99475
98730 99480
98725 99502
98769 99512
98764 99534
98830 99549
98840 99505
98818 99500
98813 99522
98791 99517
98796 99495
98752 99485
98757 99463
98713 99453
98718 99431
98762 99441
98767 99419
98789 99424
98784 99446
98828 99456
98823 99478
98845 99483
98855 99439
98811 99429
98816 99407
98750 99392
98745 99414
98701 99404
98696 99426
98630 99411
98635 99389
98613 99384
98618 99362
98530 99342
98540 99298
98584 99308
98579 99330
98623 99340
98628 99318
98606 99313
98611 99291
98567 99281
98582 99215
98626 99225
98631 99203
98653 99208
98648 99230
98670 99235
98660 99279
98682 99284
98702 99196
98724 99201
98699 99311
98721 99316
98716 99338
98782 99353
98787 99331
98743 99321
98753 99277
98731 99272
98736 99250
98780 99260
98785 99238
98741 99228
98746 99206
98768 99211
98773 99189
98795 99194
98790 99216
98812 99221
98792 99309
98814 99314
98809 99336
98831 99341
98841 99297
98863 99302
98843 99390
98865 99395
98885 99307
98929 99317
98919 99361
98963 99371
98958 99393
98980 99398
98965 99464
98987 99469
98982 99491
98960 99486
98955 99508
98889 99493
98884 99515
98950 99530
98945 99552
98967 99557
98962 99579
99006 99589
99011 99567
98989 99562
98994 99540
98972 99535
98977 99513
98999 99518
99014 99452
98992 99447
99007 99381
99029 99386
99024 99408
99046 99413
99031 99479
99053 99484
99043 99528
99065 99533
99060 99555
99082 99560
99092 99516
99114 99521
99074 99697
99118 99707
99123 99685
99101 99680
99141 99504
99075 99489
99080 99467
99058 99462
99063 99440
99085 99445
99090 99423
99178 99443
99163 99509
99185 99514
99190 99492
99212 99497
99197 99563
99219 99568
99209 99612
99341 99642
99331 99686
99353 99691
99368 99625
99302 99610
99307 99588
99285 99583
99290 99561
99268 99556
99258 99600
99236 99595
99246 99551
99224 99546
99234 99502
99344 99527
99334 99571
99356 99576
99361 99554
99383 99559
99373 99603
99395 99608
99410 99542
99366 99532
99371 99510
99195 99470
99200 99448
99222 99453
99227 99431
99249 99436
99254 99414
99342 99434
99347 99412
99369 99417
99374 99395
99330 99385
99325 99407
99237 99387
99232 99409
99210 99404
99205 99426
99073 99396
99078 99374
99034 99364
99039 99342
99061 99347
99066 99325
99286 99375
99296 99331
99274 99326
99269 99348
99093 99308
99098 99286
99076 99281
99071 99303
99049 99298
99044 99320
99022 99315
99012 99359
98946 99344
98956 99300
98824 99270
98844 99182
98866 99187
98856 99231
98878 99236
98893 99170
98915 99175
98905 99219
98927 99224
98942 99158
98964 99163
98959 99185
99025 99200
99040 99134
99062 99139
99057 99161
99101 99171
99091 99215
99113 99220
99103 99264
99191 99284
99186 99306
99252 99321
99257 99299
99279 99304
99289 99260
99267 99255
99262 99277
99240 99272
99235 99294
99213 99289
99218 99267
99130 99247
99135 99225
99245 99250
99250 99228
99294 99238
99299 99216
99233 99201
99228 99223
99184 99213
99189 99191
99167 99186
99162 99208
99118 99198
99123 99176
99145 99181
99150 99159
99084 99144
99089 99122
99023 99107
99008 99173
98986 99168
98991 99146
98925 99131
98920 99153
98898 99148
98903 99126
98881 99121
98886 99099
98952 99114
98957 99092
98979 99097
98984 99075
98940 99065
98935 99087
98891 99077
98901 99033
98879 99028
98849 99160
98827 99155
98832 99133
98810 99128
98805 99150
98783 99145
98793 99101
98837 99111
98842 99089
98820 99084
98830 99040
98808 99035
98798 99079
98776 99074
98786 99030
98764 99025
98769 99003
98835 99018
98840 98996
98708 98966
98713 98944
98735 98949
98740 98927
98784 98937
98789 98915
98811 98920
98806 98942
98828 98947
98833 98925
98855 98930
98845 98974
98867 98979
98882 98913
98904 98918
98894 98962
98960 98977
98955 98999
98977 99004
98982 98982
99004 98987
98999 99009
99021 99014
99016 99036
99038 99041
99048 98997
99070 99002
99065 99024
99087 99029
99097 98985
99075 98980
99080 98958
99058 98953
99053 98975
99031 98970
99036 98948
98992 98938
98987 98960
98943 98950
98948 98928
98970 98933
98975 98911
98953 98906
98963 98862
98985 98867
98990 98845
99012 98850
99002 98894
99024 98899
99034 98855
99056 98860
99046 98904
99068 98909
99063 98931
99217 98966
99212 98988
99234 98993
99229 99015
99207 99010
99177 99142
99199 99147
99204 99125
99226 99130
99216 99174
99238 99179
99243 99157
99265 99162
99270 99140
99292 99145
99282 99189
99304 99194
99309 99172
99331 99177
99321 99221
99343 99226
99353 99182
99375 99187
99370 99209
99392 99214
99402 99170
99314 99150
99319 99128
99209 99103
99214 99081
99258 99091
99263 99069
99219 99059
99224 99037
99246 99042
99256 98998
99278 99003
99283 98981
99371 99001
99361 99045
99383 99050
99368 99116
99412 99126
99407 99148
99451 99158
99441 99202
99485 99212
99490 99190
99468 99185
99478 99141
99434 99131
99439 99109
99395 99099
99410 99033
99388 99028
99398 98984
99266 98954
99261 98976
99239 98971
99244 98949
99090 98914
99095 98892
99227 98922
99232 98900
99276 98910
99281 98888
99215 98873
99210 98895
99122 98875
99132 98831
99110 98826
99100 98870
99078 98865
99083 98843
99039 98833
99044 98811
99022 98806
99017 98828
98929 98808
98934 98786
98956 98791
98961 98769
98983 98774
98978 98796
99000 98801
99010 98757
98966 98747
98971 98725
99037 98740
99027 98784
99093 98799
99098 98777
99054 98767
99064 98723
99042 98718
99047 98696
99025 98691
99030 98669
99008 98664
99023 98598
99045 98603
99040 98625
99062 98630
99067 98608
99089 98613
99084 98635
99106 98640
99101 98662
99123 98667
99128 98645
99150 98650
99140 98694
99162 98699
99177 98633
99155 98628
99160 98606
99204 98616
99194 98660
99216 98665
99206 98709
99272 98724
99267 98746
99245 98741
99230 98807
99274 98817
99264 98861
99308 98871
99313 98849
99291 98844
99301 98800
99257 98790
99262 98768
99284 98773
99289 98751
99311 98756
99316 98734
99338 98739
99333 98761
99355 98766
99365 98722
99233 98692
99243 98648
99221 98643
99226 98621
99248 98626
99253 98604
99187 98589
99192 98567
99214 98572
99219 98550
99197 98545
99212 98479
99190 98474
99200 98430
99222 98435
99217 98457
99261 98467
99246 98533
99268 98538
99278 98494
99300 98499
99305 98477
99327 98482
99322 98504
99344 98509
99349 98487
99371 98492
99351 98580
99285 98565
99280 98587
99302 98592
99297 98614
99341 98624
99346 98602
99368 98607
99383 98541
99405 98546
99390 98612
99412 98617
99372 98793
99394 98798
99429 98644
99451 98649
99441 98693
99463 98698
99448 98764
99426 98759
99421 98781
99465 98791
99490 98681
99468 98676
99473 98654
99495 98659
99500 98637
99522 98642
99502 98730
99524 98735
99549 98625
99483 98610
99478 98632
99434 98622
99439 98600
99417 98595
99422 98573
99444 98578
99449 98556
99471 98561
99466 98583
99510 98593
99515 98571
99537 98576
99542 98554
99520 98549
99525 98527
99591 98542
99596 98520
99530 98505
99535 98483
99557 98488
99562 98466
99540 98461
99545 98439
99567 98444
99572 98422
99616 98432
99611 98454
99589 98449
99579 98493
99645 98508
99640 98530
99618 98525
99613 98547
99657 98557
99652 98579
99608 98569
99603 98591
99647 98601
99642 98623
99576 98608
99566 98652
99588 98657
99593 98635
99637 98645
99627 98689
99649 98694
99669 98606
99691 98611
99696 98589
99718 98594
99703 98660
99725 98665
99720 98687
99676 98677
99671 98699
99693 98704
99688 98726
99622 98711
99617 98733
99595 98728
99590 98750
99546 98740
99541 98762
99563 98767
99558 98789
99536 98784
99496 98960
99518 98965
99528 98921
99550 98926
99545 98948
99567 98953
99577 98909
99533 98899
99543 98855
99609 98870
99614 98848
99548 98833
99553 98811
99575 98816
99585 98772
99607 98777
99612 98755
99634 98760
99639 98738
99661 98743
99656 98765
99700 98775
99705 98753
99727 98758
99717 98802
99695 98797
99670 98907
99648 98902
99638 98946
99616 98941
99576 99117
99554 99112
99549 99134
99615 99149
99620 99127
99598 99122
99633 98968
99655 98973
99665 98929
99687 98934
99702 98868
99724 98873
99694 99005
99650 98995
99645 99017
99667 99022
99657 99066
99679 99071
99674 99093
99696 99098
99691 99120
99713 99125
99723 99081
99701 99076
99706 99054
99684 99049
99689 99027
99711 99032
99731 98944
99753 98949
99748 98971
99770 98976
99780 98932
99736 98922
99741 98900
99807 98915
99802 98937
99824 98942
99784 99118
99828 99128
99808 99216
99830 99221
99855 99111
99811 99101
99841 98969
99863 98974
99858 98996
99880 99001
99885 98979
99907 98984
99912 98962
99846 98947
99851 98925
99829 98920
99834 98898
99746 98878
99751 98856
99707 98846
99712 98824
99734 98829
99754 98741
99710 98731
99715 98709
99737 98714
99742 98692
99786 98702
99791 98680
99747 98670
99752 98648
99730 98643
99735 98621
99779 98631
99774 98653
99796 98658
99806 98614
99740 98599
99745 98577
99701 98567
99706 98545
99728 98550
99738 98506
99760 98511
99750 98555
99772 98560
99767 98582
99789 98587
99799 98543
99777 98538
99782 98516
99848 98531
99828 98619
99850 98624
99865 98558
99887 98563
99867 98651
99845 98646
99815 98778
99837 98783
99862 98673
99884 98678
99879 98700
99901 98705
99871 98837
99915 98847
99920 98825
99898 98820
99908 98776
99952 98786
99937 98852
100069 98882
100074 98860
99964 98835
99979 98769
99913 98754
99928 98688
99906 98683
99911 98661
99889 98656
99894 98634
99982 98654
99977 98676
100043 98691
100048 98669
100004 98659
100009 98637
99921 98617
99926 98595
99904 98590
99914 98546
99870 98536
99875 98514
99809 98499
99814 98477
99880 98492
99885 98470
99929 98480
99934 98458
99956 98463
99941 98529
99985 98539
99980 98561
100002 98566
99992 98610
100014 98615
100029 98549
100007 98544
100012 98522
99968 98512
99973 98490
99995 98495
100000 98473
100066 98488
100071 98466
99917 98431
99922 98409
99900 98404
99905 98382
99949 98392
99944 98414
100010 98429
100015 98407
100037 98412
100047 98368
100025 98363
100030 98341
100052 98346
100057 98324
100079 98329
100054 98439
100076 98444
100101 98334
100123 98339
100098 98449
100120 98454
100115 98476
100159 98486
100149 98530
100127 98525
100122 98547
100144 98552
100139 98574
100095 98564
100085 98608
100063 98603
100053 98647
100075 98652
100080 98630
100102 98635
100097 98657
100119 98662
100094 98772
100138 98782
100128 98826
100106 98821
100096 98865
100118 98870
100123 98848
100145 98853
100160 98787
100182 98792
100172 98836
100194 98841
100189 98863
100167 98858
100152 98924
100174 98929
100179 98907
100201 98912
100211 98868
100255 98878
100265 98834
100243 98829
100238 98851
100216 98846
100221 98824
100199 98819
100204 98797
100270 98812
100275 98790
100121 98755
100146 98645
100124 98640
100129 98618
100107 98613
100112 98591
100156 98601
100166 98557
100188 98562
100163 98672
100185 98677
100180 98699
100202 98704
100212 98660
100190 98655
100215 98545
100171 98535
100186 98469
100142 98459
100147 98437
100125 98432
100130 98410
100152 98415
100157 98393
100135 98388
100140 98366
100162 98371
100167 98349
100189 98354
100184 98376
100206 98381
100216 98337
100062 98302
100067 98280
100089 98285
100094 98263
100116 98268
100121 98246
100187 98261
100197 98217
100175 98212
100180 98190
100158 98185
100163 98163
100185 98168
100190 98146
100168 98141
100173 98119
100239 98134
100224 98200
100268 98210
100253 98276
100231 98271
100236 98249
100214 98244
100204 98288
100226 98293
100221 98315
100243 98320
100248 98298
100270 98303
100305 98149
100349 98159
100344 98181
100366 98186
100361 98208
100317 98198
100312 98220
100334 98225
100329 98247
100351 98252
100346 98274
100302 98264
100297 98286
100341 98296
100331 98340
100309 98335
100299 98379
100255 98369
100245 98413
100267 98418
100272 98396
100294 98401
100244 98621
100222 98616
100217 98638
100239 98643
100234 98665
100256 98670
100251 98692
100229 98687
100224 98709
100268 98719
100273 98697
100295 98702
100305 98658
100261 98648
100286 98538
100308 98543
100303 98565
100325 98570
100335 98526
100291 98516
100296 98494
100318 98499
100328 98455
100306 98450
100326 98362
100370 98372
100375 98350
100353 98345
100373 98257
100395 98262
100390 98284
100434 98294
100429 98316
100451 98321
100456 98299
100478 98304
100468 98348
100402 98333
100397 98355
100463 98370
100438 98480
100460 98485
100450 98529
100406 98519
100401 98541
100379 98536
100374 98558
100396 98563
100391 98585
100369 98580
100364 98602
100386 98607
100356 98739
100290 98724
100280 98768
100302 98773
100307 98751
100329 98756
100324 98778
100346 98783
100341 98805
100297 98795
100287 98839
100309 98844
100299 98888
100321 98893
100336 98827
100358 98832
100403 98634
100425 98639
100420 98661
100442 98666
100437 98688
100503 98703
100493 98747
100471 98742
100461 98786
100417 98776
100412 98798
100434 98803
100424 98847
100380 98837
100375 98859
100419 98869
100414 98891
100392 98886
100387 98908
100409 98913
100404 98935
100382 98930
100377 98952
100399 98957
100389 99001
100411 99006
100446 98852
100468 98857
100458 98901
100502 98911
100482 98999
100504 99004
100529 98894
100485 98884
100495 98840
100451 98830
100456 98808
100478 98813
100488 98769
100510 98774
100530 98686
100464 98671
100469 98649
100447 98644
100452 98622
100408 98612
100423 98546
100445 98551
100435 98595
100479 98605
100484 98583
100462 98578
100472 98534
100516 98544
100521 98522
100499 98517
100504 98495
100482 98490
100487 98468
100465 98463
100470 98441
100492 98446
100497 98424
100475 98419
100505 98287
100549 98297
100539 98341
100561 98346
100556 98368
100534 98363
100519 98429
100541 98434
100551 98390
100595 98400
100590 98422
100568 98417
100563 98439
100585 98444
100580 98466
100514 98451
100509 98473
100575 98488
100560 98554
100582 98559
100602 98471
100624 98476
100609 98542
100631 98547
100641 98503
100663 98508
100658 98530
100680 98535
100695 98469
100673 98464
100668 98486
100646 98481
100651 98459
100607 98449
100622 98383
100578 98373
100583 98351
100627 98361
100632 98339
100676 98349
100656 98437
100678 98442
100693 98376
100715 98381
100705 98425
100727 98430
100742 98364
100764 98369
100754 98413
100776 98418
100781 98396
100803 98401
100798 98423
100820 98428
100815 98450
100859 98460
100869 98416
100913 98426
100918 98404
100940 98409
100925 98475
100881 98465
100876 98487
100854 98482
100844 98526
100800 98516
100795 98538
100773 98533
100778 98511
100734 98501
100729 98523
100751 98528
100746 98550
100768 98555
100763 98577
100785 98582
100790 98560
100812 98565
100817 98543
100861 98553
100856 98575
100878 98580
100873 98602
100851 98597
100846 98619
100758 98599
100748 98643
100770 98648
100775 98626
100907 98656
100912 98634
100934 98639
100939 98617
100917 98612
100922 98590
100944 98595
100949 98573
100993 98583
100988 98605
100966 98600
100956 98644
101000 98654
100990 98698
100946 98688
100951 98666
100929 98661
100919 98705
100963 98715
100958 98737
100914 98727
100909 98749
100865 98739
100875 98695
100853 98690
100848 98712
100694 98677
100689 98699
100711 98704
100706 98726
100662 98716
100657 98738
100723 98753
100728 98731
100750 98736
100755 98714
100821 98729
100816 98751
100772 98741
100767 98763
100833 98778
100838 98756
100882 98766
100877 98788
100855 98783
100850 98805
100652 98760
100647 98782
100757 98807
100752 98829
100664 98809
100644 98897
100666 98902
100681 98836
100725 98846
100705 98934
100617 98914
100607 98958
100541 98943
100536 98965
100602 98980
100597 99002
100531 98987
100521 99031
100543 99036
100548 99014
100592 99024
100587 99046
100565 99041
100550 99107
100506 99097
100511 99075
100489 99070
100484 99092
100462 99087
100472 99043
100428 99033
100423 99055
100445 99060
100415 99192
100437 99197
100422 99263
100444 99268
100434 99312
100412 99307
100392 99395
100370 99390
100365 99412
100387 99417
100382 99439
100404 99444
100414 99400
100436 99405
100441 99383
100419 99378
100429 99334
100451 99339
100471 99251
100449 99246
100454 99224
100476 99229
100486 99185
100442 99175
100457 99109
100523 99124
100493 99256
100515 99261
100545 99129
100567 99134
100582 99068
100604 99073
100634 98941
100678 98951
100663 99017
100685 99022
100700 98956
100722 98961
100747 98851
100769 98856
100774 98834
100796 98839
100801 98817
100867 98832
100862 98854
100840 98849
100835 98871
100857 98876
100852 98898
100786 98883
100781 98905
100759 98900
100754 98922
100776 98927
100761 98993
100717 98983
100697 99071
100719 99076
100734 99010
100756 99015
100746 99059
100768 99064
100803 98910
100825 98915
100810 98981
100832 98986
100837 98964
100881 98974
100866 99040
100844 99035
100834 99079
100812 99074
100802 99118
100692 99093
100672 99181
100650 99176
100645 99198
100601 99188
100591 99232
100569 99227
100549 99315
100571 99320
100586 99254
100608 99259
100618 99215
100662 99225
100667 99203
100689 99208
100709 99120
100775 99135
100765 99179
100787 99184
100792 99162
100814 99167
100829 99101
100851 99106
100861 99062
100883 99067
100858 99177
100836 99172
100821 99238
100865 99248
100870 99226
100848 99221
100853 99199
100875 99204
100910 99050
100888 99045
100908 98957
100842 98942
100847 98920
100869 98925
100884 98859
100906 98864
100901 98886
100923 98891
100933 98847
100889 98837
100904 98771
100926 98776
100916 98820
100938 98825
100943 98803
100965 98808
100940 98918
100962 98923
100987 98813
101009 98818
101014 98796
100970 98786
100975 98764
100997 98769
101007 98725
101029 98730
101034 98708
101056 98713
101046 98757
101112 98772
101107 98794
101085 98789
101075 98833
101097 98838
101092 98860
101070 98855
101065 98877
101021 98867
101016 98889
101038 98894
101023 98960
101001 98955
100971 99087
100949 99082
100944 99104
101010 99119
101005 99141
100961 99131
100956 99153
101022 99168
101037 99102
100993 99092
101003 99048
101025 99053
101030 99031
101008 99026
101018 98982
101040 98987
101060 98899
101104 98909
101114 98865
101136 98870
101141 98848
101119 98843
101124 98821
101146 98826
101151 98804
101173 98809
101158 98875
101180 98880
101190 98836
101212 98841
101202 98885
101224 98890
101219 98912
101153 98897
101143 98941
101077 98926
101067 98970
101089 98975
101094 98953
101138 98963
101128 99007
101106 99002
101096 99046
101118 99051
101123 99029
101145 99034
101155 98990
101177 98995
101182 98973
101160 98968
101165 98946
101209 98956
101184 99066
101140 99056
101135 99078
101113 99073
101103 99117
101125 99122
101130 99100
101152 99105
101157 99083
101179 99088
101174 99110
101196 99115
101231 98961
101253 98966
101258 98944
101280 98949
101265 99015
101243 99010
101228 99076
101250 99081
101260 99037
101282 99042
101297 98976
101341 98986
101336 99008
101380 99018
101375 99040
101331 99030
101326 99052
101348 99057
101343 99079
101365 99084
101360 99106
101338 99101
101333 99123
101399 99138
101394 99160
101328 99145
101323 99167
101191 99137
101186 99159
101164 99154
101169 99132
101147 99127
101142 99149
101076 99134
101071 99156
101203 99186
101208 99164
101296 99184
101281 99250
101303 99255
101318 99189
101340 99194
101345 99172
101389 99182
101374 99248
101352 99243
101337 99309
101271 99294
101276 99272
101254 99267
101249 99289
101227 99284
101222 99306
101200 99301
101210 99257
101166 99247
101171 99225
101149 99220
101154 99198
101066 99178
101051 99244
101073 99249
101083 99205
101127 99215
101122 99237
101144 99242
101139 99264
101183 99274
101178 99296
101090 99276
101085 99298
101041 99288
101046 99266
101024 99261
101019 99283
100887 99253
100882 99275
100838 99265
100833 99287
100723 99262
100698 99372
100720 99377
100740 99289
100850 99314
100855 99292
100877 99297
100872 99319
100894 99324
100904 99280
100948 99290
100943 99312
100965 99317
100970 99295
101102 99325
101107 99303
101217 99328
101207 99372
101119 99352
101114 99374
101070 99364
101075 99342
101009 99327
101004 99349
100916 99329
100906 99373
100928 99378
100933 99356
101021 99376
101026 99354
101048 99359
101043 99381
101109 99396
101104 99418
101038 99403
101033 99425
100989 99415
100994 99393
100972 99388
100967 99410
100901 99395
100886 99461
100776 99436
100781 99414
100737 99404
100732 99426
100754 99431
100749 99453
100859 99478
100854 99500
100788 99485
100783 99507
100739 99497
100734 99519
100800 99534
100805 99512
100871 99527
100881 99483
100903 99488
100918 99422
100962 99432
100957 99454
100979 99459
100984 99437
101050 99452
101055 99430
101121 99445
101136 99379
101158 99384
101153 99406
101175 99411
101170 99433
101148 99428
101138 99472
101094 99462
101089 99484
101023 99469
101018 99491
101084 99506
101079 99528
101057 99523
101052 99545
101030 99540
101035 99518
100991 99508
100996 99486
100974 99481
100964 99525
101008 99535
101003 99557
100893 99532
100888 99554
100932 99564
100927 99586
100905 99581
100900 99603
100812 99583
100817 99561
100729 99541
100724 99563
100702 99558
100707 99536
100685 99531
100675 99575
100653 99570
100658 99548
100592 99533
100587 99555
100565 99550
100545 99638
100501 99628
100496 99650
100562 99665
100582 99577
100604 99582
100609 99560
100631 99565
100626 99587
100692 99602
100697 99580
100741 99590
100746 99568
100790 99578
100785 99600
100851 99615
100846 99637
100868 99642
100863 99664
100885 99669
100895 99625
100917 99630
100902 99696
100836 99681
100826 99725
100848 99730
100853 99708
100919 99723
100954 99569
101020 99584
101025 99562
101047 99567
101037 99611
101059 99616
101074 99550
101118 99560
101128 99516
101106 99511
101111 99489
101155 99499
101165 99455
101187 99460
101202 99394
101224 99399
101204 99487
101182 99482
101137 99680
101159 99685
101149 99729
101105 99719
101100 99741
101056 99731
101051 99753
101095 99763
101090 99785
101112 99790
101122 99746
101166 99756
101186 99668
101164 99663
101189 99553
101211 99558
101216 99536
101194 99531
101199 99509
101221 99514
101251 99382
101273 99387
101278 99365
101234 99355
101244 99311
101354 99336
101369 99270
101391 99275
101421 99143
101465 99153
101450 99219
101494 99229
101489 99251
101423 99236
101413 99280
101435 99285
101440 99263
101506 99278
101501 99300
101523 99305
101518 99327
101562 99337
101557 99359
101535 99354
101525 99398
101503 99393
101508 99371
101464 99361
101469 99339
101403 99324
101398 99346
101442 99356
101437 99378
101393 99368
101388 99390
101366 99385
101361 99407
101405 99417
101410 99395
101432 99400
101427 99422
101449 99427
101444 99449
101422 99444
101417 99466
101373 99456
101368 99478
101434 99493
101429 99515
101363 99500
101358 99522
101248 99497
101243 99519
101287 99529
101282 99551
101326 99561
101331 99539
101353 99544
101333 99632
101311 99627
101306 99649
101284 99644
101294 99600
101272 99595
101267 99617
101245 99612
101240 99634
101262 99639
101252 99683
101274 99688
101279 99666
101301 99671
101296 99693
101340 99703
101345 99681
101323 99676
101328 99654
101350 99659
101380 99527
101402 99532
101397 99554
101419 99559
101414 99581
101392 99576
101382 99620
101404 99625
101384 99713
101406 99718
101466 99454
101488 99459
101483 99481
101505 99486
101500 99508
101588 99528
101583 99550
101517 99535
101512 99557
101468 99547
101463 99569
101507 99579
101487 99667
101509 99672
101524 99606
101546 99611
101541 99633
101563 99638
101558 99660
101580 99665
101585 99643
101651 99658
101661 99614
101683 99619
101668 99685
101646 99680
101641 99702
101663 99707
101658 99729
101614 99719
101619 99697
101531 99677
101526 99699
101548 99704
101543 99726
101433 99701
101428 99723
101494 99738
101489 99760
101335 99725
101330 99747
101440 99772
101435 99794
101369 99779
101364 99801
101342 99796
101347 99774
101325 99769
101315 99813
101337 99818
101332 99840
101310 99835
101305 99857
101173 99827
101168 99849
101234 99864
101229 99886
101207 99881
101202 99903
101004 99858
100994 99902
101016 99907
101021 99885
101043 99890
101038 99912
101060 99917
101065 99895
101087 99900
101082 99922
101104 99927
101099 99949
101121 99954
101131 99910
101153 99915
101148 99937
101192 99947
101197 99925
101219 99930
101224 99908
101246 99913
101256 99869
101322 99884
101327 99862
101349 99867
101359 99823
101381 99828
101386 99806
101452 99821
101462 99777
101506 99787
101496 99831
101474 99826
101469 99848
101491 99853
101486 99875
101508 99880
101533 99770
101511 99765
101516 99743
101560 99753
101570 99709
101592 99714
101587 99736
101631 99746
101626 99768
101582 99758
101577 99780
101643 99795
101648 99773
101670 99778
101680 99734
101702 99739
101692 99783
101714 99788
101719 99766
101741 99771
101746 99749
101790 99759
101780 99803
101758 99798
101753 99820
101687 99805
101677 99849
101699 99854
101694 99876
101650 99866
101645 99888
101601 99878
101596 99900
101530 99885
101525 99907
101437 99887
101432 99909
101542 99934
101547 99912
101569 99917
101564 99939
101586 99944
101581 99966
101603 99971
101598 99993
101664 100008
101659 100030
101571 100010
101576 99988
101554 99983
101549 100005
101527 100000
101532 99978
101488 99968
101483 99990
101461 99985
101466 99963
101444 99958
101439 99980
101417 99975
101427 99931
101405 99926
101390 99992
101368 99987
101373 99965
101241 99935
101236 99957
101346 99982
101341 100004
101385 100014
101380 100036
101314 100021
101309 100043
101375 100058
101365 100102
101321 100092
101316 100114
101294 100109
101304 100065
101282 100060
101277 100082
101255 100077
101275 99989
101231 99979
101226 100001
101248 100006
101243 100028
101221 100023
101216 100045
101194 100040
101209 99974
101187 99969
101177 100013
101133 100003
101138 99981
101116 99976
101111 99998
101089 99993
101094 99971
101072 99966
101077 99944
101055 99939
101050 99961
101006 99951
101001 99973
101023 99978
101018 100000
101040 100005
101045 99983
101067 99988
101062 100010
101150 100030
101145 100052
101079 100037
101074 100059
101052 100054
101057 100032
101035 100027
101025 100071
101091 100086
101096 100064
101162 100079
101167 100057
101233 100072
101228 100094
101272 100104
101267 100126
101289 100131
101279 100175
101213 100160
101198 100226
101220 100231
101230 100187
101252 100192
101247 100214
101269 100219
101274 100197
101296 100202
101306 100158
101328 100163
101323 100185
101345 100190
101355 100146
101333 100141
101338 100119
101382 100129
101402 100041
101424 100046
101419 100068
101441 100073
101446 100051
101468 100056
101473 100034
101407 100019
101412 99997
101566 100032
101561 100054
101495 100039
101485 100083
101507 100088
101512 100066
101578 100081
101588 100037
101632 100047
101627 100069
101693 100084
101688 100106
101644 100096
101639 100118
101683 100128
101678 100150
101590 100130
101585 100152
101563 100147
101573 100103
101551 100098
101541 100142
101519 100137
101514 100159
101492 100154
101502 100110
101436 100095
101431 100117
101475 100127
101470 100149
101448 100144
101443 100166
101421 100161
101411 100205
101367 100195
101362 100217
101340 100212
101335 100234
101379 100244
101384 100222
101428 100232
101438 100188
101460 100193
101465 100171
101509 100181
101504 100203
101482 100198
101477 100220
101499 100225
101484 100291
101374 100266
101369 100288
101479 100313
101469 100357
101491 100362
101526 100208
101548 100213
101528 100301
101550 100306
101575 100196
101553 100191
101558 100169
101602 100179
101607 100157
101651 100167
101646 100189
101624 100184
101619 100206
101597 100201
101587 100245
101609 100250
101614 100228
101658 100238
101653 100260
101697 100270
101702 100248
101680 100243
101685 100221
101663 100216
101668 100194
101690 100199
101695 100177
101717 100182
101707 100226
101729 100231
101739 100187
101761 100192
101751 100236
101795 100246
101790 100268
101768 100263
101763 100285
101741 100280
101736 100302
101780 100312
101775 100334
101753 100329
101748 100351
101704 100341
101709 100319
101599 100294
101594 100316
101660 100331
101655 100353
101721 100368
101716 100390
101672 100380
101667 100402
101689 100407
101684 100429
101750 100444
101745 100466
101635 100441
101650 100375
101606 100365
101611 100343
101545 100328
101540 100350
101584 100360
101579 100382
101535 100372
101530 100394
101508 100389
101503 100411
101547 100421
101552 100399
101596 100409
101601 100387
101623 100392
101613 100436
101569 100426
101564 100448
101652 100468
101647 100490
101625 100485
101620 100507
101642 100512
101622 100600
101556 100585
101566 100541
101544 100536
101534 100580
101490 100570
101495 100548
101473 100543
101483 100499
101461 100494
101466 100472
101444 100467
101449 100445
101471 100450
101476 100428
101432 100418
101417 100484
101439 100489
101434 100511
101390 100501
101410 100413
101388 100408
101398 100364
101376 100359
101361 100425
101383 100430
101373 100474
101351 100469
101356 100447
101312 100437
101317 100415
101251 100400
101241 100444
101263 100449
101268 100427
101290 100432
101285 100454
101329 100464
101324 100486
101368 100496
101363 100518
101319 100508
101314 100530
101292 100525
101297 100503
101253 100493
101258 100471
101236 100466
101226 100510
101270 100520
101265 100542
101331 100557
101336 100535
101380 100545
101385 100523
101451 100538
101446 100560
101468 100565
101463 100587
101551 100607
101541 100651
101497 100641
101502 100619
101458 100609
101453 100631
101475 100636
101470 100658
101514 100668
101499 100734
101455 100724
101450 100746
101428 100741
101433 100719
101411 100714
101421 100670
101399 100665
101379 100753
101357 100748
101382 100638
101360 100633
101365 100611
101299 100596
101294 100618
101338 100628
101328 100672
101350 100677
101345 100699
101301 100689
101296 100711
101340 100721
101335 100743
101313 100738
101308 100760
101286 100755
101291 100733
101269 100728
101289 100640
101267 100635
101272 100613
101250 100608
101240 100652
101218 100647
101238 100559
101216 100554
101196 100642
101152 100632
101162 100588
101118 100578
101123 100556
101101 100551
101116 100485
101094 100480
101099 100458
101121 100463
101126 100441
101192 100456
101197 100434
101131 100419
101136 100397
101114 100392
101119 100370
101075 100360
101070 100382
101092 100387
101087 100409
101109 100414
101104 100436
101082 100431
101067 100497
101089 100502
101074 100568
101052 100563
101057 100541
101035 100536
101050 100470
101028 100465
101038 100421
101016 100416
101021 100394
100999 100389
100989 100433
100967 100428
101007 100252
100963 100242
100958 100264
100980 100269
100940 100445
101006 100460
101001 100482
101023 100487
101018 100509
100996 100504
100991 100526
100903 100506
100918 100440
100896 100435
100891 100457
100869 100452
100884 100386
100862 100381
100872 100337
100740 100307
100750 100263
100728 100258
100713 100324
100779 100339
100774 100361
100796 100366
100791 100388
100813 100393
100823 100349
100845 100354
100835 100398
100857 100403
100847 100447
100737 100422
100747 100378
100725 100373
100720 100395
100698 100390
100708 100346
100686 100341
100671 100407
100715 100417
100710 100439
100886 100479
100881 100501
100859 100496
100854 100518
100832 100513
100827 100535
100739 100515
100734 100537
100712 100532
100707 100554
100751 100564
100756 100542
100844 100562
100849 100540
100871 100545
100876 100523
101008 100553
101003 100575
101047 100585
101042 100607
101020 100602
101015 100624
100795 100574
100785 100618
100807 100623
100812 100601
100988 100641
100983 100663
101005 100668
101010 100646
101032 100651
101037 100629
101059 100634
101069 100590
101135 100605
101125 100649
101257 100679
101237 100767
101215 100762
101225 100718
101203 100713
101188 100779
101166 100774
101176 100730
101154 100725
101139 100791
101117 100786
101122 100764
101056 100749
101041 100815
101019 100810
101024 100788
100980 100778
100990 100734
100968 100729
100978 100685
100890 100665
100895 100643
100829 100628
100824 100650
100802 100645
100792 100689
100814 100694
100819 100672
100841 100677
100846 100655
100868 100660
100863 100682
100951 100702
100946 100724
100836 100699
100831 100721
100787 100711
100782 100733
100848 100748
100853 100726
100897 100736
100892 100758
100914 100763
100919 100741
100963 100751
100958 100773
100936 100768
100931 100790
100997 100805
100992 100827
101058 100842
101073 100776
101095 100781
101090 100803
101156 100818
101161 100796
101183 100801
101178 100823
101200 100828
101195 100850
101129 100835
101124 100857
101102 100852
101097 100874
101141 100884
101146 100862
101190 100872
101180 100916
101202 100921
101232 100789
101254 100794
101249 100816
101271 100821
101276 100799
101298 100804
101288 100848
101244 100838
101239 100860
101261 100865
101251 100909
101273 100914
101283 100870
101305 100875
101295 100919
101317 100924
101312 100946
101246 100931
101241 100953
101373 100983
101368 101005
101346 101000
101341 101022
101297 101012
101292 101034
101270 101029
101275 101007
101253 101002
101248 101024
101226 101019
101236 100975
101214 100970
101199 101036
101177 101031
101187 100987
101121 100972
101126 100950
101104 100945
101099 100967
101077 100962
101082 100940
101060 100935
101065 100913
101043 100908
101033 100952
101011 100947
101016 100925
100994 100920
100984 100964
101006 100969
101001 100991
101023 100996
101028 100974
101050 100979
101045 101001
101089 101011
101094 100989
101138 100999
101133 101021
101111 101016
101106 101038
101128 101043
101118 101087
101096 101082
101091 101104
101069 101099
101079 101055
101057 101050
101047 101094
101025 101089
101035 101045
101013 101040
101018 101018
100864 100983
100869 100961
100847 100956
100852 100934
100874 100939
100904 100807
100882 100802
100877 100824
100855 100819
100865 100775
100843 100770
100838 100792
100816 100787
100811 100809
100789 100804
100799 100760
100777 100755
100772 100777
100750 100772
100760 100728
100738 100723
100728 100767
100706 100762
100711 100740
100689 100735
100679 100779
100767 100799
100762 100821
100872 100846
100867 100868
100823 100858
100818 100880
100862 100890
100857 100912
100835 100907
100825 100951
100803 100946
100798 100968
100710 100948
100720 100904
100698 100899
100713 100833
100669 100823
100674 100801
100630 100791
100640 100747
100596 100737
100591 100759
100613 100764
100603 100808
100647 100818
100642 100840
100686 100850
100671 100916
100693 100921
100683 100965
100815 100995
100820 100973
100842 100978
100837 101000
100991 101035
100986 101057
100854 101027
100849 101049
100805 101039
100800 101061
100866 101076
100871 101054
100959 101074
100949 101118
100971 101123
100981 101079
101003 101084
100998 101106
101042 101116
101037 101138
101059 101143
101064 101121
101152 101141
101147 101163
101125 101158
101120 101180
101098 101175
101103 101153
101081 101148
101071 101192
101115 101202
101110 101224
101044 101209
101054 101165
100988 101150
100983 101172
101027 101182
101017 101226
101039 101231
101034 101253
101056 101258
101051 101280
101073 101285
101058 101351
101036 101346
101041 101324
101019 101319
101014 101341
100992 101336
100997 101314
100975 101309
100980 101287
100958 101282
100953 101304
100931 101299
100941 101255
100919 101250
100904 101316
100926 101321
100921 101343
100877 101333
100887 101289
100865 101284
100875 101240
100809 101225
100814 101203
100836 101208
100851 101142
100807 101132
100817 101088
100773 101078
100768 101100
100790 101105
100780 101149
100824 101159
100819 101181
100797 101176
100792 101198
100770 101193
100765 101215
100743 101210
100748 101188
100726 101183
100716 101227
100848 101257
100838 101301
100860 101306
100855 101328
100833 101323
100828 101345
100894 101360
100889 101382
100867 101377
100862 101399
100884 101404
100869 101470
100891 101475
100881 101519
100859 101514
100864 101492
100820 101482
100835 101416
100813 101411
100803 101455
100781 101450
100776 101472
100754 101467
100759 101445
100737 101440
100732 101462
100710 101457
100730 101369
100796 101384
100801 101362
100779 101357
100784 101335
100740 101325
100735 101347
100713 101342
100698 101408
100676 101403
100691 101337
100669 101332
100709 101156
100687 101151
100652 101305
100630 101300
100640 101256
100618 101251
100633 101185
100655 101190
100660 101168
100616 101158
100591 101268
100613 101273
100608 101295
100586 101290
100581 101312
100559 101307
100579 101219
100557 101214
100532 101324
100598 101339
100603 101317
100647 101327
100642 101349
100664 101354
100659 101376
100637 101371
100632 101393
100610 101388
100615 101366
100571 101356
100566 101378
100544 101373
100539 101395
100561 101400
100556 101422
100490 101407
100485 101429
100551 101444
100546 101466
100524 101461
100519 101483
100541 101488
100536 101510
100514 101505
100509 101527
100465 101517
100470 101495
100492 101500
100502 101456
100436 101441
100441 101419
100463 101424
100468 101402
100424 101392
100429 101370
100473 101380
100478 101358
100434 101348
100439 101326
100505 101341
100515 101297
100493 101292
100488 101314
100444 101304
100454 101260
100432 101255
100412 101343
100390 101338
100385 101360
100363 101355
100378 101289
100356 101284
100361 101262
100405 101272
100410 101250
100388 101245
100393 101223
100459 101238
100464 101216
100486 101221
100491 101199
100535 101209
100540 101187
100518 101182
100523 101160
100545 101165
100585 100989
100563 100984
100553 101028
100531 101023
100536 101001
100514 100996
100504 101040
100548 101050
100538 101094
100472 101079
100467 101101
100533 101116
100528 101138
100506 101133
100496 101177
100474 101172
100469 101194
100447 101189
100442 101211
100420 101206
100425 101184
100381 101174
100376 101196
100354 101191
100364 101147
100386 101152
100411 101042
100433 101047
100443 101003
100465 101008
100505 100832
100527 100837
100532 100815
100466 100800
100461 100822
100483 100827
100448 100981
100426 100976
100416 101020
100394 101015
100379 101081
100357 101076
100387 100944
100431 100954
100436 100932
100414 100927
100424 100883
100402 100878
100407 100856
100385 100851
100390 100829
100368 100824
100358 100868
100380 100873
100375 100895
100397 100900
100392 100922
100370 100917
100350 101005
100328 101000
100333 100978
100311 100973
100301 101017
100345 101027
100340 101049
100274 101034
100279 101012
100257 101007
100297 100831
100253 100821
100273 100733
100251 100728
100226 100838
100270 100848
100240 100980
100218 100975
100223 100953
100201 100948
100196 100970
100174 100965
100169 100987
100235 101002
100230 101024
100252 101029
100247 101051
100335 101071
100330 101093
100374 101103
100369 101125
100347 101120
100327 101208
100371 101218
100366 101240
100344 101235
100339 101257
100295 101247
100290 101269
100334 101279
100329 101301
100351 101306
100346 101328
100302 101318
100307 101296
100285 101291
100275 101335
100341 101350
100336 101372
100380 101382
100375 101404
100353 101399
100343 101443
100321 101438
100331 101394
100309 101389
100314 101367
100292 101362
100282 101406
100304 101411
100299 101433
100233 101418
100253 101330
100231 101325
100216 101391
100194 101386
100214 101298
100236 101303
100266 101171
100244 101166
100219 101276
100197 101271
100202 101249
100180 101244
100210 101112
100166 101102
100161 101124
100183 101129
100173 101173
100129 101163
100144 101097
100012 101067
100007 101089
100117 101114
100102 101180
100168 101195
100153 101261
100175 101266
100170 101288
100192 101293
100187 101315
100099 101295
100104 101273
100038 101258
100033 101280
100077 101290
100072 101312
100160 101332
100155 101354
100177 101359
100167 101403
100211 101413
100206 101435
100272 101450
100267 101472
100201 101457
100196 101479
100152 101469
100147 101491
100125 101486
100140 101420
100096 101410
100101 101388
100079 101383
100089 101339
100067 101334
100052 101400
100074 101405
100069 101427
100113 101437
100108 101459
100086 101454
100081 101476
100015 101461
100010 101483
100164 101518
100159 101540
100181 101545
100176 101567
100132 101557
100137 101535
100071 101520
100066 101542
100044 101537
100034 101581
100056 101586
100051 101608
100029 101603
100024 101625
100002 101620
100027 101510
100005 101505
99980 101615
99958 101610
99983 101500
99961 101495
99966 101473
99922 101463
99932 101419
99954 101424
99959 101402
99937 101397
99942 101375
99986 101385
99996 101341
100018 101346
100028 101302
100006 101297
100001 101319
99979 101314
99984 101292
99962 101287
99987 101177
99943 101167
99953 101123
99975 101128
99985 101084
99963 101079
99958 101101
99936 101096
99921 101162
99899 101157
99909 101113
99887 101108
99892 101086
99914 101091
99929 101025
99907 101020
99902 101042
99880 101037
99870 101081
99826 101071
99816 101115
99838 101120
99843 101098
99865 101103
99860 101125
99882 101130
99877 101152
99811 101137
99806 101159
99960 101194
99935 101304
99957 101309
99952 101331
99974 101336
99969 101358
99925 101348
99915 101392
99893 101387
99918 101277
99896 101272
99901 101250
99879 101245
99869 101289
99891 101294
99866 101404
99910 101414
99895 101480
99939 101490
99934 101512
99956 101517
99951 101539
99929 101534
99924 101556
99946 101561
99941 101583
99919 101578
99914 101600
99892 101595
99897 101573
99875 101568
99865 101612
100019 101647
100014 101669
99992 101664
99987 101686
99965 101681
99960 101703
99894 101688
99884 101732
99906 101737
99901 101759
99923 101764
99918 101786
99896 101781
99891 101803
99913 101808
99908 101830
99842 101815
99857 101749
99813 101739
99828 101673
99850 101678
99845 101700
99867 101705
99877 101661
99855 101656
99860 101634
99838 101629
99833 101651
99811 101646
99776 101800
99732 101790
99737 101768
99715 101763
99720 101741
99764 101751
99769 101729
99747 101724
99752 101702
99730 101697
99735 101675
99779 101685
99784 101663
99740 101653
99750 101609
99772 101614
99782 101570
99826 101580
99836 101536
99814 101531
99809 101553
99787 101548
99837 101328
99859 101333
99864 101311
99842 101306
99847 101284
99825 101279
99830 101257
99852 101262
99857 101240
99813 101230
99808 101252
99786 101247
99776 101291
99820 101301
99795 101411
99773 101406
99778 101384
99756 101379
99746 101423
99790 101433
99785 101455
99763 101450
99753 101494
99775 101499
99755 101587
99711 101577
99706 101599
99728 101604
99708 101692
99686 101687
99691 101665
99647 101655
99652 101633
99630 101628
99625 101650
99603 101645
99613 101601
99679 101616
99684 101594
99618 101579
99643 101469
99621 101464
99631 101420
99675 101430
99680 101408
99702 101413
99707 101391
99685 101386
99690 101364
99712 101369
99717 101347
99695 101342
99725 101210
99791 101225
99801 101181
99779 101176
99774 101198
99752 101193
99757 101171
99735 101166
99740 101144
99784 101154
99794 101110
