7220
100585 99610
100435 99710
100465 99755
100495 99735
100485 99720
100470 99730
100460 99715
100490 99695
100500 99710
100515 99700
100505 99685
100610 99615
100630 99645
100660 99625
100670 99640
100610 99680
100620 99695
100650 99675
100660 99690
100675 99680
100665 99665
100695 99645
100685 99630
100700 99620
100710 99635
100725 99625
100715 99610
100745 99590
100735 99575
100750 99565
100770 99595
100785 99585
100765 99555
100825 99515
100815 99500
100905 99440
100915 99455
100840 99505
100850 99520
100865 99510
100875 99525
100845 99545
100835 99530
100790 99560
100810 99590
100765 99620
100775 99635
100745 99655
100735 99640
100720 99650
100730 99665
100655 99715
100645 99700
100630 99710
100650 99740
100800 99640
100790 99625
100835 99595
100815 99565
100830 99555
100840 99570
100855 99560
100865 99575
100850 99585
100860 99600
100890 99580
100880 99565
100895 99555
100885 99540
100900 99530
100880 99500
100940 99460
100920 99430
100935 99420
100955 99450
100970 99440
100950 99410
100980 99390
100990 99405
100975 99415
100995 99445
101010 99435
101000 99420
101015 99410
101025 99425
101040 99415
101020 99385
101005 99395
100995 99380
101025 99360
101045 99390
101180 99300
101190 99315
101130 99355
101140 99370
101185 99340
101195 99355
101210 99345
101200 99330
101215 99320
101225 99335
101240 99325
101230 99310
101245 99300
101265 99330
101250 99340
101260 99355
101275 99345
101285 99360
101300 99350
101310 99365
101280 99385
101300 99415
101240 99455
101230 99440
101275 99410
101235 99350
101220 99360
101250 99405
101220 99425
101210 99410
101225 99400
101215 99385
101200 99395
101180 99365
101165 99375
101195 99420
101180 99430
101160 99400
101130 99420
101110 99390
101095 99400
101115 99430
101100 99440
101080 99410
101065 99420
101095 99465
101065 99485
101055 99470
101070 99460
101060 99445
101045 99455
101035 99440
100975 99480
100985 99495
100970 99505
100980 99520
101010 99500
101000 99485
101030 99465
101040 99480
101025 99490
101035 99505
101020 99515
101030 99530
101045 99520
101055 99535
101040 99545
101050 99560
101080 99540
101060 99510
101075 99500
101095 99530
101110 99520
101090 99490
101120 99470
101110 99455
101155 99425
101175 99455
101130 99485
101140 99500
101170 99480
101180 99495
101135 99525
101145 99540
101130 99550
101140 99565
101170 99545
101160 99530
101205 99500
101185 99470
101200 99460
101230 99505
101200 99525
101210 99540
101165 99570
101175 99585
101235 99545
101225 99530
101255 99510
101245 99495
101260 99485
101250 99470
101265 99460
101295 99505
101265 99525
101275 99540
101320 99510
101330 99525
101285 99555
101295 99570
101280 99580
101260 99550
101230 99570
101240 99585
101210 99605
101220 99620
101205 99630
101185 99600
101170 99610
101160 99595
101145 99605
101165 99635
101180 99625
101200 99655
101245 99625
101235 99610
101265 99590
101285 99620
101300 99610
101290 99595
101305 99585
101315 99600
101360 99570
101350 99555
101365 99545
101385 99575
101355 99595
101375 99625
101360 99635
101340 99605
101325 99615
101335 99630
101320 99640
101310 99625
101295 99635
101305 99650
101290 99660
101300 99675
101345 99645
101355 99660
101340 99670
101350 99685
101335 99695
101345 99710
101330 99720
101310 99690
101295 99700
101285 99685
101270 99695
101260 99680
101275 99670
101265 99655
101250 99665
101240 99650
101195 99680
101205 99695
101235 99675
101245 99690
101200 99720
101110 99585
101125 99575
101115 99560
101085 99580
101095 99595
101080 99605
101070 99590
101040 99610
101020 99580
101005 99590
100985 99560
100970 99570
100980 99585
100965 99595
100955 99580
100910 99610
100920 99625
100950 99605
100960 99620
100975 99610
100985 99625
101015 99605
101025 99620
100995 99640
101005 99655
100990 99665
100980 99650
100965 99660
100955 99645
100940 99655
100960 99685
100945 99695
100925 99665
100910 99675
100930 99705
100900 99725
100890 99710
100905 99700
100865 99640
100850 99650
100880 99695
100865 99705
100845 99675
100815 99695
100825 99710
100840 99700
100860 99730
100875 99720
100885 99735
100855 99755
100865 99770
100925 99730
100935 99745
100905 99765
100925 99795
100910 99805
100900 99790
100885 99800
100895 99815
100865 99835
100835 99790
100850 99780
100810 99720
100750 99760
100740 99745
100710 99765
100700 99750
100685 99760
100675 99745
100645 99765
100635 99750
100620 99760
100610 99745
100595 99755
100575 99725
100560 99735
100550 99720
100535 99730
100545 99745
100530 99755
100520 99740
100475 99770
100485 99785
100515 99765
100525 99780
100570 99750
100580 99765
100565 99775
100575 99790
100515 99830
100495 99800
100465 99820
100445 99790
100415 99810
100425 99825
100440 99815
100450 99830
100435 99840
100445 99855
100490 99825
100500 99840
100470 99860
100480 99875
100585 99805
100595 99820
100610 99810
100590 99780
100605 99770
100615 99785
100630 99775
100640 99790
100670 99770
100680 99785
100665 99795
100675 99810
100735 99770
100745 99785
100805 99745
100815 99760
100755 99800
100765 99815
100735 99835
100715 99805
100700 99815
100710 99830
100695 99840
100705 99855
100690 99865
100650 99805
100605 99835
100615 99850
100645 99830
100685 99890
100700 99880
100710 99895
100725 99885
100715 99870
100790 99820
100780 99805
100810 99785
100840 99830
100825 99840
100815 99825
100755 99865
100765 99880
100780 99870
100790 99885
100775 99895
100785 99910
100815 99890
100795 99860
100810 99850
100820 99865
100835 99855
100845 99870
100905 99830
100915 99845
100930 99835
100940 99850
100970 99830
100960 99815
100945 99825
100935 99810
100950 99800
100930 99770
100945 99760
100985 99820
101000 99810
100970 99765
100985 99755
100975 99740
100960 99750
100950 99735
100965 99725
100955 99710
100970 99700
100980 99715
100995 99705
100985 99690
101030 99660
101020 99645
101035 99635
101045 99650
101060 99640
101050 99625
101065 99615
101075 99630
101105 99610
101135 99655
101120 99665
101100 99635
101070 99655
101080 99670
101065 99680
101075 99695
101060 99705
101050 99690
101005 99720
101015 99735
101045 99715
101065 99745
101020 99775
101040 99805
101025 99815
101035 99830
101065 99810
101045 99780
101060 99770
101070 99785
101085 99775
101075 99760
101090 99750
101080 99735
101095 99725
101085 99710
101100 99700
101090 99685
101105 99675
101115 99690
101145 99670
101175 99715
101130 99745
101120 99730
101105 99740
101115 99755
101100 99765
101110 99780
101080 99800
101090 99815
101120 99795
101130 99810
101160 99790
101150 99775
101135 99785
101125 99770
101170 99740
101180 99755
101255 99705
101265 99720
101280 99710
101290 99725
101305 99715
101315 99730
101285 99750
101295 99765
101340 99735
101350 99750
101290 99790
101280 99775
101220 99815
101230 99830
101215 99840
101195 99810
101180 99820
101200 99850
101185 99860
101195 99875
101225 99855
101235 99870
101190 99900
101140 99825
101125 99835
101115 99820
101100 99830
101110 99845
101095 99855
101075 99825
101045 99845
101055 99860
101070 99850
101090 99880
101135 99850
101145 99865
101130 99875
101140 99890
101155 99880
101175 99910
101160 99920
101170 99935
101260 99875
101240 99845
101255 99835
101265 99850
101280 99840
101260 99810
101275 99800
101285 99815
101345 99775
101355 99790
101310 99820
101320 99835
101380 99795
101370 99780
101385 99770
101405 99800
101360 99830
101370 99845
101400 99825
101410 99840
101395 99850
101405 99865
101390 99875
101380 99860
101365 99870
101355 99855
101340 99865
101330 99850
101300 99870
101310 99885
101295 99895
101305 99910
101290 99920
101270 99890
101255 99900
101285 99945
101330 99915
101340 99930
101370 99910
101380 99925
101365 99935
101375 99950
101345 99970
101355 99985
101340 99995
101320 99965
101290 99985
101270 99955
101240 99975
101250 99990
101265 99980
101275 99995
101230 100025
101240 100040
101315 99990
101325 100005
101235 100065
101225 100050
101210 100060
101200 100045
101215 100035
101205 100020
101190 100030
101180 100015
101210 99995
101200 99980
101170 100000
101120 99925
101135 99915
101125 99900
101095 99920
101075 99890
101060 99900
101040 99870
101010 99890
101000 99875
101030 99855
101020 99840
100960 99880
100980 99910
100995 99900
101005 99915
101035 99895
101065 99940
101080 99930
101090 99945
101105 99935
101145 99995
101130 100005
101100 99960
101085 99970
101095 99985
101080 99995
101060 99965
101045 99975
101075 100020
101105 100000
101115 100015
101100 100025
101110 100040
101095 100050
101085 100035
101070 100045
101090 100075
101135 100045
101125 100030
101155 100010
101185 100055
101170 100065
101160 100050
101145 100060
101155 100075
101080 100125
101060 100095
101075 100085
100955 99905
100940 99915
100930 99900
100885 99930
100895 99945
100925 99925
100935 99940
100950 99930
101020 100035
101005 100045
101015 100060
100970 100090
100940 100045
100955 100035
100965 100050
100995 100030
100975 100000
100960 100010
100920 99950
100905 99960
100935 100005
100920 100015
100930 100030
100915 100040
100935 100070
100920 100080
100890 100035
100905 100025
100875 99980
100860 99990
100820 99930
100790 99950
100760 99905
100730 99925
100740 99940
100755 99930
100785 99975
100815 99955
100835 99985
100805 100005
100815 100020
100845 100000
100855 100015
100870 100005
100880 100020
100865 100030
100895 100075
100880 100085
100860 100055
100830 100075
100800 100030
100785 100040
100825 100100
100855 100080
100875 100110
100890 100100
100900 100115
100855 100145
100845 100130
100830 100140
100740 100005
100755 99995
100695 99905
100665 99925
100645 99895
100630 99905
100590 99845
100530 99885
100520 99870
100475 99900
100455 99870
100440 99880
100460 99910
100445 99920
100415 99875
100430 99865
100420 99850
100375 99880
100385 99895
100400 99885
100420 99915
100390 99935
100360 99890
100345 99900
100355 99915
100325 99935
100335 99950
100365 99930
100385 99960
100415 99940
100425 99955
100515 99895
100525 99910
100585 99870
100625 99930
100640 99920
100650 99935
100620 99955
100610 99940
100595 99950
100585 99935
100570 99945
100550 99915
100520 99935
100510 99920
100450 99960
100460 99975
100505 99945
100515 99960
100545 99940
100555 99955
100495 99995
100485 99980
100440 100010
100420 99980
100390 100000
100410 100030
100425 100020
100435 100035
100450 100025
100460 100040
100475 100030
100465 100015
100480 100005
100490 100020
100580 99960
100590 99975
100605 99965
100615 99980
100585 100000
100595 100015
100610 100005
100620 100020
100635 100010
100625 99995
100640 99985
100630 99970
100690 99930
100700 99945
100655 99975
100665 99990
100710 99960
100730 99990
100715 100000
100705 99985
100690 99995
100710 100025
100695 100035
100675 100005
100660 100015
100690 100060
100735 100030
100805 100135
100790 100145
100740 100070
100710 100090
100720 100105
100735 100095
100745 100110
100730 100120
100740 100135
100725 100145
100665 100055
100650 100065
100660 100080
100645 100090
100655 100105
100670 100095
100680 100110
100650 100130
100590 100040
100515 100090
100525 100105
100585 100065
100635 100140
100620 100150
100580 100090
100565 100100
100575 100115
100560 100125
100550 100110
100535 100120
100555 100150
100585 100130
100605 100160
100575 100180
100565 100165
100550 100175
100560 100190
100545 100200
100525 100170
100540 100160
100480 100070
100450 100090
100430 100060
100415 100070
100445 100115
100475 100095
100505 100140
100490 100150
100480 100135
100450 100155
100440 100140
100410 100160
100400 100145
100430 100125
100410 100095
100395 100105
100385 100090
100400 100080
100390 100065
100375 100075
100365 100060
100380 100050
100370 100035
100385 100025
100355 99980
100340 99990
100320 99960
100305 99970
100335 100015
100350 100005
100360 100020
100345 100030
100355 100045
100340 100055
100330 100040
100315 100050
100305 100035
100290 100045
100310 100075
100325 100065
100335 100080
100350 100070
100390 100130
100345 100160
100305 100100
100290 100110
100310 100140
100295 100150
100265 100105
100250 100115
100240 100100
100255 100090
100225 100045
100270 100015
100220 99940
100175 99970
100185 99985
100170 99995
100180 100010
100210 99990
100200 99975
100215 99965
100245 100010
100200 100040
100190 100025
100175 100035
100205 100080
100220 100070
100230 100085
100215 100095
100245 100140
100260 100130
100290 100175
100305 100165
100315 100180
100330 100170
100340 100185
100385 100155
100395 100170
100380 100180
100390 100195
100435 100165
100445 100180
100475 100160
100485 100175
100500 100165
100530 100210
100500 100230
100490 100215
100475 100225
100455 100195
100425 100215
100415 100200
100355 100240
100335 100210
100320 100220
100310 100205
100280 100225
100290 100240
100305 100230
100315 100245
100330 100235
100360 100280
100375 100270
100365 100255
100410 100225
100420 100240
100450 100220
100470 100250
100485 100240
100495 100255
100525 100235
100535 100250
100475 100290
100445 100245
100430 100255
100440 100270
100410 100290
100400 100275
100370 100295
100380 100310
100395 100300
100405 100315
100435 100295
100445 100310
100460 100300
100470 100315
100560 100255
100540 100225
100585 100195
100605 100225
100575 100245
100585 100260
100570 100270
100580 100285
100610 100265
100600 100250
100630 100230
100600 100185
100615 100175
100645 100220
100660 100210
100630 100165
100690 100125
100710 100155
100680 100175
100690 100190
100765 100140
100775 100155
100760 100165
100770 100180
100815 100150
100825 100165
100780 100195
100790 100210
100745 100240
100755 100255
100800 100225
100810 100240
100720 100300
100730 100315
100835 100245
100805 100200
100925 100120
100915 100105
100930 100095
100940 100110
100955 100100
100965 100115
100950 100125
100960 100140
100945 100150
100935 100135
100890 100165
100900 100180
100855 100210
100885 100255
100855 100275
100865 100290
100850 100300
100840 100285
100780 100325
100790 100340
100835 100310
100845 100325
100860 100315
100870 100330
100900 100310
100880 100280
100895 100270
100905 100285
100920 100275
100930 100290
100945 100280
100925 100250
100910 100260
100880 100215
100925 100185
100915 100170
100930 100160
100970 100220
100985 100210
100955 100165
100985 100145
101005 100175
100990 100185
101000 100200
101015 100190
101025 100205
100980 100235
100990 100250
101050 100210
100980 100105
101040 100065
101050 100080
101035 100090
101075 100150
101045 100170
101065 100200
101080 100190
101070 100175
101100 100155
101090 100140
101180 100080
101190 100095
101205 100085
101215 100100
101335 100020
101345 100035
101255 100095
101265 100110
101220 100140
101230 100155
101290 100115
101280 100100
101310 100080
101320 100095
101350 100075
101340 100060
101370 100040
101380 100055
101365 100065
101385 100095
101400 100085
101390 100070
101405 100060
101395 100045
101410 100035
101400 100020
101415 100010
101435 100040
101450 100030
101440 100015
101455 100005
101475 100035
101505 100015
101515 100030
101530 100020
101540 100035
101555 100025
101565 100040
101550 100050
101560 100065
101530 100085
101520 100070
101535 100060
101525 100045
101495 100065
101505 100080
101475 100100
101455 100070
101440 100080
101430 100065
101415 100075
101435 100105
101450 100095
101470 100125
101455 100135
101445 100120
101430 100130
101450 100160
101480 100140
101500 100170
101470 100190
101480 100205
101495 100195
101505 100210
101490 100220
101500 100235
101485 100245
101475 100230
101460 100240
101450 100225
101465 100215
101445 100185
101400 100215
101380 100185
101410 100165
101380 100120
101365 100130
101385 100160
101355 100180
101345 100165
101330 100175
101350 100205
101335 100215
101325 100200
101310 100210
101290 100180
101275 100190
101265 100175
101205 100215
101195 100200
101180 100210
101170 100195
101155 100205
101145 100190
101115 100210
101125 100225
101140 100215
101150 100230
101165 100220
101175 100235
101190 100225
101210 100255
101225 100245
101215 100230
101260 100200
101270 100215
101285 100205
101295 100220
101280 100230
101290 100245
101275 100255
101255 100225
101240 100235
101270 100280
101300 100260
101320 100290
101335 100280
101305 100235
101320 100225
101330 100240
101375 100210
101385 100225
101355 100245
101365 100260
101425 100220
101435 100235
101420 100245
101430 100260
101415 100270
101405 100255
101390 100265
101420 100310
101405 100320
101385 100290
101370 100300
101380 100315
101365 100325
101375 100340
101360 100350
101330 100305
101300 100325
101310 100340
101325 100330
101335 100345
101305 100365
101275 100320
101260 100330
101250 100315
101235 100325
101215 100295
101230 100285
101220 100270
101175 100300
101155 100270
101170 100260
101160 100245
101145 100255
101135 100240
101120 100250
101090 100205
100925 100315
100935 100330
101025 100270
101035 100285
101020 100295
101030 100310
101060 100290
101040 100260
101070 100240
101080 100255
101095 100245
101105 100260
101075 100280
101085 100295
101130 100265
101140 100280
101125 100290
101135 100305
101090 100335
101070 100305
101055 100315
101075 100345
101060 100355
101050 100340
101035 100350
101025 100335
101010 100345
100990 100315
100975 100325
101005 100370
101020 100360
101030 100375
101045 100365
101055 100380
101085 100360
101095 100375
101125 100355
101115 100340
101160 100310
101170 100325
101200 100305
101210 100320
101195 100330
101205 100345
101220 100335
101230 100350
101245 100340
101255 100355
101210 100385
101200 100370
101185 100380
101205 100410
101220 100400
101230 100415
101200 100435
101190 100420
101175 100430
101155 100400
101125 100420
101105 100390
101075 100410
101085 100425
101100 100415
101120 100445
101150 100425
101160 100440
101145 100450
101155 100465
101185 100445
101195 100460
101255 100420
101235 100390
101280 100360
101310 100405
101295 100415
101305 100430
101335 100410
101315 100380
101345 100360
101355 100375
101400 100345
101410 100360
101395 100370
101405 100385
101345 100425
101355 100440
101385 100420
101395 100435
101425 100415
101435 100430
101405 100450
101425 100480
101410 100490
101390 100460
101375 100470
101385 100485
101370 100495
101330 100435
101300 100455
101290 100440
101260 100460
101270 100475
101285 100465
101295 100480
101325 100460
101335 100475
101290 100505
101300 100520
101330 100500
101340 100515
101355 100505
101365 100520
101395 100500
101405 100515
101390 100525
101410 100555
101440 100535
101430 100520
101475 100490
101485 100505
101455 100525
101475 100555
101445 100575
101455 100590
101485 100570
101495 100585
101480 100595
101490 100610
101475 100620
101465 100605
101435 100625
101425 100610
101440 100600
101430 100585
101415 100595
101405 100580
101390 100590
101370 100560
101355 100570
101345 100555
101330 100565
101320 100550
101335 100540
101325 100525
101295 100545
101275 100515
101260 100525
101230 100480
101215 100490
101205 100475
101175 100495
101185 100510
101200 100500
101210 100515
101225 100505
101255 100550
101270 100540
101290 100570
101305 100560
101335 100605
101365 100585
101385 100615
101400 100605
101420 100635
101405 100645
101415 100660
101430 100650
101450 100680
101435 100690
101425 100675
101410 100685
101400 100670
101370 100690
101350 100660
101365 100650
101375 100665
101390 100655
101370 100625
101340 100645
101320 100615
101305 100625
101335 100670
101320 100680
101310 100665
101295 100675
101275 100645
101290 100635
101280 100620
101295 100610
101285 100595
101255 100615
101265 100630
101250 100640
101190 100550
101175 100560
101235 100650
101220 100660
101230 100675
101260 100655
101270 100670
101255 100680
101265 100695
101250 100705
101270 100735
101255 100745
101235 100715
101220 100725
101200 100695
101215 100685
101185 100640
101200 100630
101180 100600
101165 100610
101175 100625
101160 100635
101190 100680
101175 100690
101205 100735
101190 100745
101160 100700
101145 100710
101135 100695
101165 100675
101155 100660
101140 100670
101120 100640
101150 100620
101130 100590
101160 100570
101150 100555
101165 100545
101145 100515
101130 100525
101140 100540
101125 100550
101115 100535
101070 100565
101060 100550
101090 100530
101040 100455
101070 100435
101060 100420
101000 100460
100990 100445
101020 100425
101000 100395
100985 100405
100965 100375
100980 100365
100970 100350
100940 100370
100960 100400
100945 100410
100935 100395
100920 100405
100940 100435
100970 100415
100980 100430
100965 100440
100975 100455
100960 100465
100950 100450
100935 100460
100955 100490
100985 100470
100995 100485
101025 100465
101065 100525
101035 100545
101065 100590
101110 100560
101120 100575
101075 100605
101085 100620
101115 100600
101125 100615
101095 100635
101125 100680
101110 100690
101120 100705
101105 100715
101115 100730
101130 100720
101140 100735
101155 100725
101165 100740
101120 100770
101100 100740
101085 100750
101115 100795
101175 100755
101185 100770
101170 100780
101180 100795
101165 100805
101155 100790
101125 100810
101135 100825
101120 100835
101110 100820
101095 100830
101085 100815
101070 100825
101090 100855
101105 100845
101115 100860
101100 100870
101110 100885
101095 100895
101085 100880
101070 100890
101060 100875
101075 100865
101065 100850
101050 100860
101040 100845
101025 100855
101015 100840
101030 100830
101010 100800
101025 100790
101035 100805
101050 100795
101030 100765
101045 100755
101025 100725
101085 100685
101065 100655
101050 100665
101060 100680
101045 100690
101035 100675
101020 100685
101030 100700
101015 100710
100995 100680
101070 100630
101060 100615
101000 100655
100990 100640
100960 100660
100950 100645
101040 100585
101000 100525
100985 100535
101015 100580
100970 100610
100960 100595
100945 100605
100955 100620
100940 100630
100910 100585
100895 100595
100955 100685
100970 100675
101000 100720
100970 100740
100940 100695
100925 100705
100915 100690
100930 100680
100890 100620
100875 100630
100895 100660
100880 100670
100860 100640
100845 100650
100855 100665
100840 100675
100830 100660
100800 100680
100790 100665
100805 100655
100795 100640
100825 100620
100835 100635
100850 100625
100840 100610
100855 100600
100865 100615
100880 100605
100870 100590
100900 100570
100890 100555
100920 100535
100910 100520
100925 100510
100885 100450
100900 100440
100890 100425
100875 100435
100835 100375
100820 100385
100830 100400
100815 100410
100825 100425
100840 100415
100850 100430
100820 100450
100790 100405
100805 100395
100795 100380
100765 100400
100755 100385
100785 100365
100775 100350
100745 100370
100725 100340
100710 100350
100770 100440
100785 100430
100815 100475
100860 100445
100900 100505
100885 100515
100895 100530
100865 100550
100875 100565
100845 100585
100835 100570
100820 100580
100830 100595
100785 100625
100765 100595
100780 100585
100760 100555
100805 100525
100795 100510
100780 100520
100730 100445
100715 100455
100705 100440
100690 100450
100670 100420
100685 100410
100625 100320
100610 100330
100600 100315
100585 100325
100605 100355
100620 100345
100660 100405
100645 100415
100685 100475
100700 100465
100710 100480
100725 100470
100765 100530
100750 100540
100730 100510
100715 100520
100755 100580
100740 100590
100780 100650
100765 100660
100715 100585
100730 100575
100640 100440
100625 100450
100665 100510
100635 100530
100615 100500
100600 100510
100580 100480
100610 100460
100590 100430
100605 100420
100595 100405
100580 100415
100520 100325
100505 100335
100525 100365
100510 100375
100520 100390
100535 100380
100545 100395
100530 100405
100540 100420
100555 100410
100585 100455
100555 100475
100605 100550
100620 100540
100630 100555
100675 100525
100705 100570
100690 100580
100700 100595
100685 100605
100665 100575
100650 100585
100660 100600
100645 100610
100635 100595
100590 100625
100580 100610
100610 100590
100600 100575
100585 100585
100575 100570
100590 100560
100580 100545
100565 100555
100555 100540
100570 100530
100520 100455
100535 100445
100475 100355
100445 100375
100435 100360
100465 100340
100455 100325
100410 100355
100440 100400
100470 100380
100490 100410
100475 100420
100465 100405
100450 100415
100470 100445
100500 100425
100510 100440
100480 100460
100490 100475
100505 100465
100545 100525
100530 100535
100540 100550
100525 100560
100515 100545
100500 100555
100490 100540
100475 100550
100465 100535
100480 100525
100470 100510
100485 100500
100475 100485
100460 100495
100450 100480
100465 100470
100455 100455
100440 100465
100430 100450
100445 100440
100395 100365
100380 100375
100420 100435
100405 100445
100375 100400
100345 100420
100335 100405
100365 100385
100325 100325
100355 100305
100345 100290
100330 100300
100300 100255
100285 100265
100315 100310
100300 100320
100340 100380
100325 100390
100295 100345
100280 100355
100340 100445
100370 100425
100400 100470
100415 100460
100435 100490
100420 100500
100430 100515
100445 100505
100455 100520
100440 100530
100450 100545
100435 100555
100425 100540
100410 100550
100430 100580
100460 100560
100470 100575
100485 100565
100495 100580
100510 100570
100520 100585
100550 100565
100570 100595
100525 100625
100535 100640
100490 100670
100500 100685
100530 100665
100540 100680
100555 100670
100545 100655
100560 100645
100550 100630
100565 100620
100585 100650
100630 100620
100640 100635
100670 100615
100680 100630
100665 100640
100675 100655
100705 100635
100695 100620
100710 100610
100740 100655
100725 100665
100735 100680
100750 100670
100760 100685
100775 100675
100785 100690
100770 100700
100780 100715
100825 100685
100835 100700
100865 100680
100875 100695
100890 100685
100910 100715
100880 100735
100890 100750
100935 100720
100965 100765
101010 100735
101020 100750
101005 100760
101015 100775
100985 100795
101005 100825
100990 100835
100960 100790
100930 100810
100920 100795
100905 100805
100885 100775
100870 100785
100880 100800
100850 100820
100860 100835
100875 100825
100885 100840
100915 100820
100925 100835
100910 100845
100920 100860
100950 100840
100940 100825
100955 100815
100985 100860
100970 100870
100960 100855
100945 100865
100965 100895
101010 100865
101020 100880
100975 100910
100985 100925
101045 100885
101055 100900
101040 100910
101050 100925
101035 100935
101025 100920
101010 100930
101030 100960
101015 100970
101035 101000
101095 100960
101125 101005
101110 101015
101120 101030
101105 101040
101085 101010
101055 101030
101045 101015
101030 101025
101010 100995
100965 101025
100955 101010
100985 100990
100975 100975
100990 100965
100980 100950
100950 100970
100960 100985
100945 100995
100925 100965
100910 100975
100930 101005
100915 101015
100885 100970
100945 100930
100925 100900
100910 100910
100920 100925
100890 100945
100880 100930
100865 100940
100855 100925
100900 100895
100880 100865
100865 100875
100875 100890
100860 100900
100840 100870
100855 100860
100845 100845
100830 100855
100820 100840
100835 100830
100825 100815
100840 100805
100820 100775
100835 100765
100825 100750
100795 100770
100815 100800
100800 100810
100810 100825
100780 100845
100760 100815
100745 100825
100735 100810
100765 100790
100755 100775
100725 100795
100685 100735
100715 100715
100695 100685
100680 100695
100690 100710
100675 100720
100635 100660
100620 100670
100610 100655
100580 100675
100590 100690
100605 100680
100615 100695
100630 100685
100650 100715
100635 100725
100645 100740
100630 100750
100600 100705
100570 100725
100550 100695
100535 100705
100565 100750
100595 100730
100615 100760
100600 100770
100610 100785
100670 100745
100700 100790
100685 100800
100675 100785
100630 100815
100620 100800
100605 100810
100575 100765
100560 100775
100520 100715
100505 100725
100465 100665
100450 100675
100480 100720
100465 100730
100375 100595
100390 100585
100370 100555
100355 100565
100365 100580
100350 100590
100460 100755
100490 100735
100500 100750
100515 100740
100555 100800
100570 100790
100580 100805
100550 100825
100560 100840
100590 100820
100600 100835
100615 100825
100635 100855
100650 100845
100640 100830
100670 100810
100680 100825
100710 100805
100720 100820
100690 100840
100710 100870
100695 100880
100675 100850
100615 100890
100585 100845
100570 100855
100580 100870
100565 100880
100525 100820
100510 100830
100560 100905
100590 100885
100610 100915
100655 100885
100665 100900
100680 100890
100690 100905
100720 100885
100730 100900
100745 100890
100715 100845
100730 100835
100740 100850
100755 100840
100775 100870
100805 100850
100835 100895
100820 100905
100810 100890
100795 100900
100815 100930
100830 100920
100840 100935
100825 100945
100835 100960
100820 100970
100800 100940
100755 100970
100745 100955
100775 100935
100765 100920
100735 100940
100715 100910
100700 100920
100720 100950
100705 100960
100685 100930
100670 100940
100700 100985
100715 100975
100725 100990
100740 100980
100750 100995
100795 100965
100815 100995
100860 100965
100910 101040
100895 101050
100865 101005
100850 101015
100900 101090
100885 101100
100825 101010
100810 101020
100860 101095
100845 101105
100815 101060
100800 101070
100820 101100
100805 101110
100735 101005
100720 101015
100750 101060
100735 101070
100715 101040
100700 101050
100710 101065
100695 101075
100675 101045
100690 101035
100650 100975
100635 100985
100655 101015
100640 101025
100610 100980
100625 100970
100615 100955
100630 100945
100620 100930
100590 100950
100600 100965
100585 100975
100625 101035
100610 101045
100560 100970
100545 100980
100605 101070
100650 101040
100660 101055
100645 101065
100655 101080
100670 101070
100680 101085
100650 101105
100640 101090
100625 101100
100645 101130
100705 101090
100715 101105
100745 101085
100755 101100
100770 101090
100780 101105
100765 101115
100775 101130
100790 101120
100800 101135
100830 101115
100840 101130
100855 101120
100875 101150
100860 101160
100850 101145
100835 101155
100825 101140
100795 101160
100805 101175
100790 101185
100800 101200
100785 101210
100805 101240
100790 101250
100780 101235
100765 101245
100775 101260
100760 101270
100730 101225
100775 101195
100755 101165
100740 101175
100750 101190
100720 101210
100710 101195
100725 101185
100705 101155
100720 101145
100700 101115
100685 101125
100695 101140
100680 101150
100700 101180
100685 101190
100675 101175
100660 101185
100650 101170
100665 101160
100655 101145
100625 101165
100655 101210
100670 101200
100680 101215
100695 101205
100715 101235
100700 101245
100690 101230
100675 101240
100665 101225
100650 101235
100550 101085
100565 101075
100525 101015
100510 101025
100540 101070
100525 101080
100635 101245
100620 101255
100610 101240
100595 101250
100585 101235
100570 101245
100560 101230
100575 101220
100565 101205
100535 101225
100565 101270
100580 101260
100590 101275
100605 101265
100615 101280
100660 101250
100670 101265
100685 101255
100695 101270
100725 101250
100735 101265
100720 101275
100730 101290
100715 101300
100705 101285
100690 101295
100710 101325
100695 101335
100675 101305
100660 101315
100650 101300
100635 101310
100625 101295
100610 101305
100630 101335
100615 101345
100625 101360
100595 101380
100585 101365
100600 101355
100590 101340
100575 101350
100565 101335
100580 101325
100570 101310
100555 101320
100535 101290
100520 101300
100570 101375
100555 101385
100575 101415
100560 101425
100540 101395
100525 101405
100505 101375
100520 101365
100510 101350
100495 101360
100475 101330
100460 101340
100450 101325
100480 101305
100490 101320
100505 101310
100495 101295
100540 101265
100510 101220
100495 101230
100515 101260
100410 101330
100400 101315
100445 101285
100425 101255
100455 101235
100465 101250
100480 101240
100470 101225
100515 101195
100495 101165
100510 101155
100500 101140
100470 101160
100490 101190
100475 101200
100465 101185
100450 101195
100460 101210
100415 101240
100395 101210
100455 101170
100445 101155
100400 101185
100390 101170
100435 101140
100425 101125
100440 101115
100420 101085
100450 101065
100440 101050
100410 101070
100400 101055
100445 101025
100415 100980
100460 100950
100420 100890
100405 100900
100435 100945
100390 100975
100420 101020
100375 101050
100395 101080
100380 101090
100370 101075
100355 101085
100375 101115
100405 101095
100415 101110
100400 101120
100410 101135
100365 101165
100375 101180
100360 101190
100350 101175
100335 101185
100355 101215
100370 101205
100380 101220
100365 101230
100375 101245
100390 101235
100420 101280
100405 101290
100385 101260
100370 101270
100390 101300
100375 101310
100385 101325
100370 101335
100360 101320
100345 101330
100335 101315
100320 101325
100310 101310
100295 101320
100285 101305
100300 101295
100290 101280
100335 101250
100325 101235
100295 101255
100285 101240
100315 101220
100305 101205
100320 101195
100310 101180
100355 101150
100345 101135
100285 101175
100275 101160
100350 101110
100320 101065
100395 101015
100375 100985
100360 100995
100370 101010
100340 101030
100330 101015
100345 101005
100325 100975
100370 100945
100360 100930
100315 100960
100305 100945
100365 100905
100355 100890
100340 100900
100330 100885
100315 100895
100325 100910
100310 100920
100290 100890
100350 100850
100340 100835
100295 100865
100275 100835
100260 100845
100280 100875
100250 100895
100260 100910
100275 100900
100285 100915
100270 100925
100320 101000
100305 101010
100325 101040
100310 101050
100300 101035
100285 101045
100325 101105
100295 101125
100265 101080
100280 101070
100270 101055
100255 101065
100245 101050
100275 101030
100245 100985
100275 100965
100265 100950
100250 100960
100230 100930
100245 100920
100225 100890
100255 100870
100235 100840
100220 100850
100210 100835
100225 100825
100175 100750
100160 100760
100200 100820
100185 100830
100195 100845
100180 100855
100190 100870
100205 100860
100215 100875
100200 100885
100220 100915
100205 100925
100235 100970
100220 100980
100250 101025
100235 101035
100215 101005
100200 101015
100280 101135
100265 101145
100235 101100
100220 101110
100260 101170
100245 101180
100255 101195
100270 101185
100290 101215
100275 101225
100265 101210
100250 101220
100210 101160
100195 101170
100205 101185
100190 101195
100200 101210
100215 101200
100225 101215
100210 101225
100220 101240
100235 101230
100245 101245
100260 101235
100280 101265
100265 101275
100275 101290
100260 101300
100280 101330
100265 101340
100205 101250
100190 101260
100250 101350
100235 101360
100225 101345
100210 101355
100240 101400
100225 101410
100205 101380
100190 101390
100170 101360
100155 101370
100145 101355
100175 101335
100135 101275
100195 101235
100185 101220
100140 101250
100130 101235
100115 101245
100125 101260
100110 101270
100140 101315
100125 101325
100115 101310
100100 101320
100090 101305
100105 101295
100095 101280
100080 101290
100070 101275
100100 101255
100090 101240
100120 101220
100110 101205
100185 101155
100175 101140
100190 101130
100180 101115
100150 101135
100140 101120
100155 101110
100145 101095
100190 101065
100180 101050
100150 101070
100140 101055
100125 101065
100115 101050
100130 101040
100120 101025
100135 101015
100145 101030
100160 101020
100140 100990
100125 101000
100085 100940
100175 100880
100155 100850
100140 100860
100150 100875
100120 100895
100100 100865
100160 100825
100150 100810
100090 100850
100080 100835
100125 100805
100115 100790
100055 100830
100105 100905
100090 100915
99970 100735
99955 100745
99945 100730
99960 100720
99950 100705
99980 100685
99950 100640
99920 100660
99930 100675
99945 100665
99955 100680
99925 100700
99935 100715
99920 100725
99950 100770
99965 100760
100035 100865
100020 100875
100030 100890
100045 100880
100075 100925
100060 100935
100070 100950
100055 100960
100035 100930
100020 100940
100000 100910
100015 100900
100005 100885
99975 100905
100015 100965
100030 100955
100050 100985
100080 100965
100110 101010
100095 101020
100105 101035
100090 101045
100110 101075
100095 101085
100065 101040
100050 101050
100060 101065
100045 101075
100055 101090
100070 101080
100090 101110
100120 101090
100130 101105
100115 101115
100145 101160
100115 101180
100105 101165
100090 101175
100100 101190
100085 101200
100095 101215
100065 101235
100075 101250
100060 101260
100040 101230
100055 101220
100045 101205
100015 101225
100075 101315
100060 101325
100050 101310
100035 101320
100025 101305
100040 101295
100020 101265
100005 101275
100015 101290
99985 101310
99995 101325
100010 101315
100020 101330
100005 101340
100015 101355
100000 101365
100010 101380
99980 101400
99970 101385
99985 101375
99975 101360
99960 101370
99940 101340
99925 101350
99935 101365
99905 101385
99895 101370
99910 101360
99900 101345
99945 101315
99925 101285
99955 101265
99965 101280
99980 101270
99960 101240
100005 101210
99995 101195
100010 101185
100000 101170
100015 101160
100005 101145
100035 101125
100005 101080
100035 101060
100025 101045
99980 101075
100010 101120
99980 101140
99990 101155
99975 101165
99985 101180
99970 101190
99980 101205
99965 101215
99955 101200
99940 101210
99930 101195
99960 101175
99940 101145
99955 101135
99945 101120
99915 101140
99935 101170
99905 101190
99885 101160
99900 101150
99870 101105
99975 101035
99925 100960
99955 100940
99945 100925
99960 100915
99950 100900
99980 100880
99930 100805
99915 100815
99905 100800
99935 100780
99925 100765
99910 100775
99900 100760
99915 100750
99905 100735
99890 100745
99860 100700
99830 100720
99840 100735
99855 100725
99865 100740
99835 100760
99845 100775
99875 100755
99885 100770
99870 100780
99890 100810
99875 100820
99885 100835
99900 100825
99910 100840
99925 100830
99955 100875
99925 100895
99935 100910
99920 100920
99930 100935
99915 100945
99895 100915
99910 100905
99850 100815
99835 100825
99805 100780
99790 100790
99830 100850
99845 100840
99885 100900
99870 100910
99930 101000
99915 101010
99905 100995
99890 101005
99910 101035
99940 101015
99950 101030
99905 101060
99875 101015
99860 101025
99890 101070
99875 101080
99855 101050
99840 101060
99860 101090
99845 101100
99875 101145
99860 101155
99900 101215
99915 101205
99945 101250
99900 101280
99920 101310
99890 101330
99880 101315
99895 101305
99875 101275
99905 101255
99895 101240
99865 101260
99855 101245
99840 101255
99810 101210
99855 101180
99845 101165
99815 101185
99795 101155
99780 101165
99790 101180
99775 101190
99795 101220
99780 101230
99750 101185
99765 101175
99755 101160
99785 101140
99745 101080
99775 101060
99765 101045
99780 101035
99770 101020
99755 101030
99735 101000
99765 100980
99755 100965
99770 100955
99760 100940
99790 100920
99780 100905
99810 100885
99780 100840
99795 100830
99775 100800
99760 100810
99750 100795
99825 100745
99815 100730
99755 100770
99745 100755
99760 100745
99750 100730
99780 100710
99770 100695
99785 100685
99795 100700
99810 100690
99790 100660
99745 100690
99755 100705
99725 100725
99735 100740
99720 100750
99740 100780
99725 100790
99785 100880
99755 100900
99765 100915
99735 100935
99745 100950
99730 100960
99740 100975
99710 100995
99730 101025
99715 101035
99705 101020
99690 101030
99670 101000
99685 100990
99675 100975
99690 100965
99660 100920
99720 100880
99710 100865
99635 100915
99645 100930
99630 100940
99640 100955
99655 100945
99665 100960
99650 100970
99660 100985
99645 100995
99685 101055
99700 101045
99710 101060
99740 101040
99750 101055
99705 101085
99715 101100
99730 101090
99740 101105
99725 101115
99735 101130
99750 101120
99760 101135
99730 101155
99740 101170
99725 101180
99715 101165
99700 101175
99710 101190
99695 101200
99625 101095
99610 101105
99640 101150
99610 101170
99580 101125
99565 101135
99575 101150
99560 101160
99570 101175
99585 101165
99605 101195
99650 101165
99690 101225
99735 101195
99745 101210
99730 101220
99740 101235
99755 101225
99765 101240
99750 101250
99760 101265
99805 101235
99835 101280
99850 101270
99870 101300
99855 101310
99875 101340
99860 101350
99850 101335
99835 101345
99845 101360
99830 101370
99810 101340
99825 101330
99815 101315
99830 101305
99820 101290
99805 101300
99795 101285
99810 101275
99800 101260
99770 101280
99800 101325
99785 101335
99755 101290
99740 101300
99730 101285
99745 101275
99735 101260
99690 101290
99670 101260
99655 101270
99685 101315
99715 101295
99735 101325
99720 101335
99740 101365
99755 101355
99745 101340
99760 101330
99780 101360
99765 101370
99775 101385
99805 101365
99825 101395
99810 101405
99820 101420
99850 101400
99840 101385
99870 101365
99880 101380
99865 101390
99875 101405
99890 101395
99900 101410
99885 101420
99895 101435
99910 101425
99920 101440
99860 101480
99830 101435
99815 101445
99835 101475
99820 101485
99800 101455
99785 101465
99815 101510
99800 101520
99770 101475
99755 101485
99735 101455
99720 101465
99730 101480
99715 101490
99705 101475
99675 101495
99665 101480
99680 101470
99670 101455
99700 101435
99710 101450
99755 101420
99725 101375
99710 101385
99730 101415
99715 101425
99705 101410
99675 101430
99665 101415
99680 101405
99660 101375
99690 101355
99660 101310
99645 101320
99665 101350
99650 101360
99620 101315
99605 101325
99655 101400
99640 101410
99630 101395
99615 101405
99605 101390
99575 101410
99595 101440
99580 101450
99570 101435
99540 101455
99530 101440
99560 101420
99550 101405
99520 101425
99510 101410
99570 101370
99560 101355
99515 101385
99505 101370
99640 101280
99610 101235
99595 101245
99615 101275
99600 101285
99590 101270
99575 101280
99585 101295
99525 101335
99515 101320
99560 101290
99550 101275
99505 101305
99495 101290
99540 101260
99530 101245
99470 101285
99510 101345
99480 101365
99490 101380
99475 101390
99455 101360
99470 101350
99460 101335
99445 101345
99425 101315
99395 101335
99385 101320
99475 101260
99465 101245
99480 101235
99490 101250
99550 101210
99560 101225
99590 101205
99580 101190
99565 101200
99555 101185
99495 101225
99485 101210
99455 101230
99425 101185
99485 101145
99495 101160
99585 101100
99575 101085
99500 101135
99490 101120
99535 101090
99525 101075
99465 101115
99475 101130
99400 101180
99410 101195
99380 101215
99390 101230
99420 101210
99450 101255
99435 101265
99415 101235
99400 101245
99420 101275
99360 101315
99380 101345
99365 101355
99375 101370
99360 101380
99350 101365
99335 101375
99345 101390
99330 101400
99320 101385
99305 101395
99315 101410
99300 101420
99280 101390
99310 101370
99300 101355
99315 101345
99305 101330
99350 101300
99340 101285
99280 101325
99270 101310
99285 101300
99275 101285
99305 101265
99315 101280
99345 101260
99335 101245
99320 101255
99310 101240
99340 101220
99330 101205
99300 101225
99290 101210
99305 101200
99285 101170
99345 101130
99335 101115
99380 101085
99390 101100
99495 101030
99475 101000
99460 101010
99470 101025
99455 101035
99445 101020
99430 101030
99440 101045
99395 101075
99385 101060
99400 101050
99390 101035
99510 100955
99500 100940
99365 101030
99375 101045
99360 101055
99370 101070
99310 101110
99320 101125
99260 101165
99280 101195
99265 101205
99285 101235
99270 101245
99280 101260
99250 101280
99260 101295
99230 101315
99220 101300
99235 101290
99225 101275
99240 101265
99230 101250
99215 101260
99205 101245
99220 101235
99210 101220
99150 101260
99140 101245
99170 101225
99160 101210
99130 101230
99120 101215
99165 101185
99175 101200
99190 101190
99200 101205
99215 101195
99205 101180
99220 101170
99210 101155
99195 101165
99185 101150
99230 101120
99250 101150
99265 101140
99255 101125
99270 101115
99250 101085
99190 101125
99180 101110
99165 101120
99145 101090
99190 101060
99210 101090
99225 101080
99215 101065
99275 101025
99285 101040
99300 101030
99290 101015
99305 101005
99315 101020
99360 100990
99370 101005
99460 100945
99440 100915
99425 100925
99435 100940
99375 100980
99335 100920
99380 100890
99390 100905
99420 100885
99410 100870
99395 100880
99385 100865
99415 100845
99455 100905
99485 100885
99475 100870
99460 100880
99440 100850
99455 100840
99465 100855
99495 100835
99485 100820
99470 100830
99460 100815
99430 100835
99420 100820
99465 100790
99455 100775
99395 100815
99385 100800
99445 100760
99435 100745
99420 100755
99410 100740
99425 100730
99415 100715
99385 100735
99405 100765
99375 100785
99365 100770
99350 100780
99390 100840
99360 100860
99370 100875
99355 100885
99335 100855
99320 100865
99340 100895
99325 100905
99295 100860
99310 100850
99300 100835
99270 100855
99350 100975
99320 100995
99310 100980
99295 100990
99285 100975
99270 100985
99280 101000
99265 101010
99235 100965
99220 100975
99250 101020
99220 101040
99210 101025
99165 101055
99155 101040
99185 101020
99175 101005
99205 100985
99195 100970
99285 100910
99275 100895
99200 100945
99190 100930
99175 100940
99185 100955
99170 100965
99150 100935
99210 100895
99220 100910
99265 100880
99255 100865
99225 100885
99215 100870
99125 100930
99165 100990
99150 101000
99160 101015
99145 101025
99125 100995
99110 101005
99150 101065
99135 101075
99095 101015
99080 101025
99110 101070
99095 101080
99115 101110
99130 101100
99150 101130
99135 101140
99125 101125
99110 101135
99100 101120
99085 101130
99065 101100
99035 101120
99025 101105
99055 101085
99045 101070
99030 101080
99020 101065
99005 101075
99015 101090
99000 101100
98970 101055
98985 101045
98995 101060
99010 101050
98990 101020
99020 101000
99010 100985
99055 100955
99065 100970
99110 100940
99100 100925
99250 100825
99260 100840
99305 100810
99285 100780
99300 100770
99310 100785
99370 100745
99360 100730
99390 100710
99380 100695
99335 100725
99345 100740
99315 100760
99305 100745
99290 100755
99280 100740
99400 100660
99390 100645
99360 100665
99340 100635
99325 100645
99315 100630
99300 100640
99320 100670
99335 100660
99345 100675
99270 100725
99260 100710
99245 100720
99275 100765
99260 100775
99280 100805
99265 100815
99255 100800
99240 100810
99230 100795
99245 100785
99215 100740
99200 100750
99220 100780
99205 100790
99225 100820
99195 100840
99185 100825
99170 100835
99180 100850
99105 100900
99075 100855
99195 100775
99185 100760
99035 100860
99045 100875
99060 100865
99070 100880
99055 100890
99065 100905
99080 100895
99090 100910
99075 100920
99085 100935
99070 100945
99060 100930
99030 100950
99010 100920
98995 100930
99015 100960
99000 100970
98970 100925
98955 100935
98995 100995
98980 101005
98960 100975
98945 100985
98975 101030
98960 101040
98950 101025
98935 101035
98915 101005
98900 101015
98920 101045
98905 101055
98895 101040
98850 101070
98840 101055
98870 101035
98860 101020
98935 100970
98925 100955
98850 101005
98840 100990
98825 101000
98815 100985
98800 100995
98790 100980
98775 100990
98765 100975
98750 100985
98740 100970
98770 100950
98780 100965
98795 100955
98805 100970
98820 100960
98830 100975
98845 100965
98825 100935
98840 100925
98870 100970
98885 100960
98855 100915
98870 100905
98900 100950
98960 100910
98950 100895
98905 100925
98885 100895
98900 100885
98910 100900
98955 100870
98965 100885
98980 100875
98970 100860
99045 100810
99035 100795
99005 100815
98995 100800
99055 100760
99075 100790
99150 100740
99140 100725
99185 100695
99195 100710
99210 100700
99220 100715
99295 100665
99275 100635
99260 100645
99270 100660
99225 100690
99215 100675
99200 100685
99190 100670
99160 100690
99150 100675
99135 100685
99145 100700
99115 100720
99125 100735
99080 100765
99070 100750
99100 100730
99080 100700
99065 100710
99075 100725
99060 100735
99040 100705
99025 100715
99045 100745
98970 100795
98990 100825
98975 100835
98965 100820
98950 100830
98960 100845
98915 100875
98905 100860
98920 100850
98910 100835
98880 100855
98890 100870
98830 100910
98820 100895
98805 100905
98795 100890
98825 100870
98835 100885
98850 100875
98840 100860
98885 100830
98875 100815
98770 100885
98760 100870
98790 100850
98780 100835
98795 100825
98805 100840
98820 100830
98800 100800
98785 100810
98775 100795
98790 100785
98780 100770
98795 100760
98815 100790
98860 100760
98870 100775
98885 100765
98915 100810
98990 100760
98980 100745
98920 100785
98910 100770
98925 100760
98915 100745
98945 100725
98955 100740
98970 100730
98960 100715
98975 100705
98965 100690
98875 100750
98865 100735
98850 100745
98840 100730
98825 100740
98835 100755
98820 100765
98800 100735
98785 100745
98775 100730
98730 100760
98720 100745
98735 100735
98715 100705
98730 100695
98750 100725
98765 100715
98755 100700
98770 100690
98790 100720
98805 100710
98815 100725
98890 100675
98880 100660
98850 100680
98840 100665
98825 100675
98835 100690
98820 100700
98810 100685
98795 100695
98785 100680
98875 100620
98925 100695
98940 100685
98910 100640
98925 100630
98955 100675
98970 100665
98990 100695
99005 100685
98975 100640
98960 100650
98950 100635
98965 100625
98955 100610
98970 100600
99030 100690
99045 100680
99005 100620
99020 100610
99040 100640
99055 100630
99025 100585
98995 100605
98985 100590
99030 100560
99040 100575
99055 100565
99045 100550
99120 100500
99130 100515
99145 100505
99165 100535
99195 100515
99205 100530
99220 100520
99230 100535
99260 100515
99250 100500
99235 100510
99225 100495
99210 100505
99200 100490
99170 100510
99150 100480
99135 100490
99125 100475
99185 100435
99215 100480
99230 100470
99210 100440
99240 100420
99250 100435
99265 100425
99245 100395
99215 100415
99205 100400
99250 100370
99260 100385
99290 100365
99310 100395
99325 100385
99345 100415
99390 100385
99440 100460
99530 100400
99540 100415
99525 100425
99535 100440
99565 100420
99535 100375
99445 100435
99395 100360
99350 100390
99340 100375
99490 100275
99460 100230
99430 100250
99440 100265
99455 100255
99465 100270
99435 100290
99425 100275
99410 100285
99420 100300
99315 100370
99295 100340
99265 100360
99255 100345
99315 100305
99305 100290
99275 100310
99265 100295
99250 100305
99260 100320
99230 100340
99240 100355
99225 100365
99215 100350
99200 100360
99210 100375
99180 100395
99190 100410
99175 100420
99155 100390
99140 100400
99160 100430
99100 100470
99110 100485
99020 100545
99010 100530
99085 100480
99075 100465
99060 100475
99050 100460
99080 100440
99090 100455
99135 100425
99115 100395
99160 100365
99150 100350
99180 100330
99190 100345
99205 100335
99195 100320
99270 100270
99280 100285
99295 100275
99275 100245
99125 100345
99135 100360
99090 100390
99110 100420
99095 100430
99085 100415
99070 100425
99060 100410
99075 100400
99065 100385
99035 100405
99045 100420
99030 100430
99040 100445
99025 100455
99045 100485
98985 100525
99005 100555
98990 100565
98970 100535
98955 100545
98975 100575
98945 100595
98935 100580
98950 100570
98930 100540
98915 100550
98925 100565
98910 100575
98900 100560
98885 100570
98905 100600
98920 100590
98930 100605
98900 100625
98880 100595
98745 100685
98735 100670
98795 100630
98785 100615
98740 100645
98730 100630
98715 100640
98725 100655
98710 100665
98700 100650
98685 100660
98695 100675
98680 100685
98660 100655
98675 100645
98665 100630
98650 100640
98640 100625
98625 100635
98615 100620
98645 100600
98625 100570
98685 100530
98695 100545
98650 100575
98690 100635
98705 100625
98675 100580
98705 100560
98715 100575
98700 100585
98710 100600
98725 100590
98745 100620
98760 100610
98730 100565
98745 100555
98765 100585
98795 100565
98815 100595
98830 100585
98810 100555
98825 100545
98845 100575
98860 100565
98830 100520
98860 100500
98870 100515
98855 100525
98865 100540
98880 100530
98890 100545
98950 100505
98940 100490
98955 100480
98945 100465
98915 100485
98925 100500
98895 100520
98885 100505
98900 100495
98890 100480
98905 100470
98895 100455
98880 100465
98870 100450
98885 100440
98875 100425
98845 100445
98865 100475
98850 100485
98830 100455
98815 100465
98835 100495
98805 100515
98815 100530
98770 100560
98750 100530
98795 100500
98785 100485
98755 100505
98745 100490
98790 100460
98780 100445
98795 100435
98785 100420
98755 100440
98765 100455
98720 100485
98740 100515
98725 100525
98695 100480
98725 100460
98715 100445
98760 100415
98750 100400
98690 100440
98700 100455
98670 100475
98680 100490
98665 100500
98675 100515
98660 100525
98630 100480
98660 100460
98650 100445
98605 100475
98595 100460
98640 100430
98630 100415
98645 100405
98665 100435
98695 100415
98685 100400
98715 100380
98705 100365
98720 100355
98740 100385
98755 100375
98765 100390
98780 100380
98760 100350
98745 100360
98725 100330
98680 100360
98690 100375
98660 100395
98640 100365
98625 100375
98635 100390
98620 100400
98610 100385
98565 100415
98575 100430
98560 100440
98540 100410
98570 100390
98550 100360
98565 100350
98585 100380
98600 100370
98590 100355
98605 100345
98615 100360
98630 100350
98620 100335
98635 100325
98625 100310
98580 100340
98570 100325
98585 100315
98575 100300
98590 100290
98580 100275
98595 100265
98615 100295
98630 100285
98640 100300
98655 100290
98665 100305
98650 100315
98660 100330
98675 100320
98685 100335
98730 100305
98720 100290
98690 100310
98680 100295
98725 100265
98815 100400
98800 100410
98810 100425
98840 100405
98830 100390
98845 100380
98855 100395
98885 100375
98905 100405
98920 100395
98940 100425
98955 100415
98945 100400
98960 100390
98970 100405
99015 100375
99005 100360
98975 100380
98965 100365
98950 100375
98940 100360
98910 100380
98900 100365
98930 100345
98920 100330
98935 100320
98945 100335
98960 100325
98970 100340
98985 100330
98965 100300
98980 100290
99000 100320
99015 100310
98995 100280
99025 100260
99035 100275
99020 100285
99060 100345
99075 100335
99045 100290
99060 100280
99080 100310
99110 100290
99100 100275
99085 100285
99065 100255
99050 100265
99040 100250
99070 100230
99060 100215
99000 100255
98990 100240
99020 100220
99000 100190
99015 100180
99025 100195
99040 100185
99030 100170
99060 100150
99090 100195
99075 100205
99115 100265
99175 100225
99185 100240
99215 100220
99225 100235
99240 100225
99250 100240
99280 100220
99290 100235
99305 100225
99315 100240
99330 100230
99350 100260
99365 100250
99375 100265
99390 100255
99380 100240
99395 100230
99405 100245
99450 100215
99440 100200
99410 100220
99400 100205
99355 100235
99345 100220
99360 100210
99350 100195
99410 100155
99430 100185
99460 100165
99480 100195
99510 100175
99500 100160
99485 100170
99475 100155
99490 100145
99480 100130
99435 100160
99425 100145
99455 100125
99445 100110
99340 100180
99330 100165
99315 100175
99335 100205
99320 100215
99310 100200
99295 100210
99285 100195
99255 100215
99245 100200
99260 100190
99250 100175
99190 100215
99180 100200
99120 100240
99110 100225
99170 100185
99160 100170
99190 100150
99210 100180
99225 100170
99215 100155
99230 100145
99220 100130
99235 100120
99275 100180
99320 100150
99310 100135
99280 100155
99240 100095
99225 100105
99215 100090
99200 100100
99210 100115
99135 100165
99145 100180
99115 100200
99085 100155
99100 100145
99110 100160
99170 100120
99160 100105
99145 100115
99135 100100
99150 100090
99140 100075
99110 100095
99130 100125
99115 100135
99105 100120
99090 100130
99080 100115
99020 100155
99010 100140
98995 100150
98985 100135
98955 100155
98965 100170
98980 100160
98990 100175
98975 100185
98995 100215
98980 100225
98940 100165
98925 100175
98955 100220
98940 100230
98950 100245
98965 100235
98975 100250
98960 100260
98970 100275
98955 100285
98945 100270
98930 100280
98940 100295
98895 100325
98905 100340
98890 100350
98880 100335
98865 100345
98875 100360
98860 100370
98850 100355
98820 100375
98790 100330
98805 100320
98825 100350
98855 100330
98845 100315
98860 100305
98850 100290
98865 100280
98875 100295
98920 100265
98910 100250
98880 100270
98860 100240
98905 100210
98885 100180
98900 100170
98890 100155
98860 100175
98880 100205
98865 100215
98855 100200
98840 100210
98850 100225
98835 100235
98845 100250
98830 100260
98840 100275
98825 100285
98835 100300
98820 100310
98810 100295
98780 100315
98750 100270
98795 100240
98805 100255
98820 100245
98810 100230
98825 100220
98815 100205
98845 100185
98835 100170
98805 100190
98795 100175
98765 100195
98775 100210
98790 100200
98800 100215
98755 100245
98745 100230
98670 100280
98660 100265
98645 100275
98635 100260
98620 100270
98610 100255
98640 100235
98630 100220
98585 100250
98575 100235
98635 100195
98645 100210
98705 100170
98695 100155
98710 100145
98730 100175
98745 100165
98725 100135
98740 100125
98730 100110
98700 100130
98690 100115
98735 100085
98785 100160
98800 100150
98810 100165
98825 100155
98815 100140
98830 100130
98850 100160
98880 100140
98870 100125
98855 100135
98835 100105
98790 100135
98780 100120
98795 100110
98785 100095
98770 100105
98750 100075
98765 100065
98755 100050
98665 100110
98685 100140
98670 100150
98660 100135
98645 100145
98665 100175
98650 100185
98640 100170
98580 100210
98570 100195
98615 100165
98605 100150
98545 100190
98555 100205
98540 100215
98520 100185
98565 100155
98555 100140
98525 100160
98515 100145
98530 100135
98520 100120
98535 100110
98545 100125
98560 100115
98570 100130
98585 100120
98595 100135
98625 100115
98615 100100
98630 100090
98620 100075
98635 100065
98655 100095
98670 100085
98640 100040
98595 100070
98585 100055
98555 100075
98545 100060
98560 100050
98550 100035
98580 100015
98570 100000
98585 99990
98605 100020
98635 100000
98655 100030
98685 100010
98675 99995
98660 100005
98650 99990
98695 99960
98685 99945
98610 99995
98600 99980
98690 99920
98700 99935
98715 99925
98725 99940
98710 99950
98720 99965
98735 99955
98745 99970
98715 99990
98725 100005
98755 99985
98805 100060
98790 100070
98800 100085
98830 100065
98850 100095
98865 100085
98885 100115
98915 100095
98925 100110
98895 100130
98905 100145
98965 100105
98945 100075
98930 100085
98920 100070
98890 100090
98860 100045
98845 100055
98835 100040
98820 100050
98780 99990
98795 99980
98825 100025
98840 100015
98830 100000
98845 99990
98865 100020
98880 100010
98850 99965
98820 99985
98810 99970
98825 99960
98815 99945
98830 99935
98840 99950
98855 99940
98835 99910
98790 99940
98800 99955
98770 99975
98740 99930
98755 99920
98765 99935
98780 99925
98770 99910
98845 99860
98865 99890
98850 99900
98970 100080
98985 100070
98995 100085
99040 100055
99030 100040
99000 100060
98990 100045
98975 100055
98905 99950
98920 99940
98910 99925
98955 99895
98985 99940
98970 99950
98960 99935
98930 99955
98950 99985
98965 99975
99005 100035
99020 100025
98990 99980
99005 99970
98995 99955
99010 99945
98990 99915
99005 99905
99035 99950
99020 99960
99050 100005
99065 99995
99105 100055
99135 100035
99165 100080
99195 100060
99185 100045
99170 100055
99140 100010
99110 100030
99090 100000
99120 99980
99110 99965
99080 99985
99070 99970
99055 99980
99045 99965
99060 99955
99030 99910
99045 99900
99065 99930
99095 99910
99125 99955
99140 99945
99100 99885
99070 99905
99050 99875
99035 99885
99025 99870
99070 99840
99080 99855
99095 99845
99185 99980
99170 99990
99230 100080
99260 100060
99280 100090
99295 100080
99335 100140
99395 100100
99405 100115
99450 100085
99470 100115
99485 100105
99465 100075
99480 100065
99510 100110
99495 100120
99505 100135
99550 100105
99540 100090
99525 100100
99505 100070
99535 100050
99565 100095
99580 100085
99570 100070
99600 100050
99590 100035
99560 100055
99540 100025
99510 100045
99500 100030
99410 100090
99400 100075
99340 100115
99300 100055
99285 100065
99275 100050
99305 100030
99315 100045
99330 100035
99340 100050
99355 100040
99375 100070
99405 100050
99415 100065
99475 100025
99465 100010
99420 100040
99410 100025
99380 100045
99370 100030
99430 99990
99440 100005
99485 99975
99505 100005
99535 99985
99515 99955
99500 99965
99490 99950
99475 99960
99465 99945
99450 99955
99460 99970
99445 99980
99435 99965
99345 100025
99335 100010
99320 100020
99310 100005
99340 99985
99330 99970
99315 99980
99305 99965
99290 99975
99300 99990
99285 100000
99295 100015
99235 100055
99225 100040
99270 100010
99260 99995
99215 100025
99195 99995
99210 99985
99220 100000
99235 99990
99215 99960
99230 99950
99250 99980
99265 99970
99235 99925
99190 99955
99120 99850
99135 99840
99185 99915
99215 99895
99205 99880
99190 99890
99180 99875
99195 99865
99185 99850
99200 99840
99260 99930
99275 99920
99265 99905
99280 99895
99270 99880
99255 99890
99245 99875
99275 99855
99335 99945
99410 99895
99400 99880
99340 99920
99290 99845
99305 99835
99345 99895
99360 99885
99350 99870
99365 99860
99375 99875
99390 99865
99370 99835
99340 99855
99320 99825
99350 99805
99360 99820
99375 99810
99365 99795
99380 99785
99400 99815
99385 99825
99445 99915
99475 99895
99495 99925
99510 99915
99480 99870
99450 99890
99420 99845
99435 99835
99445 99850
99475 99830
99485 99845
99515 99825
99525 99840
99495 99860
99515 99890
99530 99880
99540 99895
99525 99905
99535 99920
99550 99910
99560 99925
99545 99935
99555 99950
99540 99960
99570 100005
99585 99995
99605 100025
99620 100015
99590 99970
99575 99980
99565 99965
99580 99955
99570 99940
99585 99930
99595 99945
99610 99935
99620 99950
99635 99940
99615 99910
99600 99920
99590 99905
99575 99915
99535 99855
99580 99825
99620 99885
99635 99875
99615 99845
99630 99835
99660 99880
99675 99870
99685 99885
99670 99895
99700 99940
99655 99970
99705 100045
99750 100015
99740 100000
99755 99990
99745 99975
99715 99995
99725 100010
99710 100020
99680 99975
99725 99945
99735 99960
99750 99950
99720 99905
99705 99915
99695 99900
99710 99890
99680 99845
99665 99855
99635 99810
99620 99820
99610 99805
99595 99815
99585 99800
99540 99830
99530 99815
99545 99805
99535 99790
99490 99820
99480 99805
99450 99825
99440 99810
99425 99820
99395 99775
99425 99755
99435 99770
99450 99760
99470 99790
99500 99770
99510 99785
99570 99745
99590 99775
99605 99765
99615 99780
99645 99760
99635 99745
99620 99755
99610 99740
99595 99750
99565 99705
99550 99715
99560 99730
99515 99760
99505 99745
99475 99765
99455 99735
99440 99745
99430 99730
99400 99750
99390 99735
99450 99695
99480 99740
99495 99730
99485 99715
99515 99695
99525 99710
99555 99690
99545 99675
99530 99685
99520 99670
99490 99690
99480 99675
99465 99685
99455 99670
99365 99730
99385 99760
99340 99790
99320 99760
99350 99740
99340 99725
99355 99715
99345 99700
99315 99720
99325 99735
99295 99755
99325 99800
99310 99810
99280 99765
99265 99775
99295 99820
99235 99860
99215 99830
99245 99810
99235 99795
99160 99845
99150 99830
99165 99820
99155 99805
99110 99835
99100 99820
99145 99790
99135 99775
99180 99745
99170 99730
99125 99760
99115 99745
99205 99685
99195 99670
99090 99740
99120 99785
99000 99865
99010 99880
98995 99890
98985 99875
98970 99885
98960 99870
98975 99860
98965 99845
98980 99835
98990 99850
99035 99820
99025 99805
99070 99775
99040 99730
99070 99710
99060 99695
99075 99685
99085 99700
99145 99660
99135 99645
99090 99675
99080 99660
99065 99670
99055 99655
99025 99675
99045 99705
99030 99715
99020 99700
99005 99710
98995 99695
98980 99705
99000 99735
99015 99725
99045 99770
99000 99800
99010 99815
98995 99825
98955 99765
98940 99775
98970 99820
98940 99840
98920 99810
98935 99800
98925 99785
98910 99795
98900 99780
98945 99750
98935 99735
98875 99775
98945 99880
98885 99920
98875 99905
98890 99895
98850 99835
98880 99815
98860 99785
98845 99795
98855 99810
98825 99830
98835 99845
98745 99905
98735 99890
98720 99900
98710 99885
98590 99965
98580 99950
98670 99890
98660 99875
98705 99845
98695 99830
98635 99870
98645 99885
98615 99905
98605 99890
98575 99910
98585 99925
98555 99945
98545 99930
98560 99920
98540 99890
98525 99900
98535 99915
98520 99925
98530 99940
98515 99950
98525 99965
98510 99975
98490 99945
98475 99955
98485 99970
98470 99980
98450 99950
98420 99970
98410 99955
98395 99965
98385 99950
98370 99960
98360 99945
98375 99935
98365 99920
98395 99900
98405 99915
98390 99925
98400 99940
98430 99920
98420 99905
98450 99885
98470 99915
98485 99905
98495 99920
98510 99910
98490 99880
98475 99890
98455 99860
98470 99850
98480 99865
98495 99855
98475 99825
98445 99845
98425 99815
98455 99795
98445 99780
98430 99790
98420 99775
98435 99765
98425 99750
98440 99740
98450 99755
98465 99745
98475 99760
98460 99770
98480 99800
98525 99770
98545 99800
98515 99820
98545 99865
98560 99855
98540 99825
98570 99805
98580 99820
98595 99810
98575 99780
98590 99770
98600 99785
98615 99775
98635 99805
98650 99795
98660 99810
98720 99770
98730 99785
98745 99775
98755 99790
98770 99780
98780 99795
98810 99775
98800 99760
98785 99770
98775 99755
98760 99765
98750 99750
98735 99760
98715 99730
98700 99740
98710 99755
98665 99785
98655 99770
98640 99780
98630 99765
98645 99755
98635 99740
98650 99730
98670 99760
98685 99750
98655 99705
98625 99725
98605 99695
98590 99705
98620 99750
98605 99760
98595 99745
98550 99775
98540 99760
98570 99740
98560 99725
98500 99765
98490 99750
98505 99740
98495 99725
98510 99715
98520 99730
98535 99720
98505 99675
98520 99665
98540 99695
98555 99685
98545 99670
98560 99660
98550 99645
98565 99635
98595 99680
98625 99660
98615 99645
98600 99655
98590 99640
98620 99620
98650 99665
98665 99655
98675 99670
98690 99660
98710 99690
98695 99700
98705 99715
98750 99685
98770 99715
98755 99725
98765 99740
98780 99730
98790 99745
98805 99735
98835 99780
99000 99670
98990 99655
98900 99715
98890 99700
98905 99690
98895 99675
98865 99695
98885 99725
98855 99745
98845 99730
98830 99740
98820 99725
98850 99705
98840 99690
98795 99720
98785 99705
98800 99695
98790 99680
98835 99650
98855 99680
98870 99670
98850 99640
98865 99630
98875 99645
98890 99635
98900 99650
98915 99640
98935 99670
98950 99660
98920 99615
98905 99625
98895 99610
98880 99620
98870 99605
98840 99625
98830 99610
98800 99630
98810 99645
98765 99675
98755 99660
98725 99680
98715 99665
98730 99655
98720 99640
98705 99650
98695 99635
98680 99645
98670 99630
98715 99600
98725 99615
98740 99605
98720 99575
98705 99585
98695 99570
98725 99550
98735 99565
98750 99555
98770 99585
98800 99565
98820 99595
98850 99575
98840 99560
98825 99570
98805 99540
98775 99560
98765 99545
98780 99535
98770 99520
98740 99540
98730 99525
98670 99565
98690 99595
98645 99625
98615 99580
98630 99570
98620 99555
98590 99575
98610 99605
98580 99625
98570 99610
98525 99640
98515 99625
98530 99615
98520 99600
98580 99560
98570 99545
98540 99565
98530 99550
98500 99570
98490 99555
98520 99535
98500 99505
98515 99495
98535 99525
98550 99515
98540 99500
98555 99490
98595 99550
98625 99530
98635 99545
98665 99525
98655 99510
98640 99520
98630 99505
98600 99525
98590 99510
98635 99480
98625 99465
98595 99485
98585 99470
98570 99480
98560 99465
98530 99485
98520 99470
98535 99460
98515 99430
98485 99450
98495 99465
98450 99495
98440 99480
98470 99460
98450 99430
98480 99410
98470 99395
98440 99415
98430 99400
98445 99390
98435 99375
98450 99365
98460 99380
98490 99360
98500 99375
98485 99385
98495 99400
98510 99390
98520 99405
98535 99395
98555 99425
98570 99415
98580 99430
98595 99420
98605 99435
98590 99445
98600 99460
98630 99440
98650 99470
98665 99460
98695 99505
98710 99495
98720 99510
98750 99490
98740 99475
98725 99485
98715 99470
98700 99480
98670 99435
98655 99445
98635 99415
98620 99425
98590 99380
98560 99400
98540 99370
98525 99380
98505 99350
98520 99340
98510 99325
98495 99335
98475 99305
98490 99295
98500 99310
98515 99300
98525 99315
98555 99295
98575 99325
98560 99335
98550 99320
98535 99330
98555 99360
98585 99340
98605 99370
98620 99360
98590 99315
98605 99305
98615 99320
98630 99310
98650 99340
98635 99350
98645 99365
98630 99375
98640 99390
98670 99370
98660 99355
98675 99345
98735 99435
98750 99425
98690 99335
98705 99325
98695 99310
98665 99330
98655 99315
98670 99305
98660 99290
98675 99280
98655 99250
98670 99240
98690 99270
98705 99260
98725 99290
98710 99300
98740 99345
98725 99355
98745 99385
98760 99375
98750 99360
98765 99350
98735 99305
98750 99295
98720 99250
98735 99240
98765 99285
98780 99275
98790 99290
98760 99310
98770 99325
98785 99315
98805 99345
98775 99365
98795 99395
98765 99415
98775 99430
98760 99440
98780 99470
98795 99460
98785 99445
98800 99435
98810 99450
98855 99420
98865 99435
98835 99455
98885 99530
98855 99550
98865 99565
98925 99525
98935 99540
98905 99560
98925 99590
98940 99580
98960 99610
98945 99620
98955 99635
98985 99615
98965 99585
98980 99575
98990 99590
99005 99580
98985 99550
98955 99570
98945 99555
98960 99545
98950 99530
98965 99520
98975 99535
98990 99525
98970 99495
98940 99515
98930 99500
98900 99520
98860 99460
98890 99440
98860 99395
98815 99425
98805 99410
98850 99380
98840 99365
98810 99385
98800 99370
98830 99350
98800 99305
98815 99295
98805 99280
98820 99270
98810 99255
98795 99265
98785 99250
98770 99260
98760 99245
98805 99215
98825 99245
98840 99235
98810 99190
98750 99230
98740 99215
98755 99205
98745 99190
98760 99180
98770 99195
98800 99175
98790 99160
98805 99150
98815 99165
98830 99155
98840 99170
98855 99160
98835 99130
98820 99140
98810 99125
98825 99115
98815 99100
98830 99090
98840 99105
98855 99095
98865 99110
98850 99120
98860 99135
98875 99125
98885 99140
98900 99130
98910 99145
98895 99155
98915 99185
98900 99195
98890 99180
98875 99190
98895 99220
98880 99230
98900 99260
98840 99300
98860 99330
98875 99320
98865 99305
98880 99295
98890 99310
98905 99300
98895 99285
98910 99275
98930 99305
98855 99355
98865 99370
98925 99330
98935 99345
98965 99325
98975 99340
98885 99400
98925 99460
98940 99450
98910 99405
98955 99375
98965 99390
98980 99380
98970 99365
98985 99355
99015 99400
99030 99390
98970 99300
98955 99310
98925 99265
98955 99245
98985 99290
99000 99280
99010 99295
98995 99305
99035 99365
99050 99355
99030 99325
99045 99315
99065 99345
99080 99335
99070 99320
99085 99310
99095 99325
99125 99305
99135 99320
99120 99330
99130 99345
99100 99365
99090 99350
99075 99360
99085 99375
99070 99385
99060 99370
99045 99380
99055 99395
99025 99415
99035 99430
99005 99450
99015 99465
99000 99475
99040 99535
99025 99545
99035 99560
99050 99550
99090 99610
99105 99600
99095 99585
99110 99575
99100 99560
99085 99570
99075 99555
99105 99535
99135 99580
99120 99590
99130 99605
99160 99585
99170 99600
99140 99620
99150 99635
99180 99615
99200 99645
99215 99635
99155 99545
99140 99555
99110 99510
99065 99540
99025 99480
99040 99470
99030 99455
99060 99435
99050 99420
99080 99400
99090 99415
99105 99405
99095 99390
99140 99360
99160 99390
99145 99400
99165 99430
99120 99460
99130 99475
99145 99465
99195 99540
99210 99530
99220 99545
99235 99535
99255 99565
99240 99575
99300 99665
99315 99655
99325 99670
99340 99660
99320 99630
99305 99640
99265 99580
99280 99570
99240 99510
99225 99520
99215 99505
99200 99515
99160 99455
99175 99445
99195 99475
99210 99465
99170 99405
99185 99395
99145 99335
99160 99325
99210 99400
99195 99410
99285 99545
99300 99535
99260 99475
99290 99455
99310 99485
99325 99475
99345 99505
99315 99525
99335 99555
99320 99565
99330 99580
99345 99570
99405 99660
99420 99650
99400 99620
99415 99610
99405 99595
99390 99605
99380 99590
99395 99580
99385 99565
99370 99575
99340 99530
99370 99510
99320 99435
99305 99445
99295 99430
99250 99460
99220 99415
99235 99405
99225 99390
99240 99380
99260 99410
99275 99400
99265 99385
99280 99375
99290 99390
99335 99360
99345 99375
99315 99395
99325 99410
99340 99400
99350 99415
99335 99425
99345 99440
99360 99430
99370 99445
99355 99455
99405 99530
99390 99540
99450 99630
99480 99610
99490 99625
99460 99645
99470 99660
99515 99630
99485 99585
99455 99605
99435 99575
99450 99565
99460 99580
99475 99570
99455 99540
99425 99560
99415 99545
99445 99525
99435 99510
99420 99520
99380 99460
99395 99450
99385 99435
99400 99425
99410 99440
99425 99430
99435 99445
99450 99435
99460 99450
99445 99460
99455 99475
99440 99485
99450 99500
99465 99490
99475 99505
99460 99515
99470 99530
99485 99520
99495 99535
99480 99545
99530 99620
99545 99610
99505 99550
99520 99540
99550 99585
99580 99565
99590 99580
99560 99600
99600 99660
99570 99680
99580 99695
99595 99685
99625 99730
99640 99720
99610 99675
99625 99665
99585 99605
99600 99595
99630 99640
99645 99630
99585 99540
99555 99560
99525 99515
99510 99525
99490 99495
99505 99485
99495 99470
99480 99480
99470 99465
99485 99455
99475 99440
99490 99430
99500 99445
99515 99435
99495 99405
99465 99425
99455 99410
99440 99420
99430 99405
99415 99415
99405 99400
99375 99420
99355 99390
99400 99360
99390 99345
99435 99315
99425 99300
99395 99320
99385 99305
99370 99315
99380 99330
99365 99340
99375 99355
99360 99365
99340 99335
99295 99365
99285 99350
99255 99370
99245 99355
99260 99345
99250 99330
99220 99350
99230 99365
99215 99375
99185 99330
99200 99320
99190 99305
99175 99315
99165 99300
99150 99310
99140 99295
99155 99285
99145 99270
99100 99300
99090 99285
99060 99305
99050 99290
99035 99300
99015 99270
99045 99250
99035 99235
98990 99265
98960 99220
98915 99250
98905 99235
98920 99225
98910 99210
98940 99190
98920 99160
98935 99150
98965 99195
98995 99175
99005 99190
99020 99180
99040 99210
99055 99200
99045 99185
99075 99165
99065 99150
99050 99160
99040 99145
99010 99165
99000 99150
99015 99140
99005 99125
98975 99145
98985 99160
98970 99170
98940 99125
98955 99115
98965 99130
98980 99120
98960 99090
98915 99120
98905 99105
98950 99075
98940 99060
98880 99100
98870 99085
98885 99075
98875 99060
98890 99050
98900 99065
98915 99055
98895 99025
98910 99015
98890 98985
98830 99025
98800 98980
98815 98970
98805 98955
98820 98945
98840 98975
98870 98955
98880 98970
98895 98960
98915 98990
98960 98960
98970 98975
98940 98995
98950 99010
98935 99020
98945 99035
98975 99015
98965 99000
98980 98990
99000 99020
99015 99010
98995 98980
99010 98970
99040 99015
98980 99055
99000 99085
99015 99075
99005 99060
99035 99040
99045 99055
99060 99045
99070 99060
99025 99090
99045 99120
99060 99110
99050 99095
99065 99085
99085 99115
99070 99125
99080 99140
99095 99130
99105 99145
99090 99155
99100 99170
99085 99180
99105 99210
99090 99220
99100 99235
99130 99215
99110 99185
99125 99175
99115 99160
99145 99140
99165 99170
99180 99160
99190 99175
99160 99195
99170 99210
99200 99190
99240 99250
99210 99270
99230 99300
99245 99290
99235 99275
99250 99265
99290 99325
99305 99315
99315 99330
99345 99310
99335 99295
99320 99305
99310 99290
99295 99300
99275 99270
99290 99260
99280 99245
99295 99235
99325 99280
99355 99260
99375 99290
99390 99280
99360 99235
99330 99255
99310 99225
99325 99215
99315 99200
99255 99240
99225 99195
99240 99185
99250 99200
99295 99170
99305 99185
99320 99175
99350 99220
99365 99210
99405 99270
99420 99260
99460 99320
99475 99310
99445 99265
99460 99255
99550 99390
99535 99400
99555 99430
99570 99420
99560 99405
99575 99395
99465 99230
99435 99250
99425 99235
99410 99245
99370 99185
99355 99195
99345 99180
99375 99160
99365 99145
99335 99165
99325 99150
99310 99160
99290 99130
99275 99140
99285 99155
99255 99175
99245 99160
99215 99180
99205 99165
99235 99145
99215 99115
99230 99105
99250 99135
99310 99095
99340 99140
99355 99130
99345 99115
99360 99105
99400 99165
99415 99155
99365 99080
99335 99100
99315 99070
99270 99100
99260 99085
99245 99095
99235 99080
99205 99100
99195 99085
99180 99095
99210 99140
99195 99150
99185 99135
99170 99145
99150 99115
99120 99135
99090 99090
99105 99080
99115 99095
99130 99085
99110 99055
99095 99065
99085 99050
99100 99040
99090 99025
99105 99015
99125 99045
99170 99015
99180 99030
99150 99050
99160 99065
99190 99045
99210 99075
99225 99065
99205 99035
99220 99025
99240 99055
99255 99045
99225 99000
99210 99010
99200 98995
99185 99005
99175 98990
99130 99020
99110 98990
99065 99020
99015 98945
99030 98935
99060 98980
99075 98970
99025 98895
99040 98885
99100 98975
99115 98965
99065 98890
99080 98880
99110 98925
99125 98915
99105 98885
99120 98875
99190 98980
99205 98970
99175 98925
99190 98915
99210 98945
99225 98935
99215 98920
99230 98910
99250 98940
99235 98950
99275 99010
99290 99000
99270 98970
99285 98960
99315 99005
99300 99015
99310 99030
99295 99040
99305 99055
99335 99035
99325 99020
99340 99010
99300 98950
99315 98940
99365 99015
99380 99005
99320 98915
99275 98945
99265 98930
99280 98920
99270 98905
99255 98915
99245 98900
99275 98880
99285 98895
99300 98885
99280 98855
99220 98895
99210 98880
99180 98900
99170 98885
99155 98895
99145 98880
99160 98870
99150 98855
99135 98865
99125 98850
99095 98870
99085 98855
99070 98865
99050 98835
99065 98825
99075 98840
99090 98830
99100 98845
99130 98825
99120 98810
99135 98800
99125 98785
99140 98775
99120 98745
99135 98735
99145 98750
99160 98740
99150 98725
99165 98715
99195 98760
99150 98790
99170 98820
99185 98810
99175 98795
99205 98775
99215 98790
99200 98800
99220 98830
99205 98840
99225 98870
99240 98860
99230 98845
99245 98835
99225 98805
99240 98795
99250 98810
99265 98800
99275 98815
99260 98825
99270 98840
99300 98820
99270 98775
99255 98785
99245 98770
99230 98780
99210 98750
99225 98740
99235 98755
99250 98745
99260 98760
99275 98750
99375 98900
99360 98910
99400 98970
99415 98960
99385 98915
99400 98905
99290 98740
99305 98730
99315 98745
99330 98735
99340 98750
99355 98740
99365 98755
99350 98765
99360 98780
99390 98760
99360 98715
99345 98725
99335 98710
99320 98720
99310 98705
99265 98735
99255 98720
99240 98730
99230 98715
99200 98735
99190 98720
99205 98710
99195 98695
99210 98685
99220 98700
99235 98690
99215 98660
99230 98650
99250 98680
99265 98670
99275 98685
99290 98675
99300 98690
99315 98680
99295 98650
99310 98640
99300 98625
99330 98605
99340 98620
99325 98630
99335 98645
99350 98635
99360 98650
99345 98660
99355 98675
99370 98665
99390 98695
99405 98685
99355 98610
99370 98600
99350 98570
99365 98560
99385 98590
99400 98580
99420 98610
99405 98620
99415 98635
99430 98625
99450 98655
99465 98645
99475 98660
99445 98680
99435 98665
99420 98675
99430 98690
99385 98720
99415 98765
99430 98755
99410 98725
99515 98655
99525 98670
99480 98700
99500 98730
99470 98750
99460 98735
99445 98745
99455 98760
99410 98790
99430 98820
99415 98830
99425 98845
99455 98825
99435 98795
99450 98785
99460 98800
99475 98790
99465 98775
99510 98745
99530 98775
99470 98815
99480 98830
99525 98800
99535 98815
99490 98845
99500 98860
99485 98870
99505 98900
99475 98920
99485 98935
99515 98915
99525 98930
99480 98960
99510 99005
99465 99035
99505 99095
99520 99085
99490 99040
99535 99010
99505 98965
99550 98935
99530 98905
99545 98895
99555 98910
99570 98900
99550 98870
99520 98890
99510 98875
99525 98865
99515 98850
99560 98820
99550 98805
99565 98795
99575 98810
99590 98800
99570 98770
99555 98780
99545 98765
99560 98755
99550 98740
99535 98750
99505 98705
99520 98695
99540 98725
99555 98715
99535 98685
99550 98675
99540 98660
99555 98650
99565 98665
99580 98655
99590 98670
99605 98660
99615 98675
99630 98665
99640 98680
99625 98690
99635 98705
99590 98735
99600 98750
99630 98730
99640 98745
99610 98765
99620 98780
99605 98790
99615 98805
99570 98835
99580 98850
99640 98810
99650 98825
99575 98875
99605 98920
99530 98970
99550 99000
99565 98990
99555 98975
99585 98955
99595 98970
99580 98980
99600 99010
99555 99040
99565 99055
99610 99025
99620 99040
99560 99080
99570 99095
99585 99085
99595 99100
99610 99090
99600 99075
99615 99065
99635 99095
99575 99135
99585 99150
99630 99120
99650 99150
99665 99140
99645 99110
99675 99090
99665 99075
99650 99085
99640 99070
99655 99060
99605 98985
99620 98975
99600 98945
99615 98935
99625 98950
99640 98940
99600 98880
99630 98860
99660 98905
99645 98915
99655 98930
99670 98920
99680 98935
99650 98955
99680 99000
99650 99020
99660 99035
99675 99025
99695 99055
99680 99065
99700 99095
99670 99115
99690 99145
99705 99135
99715 99150
99700 99160
99750 99235
99765 99225
99725 99165
99740 99155
99730 99140
99745 99130
99735 99115
99720 99125
99710 99110
99725 99100
99705 99070
99720 99060
99690 99015
99705 99005
99675 98960
99690 98950
99710 98980
99725 98970
99645 98850
99660 98840
99690 98885
99705 98875
99665 98815
99680 98805
99670 98790
99655 98800
99635 98770
99650 98760
99660 98775
99675 98765
99715 98825
99730 98815
99720 98800
99735 98790
99725 98775
99710 98785
99700 98770
99715 98760
99705 98745
99690 98755
99680 98740
99665 98750
99645 98720
99660 98710
99650 98695
99665 98685
99645 98655
99660 98645
99720 98735
99735 98725
99675 98635
99690 98625
99700 98640
99715 98630
99685 98585
99700 98575
99720 98605
99735 98595
99755 98625
99770 98615
99780 98630
99750 98650
99790 98710
99730 98750
99740 98765
99785 98735
99795 98750
99810 98740
99800 98725
99815 98715
99785 98670
99800 98660
99810 98675
99825 98665
99835 98680
99820 98690
99830 98705
99845 98695
99855 98710
99825 98730
99835 98745
99805 98765
99815 98780
99740 98830
99750 98845
99735 98855
99745 98870
99775 98850
99785 98865
99770 98875
99780 98890
99735 98920
99745 98935
99775 98915
99785 98930
99800 98920
99810 98935
99795 98945
99805 98960
99790 98970
99780 98955
99765 98965
99785 98995
99800 98985
99840 99045
99750 99105
99770 99135
99785 99125
99775 99110
99805 99090
99825 99120
99765 99160
99775 99175
99835 99135
99845 99150
99800 99180
99810 99195
99870 99155
99820 99080
99835 99070
99955 99250
99970 99240
99980 99255
99965 99265
99975 99280
99945 99300
99975 99345
100005 99325
99995 99310
99980 99320
99970 99305
100000 99285
99990 99270
100005 99260
99975 99215
99960 99225
99890 99120
99905 99110
99895 99095
99880 99105
99850 99060
99865 99050
99855 99035
99870 99025
99890 99055
99905 99045
99925 99075
99910 99085
99920 99100
99950 99080
99910 99020
99895 99030
99875 99000
99845 99020
99815 98975
99830 98965
99820 98950
99835 98940
99815 98910
99830 98900
99860 98945
99875 98935
99865 98920
99880 98910
99870 98895
99855 98905
99835 98875
99805 98895
99795 98880
99810 98870
99780 98825
99810 98805
99820 98820
99835 98810
99825 98795
99840 98785
99830 98770
99860 98750
99850 98735
99865 98725
99885 98755
99870 98765
99880 98780
99910 98760
99850 98670
99865 98660
99875 98675
99890 98665
99900 98680
99885 98690
99905 98720
99920 98710
99910 98695
99940 98675
99930 98660
99915 98670
99905 98655
99920 98645
99910 98630
99925 98620
99915 98605
99945 98585
99955 98600
99940 98610
99950 98625
99965 98615
99985 98645
100000 98635
99990 98620
100020 98600
100030 98615
100015 98625
100025 98640
99980 98670
100000 98700
99970 98720
99960 98705
99945 98715
99965 98745
99920 98775
99930 98790
99915 98800
99925 98815
99910 98825
99920 98840
99890 98860
99920 98905
99890 98925
99900 98940
99945 98910
99915 98865
99945 98845
99935 98830
99950 98820
99940 98805
99955 98795
99945 98780
99960 98770
99970 98785
99985 98775
99995 98790
99965 98810
99985 98840
99970 98850
99980 98865
100010 98845
99990 98815
100020 98795
100040 98825
100025 98835
100055 98880
99950 98950
100000 99025
99970 99045
99980 99060
99965 99070
99975 99085
99945 99105
99995 99180
100010 99170
100020 99185
99990 99205
100000 99220
100015 99210
100025 99225
100010 99235
100020 99250
100035 99240
100065 99285
100095 99265
100085 99250
100070 99260
100060 99245
100090 99225
100080 99210
100050 99230
100040 99215
100055 99205
100035 99175
100050 99165
100040 99150
100025 99160
100015 99145
100000 99155
99970 99110
100000 99090
99990 99075
100005 99065
99995 99050
100010 99040
100030 99070
100015 99080
100075 99170
100090 99160
100120 99205
100135 99195
100095 99135
100080 99145
100040 99085
100055 99075
99995 98985
100010 98975
100020 98990
100035 98980
100015 98950
99985 98970
99975 98955
100020 98925
100050 98970
100065 98960
100035 98915
100050 98905
100070 98935
100085 98925
100065 98895
100080 98885
100050 98840
100065 98830
100025 98770
100010 98780
99980 98735
100025 98705
100005 98675
100035 98655
100045 98670
100030 98680
100050 98710
100020 98730
100030 98745
100060 98725
100070 98740
100085 98730
100115 98775
100070 98805
100080 98820
100110 98800
100130 98830
100145 98820
100135 98805
100150 98795
100130 98765
100145 98755
100175 98800
100160 98810
100170 98825
100140 98845
100180 98905
100150 98925
100160 98940
100145 98950
100155 98965
100170 98955
100190 98985
100160 99005
100170 99020
100155 99030
100165 99045
100135 99065
100145 99080
100115 99100
100145 99145
100130 99155
100150 99185
100165 99175
100175 99190
100100 99240
100110 99255
100170 99215
100180 99230
100165 99240
100175 99255
100145 99275
100155 99290
100140 99300
100130 99285
100115 99295
100135 99325
100180 99295
100170 99280
100200 99260
100190 99245
100205 99235
100185 99205
100200 99195
100140 99105
100170 99085
100160 99070
100190 99050
100180 99035
100195 99025
100185 99010
100215 98990
100195 98960
100210 98950
100220 98965
100235 98955
100255 98985
100240 98995
100250 99010
100235 99020
100265 99065
100205 99105
100215 99120
100290 99070
100280 99055
100295 99045
100285 99030
100270 99040
100260 99025
100275 99015
100265 99000
100280 98990
100240 98930
100225 98940
100215 98925
100185 98945
100175 98930
100220 98900
100210 98885
100195 98895
100185 98880
100200 98870
100190 98855
100175 98865
100165 98850
100195 98830
100185 98815
100200 98805
100210 98820
100225 98810
100215 98795
100230 98785
100300 98890
100315 98880
100285 98835
100315 98815
100345 98860
100360 98850
100350 98835
100365 98825
100355 98810
100340 98820
100320 98790
100275 98820
100235 98760
100190 98790
100180 98775
100195 98765
100185 98750
100170 98760
100160 98745
100175 98735
100165 98720
100120 98750
100090 98705
100075 98715
100055 98685
100070 98675
100050 98645
100065 98635
100075 98650
100090 98640
100080 98625
100095 98615
100115 98645
100100 98655
100110 98670
100095 98680
100105 98695
100120 98685
100130 98700
100115 98710
100125 98725
100155 98705
100125 98660
100140 98650
100170 98695
100185 98685
100195 98700
100180 98710
100190 98725
100235 98695
100255 98725
100270 98715
100240 98670
100210 98690
100190 98660
100205 98650
100185 98620
100170 98630
100180 98645
100165 98655
100145 98625
100160 98615
100150 98600
100120 98620
100100 98590
100115 98580
100105 98565
100075 98585
100085 98600
100055 98620
100045 98605
100060 98595
100050 98580
100035 98590
100025 98575
100040 98565
100030 98550
100015 98560
100005 98545
100065 98505
100095 98550
100110 98540
100090 98510
100105 98500
100125 98530
100140 98520
100110 98475
100125 98465
100155 98510
100170 98500
100190 98530
100205 98520
100195 98505
100210 98495
100220 98510
100250 98490
100260 98505
100245 98515
100255 98530
100225 98550
100215 98535
100170 98565
100200 98610
100215 98600
100195 98570
100210 98560
100220 98575
100250 98555
100260 98570
100245 98580
100265 98610
100235 98630
100265 98675
100280 98665
100260 98635
100275 98625
100305 98670
100320 98660
100270 98585
100285 98575
100295 98590
100310 98580
100320 98595
100350 98575
100330 98545
100345 98535
100355 98550
100385 98530
100395 98545
100365 98565
100375 98580
100405 98560
100415 98575
100355 98615
100365 98630
100410 98600
100420 98615
100285 98705
100315 98750
100330 98740
100310 98710
100325 98700
100335 98715
100350 98705
100340 98690
100400 98650
100410 98665
100365 98695
100375 98710
100420 98680
100430 98695
100385 98725
100395 98740
100455 98700
100415 98640
100445 98620
100435 98605
100450 98595
100470 98625
100455 98635
100465 98650
100480 98640
100500 98670
100530 98650
100540 98665
100450 98725
100460 98740
100445 98750
100435 98735
100375 98775
100365 98760
100335 98780
100345 98795
100360 98785
100370 98800
100430 98760
100440 98775
100470 98755
100500 98800
100440 98840
100430 98825
100340 98885
100350 98900
100425 98850
100435 98865
100390 98895
100400 98910
100460 98870
100450 98855
100525 98805
100515 98790
100545 98770
100535 98755
100505 98775
100475 98730
100490 98720
100510 98750
100525 98740
100505 98710
100565 98670
100545 98640
100560 98630
100550 98615
100565 98605
100575 98620
100590 98610
100580 98595
100595 98585
100605 98600
100620 98590
100610 98575
100625 98565
100645 98595
100615 98615
100625 98630
100610 98640
100620 98655
100575 98685
100585 98700
100645 98660
100655 98675
100640 98685
100650 98700
100620 98720
100610 98705
100580 98725
100590 98740
100605 98730
100615 98745
100585 98765
100595 98780
100625 98760
100635 98775
100620 98785
100640 98815
100580 98855
100590 98870
100545 98900
100535 98885
100430 98955
100450 98985
100465 98975
100455 98960
100470 98950
100480 98965
100495 98955
100485 98940
100530 98910
100540 98925
100525 98935
100535 98950
100415 99030
100425 99045
100560 98955
100550 98940
100565 98930
100555 98915
100615 98875
100605 98860
100665 98820
100645 98790
100660 98780
100640 98750
100655 98740
100645 98725
100675 98705
100665 98690
100695 98670
100705 98685
100690 98695
100700 98710
100685 98720
100695 98735
100710 98725
100720 98740
100705 98750
100715 98765
100775 98725
100785 98740
100755 98760
100765 98775
100795 98755
100805 98770
100760 98800
100750 98785
100735 98795
100725 98780
100710 98790
100720 98805
100705 98815
100715 98830
100730 98820
100740 98835
100695 98865
100675 98835
100660 98845
100670 98860
100655 98870
100675 98900
100735 98860
100745 98875
100760 98865
100780 98895
100735 98925
100715 98895
100700 98905
100710 98920
100650 98960
100640 98945
100625 98955
100635 98970
100620 98980
100610 98965
100565 98995
100555 98980
100465 99040
100485 99070
100500 99060
100490 99045
100550 99005
100590 99065
100545 99095
100535 99080
100505 99100
100515 99115
100530 99105
100540 99120
100510 99140
100470 99080
100440 99100
100450 99115
100465 99105
100485 99135
100470 99145
100460 99130
100430 99150
100440 99165
100455 99155
100465 99170
100495 99150
100505 99165
100460 99195
100470 99210
100530 99170
100540 99185
100480 99225
100490 99240
100505 99230
100515 99245
100500 99255
100510 99270
100540 99250
100520 99220
100550 99200
100560 99215
100575 99205
100535 99145
100565 99125
100555 99110
100570 99100
100590 99130
100605 99120
100585 99090
100600 99080
100630 99125
100615 99135
100625 99150
100655 99130
100575 99010
100605 98990
100615 99005
100630 98995
100640 99010
100655 99000
100645 98985
100660 98975
100690 99020
100705 99010
100675 98965
100705 98945
100715 98960
100760 98930
100770 98945
100740 98965
100750 98980
100720 99000
100730 99015
100640 99075
100650 99090
100725 99040
100735 99055
100750 99045
100740 99030
100755 99020
100775 99050
100715 99090
100705 99075
100660 99105
100670 99120
100700 99100
100710 99115
100800 99055
100760 98995
100775 98985
100765 98970
100780 98960
100800 98990
100815 98980
100775 98920
100790 98910
100830 98970
100845 98960
100815 98915
100830 98905
100810 98875
100795 98885
100775 98855
100790 98845
100800 98860
100815 98850
100825 98865
100840 98855
100860 98885
100890 98865
100900 98880
100870 98900
100880 98915
100895 98905
100905 98920
100920 98910
100910 98895
100925 98885
100955 98930
100940 98940
100930 98925
100915 98935
100935 98965
100905 98985
100915 99000
100870 99030
100860 99015
100815 99045
100825 99060
100675 99160
100665 99145
100620 99175
100640 99205
100625 99215
100615 99200
100555 99240
100565 99255
100535 99275
100545 99290
100590 99260
100580 99245
100610 99225
100620 99240
100635 99230
100645 99245
100525 99325
100535 99340
100565 99320
100585 99350
100600 99340
100610 99355
100625 99345
100605 99315
100590 99325
100580 99310
100655 99260
100665 99275
100680 99265
100650 99220
100665 99210
100645 99180
100660 99170
100670 99185
100685 99175
100695 99190
100680 99200
100710 99245
100725 99235
100705 99205
100720 99195
100700 99165
100730 99145
100740 99160
100755 99150
100745 99135
100820 99085
100850 99130
100730 99210
100740 99225
100890 99125
100880 99110
100865 99120
100855 99105
100870 99095
100860 99080
100845 99090
100835 99075
100850 99065
100840 99050
100855 99040
100865 99055
100895 99035
100915 99065
100930 99055
100910 99025
100925 99015
100955 99060
100970 99050
100930 98990
100945 98980
100965 99010
100980 99000
100950 98955
100965 98945
100975 98960
100990 98950
101010 98980
101025 98970
101005 98940
101020 98930
101030 98945
101075 98915
101085 98930
101055 98950
101065 98965
100990 99015
101000 99030
101075 98980
101085 98995
101100 98985
101110 99000
101125 98990
101135 99005
101150 98995
101160 99010
101175 99000
101185 99015
101155 99035
101145 99020
101130 99030
101120 99015
101105 99025
101095 99010
101080 99020
101100 99050
101085 99060
101055 99015
101040 99025
101070 99070
101055 99080
101025 99035
100965 99075
100975 99090
101020 99060
101040 99090
101025 99100
101015 99085
100970 99115
100960 99100
100945 99110
100955 99125
100880 99175
100890 99190
100920 99170
100930 99185
100870 99225
100850 99195
100775 99245
100785 99260
100740 99290
100730 99275
100715 99285
100705 99270
100630 99320
100650 99350
100665 99340
100655 99325
100700 99295
100710 99310
100725 99300
100735 99315
100765 99295
100775 99310
100790 99300
100780 99285
100810 99265
100800 99250
100845 99220
100855 99235
100825 99255
100845 99285
100860 99275
100850 99260
100865 99250
100885 99280
100900 99270
100880 99240
100955 99190
100935 99160
100950 99150
100960 99165
100975 99155
100965 99140
101010 99110
101020 99125
101005 99135
101015 99150
101045 99130
101035 99115
101095 99075
101105 99090
101120 99080
101130 99095
101100 99115
101090 99100
101075 99110
101085 99125
101040 99155
101050 99170
101155 99100
101165 99115
101135 99135
101145 99150
101130 99160
101120 99145
101105 99155
101125 99185
101140 99175
101150 99190
101135 99200
101145 99215
101130 99225
101110 99195
101065 99225
101055 99210
101040 99220
101010 99175
100935 99225
100945 99240
101005 99200
101015 99215
101000 99225
101010 99240
100980 99260
100970 99245
100955 99255
100965 99270
100950 99280
100960 99295
101050 99235
101060 99250
101075 99240
101085 99255
101100 99245
101090 99230
101105 99220
101125 99250
101140 99240
101150 99255
101195 99225
101205 99240
101190 99250
101210 99280
101195 99290
101175 99260
101160 99270
101170 99285
101155 99295
101135 99265
101120 99275
101110 99260
101035 99310
101045 99325
101075 99305
101085 99320
101100 99310
101090 99295
101105 99285
101115 99300
101130 99290
101140 99305
101050 99365
101000 99290
100985 99300
101015 99345
101000 99355
100970 99310
100955 99320
100935 99290
100920 99300
100950 99345
100965 99335
100975 99350
100960 99360
100970 99375
100955 99385
100895 99295
100880 99305
100920 99365
100905 99375
100885 99345
100870 99355
100900 99400
100930 99380
100940 99395
100895 99425
100885 99410
100870 99420
100880 99435
100805 99485
100795 99470
100780 99480
100760 99450
100730 99470
100720 99455
100705 99465
100695 99450
100665 99470
100675 99485
100690 99475
100700 99490
100715 99480
100725 99495
100755 99475
100775 99505
100790 99495
100800 99510
100740 99550
100710 99505
100695 99515
100715 99545
100685 99565
100675 99550
100660 99560
100680 99590
100710 99570
100720 99585
100675 99615
100665 99600
100635 99620
100615 99590
100600 99600
100580 99570
100535 99600
100485 99525
100395 99585
100385 99570
100400 99560
100390 99545
100360 99565
100390 99610
100480 99550
100530 99625
100575 99595
