7036
101782 102402
101724 102340
101662 102398
101430 102150
101492 102092
101376 101968
101314 102026
101372 102088
101310 102146
101658 102518
101720 102460
101778 102522
101840 102464
101898 102526
101960 102468
102076 102592
102014 102650
101956 102588
101894 102646
102474 103266
102536 103208
102652 103332
102590 103390
102648 103452
102524 103568
102582 103630
102644 103572
102702 103634
102640 103692
102814 103878
102752 103936
102926 104122
102802 104238
102860 104300
102798 104358
102740 104296
102678 104354
102620 104292
102744 104176
102686 104114
102624 104172
102566 104110
102504 104168
102446 104106
102694 103874
102578 103750
102516 103808
102574 103870
102512 103928
102396 103804
102520 103688
102346 103502
102284 103560
102400 103684
102338 103742
102280 103680
102218 103738
102160 103676
102222 103618
102106 103494
102168 103436
102110 103374
102234 103258
102176 103196
102238 103138
102180 103076
102118 103134
102002 103010
102064 102952
101774 102642
101712 102700
101828 102824
101766 102882
101824 102944
101886 102886
101944 102948
101882 103006
101940 103068
101878 103126
101994 103250
102056 103192
102114 103254
101928 103428
102102 103614
102040 103672
102214 103858
102276 103800
102450 103986
102388 104044
102272 103920
102210 103978
102732 104536
102670 104594
102380 104284
102318 104342
102724 104776
102662 104834
102604 104772
102542 104830
102484 104768
102422 104826
102306 104702
102368 104644
102194 104458
102256 104400
102198 104338
102136 104396
101904 104148
102152 103916
102036 103792
101974 103850
101916 103788
101978 103730
101920 103668
101982 103610
101924 103548
101862 103606
101804 103544
101866 103486
101692 103300
101816 103184
101642 102998
101580 103056
101522 102994
101584 102936
101526 102874
101402 102990
101576 103176
101638 103118
101696 103180
101572 103296
101514 103234
101452 103292
101568 103416
101630 103358
101746 103482
101684 103540
101800 103664
101738 103722
101970 103970
101908 104028
101850 103966
101788 104024
101846 104086
101784 104144
102016 104392
101954 104450
101896 104388
101834 104446
101950 104570
102074 104454
102248 104640
102186 104698
102418 104946
102480 104888
102538 104950
102600 104892
102716 105016
102654 105074
102596 105012
102534 105070
102476 105008
102414 105066
102530 105190
102592 105132
102650 105194
102526 105310
102468 105248
102344 105364
102228 105240
102166 105298
102340 105484
102216 105600
102100 105476
102038 105534
102096 105596
102034 105654
102092 105716
101968 105832
101910 105770
101972 105712
101798 105526
102108 105236
102050 105174
102174 105058
102058 104934
101996 104992
102054 105054
101930 105170
101988 105232
101926 105290
101868 105228
101806 105286
101864 105348
101740 105464
101624 105340
101934 105050
101876 104988
102062 104814
102120 104876
102182 104818
102066 104694
102004 104752
101946 104690
101884 104748
101942 104810
101756 104984
101814 105046
101566 105278
101508 105216
101570 105158
101512 105096
101822 104806
101764 104744
101640 104860
101582 104798
101644 104740
101528 104616
101590 104558
101532 104496
101470 104554
101412 104492
101536 104376
101478 104314
101664 104140
101548 104016
101734 103842
101676 103780
101552 103896
101494 103834
101618 103718
101560 103656
101498 103714
101440 103652
101564 103536
101506 103474
101382 103590
101324 103528
101386 103470
101328 103408
101390 103350
101332 103288
101394 103230
101336 103168
101398 103110
101340 103048
101278 103106
101220 103044
101592 102696
101534 102634
101100 103040
101042 102978
101352 102688
101294 102626
101170 102742
101112 102680
101422 102390
101364 102328
101054 102618
100996 102556
101244 102324
101070 102138
101132 102080
100842 101770
100904 101712
100788 101588
100912 101472
100854 101410
100668 101584
100784 101708
100722 101766
101012 102076
100950 102134
101124 102320
100938 102494
100822 102370
100946 102254
100772 102068
100710 102126
100826 102250
100764 102308
100706 102246
100644 102304
100586 102242
100648 102184
100590 102122
100528 102180
100296 101932
100544 101700
100196 101328
100258 101270
100026 101022
99964 101080
100138 101266
100076 101324
100424 101696
100362 101754
100304 101692
100180 101808
100238 101870
100176 101928
100350 102114
100288 102172
100230 102110
100168 102168
100110 102106
100172 102048
99998 101862
99936 101920
99878 101858
100126 101626
100010 101502
99948 101560
100006 101622
99944 101680
99886 101618
99824 101676
99766 101614
99704 101672
99588 101548
99526 101606
99700 101792
99762 101734
99820 101796
99758 101854
99874 101978
99812 102036
99406 101602
99468 101544
99352 101420
99290 101478
99348 101540
99286 101598
99750 102094
99688 102152
99746 102214
99994 101982
100052 102044
99990 102102
100164 102288
100226 102230
100284 102292
99912 102640
99970 102702
100342 102354
100400 102416
100462 102358
100346 102234
100408 102176
100640 102424
100702 102366
100760 102428
100698 102486
100756 102548
100818 102490
101108 102800
100922 102974
101096 103160
101158 103102
101274 103226
101212 103284
101154 103222
101092 103280
101266 103466
101204 103524
101436 103772
101374 103830
101490 103954
101428 104012
101544 104136
101482 104194
101424 104132
101362 104190
101304 104128
101366 104070
101308 104008
101184 104124
101416 104372
101354 104430
101122 104182
101060 104240
101350 104550
101288 104608
101230 104546
101168 104604
101052 104480
101114 104422
100998 104298
100936 104356
100994 104418
100932 104476
101164 104724
101226 104666
101284 104728
101346 104670
101404 104732
101466 104674
101524 104736
101462 104794
101578 104918
101516 104976
101342 104790
101280 104848
101454 105034
101392 105092
101450 105154
101388 105212
101504 105336
101442 105394
101152 105084
101276 104968
101218 104906
101094 105022
100978 104898
101040 104840
101098 104902
101160 104844
101044 104720
100982 104778
100924 104716
100862 104774
100746 104650
100684 104708
100626 104646
100688 104588
100630 104526
100754 104410
100696 104348
100820 104232
100878 104294
101126 104062
101068 104000
101192 103884
101076 103760
101200 103644
101084 103520
101146 103462
101088 103400
100964 103516
101080 103640
101018 103698
100844 103512
100782 103570
101072 103880
100948 103996
101006 104058
100882 104174
100650 103926
100774 103810
100716 103748
100778 103690
100720 103628
100658 103686
100600 103624
100662 103566
100604 103504
100666 103446
100724 103508
100848 103392
100790 103330
100914 103214
100856 103152
100794 103210
100562 102962
100810 102730
100578 102482
100516 102540
100690 102726
100628 102784
100512 102660
100450 102718
100566 102842
100442 102958
100732 103268
100670 103326
100380 103016
100318 103074
100608 103384
100546 103442
100198 103070
100322 102954
100264 102892
100326 102834
100384 102896
100446 102838
100214 102590
100152 102648
100268 102772
100206 102830
100148 102768
100086 102826
100028 102764
99904 102880
99846 102818
99908 102760
99850 102698
99788 102756
99730 102694
99668 102752
99610 102690
99734 102574
99676 102512
99552 102628
99494 102566
99618 102450
99560 102388
99622 102330
99564 102268
99440 102384
99498 102446
99436 102504
99378 102442
99316 102500
99664 102872
99726 102814
99900 103000
100024 102884
100082 102946
100144 102888
100202 102950
100078 103066
100136 103128
100074 103186
100132 103248
100194 103190
100252 103252
100128 103368
100186 103430
100248 103372
100306 103434
100368 103376
100542 103562
100480 103620
100654 103806
100592 103864
100476 103740
100414 103798
100472 103860
100410 103918
100120 103608
100182 103550
99892 103240
100016 103124
99958 103062
99710 103294
99826 103418
99888 103360
99946 103422
99884 103480
99942 103542
100004 103484
100062 103546
100000 103604
100406 104038
100530 103922
100762 104170
100638 104286
100464 104100
100402 104158
100634 104406
100572 104464
100456 104340
100332 104456
100274 104394
100212 104452
100096 104328
100282 104154
100224 104092
100162 104150
100046 104026
100108 103968
100050 103906
100112 103848
100054 103786
99930 103902
99988 103964
99926 104022
100100 104208
99976 104324
99918 104262
99980 104204
99864 104080
99740 104196
99972 104444
100034 104386
100092 104448
100030 104506
100088 104568
99964 104684
99848 104560
99786 104618
99960 104804
100084 104688
100142 104750
100204 104692
100146 104630
100208 104572
100266 104634
100452 104460
100568 104584
100444 104700
100386 104638
100324 104696
100440 104820
100564 104704
100622 104766
100560 104824
100618 104886
100680 104828
100738 104890
100800 104832
100916 104956
100792 105072
100676 104948
100614 105006
100498 104882
100436 104940
100610 105126
100672 105068
100788 105192
100912 105076
100970 105138
101032 105080
101148 105204
101086 105262
101144 105324
101082 105382
101024 105320
100962 105378
101078 105502
101264 105328
101322 105390
101260 105448
101318 105510
101256 105568
101198 105506
101136 105564
101252 105688
101562 105398
101678 105522
101616 105580
101558 105518
101496 105576
101612 105700
101736 105584
101852 105708
101790 105766
101848 105828
101786 105886
101728 105824
101666 105882
101782 106006
101844 105948
101902 106010
101964 105952
102022 106014
101774 106246
101658 106122
101720 106064
101662 106002
101476 106176
101418 106114
101480 106056
101422 105994
101546 105878
101488 105816
101364 105932
101190 105746
101128 105804
101360 106052
101298 106110
101356 106172
101294 106230
101178 106106
101240 106048
101182 105986
101058 106102
101000 106040
101124 105924
101066 105862
101004 105920
100946 105858
101070 105742
101012 105680
100826 105854
100942 105978
100880 106036
101054 106222
100868 106396
100810 106334
100934 106218
100876 106156
100690 106330
100632 106268
100818 106094
100760 106032
100822 105974
100764 105912
100702 105970
100644 105908
100892 105676
100834 105614
100710 105730
100652 105668
100838 105494
100780 105432
100594 105606
100536 105544
100598 105486
100540 105424
100478 105482
100420 105420
100544 105304
100486 105242
100362 105358
100246 105234
100184 105292
100358 105478
100296 105536
100354 105598
100416 105540
100648 105788
100586 105846
100470 105722
100408 105780
100466 105842
100404 105900
100288 105776
100226 105834
100342 105958
100280 106016
100396 106140
100458 106082
100400 106020
100462 105962
100520 106024
100582 105966
100640 106028
100578 106086
100636 106148
100574 106206
100516 106144
100454 106202
100570 106326
100384 106500
100326 106438
100388 106380
100272 106256
100210 106314
100268 106376
100144 106492
100202 106554
100140 106612
100314 106798
100252 106856
100020 106608
99834 106782
99776 106720
99900 106604
99842 106542
100276 106136
100218 106074
100156 106132
100040 106008
99978 106066
100094 106190
99970 106306
99912 106244
99850 106302
99792 106240
99854 106182
99796 106120
99982 105946
99924 105884
100110 105710
99878 105462
100002 105346
100118 105470
100180 105412
100064 105288
100188 105172
100130 105110
100192 105052
100250 105114
100312 105056
100370 105118
100432 105060
100316 104936
100254 104994
100196 104932
100010 105106
100068 105168
99882 105342
99766 105218
99952 105044
99836 104920
99898 104862
99840 104800
99716 104916
99832 105040
99770 105098
99712 105036
99650 105094
99592 105032
99530 105090
99820 105400
99758 105458
99990 105706
99866 105822
99808 105760
99870 105702
99812 105640
99750 105698
99518 105450
99580 105392
99464 105268
99340 105384
99224 105260
99348 105144
99290 105082
99476 104908
99534 104970
99782 104738
99666 104614
99790 104498
99732 104436
99794 104378
99736 104316
99674 104374
99616 104312
99554 104370
99670 104494
99608 104552
99550 104490
99488 104548
99662 104734
99538 104850
99422 104726
99360 104784
99302 104722
99364 104664
99190 104478
99252 104420
99310 104482
99496 104308
99438 104246
99624 104072
99566 104010
99318 104242
99376 104304
99314 104362
99140 104176
99202 104118
99260 104180
99322 104122
99264 104060
99326 104002
99384 104064
99446 104006
99388 103944
99822 103538
99648 103352
99586 103410
99702 103534
99640 103592
99582 103530
99520 103588
99578 103650
99454 103766
99396 103704
99334 103762
99276 103700
99524 103468
99466 103406
99652 103232
99594 103170
99470 103286
99354 103162
99416 103104
99474 103166
99536 103108
99420 102984
99358 103042
99300 102980
99424 102864
99366 102802
99304 102860
99246 102798
99308 102740
99250 102678
99126 102794
99242 102918
99180 102976
99296 103100
99234 103158
99350 103282
99288 103340
99404 103464
99156 103696
99330 103882
99268 103940
99094 103754
99032 103812
99206 103998
99144 104056
98970 103870
98908 103928
98850 103866
99036 103692
98920 103568
98982 103510
99040 103572
99102 103514
98986 103390
99048 103332
98990 103270
98928 103328
98870 103266
99056 103092
98998 103030
98874 103146
98816 103084
98692 103200
98924 103448
98800 103564
98568 103316
98506 103374
98622 103498
98560 103556
98502 103494
98440 103552
98556 103676
98680 103560
98796 103684
98858 103626
98916 103688
98792 103804
98734 103742
98672 103800
98904 104048
98842 104106
98784 104044
98722 104102
98838 104226
99024 104052
99082 104114
99020 104172
99194 104358
99132 104416
98958 104230
98896 104288
99244 104660
99120 104776
99004 104652
98942 104710
99058 104834
98996 104892
99054 104954
99240 104780
99356 104904
99294 104962
99236 104900
99174 104958
99232 105020
99170 105078
99228 105140
99166 105198
99108 105136
98984 105252
99042 105314
99104 105256
99336 105504
99398 105446
99862 105942
99738 106058
99680 105996
99742 105938
99684 105876
99560 105992
99328 105744
99390 105686
99274 105562
99212 105620
99270 105682
99208 105740
99498 106050
99436 106108
99494 106170
99618 106054
99676 106116
99614 106174
99846 106422
99784 106480
99726 106418
99602 106534
99718 106658
99656 106716
99540 106592
99478 106650
99536 106712
99474 106770
99416 106708
99354 106766
99296 106704
99668 106356
99552 106232
99490 106290
99548 106352
99424 106468
99308 106344
99432 106228
99374 106166
99312 106224
99254 106162
99378 106046
99320 105984
99134 106158
99250 106282
99188 106340
99362 106526
99176 106700
99118 106638
99180 106580
99122 106518
99060 106576
98944 106452
99068 106336
99010 106274
98886 106390
98828 106328
98890 106270
98832 106208
98770 106266
98654 106142
98716 106084
98658 106022
98720 105964
98836 106088
98898 106030
98782 105906
98844 105848
98902 105910
98964 105852
98906 105790
99092 105616
98976 105492
98914 105550
98972 105612
98848 105728
98790 105666
98852 105608
98794 105546
98980 105372
98922 105310
98860 105368
98686 105182
98810 105066
98694 104942
98818 104826
98760 104764
98822 104706
98764 104644
98826 104586
98710 104462
98772 104404
98714 104342
98776 104284
98660 104160
98598 104218
98540 104156
98664 104040
98548 103916
98610 103858
98494 103734
98432 103792
98490 103854
98428 103912
98544 104036
98420 104152
98304 104028
98366 103970
98308 103908
98122 104082
98006 103958
97882 104074
97940 104136
98002 104078
98118 104202
98242 104086
98416 104272
98354 104330
98296 104268
98172 104384
98288 104508
98536 104276
98594 104338
98408 104512
98466 104574
98590 104458
98706 104582
98644 104640
98586 104578
98524 104636
98698 104822
98636 104880
98462 104694
98400 104752
98342 104690
98280 104748
98396 104872
98458 104814
98516 104876
98454 104934
98512 104996
98574 104938
98690 105062
98566 105178
98798 105426
98674 105542
98616 105480
98554 105538
98786 105786
98724 105844
98666 105782
98604 105840
98662 105902
98600 105960
98484 105836
98546 105778
98488 105716
98364 105832
98596 106080
98534 106138
98186 105766
98496 105476
98380 105352
98442 105294
98384 105232
98322 105290
98264 105228
98450 105054
98392 104992
98206 105166
98148 105104
98210 105046
98152 104984
98028 105100
98376 105472
98190 105646
98132 105584
98256 105468
98198 105406
98012 105580
97954 105518
98016 105460
97900 105336
97838 105394
97896 105456
97834 105514
98008 105700
98070 105642
98128 105704
98066 105762
98356 106072
98294 106130
98468 106316
98592 106200
98650 106262
98526 106378
98584 106440
98646 106382
98762 106506
98824 106448
98882 106510
98820 106568
98936 106692
98998 106634
99056 106696
98932 106812
98642 106502
98580 106560
98754 106746
98692 106804
98518 106618
98456 106676
98340 106552
98278 106610
98336 106672
98212 106788
98154 106726
98216 106668
98158 106606
98406 106374
98290 106250
98228 106308
98286 106370
98224 106428
98166 106366
98042 106482
97984 106420
98232 106188
98174 106126
98050 106242
97992 106180
98178 106006
98062 105882
98000 105940
98058 106002
97996 106060
97880 105936
97818 105994
97934 106118
97872 106176
97988 106300
97864 106416
97980 106540
97794 106714
97736 106652
97798 106594
97740 106532
97802 106474
97744 106412
97806 106354
97748 106292
97562 106466
97504 106404
97814 106114
97756 106052
97446 106342
97388 106280
97512 106164
97454 106102
97640 105928
97582 105866
97458 105982
97400 105920
97710 105630
97594 105506
97656 105448
97598 105386
97412 105560
97470 105622
97532 105564
97590 105626
97342 105858
97168 105672
97850 105034
97676 104848
97614 104906
97730 105030
96986 105726
97044 105788
97106 105730
97338 105978
97276 106036
97392 106160
97330 106218
97040 105908
96978 105966
97268 106276
97144 106392
97202 106454
97140 106512
96966 106326
97090 106210
96974 106086
96912 106144
96854 106082
96792 106140
96850 106202
96788 106260
96904 106384
96656 106616
96598 106554
96536 106612
96478 106550
96602 106434
96660 106496
96784 106380
96668 106256
96482 106430
96424 106368
96486 106310
96428 106248
96552 106132
96610 106194
96672 106136
96556 106012
96370 106186
96312 106124
96498 105950
96440 105888
96254 106062
96196 106000
96506 105710
96680 105896
96618 105954
96676 106016
96800 105900
96684 105776
96746 105718
96688 105656
96750 105598
96866 105722
96990 105606
96932 105544
96870 105602
96812 105540
97246 105134
97304 105196
97552 104964
97494 104902
97308 105076
97250 105014
97436 104840
97378 104778
97316 104836
97258 104774
97196 104832
97254 104894
97130 105010
97014 104886
97262 104654
97320 104716
97382 104658
97498 104782
97560 104724
97444 104600
97506 104542
97680 104728
97742 104670
97800 104732
97738 104790
97970 105038
98156 104864
98098 104802
97974 104918
97858 104794
98044 104620
97928 104496
97866 104554
97924 104616
97862 104674
97746 104550
97932 104376
97874 104314
97626 104546
97568 104484
97878 104194
97820 104132
97448 104480
97390 104418
97328 104476
97386 104538
97324 104596
97266 104534
96956 104824
96898 104762
97394 104298
97336 104236
97460 104120
97402 104058
97278 104174
97162 104050
97472 103760
97646 103946
97584 104004
97642 104066
97766 103950
97650 103826
97836 103652
97778 103590
97902 103474
97960 103536
98084 103420
98142 103482
98204 103424
98088 103300
97964 103416
97906 103354
98092 103180
98208 103304
98270 103246
98212 103184
98336 103068
98510 103254
98572 103196
98514 103134
98576 103076
98634 103138
98696 103080
98638 103018
98700 102960
98642 102898
98456 103072
98398 103010
98584 102836
98526 102774
98774 102542
98716 102480
98592 102596
98534 102534
98720 102360
98894 102546
99018 102430
99076 102492
99200 102376
99258 102438
99320 102380
99146 102194
99084 102252
99142 102314
99080 102372
99022 102310
98898 102426
98782 102302
98844 102244
98902 102306
98964 102248
98906 102186
98968 102128
98910 102066
99282 101718
99224 101656
98790 102062
98848 102124
98724 102240
98666 102178
98604 102236
98662 102298
98414 102530
98530 102654
98406 102770
98290 102646
98352 102588
98294 102526
98480 102352
98364 102228
98612 101996
98670 102058
98918 101826
98860 101764
98922 101706
98980 101768
99042 101710
98984 101648
99294 101358
99178 101234
99240 101176
99298 101238
99360 101180
99476 101304
99538 101246
99480 101184
99666 101010
99608 100948
99422 101122
99364 101060
99302 101118
99244 101056
99058 101230
99174 101354
99050 101470
98934 101346
98872 101404
98988 101528
98740 101760
98624 101636
98562 101694
98736 101880
98674 101938
98500 101752
98438 101810
98554 101934
98306 102166
98248 102104
98434 101930
98376 101868
98314 101926
98256 101864
98194 101922
98252 101984
98190 102042
98132 101980
98070 102038
98012 101976
98074 101918
98016 101856
97892 101972
97950 102034
97888 102092
98004 102216
98128 102100
98360 102348
98174 102522
98232 102584
98170 102642
98228 102704
98104 102820
98162 102882
98224 102824
98282 102886
98344 102828
98402 102890
98154 103122
98096 103060
98158 103002
98100 102940
98038 102998
97922 102874
98108 102700
97992 102576
98054 102518
97996 102456
98120 102340
98062 102278
97938 102394
97880 102332
97942 102274
97768 102088
97706 102146
97822 102270
97760 102328
97934 102514
97872 102572
97988 102696
97864 102812
97806 102750
97744 102808
98034 103118
97972 103176
97914 103114
97852 103172
97910 103234
97848 103292
97732 103168
97670 103226
97786 103350
97724 103408
97782 103470
97658 103586
97542 103462
97604 103404
97546 103342
97422 103458
97654 103706
97592 103764
97418 103578
97356 103636
97414 103698
97352 103756
97294 103694
97232 103752
97290 103814
97228 103872
97112 103748
97360 103516
97244 103392
97182 103450
97240 103512
96992 103744
97166 103930
97042 104046
97274 104294
97150 104410
97034 104286
96972 104344
96914 104282
96852 104340
96968 104464
97030 104406
97088 104468
96840 104700
96782 104638
96844 104580
96786 104518
96724 104576
96666 104514
96604 104572
97126 105130
97002 105246
96886 105122
96824 105180
96940 105304
96816 105420
96700 105296
96638 105354
96754 105478
96692 105536
96634 105474
96386 105706
96328 105644
96390 105586
96332 105524
96704 105176
96646 105114
96398 105346
96340 105284
96774 104878
96716 104816
96654 104874
96596 104812
96534 104870
96476 104808
96414 104866
96530 104990
96406 105106
96348 105044
96410 104986
96352 104924
96290 104982
96232 104920
96418 104746
96360 104684
96546 104510
96488 104448
96550 104390
96608 104452
96732 104336
96674 104274
96612 104332
96554 104270
96368 104444
96426 104506
96302 104622
96244 104560
96182 104618
96298 104742
96174 104858
96116 104796
96178 104738
96120 104676
95996 104792
96344 105164
96282 105222
96224 105160
96162 105218
96336 105404
96274 105462
96216 105400
96154 105458
96270 105582
96208 105640
96266 105702
96204 105760
95972 105512
96158 105338
96042 105214
96104 105156
95988 105032
95926 105090
95984 105152
95922 105210
96038 105334
95976 105392
95860 105268
95798 105326
95914 105450
95852 105508
95678 105322
95616 105380
95674 105442
95612 105500
95496 105376
95558 105318
95442 105194
95504 105136
95388 105012
95450 104954
95682 105202
95930 104970
95872 104908
95686 105082
95628 105020
96124 104556
96066 104494
96128 104436
96186 104498
96248 104440
96132 104316
96504 103968
96620 104092
96744 103976
96686 103914
96624 103972
96566 103910
96690 103794
96748 103856
96810 103798
96868 103860
96930 103802
96872 103740
97120 103508
97062 103446
97124 103388
97066 103326
96942 103442
97000 103504
96752 103736
96694 103674
96818 103558
96760 103496
96512 103728
96570 103790
96012 104312
96070 104374
95946 104490
96004 104552
95570 104958
95454 104834
95640 104660
95698 104722
95884 104548
95826 104486
95702 104602
95644 104540
95582 104598
95466 104474
95404 104532
95520 104656
95210 104946
95152 104884
95214 104826
95156 104764
95218 104706
95276 104768
95338 104710
95222 104586
95346 104470
95288 104408
95164 104524
95048 104400
95172 104284
95114 104222
95176 104164
95292 104288
95354 104230
95412 104292
95350 104350
95408 104412
95470 104354
95528 104416
95652 104300
95768 104424
95830 104366
95888 104428
95950 104370
95834 104246
95772 104304
95656 104180
95532 104296
95358 104110
95544 103936
95660 104060
95722 104002
95896 104188
96268 103840
96152 103716
96090 103774
96148 103836
95900 104068
95726 103882
95664 103940
95606 103878
95730 103762
95904 103948
95966 103890
95850 103766
96160 103476
96218 103538
96156 103596
96214 103658
96276 103600
96392 103724
96950 103202
97008 103264
97256 103032
97198 102970
97260 102912
97318 102974
97380 102916
97438 102978
97810 102630
97752 102568
97690 102626
97574 102502
97512 102560
97628 102684
97442 102858
97384 102796
97322 102854
97264 102792
97450 102618
97392 102556
97702 102266
97644 102204
97272 102552
97330 102614
97144 102788
97202 102850
97078 102966
97136 103028
97012 103144
96954 103082
96706 103314
96590 103190
96652 103132
96594 103070
96470 103186
96644 103372
96396 103604
96338 103542
96524 103368
96466 103306
96342 103422
96284 103360
96222 103418
96164 103356
95792 103704
95734 103642
95486 103874
95428 103812
95366 103870
95424 103932
95362 103990
95304 103928
95242 103986
95300 104048
95238 104106
95180 104044
94994 104218
94878 104094
94940 104036
94882 103974
94944 103916
95002 103978
95064 103920
95122 103982
95308 103808
95250 103746
95312 103688
95370 103750
95432 103692
95374 103630
95498 103514
95556 103576
95618 103518
95560 103456
95622 103398
95796 103584
95858 103526
95742 103402
95804 103344
95746 103282
95808 103224
95866 103286
95990 103170
96048 103232
96110 103174
96226 103298
96598 102950
96656 103012
96842 102838
96784 102776
96660 102892
96602 102830
96230 103178
96114 103054
96052 103112
95994 103050
95870 103166
95812 103104
96122 102814
96180 102876
96242 102818
96300 102880
96424 102764
96482 102826
96730 102594
96846 102718
96970 102602
97028 102664
97214 102490
97156 102428
97218 102370
97276 102432
97338 102374
97280 102312
97342 102254
97400 102316
97586 102142
97470 102018
97532 101960
97648 102084
97834 101910
97776 101848
97838 101790
97896 101852
98020 101736
98078 101798
98202 101682
98318 101806
98442 101690
98384 101628
98322 101686
98206 101562
98082 101678
98024 101616
97900 101732
97842 101670
97656 101844
97714 101906
97652 101964
97536 101840
97350 102014
97466 102138
97404 102196
97346 102134
97036 102424
97094 102486
97032 102544
96974 102482
96850 102598
96734 102474
96486 102706
96428 102644
96304 102760
96246 102698
96184 102756
96126 102694
96374 102462
96316 102400
96502 102226
96560 102288
96498 102346
96614 102470
96676 102412
96618 102350
96680 102292
96738 102354
96800 102296
96684 102172
96622 102230
96564 102168
96626 102110
96568 102048
96196 102396
96254 102458
96068 102632
96010 102570
96134 102454
96076 102392
95890 102566
96064 102752
95754 103042
95638 102918
95824 102744
95650 102558
95774 102442
95832 102504
96204 102156
96262 102218
96386 102102
96328 102040
96266 102098
96208 102036
95836 102384
95778 102322
95530 102554
95704 102740
95642 102798
95584 102736
95522 102794
95580 102856
95518 102914
95750 103162
95130 103742
95072 103680
95134 103622
95018 103498
95390 103150
95274 103026
95460 102852
95402 102790
95526 102674
95468 102612
95282 102786
95340 102848
95154 103022
95270 103146
94898 103494
95014 103618
94952 103676
94894 103614
94832 103672
94948 103796
94886 103854
94770 103730
94708 103788
94766 103850
94642 103966
94584 103904
94646 103846
94588 103784
94774 103610
94716 103548
94654 103606
94596 103544
94534 103602
94476 103540
94414 103598
94530 103722
94468 103780
94526 103842
94464 103900
94522 103962
94460 104020
94344 103896
94282 103954
94340 104016
94216 104132
94158 104070
94220 104012
94162 103950
94224 103892
94166 103830
94042 103946
93984 103884
94046 103826
93988 103764
94050 103706
94108 103768
94170 103710
94228 103772
94290 103714
94232 103652
94852 103072
94736 102948
94674 103006
94732 103068
94546 103242
94488 103180
94426 103238
94484 103300
94236 103532
94178 103470
94116 103528
94058 103466
94182 103350
94240 103412
94364 103296
94306 103234
94368 103176
94310 103114
93938 103462
94054 103586
93992 103644
93934 103582
93872 103640
93756 103516
93880 103400
93822 103338
93760 103396
93702 103334
93826 103218
93768 103156
93644 103272
93586 103210
93648 103152
93532 103028
93470 103086
93528 103148
93466 103206
93292 103020
93416 102904
93474 102966
93536 102908
93594 102970
93656 102912
93540 102788
93602 102730
93660 102792
93722 102734
93896 102920
93958 102862
94016 102924
94078 102866
94020 102804
94082 102746
94024 102684
93900 102800
93842 102738
93904 102680
93846 102618
93970 102502
94202 102750
94326 102634
94558 102882
94620 102824
94562 102762
94624 102704
94682 102766
94744 102708
94628 102584
94504 102700
94330 102514
94206 102630
94148 102568
94272 102452
94214 102390
94152 102448
94094 102386
94342 102154
94574 102402
94636 102344
94694 102406
94632 102464
94690 102526
94752 102468
94984 102716
95046 102658
95104 102720
95228 102604
95170 102542
95108 102600
95050 102538
94988 102596
94872 102472
94996 102356
95054 102418
95116 102360
95000 102236
94814 102410
94698 102286
94822 102170
94764 102108
94578 102282
94404 102096
94466 102038
94524 102100
94586 102042
94644 102104
94706 102046
94648 101984
94710 101926
94884 102112
94946 102054
95062 102178
95124 102120
95008 101996
95070 101938
95012 101876
94888 101992
94830 101930
94954 101814
94896 101752
94958 101694
95074 101818
95136 101760
94962 101574
94776 101748
94834 101810
94772 101868
94714 101806
94528 101980
94470 101918
93726 102614
93668 102552
93792 102436
93734 102374
93672 102432
93614 102370
93552 102428
93610 102490
93548 102548
93432 102424
93866 102018
93924 102080
93986 102022
93870 101898
93498 102246
93440 102184
93502 102126
93444 102064
93382 102122
93266 101998
93328 101940
93386 102002
93448 101944
93506 102006
93816 101716
93758 101654
93510 101886
93336 101700
93274 101758
93332 101820
93208 101936
93150 101874
93088 101932
93030 101870
93216 101696
93158 101634
93096 101692
93038 101630
92976 101688
92802 101502
92864 101444
92980 101568
93042 101510
93100 101572
93162 101514
93104 101452
93166 101394
92992 101208
93054 101150
93170 101274
93232 101216
93348 101340
93224 101456
93282 101518
93406 101402
93580 101588
93642 101530
93584 101468
93646 101410
93994 101782
94056 101724
93766 101414
93828 101356
94060 101604
94122 101546
93890 101298
93952 101240
94474 101798
94536 101740
94304 101492
94428 101376
94602 101562
94664 101504
94490 101318
94552 101260
94610 101322
94858 101090
94916 101152
94978 101094
95152 101280
95338 101106
95396 101168
95272 101284
95388 101408
95450 101350
95392 101288
95516 101172
95458 101110
95582 100994
95698 101118
96008 100828
96182 101014
96244 100956
96360 101080
96422 101022
96480 101084
96604 100968
96546 100906
96484 100964
96426 100902
96364 100960
96306 100898
96430 100782
96488 100844
96550 100786
96434 100662
96186 100894
96128 100832
96190 100774
96132 100712
96070 100770
96012 100708
95702 100998
95644 100936
95706 100878
95648 100816
95710 100758
95652 100696
95528 100812
95586 100874
95400 101048
95342 100986
95156 101160
94982 100974
94920 101032
94862 100970
94924 100912
94866 100850
94742 100966
94800 101028
94614 101202
94556 101140
94246 101430
93956 101120
93894 101178
93836 101116
93774 101174
93832 101236
93708 101352
93650 101290
93526 101406
93468 101344
93530 101286
93472 101224
93534 101166
93592 101228
93716 101112
93658 101050
93720 100992
93778 101054
93840 100996
93608 100748
93670 100690
93960 101000
94022 100942
93848 100756
93910 100698
93968 100760
94030 100702
93914 100578
93852 100636
93794 100574
93732 100632
93674 100570
93488 100744
93430 100682
93678 100450
93620 100388
93682 100330
93624 100268
93500 100384
93442 100322
93504 100264
93446 100202
93570 100086
93628 100148
93690 100090
93806 100214
93930 100098
93988 100160
93864 100276
93922 100338
93860 100396
93918 100458
94042 100342
94216 100528
94278 100470
94394 100594
94332 100652
94506 100838
94630 100722
94572 100660
94510 100718
94452 100656
94514 100598
94282 100350
94220 100408
94046 100222
94232 100048
94290 100110
94228 100168
94286 100230
94348 100172
94812 100668
94750 100726
94808 100788
94932 100672
94642 100362
94828 100188
94944 100312
95006 100254
94948 100192
95010 100134
95184 100320
95308 100204
95366 100266
95242 100382
95300 100444
95486 100270
95776 100580
95838 100522
95490 100150
95428 100208
95370 100146
95432 100088
95374 100026
95498 99910
95788 100220
95974 100046
95742 99798
95680 99856
95854 100042
95792 100100
95560 99852
95684 99736
95626 99674
95254 100022
95312 100084
95188 100200
94956 99952
95266 99662
95324 99724
95386 99666
95444 99728
95630 99554
95746 99678
95808 99620
95750 99558
95812 99500
95696 99376
95448 99608
95390 99546
95328 99604
95270 99542
94836 99948
94952 100072
94890 100130
94832 100068
94584 100300
94526 100238
94712 100064
94654 100002
94468 100176
94410 100114
94472 100056
94414 99994
94476 99936
94418 99874
94542 99758
94600 99820
94662 99762
94778 99886
94840 99828
94724 99704
94848 99588
94906 99650
94968 99592
95026 99654
95336 99364
95394 99426
95456 99368
95514 99430
95576 99372
95460 99248
95398 99306
95340 99244
95092 99476
95034 99414
95220 99240
95162 99178
95286 99062
95402 99186
95526 99070
95468 99008
95406 99066
95348 99004
95658 98714
95600 98652
95042 99174
95100 99236
94914 99410
94972 99472
94910 99530
94852 99468
94604 99700
94488 99576
94674 99402
94500 99216
94624 99100
94856 99348
94918 99290
94860 99228
94984 99112
94926 99050
95112 98876
95054 98814
94806 99046
94864 99108
94802 99166
94628 98980
94318 99270
94434 99394
94496 99336
94554 99398
94368 99572
94426 99634
94364 99692
94422 99754
94298 99870
94356 99932
94294 99990
94236 99928
94050 100102
93992 100040
94054 99982
93996 99920
94120 99804
94178 99866
94240 99808
94124 99684
93876 99916
93934 99978
93810 100094
93636 99908
93698 99850
93756 99912
93818 99854
93760 99792
93822 99734
93880 99796
93942 99738
93826 99614
93516 99904
93458 99842
93520 99784
93404 99660
93466 99602
93524 99664
93586 99606
93470 99482
93532 99424
93416 99300
93478 99242
93594 99366
93656 99308
93772 99432
93710 99490
93768 99552
93830 99494
94004 99680
94252 99448
94310 99510
94372 99452
94256 99328
94008 99560
93950 99498
94136 99324
94078 99262
93892 99436
93718 99250
93966 99018
94140 99204
94388 98972
94330 98910
94144 99084
94086 99022
94148 98964
94090 98902
94214 98786
94272 98848
94644 98500
94586 98438
94276 98728
94218 98666
94032 98840
93974 98778
93912 98836
93970 98898
93908 98956
93850 98894
93788 98952
93846 99014
93660 99188
93602 99126
93540 99184
93482 99122
93420 99180
93304 99056
93366 98998
93424 99060
93486 99002
93428 98940
93490 98882
93548 98944
93610 98886
93552 98824
93614 98766
93672 98828
93734 98770
93676 98708
93738 98650
93796 98712
93858 98654
93742 98530
93308 98936
93250 98874
93374 98758
93316 98696
93378 98638
93436 98700
93498 98642
93382 98518
93196 98692
93080 98568
93142 98510
93084 98448
93146 98390
93262 98514
93386 98398
93502 98522
93564 98464
93506 98402
93568 98344
93626 98406
93688 98348
93804 98472
93866 98414
93924 98476
93986 98418
94102 98542
94040 98600
94098 98662
94222 98546
93990 98298
93928 98356
93870 98294
93994 98178
93936 98116
93750 98290
93692 98228
93630 98286
93572 98224
93510 98282
93452 98220
93514 98162
93456 98100
93208 98332
93150 98270
93336 98096
93278 98034
93216 98092
93158 98030
93220 97972
93104 97848
93166 97790
93340 97976
93402 97918
93634 98166
93758 98050
93816 98112
93878 98054
93820 97992
93882 97934
93940 97996
94002 97938
93886 97814
93638 98046
93406 97798
93468 97740
93526 97802
93588 97744
93646 97806
93708 97748
93592 97624
93654 97566
93770 97690
93894 97574
93836 97512
93774 97570
93600 97384
93724 97268
93782 97330
93720 97388
93778 97450
93902 97334
93960 97396
94022 97338
94080 97400
94018 97458
94134 97582
94010 97698
94068 97760
94006 97818
94064 97880
94126 97822
94184 97884
93998 98058
94114 98182
94176 98124
94118 98062
94242 97946
94996 98752
95058 98694
95116 98756
95240 98640
95182 98578
95120 98636
95062 98574
95000 98632
94768 98384
94830 98326
94888 98388
94950 98330
94834 98206
94710 98322
94652 98260
94714 98202
94656 98140
94594 98198
94478 98074
94540 98016
94598 98078
94660 98020
94544 97896
94606 97838
94548 97776
94486 97834
94428 97772
94366 97830
94482 97954
94420 98012
94246 97826
94308 97768
94250 97706
94188 97764
94130 97702
94254 97586
94138 97462
94200 97404
94142 97342
94204 97284
94146 97222
94084 97280
94026 97218
94150 97102
94092 97040
94154 96982
94328 97168
94390 97110
94216 96924
94278 96866
94394 96990
94456 96932
94514 96994
94452 97052
94510 97114
94572 97056
94688 97180
94626 97238
94568 97176
94506 97234
94738 97482
94614 97598
94672 97660
94796 97544
94854 97606
94730 97722
94788 97784
94850 97726
94908 97788
94846 97846
94904 97908
94966 97850
95024 97912
94962 97970
95252 98280
95376 98164
95608 98412
95794 98238
95736 98176
95612 98292
95438 98106
95500 98048
95616 98172
95678 98114
95504 97928
95256 98160
95082 97974
95144 97916
95202 97978
95264 97920
95322 97982
95384 97924
95268 97800
95206 97858
95148 97796
95086 97854
94912 97668
94974 97610
94684 97300
94746 97242
94804 97304
94866 97246
94924 97308
94862 97366
95152 97676
95214 97618
95330 97742
95392 97684
95624 97932
95686 97874
95396 97564
95334 97622
95218 97498
95156 97556
94982 97370
95044 97312
94870 97126
94808 97184
94634 96998
94696 96940
94638 96878
94576 96936
94460 96812
94398 96870
94340 96808
94402 96750
94286 96626
94162 96742
94104 96680
93980 96796
93922 96734
94046 96618
93988 96556
94050 96498
94108 96560
94170 96502
94228 96564
94290 96506
94580 96816
94642 96758
94700 96820
94824 96704
94882 96766
94758 96882
95106 97254
95168 97196
96270 98374
96332 98316
96912 98936
96974 98878
97264 99188
97326 99130
97442 99254
97628 99080
97512 98956
97450 99014
97508 99076
97446 99134
97330 99010
97268 99068
97094 98882
97218 98766
97392 98952
97454 98894
97222 98646
97036 98820
96978 98758
96916 98816
96742 98630
96866 98514
96982 98638
97044 98580
96870 98394
96684 98568
96336 98196
96274 98254
95984 97944
96046 97886
95988 97824
95926 97882
95346 97262
95470 97146
95412 97084
95288 97200
95172 97076
95110 97134
94878 96886
94940 96828
94998 96890
95060 96832
95292 97080
95354 97022
95180 96836
95242 96778
95416 96964
95478 96906
95884 97340
95822 97398
95938 97522
95876 97580
96224 97952
96348 97836
96406 97898
96530 97782
96472 97720
96410 97778
96352 97716
96228 97832
95996 97584
96058 97526
96232 97712
96294 97654
96062 97406
96000 97464
95942 97402
96004 97344
95946 97282
96008 97224
95950 97162
95888 97220
95830 97158
95954 97042
95896 96980
95772 97096
95714 97034
95838 96918
95780 96856
95718 96914
95660 96852
95598 96910
95482 96786
95420 96844
95246 96658
95122 96774
95064 96712
95002 96770
94828 96584
94890 96526
94948 96588
95010 96530
95126 96654
95188 96596
95072 96472
95134 96414
95192 96476
95316 96360
95432 96484
95494 96426
95552 96488
95490 96546
95664 96732
95726 96674
95842 96798
95904 96740
96020 96864
96082 96806
96140 96868
96016 96984
96074 97046
96198 96930
96314 97054
96190 97170
96538 97542
96600 97484
96310 97174
96372 97116
96488 97240
96550 97182
96608 97244
96546 97302
96778 97550
97088 97260
97378 97570
97316 97628
97490 97814
97552 97756
97436 97632
97498 97574
97208 97264
97270 97206
97444 97392
97506 97334
97564 97396
97502 97454
97560 97516
97622 97458
97680 97520
97618 97578
97676 97640
97738 97582
97796 97644
97920 97528
98152 97776
98090 97834
98786 98578
99096 98288
98980 98164
98918 98222
98976 98284
98790 98458
98732 98396
98794 98338
98736 98276
98798 98218
98740 98156
98616 98272
98558 98210
98620 98152
98562 98090
98500 98148
98442 98086
98504 98028
98446 97966
98384 98024
98210 97838
98396 97664
98338 97602
98214 97718
98156 97656
98218 97598
98160 97536
98098 97594
97924 97408
97800 97524
97568 97276
97692 97160
97634 97098
97448 97272
97274 97086
97150 97202
97092 97140
96782 97430
96666 97306
96728 97248
96554 97062
96492 97120
96318 96934
96442 96818
96326 96694
96264 96752
96322 96814
96260 96872
96144 96748
96268 96632
96210 96570
96272 96512
96330 96574
96392 96516
96218 96330
96156 96388
96214 96450
96090 96566
96148 96628
96024 96744
95908 96620
95846 96678
95730 96554
95668 96612
95610 96550
95734 96434
95676 96372
95614 96430
95498 96306
95436 96364
95378 96302
95502 96186
95444 96124
95196 96356
95138 96294
94952 96468
94894 96406
94708 96580
94766 96642
94704 96700
94646 96638
94584 96696
94410 96510
94472 96452
94414 96390
94476 96332
94534 96394
94596 96336
94480 96212
94356 96328
94240 96204
94178 96262
94294 96386
94232 96444
94000 96196
94062 96138
94120 96200
94182 96142
94066 96018
94190 95902
94306 96026
94368 95968
94426 96030
94364 96088
94422 96150
94484 96092
94600 96216
94724 96100
94666 96038
94604 96096
94488 95972
94612 95856
94844 96104
94720 96220
94778 96282
94964 96108
94906 96046
95092 95872
95034 95810
94910 95926
94852 95864
94790 95922
94732 95860
94856 95744
94914 95806
95038 95690
95212 95876
95274 95818
95216 95756
95278 95698
95568 96008
95506 96066
95680 96252
95804 96136
95746 96074
95684 96132
95626 96070
95688 96012
95630 95950
95692 95892
95808 96016
95870 95958
95696 95772
95572 95888
95340 95640
95464 95524
95638 95710
95700 95652
95932 95900
96056 95784
96114 95846
95928 96020
95986 96082
96110 95966
96168 96028
96106 96086
96396 96396
96458 96338
96342 96214
96466 96098
96408 96036
96284 96152
96226 96090
96350 95974
96292 95912
96230 95970
96172 95908
96234 95850
96176 95788
96238 95730
96122 95606
95936 95780
95762 95594
95824 95536
95766 95474
95642 95590
95468 95404
95158 95694
95100 95632
95162 95574
95104 95512
94980 95628
94922 95566
94860 95624
94802 95562
94678 95678
94736 95740
94674 95798
94616 95736
94554 95794
94496 95732
94620 95616
94562 95554
94500 95612
94442 95550
94256 95724
94314 95786
94252 95844
94136 95720
94384 95488
94326 95426
94388 95368
94504 95492
94566 95434
94508 95372
94570 95314
94512 95252
94450 95310
94392 95248
94330 95306
94214 95182
94276 95124
94334 95186
94396 95128
94338 95066
94400 95008
94458 95070
94520 95012
94578 95074
94516 95132
94574 95194
94636 95136
94694 95198
94632 95256
94690 95318
94752 95260
94810 95322
94748 95380
94806 95442
94930 95326
95046 95450
95108 95392
94934 95206
94872 95264
94524 94892
94462 94950
94346 94826
94284 94884
94226 94822
94412 94648
94354 94586
94416 94528
94474 94590
94598 94474
94656 94536
94532 94652
94590 94714
94528 94772
94586 94834
94648 94776
94706 94838
94644 94896
94876 95144
94938 95086
94996 95148
95058 95090
95174 95214
95236 95156
95062 94970
95000 95028
94942 94966
94880 95024
94764 94900
94826 94842
94884 94904
94946 94846
94772 94660
94834 94602
94776 94540
94900 94424
94958 94486
94896 94544
94954 94606
94892 94664
95124 94912
95186 94854
95012 94668
95074 94610
95132 94672
95194 94614
95310 94738
95434 94622
95318 94498
95380 94440
95438 94502
95500 94444
95558 94506
95496 94564
95554 94626
95244 94916
95302 94978
95550 94746
95608 94808
95422 94982
95480 95044
95542 94986
95716 95172
95654 95230
95596 95168
95534 95226
95650 95350
95712 95292
95770 95354
95832 95296
95890 95358
95952 95300
95836 95176
95898 95118
96072 95304
95948 95420
96006 95482
96254 95250
96196 95188
96134 95246
95902 94998
95840 95056
95782 94994
95720 95052
95604 94928
95666 94870
95724 94932
95848 94816
95790 94754
95728 94812
95670 94750
95732 94692
95616 94568
95678 94510
96142 95006
96266 94890
96208 94828
96270 94770
96212 94708
96150 94766
96092 94704
96030 94762
95682 94390
95744 94332
96034 94642
96096 94584
95748 94212
95934 94038
95992 94100
95930 94158
95988 94220
95926 94278
96100 94464
96162 94406
96104 94344
96166 94286
96050 94162
96174 94046
96000 93860
96062 93802
96236 93988
96360 93872
96418 93934
96480 93876
96538 93938
96290 94170
96406 94294
96468 94236
96526 94298
96402 94414
96344 94352
96282 94410
96398 94534
96460 94476
96518 94538
96456 94596
96514 94658
96328 94832
96444 94956
96320 95072
96378 95134
96564 94960
96448 94836
96510 94778
96568 94840
96630 94782
96688 94844
96626 94902
96684 94964
96126 95486
96242 95610
96304 95552
96246 95490
96308 95432
96714 95866
96838 95750
96780 95688
96718 95746
96370 95374
96432 95316
96664 95564
96726 95506
96494 95258
96680 95084
96912 95332
96974 95274
96742 95026
96804 94968
96746 94906
96808 94848
96576 94600
96638 94542
96812 94728
96874 94670
96816 94608
96878 94550
96820 94488
96758 94546
96642 94422
96580 94480
96522 94418
96646 94302
96704 94364
96828 94248
96770 94186
96708 94244
96650 94182
96712 94124
96654 94062
96716 94004
96774 94066
96836 94008
96894 94070
96956 94012
97072 94136
97134 94078
96960 93892
96898 93950
96840 93888
96902 93830
96844 93768
96906 93710
97080 93896
97142 93838
97084 93776
97208 93660
97266 93722
97204 93780
97262 93842
97386 93726
97328 93664
97390 93606
97448 93668
97510 93610
97568 93672
97258 93962
97316 94024
97502 93850
97560 93912
97436 94028
97494 94090
97618 93974
97676 94036
97490 94210
97374 94086
97312 94144
97254 94082
97192 94140
97308 94264
97370 94206
97428 94268
97304 94384
97246 94322
97184 94380
97126 94318
97064 94376
97180 94500
97242 94442
97300 94504
97176 94620
97118 94558
96994 94674
97052 94736
97114 94678
97172 94740
97234 94682
97292 94744
97168 94860
97284 94984
97222 95042
97106 94918
96982 95034
97040 95096
97102 95038
97218 95162
97032 95336
97090 95398
96842 95630
96900 95692
97024 95576
97140 95700
96892 95932
96950 95994
96764 96168
96822 96230
97070 95998
97012 95936
97136 95820
97252 95944
97128 96060
97186 96122
97248 96064
97306 96126
97244 96184
97302 96246
97240 96304
97124 96180
97000 96296
97058 96358
97120 96300
97178 96362
97116 96420
97174 96482
97298 96366
97356 96428
97232 96544
97464 96792
97526 96734
97352 96548
97414 96490
97472 96552
97534 96494
97766 96742
97580 96916
97638 96978
97824 96804
97940 96928
97816 97044
97990 97230
97928 97288
97986 97350
98110 97234
98168 97296
98230 97238
98288 97300
98350 97242
98582 97490
98520 97548
98636 97672
98698 97614
98640 97552
98702 97494
98354 97122
98292 97180
98234 97118
98172 97176
98114 97114
98052 97172
97936 97048
97998 96990
98056 97052
98118 96994
97538 96374
97476 96432
97360 96308
97422 96250
97364 96188
97488 96072
97430 96010
97368 96068
97310 96006
97372 95948
97198 95762
97260 95704
97086 95518
97210 95402
97152 95340
97214 95282
97272 95344
97334 95286
97392 95348
97268 95464
97326 95526
97388 95468
97446 95530
97508 95472
97566 95534
97318 95766
97434 95890
97496 95832
97438 95770
97500 95712
97616 95836
97492 95952
97666 96138
97728 96080
97612 95956
97674 95898
97732 95960
97794 95902
97852 95964
97790 96022
97906 96146
97844 96204
97902 96266
97778 96382
97836 96444
97774 96502
97832 96564
97894 96506
98010 96630
97948 96688
98238 96998
98300 96940
98184 96816
98246 96758
98188 96696
98126 96754
98068 96692
98130 96634
98072 96572
98134 96514
98018 96390
97956 96448
97898 96386
98084 96212
97910 96026
97972 95968
97798 95782
97736 95840
97562 95654
97624 95596
97740 95720
97802 95662
97280 95104
97342 95046
97632 95356
97694 95298
97288 94864
97350 94806
97408 94868
97470 94810
97528 94872
97590 94814
97706 94938
97644 94996
97818 95182
97756 95240
97814 95302
97876 95244
98108 95492
97860 95724
97976 95848
98038 95790
98096 95852
98034 95910
98092 95972
98030 96030
98088 96092
98150 96034
98208 96096
98146 96154
98320 96340
98196 96456
98370 96642
98432 96584
98490 96646
98428 96704
98486 96766
98610 96650
98436 96464
98374 96522
98316 96460
98440 96344
98498 96406
98560 96348
98444 96224
98382 96282
98266 96158
98328 96100
98212 95976
98274 95918
98042 95670
98104 95612
98162 95674
98224 95616
98166 95554
98228 95496
97996 95248
98058 95190
98116 95252
98178 95194
98062 95070
97938 95186
97764 95000
97826 94942
97594 94694
97532 94752
97474 94690
97412 94748
97296 94624
97358 94566
97416 94628
97478 94570
97536 94632
97598 94574
97482 94450
97420 94508
97362 94446
97486 94330
97544 94392
97668 94276
97784 94400
97846 94342
97672 94156
97796 94040
97912 94164
97974 94106
97916 94044
97978 93986
97920 93924
98044 93808
98102 93870
98040 93928
98214 94114
97904 94404
97962 94466
97838 94582
97954 94706
98016 94648
97958 94586
98082 94470
98024 94408
98086 94350
98144 94412
98206 94354
98148 94292
98272 94176
98388 94300
98078 94590
98136 94652
97950 94826
97892 94764
97830 94822
97946 94946
98008 94888
98066 94950
98128 94892
98070 94830
98256 94656
98198 94594
98446 94362
98504 94424
98442 94482
98500 94544
98190 94834
98248 94896
98372 94780
98430 94842
98368 94900
98484 95024
98422 95082
98480 95144
98542 95086
98600 95148
98476 95264
98534 95326
98348 95500
98464 95624
98278 95798
98336 95860
98460 95744
98518 95806
98394 95922
98452 95984
98514 95926
98572 95988
98448 96104
98506 96166
98630 96050
98688 96112
98626 96170
98684 96232
98622 96290
98680 96352
98618 96410
98676 96472
98614 96530
98672 96592
98734 96534
98792 96596
98420 96944
98478 97006
98912 96600
98970 96662
98660 96952
98718 97014
98842 96898
98900 96960
98590 97250
98648 97312
98958 97022
99016 97084
98768 97316
98942 97502
98880 97560
99170 97870
99108 97928
99224 98052
99100 98168
99158 98230
99344 98056
99228 97932
99290 97874
99000 97564
99062 97506
98888 97320
99074 97146
99190 97270
99066 97386
99240 97572
99302 97514
99186 97390
99248 97332
99306 97394
99368 97336
99426 97398
99364 97456
99422 97518
99484 97460
99716 97708
99468 97940
99816 98312
99754 98370
99986 98618
100048 98560
99874 98374
99936 98316
99588 97944
99650 97886
99708 97948
99832 97832
99774 97770
99836 97712
99662 97526
99724 97468
99782 97530
99844 97472
99902 97534
99840 97592
100014 97778
100076 97720
100134 97782
99886 98014
100002 98138
100064 98080
100006 98018
100068 97960
100126 98022
100188 97964
100246 98026
100308 97968
100424 98092
100486 98034
100312 97848
100250 97906
100192 97844
100254 97786
100138 97662
100200 97604
100606 98038
100544 98096
100660 98220
100722 98162
100664 98100
100726 98042
100262 97546
100324 97488
100266 97426
100018 97658
99960 97596
100022 97538
99848 97352
99786 97410
99728 97348
100100 97000
100042 96938
99670 97286
99612 97224
99550 97282
99666 97406
99604 97464
99372 97216
99310 97274
99252 97212
99314 97154
99256 97092
99194 97150
98904 96840
99090 96666
98916 96480
98854 96538
98738 96414
98800 96356
98858 96418
98920 96360
98746 96174
98808 96116
98576 95868
98638 95810
98522 95686
98584 95628
98468 95504
98530 95446
98588 95508
98650 95450
98708 95512
98646 95570
98704 95632
98828 95516
98596 95268
98658 95210
98890 95458
98952 95400
98662 95090
98724 95032
98782 95094
98844 95036
98960 95160
98898 95218
99014 95342
99076 95284
99018 95222
99080 95164
98848 94916
98786 94974
98728 94912
98666 94970
98608 94908
98546 94966
98488 94904
98550 94846
98434 94722
98496 94664
98670 94850
98732 94792
98558 94606
98620 94548
98562 94486
98624 94428
98508 94304
98570 94246
98860 94556
98736 94672
98794 94734
98918 94618
99034 94742
98972 94800
98914 94738
98852 94796
98968 94920
99030 94862
99088 94924
99150 94866
99266 94990
99328 94932
99386 94994
99324 95052
99382 95114
99258 95230
99316 95292
99192 95408
99134 95346
98886 95578
98944 95640
98820 95756
98936 95880
98812 95996
98928 96120
98866 96178
98924 96240
99048 96124
98932 96000
98994 95942
99168 96128
99230 96070
98940 95760
99064 95644
99006 95582
99130 95466
99362 95714
99238 95830
99296 95892
99234 95950
99292 96012
99354 95954
99412 96016
99350 96074
99408 96136
99346 96194
99288 96132
99164 96248
99222 96310
99098 96426
99156 96488
99218 96430
99450 96678
99202 96910
99434 97158
99496 97100
99322 96914
99384 96856
99500 96980
99562 96922
99446 96798
99570 96682
99280 96372
99342 96314
99632 96624
99694 96566
99404 96256
99466 96198
99814 96570
99690 96686
99748 96748
99686 96806
99628 96744
99566 96802
99798 97050
99860 96992
99744 96868
99806 96810
99864 96872
99926 96814
99984 96876
100108 96760
100166 96822
100104 96880
100162 96942
100224 96884
100282 96946
100344 96888
100402 96950
100278 97066
100336 97128
100460 97012
100518 97074
100394 97190
100452 97252
100390 97310
100448 97372
100572 97256
100514 97194
100576 97136
100634 97198
100696 97140
100348 96768
100286 96826
100112 96640
99988 96756
99930 96694
99868 96752
99810 96690
99934 96574
99876 96512
99938 96454
99880 96392
99818 96450
99760 96388
99884 96272
99826 96210
99764 96268
99706 96206
99644 96264
99470 96078
99532 96020
99358 95834
99420 95776
99536 95900
99598 95842
99540 95780
99602 95722
99892 96032
99830 96090
100120 96400
99996 96516
100054 96578
100302 96346
100186 96222
100124 96280
100066 96218
100128 96160
100070 96098
100008 96156
99950 96094
100012 96036
99606 95602
99482 95718
99250 95470
99374 95354
99548 95540
99610 95482
99378 95234
99440 95176
99556 95300
99680 95184
99738 95246
99800 95188
99916 95312
99730 95486
99788 95548
99850 95490
99966 95614
99904 95672
99962 95734
99900 95792
99958 95854
100082 95738
100024 95676
100086 95618
99912 95432
100036 95316
100094 95378
100032 95436
100148 95560
100272 95444
100040 95196
99978 95254
99920 95192
99982 95134
99924 95072
100048 94956
100164 95080
100226 95022
100052 94836
99928 94952
99870 94890
99808 94948
99866 95010
99804 95068
99746 95006
99560 95180
99444 95056
99568 94940
99626 95002
99688 94944
99572 94820
99448 94936
99390 94874
99452 94816
99394 94754
99332 94812
99274 94750
99212 94808
99096 94684
99220 94568
99336 94692
99398 94634
99514 94758
99576 94700
99402 94514
99340 94572
99224 94448
99100 94564
99042 94502
98980 94560
98864 94436
98926 94378
98868 94316
98930 94258
98988 94320
99050 94262
98934 94138
98748 94312
98690 94250
98752 94192
98694 94130
98756 94072
98814 94134
98876 94076
98760 93952
98450 94242
98334 94118
98396 94060
98454 94122
98516 94064
98400 93940
98276 94056
98160 93932
98222 93874
98164 93812
98226 93754
98284 93816
98346 93758
98230 93634
98168 93692
98110 93630
98048 93688
97990 93626
98238 93394
98354 93518
98292 93576
98350 93638
98536 93464
98594 93526
98532 93584
98590 93646
98466 93762
98524 93824
98648 93708
98822 93894
98884 93836
98652 93588
98714 93530
98656 93468
98718 93410
98834 93534
98772 93592
98830 93654
98954 93538
99012 93600
98888 93716
98946 93778
99008 93720
99066 93782
98942 93898
99000 93960
99186 93786
99070 93662
99132 93604
98958 93418
99144 93244
99202 93306
99078 93422
99136 93484
99322 93310
99380 93372
99194 93546
99252 93608
99190 93666
99248 93728
99310 93670
99368 93732
99120 93964
99178 94026
99302 93910
99360 93972
99174 94146
99232 94208
99418 94034
99476 94096
99414 94154
99472 94216
99534 94158
99592 94220
99468 94336
99526 94398
99650 94282
99766 94406
99828 94348
99654 94162
99716 94104
99658 94042
99596 94100
99364 93852
99426 93794
99542 93918
99604 93860
99546 93798
99608 93740
99724 93864
99786 93806
99670 93682
99732 93624
99616 93500
99554 93558
99612 93620
99550 93678
99492 93616
99430 93674
99372 93612
99434 93554
99376 93492
99438 93434
99496 93496
99558 93438
99442 93314
99628 93140
99686 93202
99624 93260
99740 93384
99802 93326
99744 93264
99868 93148
99810 93086
99872 93028
99698 92842
99760 92784
99992 93032
100178 92858
100236 92920
100112 93036
100170 93098
99736 93504
99794 93566
99856 93508
99972 93632
100034 93574
99918 93450
100042 93334
100100 93396
100162 93338
100220 93400
100158 93458
100216 93520
100030 93694
100088 93756
99902 93930
100134 94178
100010 94294
99894 94170
99832 94228
99948 94352
99824 94468
99882 94530
99820 94588
99762 94526
99700 94584
99642 94522
99580 94580
99696 94704
99758 94646
99816 94708
100002 94534
99944 94472
100130 94298
100246 94422
100060 94596
100176 94720
100114 94778
100172 94840
100296 94724
100180 94600
100242 94542
100300 94604
100362 94546
100420 94608
100482 94550
100192 94240
100254 94182
100022 93934
100146 93818
100204 93880
100142 93938
100200 94000
100262 93942
100494 94190
100432 94248
100548 94372
100672 94256
100788 94380
100664 94496
100722 94558
100536 94732
100478 94670
100230 94902
100346 95026
100222 95142
100280 95204
100218 95262
100276 95324
100338 95266
100396 95328
100458 95270
100342 95146
100404 95088
100462 95150
100524 95092
100350 94906
100474 94790
100590 94914
100652 94856
100710 94918
100648 94976
100822 95162
100760 95220
100702 95158
100516 95332
100574 95394
100388 95568
100446 95630
100694 95398
100636 95336
100698 95278
100872 95464
100810 95522
100752 95460
100690 95518
100748 95580
100686 95638
100628 95576
100566 95634
100624 95696
100190 96102
100364 96288
100426 96230
100310 96106
100372 96048
100430 96110
100492 96052
100434 95990
100558 95874
100616 95936
100678 95878
100736 95940
100488 96172
100546 96234
100360 96408
100418 96470
100542 96354
100658 96478
100596 96536
100538 96474
100476 96532
100592 96656
100654 96598
100712 96660
100588 96776
100646 96838
100708 96780
100766 96842
100704 96900
100762 96962
100886 96846
100770 96722
100832 96664
100716 96540
100778 96482
100662 96358
100724 96300
100608 96176
100856 95944
100682 95758
100744 95700
100918 95886
100980 95828
100806 95642
100868 95584
101042 95770
101104 95712
101162 95774
100976 95948
101092 96072
101030 96130
100972 96068
100910 96126
101026 96250
100964 96308
101022 96370
101084 96312
101142 96374
100956 96548
101014 96610
101138 96494
101196 96556
101320 96440
101088 96192
101212 96076
101444 96324
101506 96266
101390 96142
101452 96084
101510 96146
101572 96088
101456 95964
101332 96080
101216 95956
101154 96014
101096 95952
101220 95836
101278 95898
101340 95840
101108 95592
101170 95534
101228 95596
101290 95538
101174 95414
100988 95588
100930 95526
100992 95468
100818 95282
100880 95224
101054 95410
101116 95352
100768 94980
100892 94864
101008 94988
101070 94930
100954 94806
101016 94748
100958 94686
100772 94860
100656 94736
100718 94678
100776 94740
100838 94682
100780 94620
100842 94562
100784 94500
100846 94442
100904 94504
101028 94388
100970 94326
100908 94384
100676 94136
100614 94194
100150 93698
100274 93582
100332 93644
100270 93702
100328 93764
100452 93648
100684 93896
100622 93954
100738 94078
100800 94020
100742 93958
100804 93900
100514 93590
100576 93532
100518 93470
100394 93586
100336 93524
100398 93466
100166 93218
100228 93160
100286 93222
100410 93106
100294 92982
100356 92924
100472 93048
100534 92990
100476 92928
100538 92870
100596 92932
100658 92874
100716 92936
100344 93284
100460 93408
100522 93350
100464 93288
100588 93172
100704 93296
100580 93412
100638 93474
100700 93416
100758 93478
100634 93594
100692 93656
100878 93482
100762 93358
100824 93300
100650 93114
100836 92940
100894 93002
100832 93060
100890 93122
100952 93064
101068 93188
100944 93304
101002 93366
101126 93250
101184 93312
101122 93370
101180 93432
101242 93374
101358 93498
101296 93556
101354 93618
101292 93676
101176 93552
101114 93610
101230 93734
101168 93792
101110 93730
101048 93788
101106 93850
100920 94024
101036 94148
101098 94090
101040 94028
101164 93912
101222 93974
101160 94032
101218 94094
101032 94268
101090 94330
101152 94272
101326 94458
101202 94574
101318 94698
101194 94814
101252 94876
101190 94934
101248 94996
101186 95054
101302 95178
101240 95236
101298 95298
101236 95356
101352 95480
101414 95422
101472 95484
101348 95600
101464 95724
101402 95782
101518 95906
101580 95848
101522 95786
101584 95728
101468 95604
101592 95488
101708 95612
101646 95670
101704 95732
101890 95558
102006 95682
102130 95566
102072 95504
102010 95562
101894 95438
101770 95554
101596 95368
101658 95310
101716 95372
101840 95256
101724 95132
101476 95364
101418 95302
101604 95128
101546 95066
101422 95182
101306 95058
101368 95000
101426 95062
101488 95004
101314 94818
101376 94760
101550 94946
101612 94888
101670 94950
101732 94892
101616 94768
101554 94826
101496 94764
101558 94706
101500 94644
101438 94702
101322 94578
101446 94462
101214 94214
101338 94098
101396 94160
101458 94102
101226 93854
101288 93796
101346 93858
101408 93800
101350 93738
101412 93680
101528 93804
101466 93862
101524 93924
101648 93808
101416 93560
101478 93502
101826 93874
101516 94164
101632 94288
101570 94346
101628 94408
101690 94350
101748 94412
101562 94586
101620 94648
101806 94474
101864 94536
101802 94594
101860 94656
101984 94540
101636 94168
101822 93994
101880 94056
101756 94172
101814 94234
102000 94060
102058 94122
101996 94180
102112 94304
102174 94246
102116 94184
102178 94126
102004 93940
101942 93998
101884 93936
101946 93878
101656 93568
101718 93510
101544 93324
101420 93440
101362 93378
101486 93262
101428 93200
101366 93258
101250 93134
101188 93192
101130 93130
101192 93072
101076 92948
101014 93006
100956 92944
101080 92828
101370 93138
101432 93080
101258 92894
101320 92836
101494 93022
101556 92964
101672 93088
101734 93030
101676 92968
101800 92852
101858 92914
101796 92972
101854 93034
101606 93266
101722 93390
101784 93332
101726 93270
101788 93212
101846 93274
101970 93158
102028 93220
101780 93452
101838 93514
101962 93398
102020 93460
101834 93634
101950 93758
102012 93700
101954 93638
102016 93580
102132 93704
102194 93646
102078 93522
102140 93464
102024 93340
102148 93224
102032 93100
102218 92926
102276 92988
102214 93046
102272 93108
102210 93166
102268 93228
102206 93286
102264 93348
102450 93174
102508 93236
102198 93526
102256 93588
102566 93298
102624 93360
102500 93476
102558 93538
102372 93712
102430 93774
102554 93658
102612 93720
102302 94010
102418 94134
102356 94192
102414 94254
102600 94080
102542 94018
102480 94076
102422 94014
102670 93782
102844 93968
102162 94606
102336 94792
102398 94734
102282 94610
103026 93914
102968 93852
102906 93910
102674 93662
102736 93604
102620 93480
102682 93422
102972 93732
103034 93674
102744 93364
102868 93248
102810 93186
102872 93128
103046 93314
102922 93430
103038 93554
103100 93496
103158 93558
103220 93500
103162 93438
103224 93380
103108 93256
103356 93024
103414 93086
103476 93028
103534 93090
103410 93206
103352 93144
103228 93260
103344 93384
103530 93210
103588 93272
103526 93330
103584 93392
103460 93508
103402 93446
103340 93504
103456 93628
103642 93454
103700 93516
103514 93690
103572 93752
103758 93578
103816 93640
103506 93930
103332 93744
103394 93686
103336 93624
103212 93740
103328 93864
103266 93922
103324 93984
103262 94042
103146 93918
103022 94034
103080 94096
103142 94038
103200 94100
102766 94506
102708 94444
102460 94676
102518 94738
102704 94564
102762 94626
102576 94800
102634 94862
102696 94804
102754 94866
102816 94808
102758 94746
102882 94630
102998 94754
102750 94986
102692 94924
102630 94982
102514 94858
102452 94916
102568 95040
102506 95098
102332 94912
102270 94970
102212 94908
102274 94850
102042 94602
101856 94776
101914 94838
102038 94722
102154 94846
101968 95020
102084 95144
102146 95086
102088 95024
102150 94966
102266 95090
102080 95264
102138 95326
102386 95094
102444 95156
102134 95446
102192 95508
102564 95160
102622 95222
102684 95164
102626 95102
102688 95044
102746 95106
103056 94816
103114 94878
102618 95342
102676 95404
102552 95520
102610 95582
102734 95466
102850 95590
102540 95880
102366 95694
102428 95636
102370 95574
102246 95690
102362 95814
102176 95988
102234 96050
102110 96166
102052 96104
101928 96220
101870 96158
101808 96216
101924 96340
102048 96224
102106 96286
101920 96460
101804 96336
101742 96394
101800 96456
101676 96572
101502 96386
101440 96444
101498 96506
101436 96564
101378 96502
101316 96560
101374 96622
101312 96680
101370 96742
101556 96568
101614 96630
101428 96804
101486 96866
101238 97098
101296 97160
101420 97044
101478 97106
101292 97280
101118 97094
100994 97210
100936 97148
100812 97264
100754 97202
100692 97260
100866 97446
100928 97388
100870 97326
100932 97268
100990 97330
101114 97214
101230 97338
101168 97396
101110 97334
101048 97392
101106 97454
101044 97512
101102 97574
100730 97922
100788 97984
101222 97578
101164 97516
101288 97400
101346 97462
101408 97404
101350 97342
101598 97110
101482 96986
101606 96870
101722 96994
101660 97052
101718 97114
101532 97288
101648 97412
101400 97644
101342 97582
101094 97814
101152 97876
101090 97934
101032 97872
100970 97930
101028 97992
100718 98282
100834 98406
100772 98464
100714 98402
100652 98460
100536 98336
100474 98394
100532 98456
100346 98630
100404 98692
100590 98518
100648 98580
100710 98522
100768 98584
100954 98410
100838 98286
100962 98170
101078 98294
101140 98236
101024 98112
101272 97880
101388 98004
101450 97946
101276 97760
101338 97702
101512 97888
101574 97830
101458 97706
101706 97474
101764 97536
101578 97710
101636 97772
101698 97714
101756 97776
101818 97718
101760 97656
101822 97598
101880 97660
101942 97602
102000 97664
101938 97722
101996 97784
102120 97668
102062 97606
102124 97548
102008 97424
101884 97540
101652 97292
101838 97118
101780 97056
101842 96998
101784 96936
101908 96820
101850 96758
101788 96816
101730 96754
101668 96812
101610 96750
101858 96518
101916 96580
101854 96638
101912 96700
101974 96642
102090 96766
101904 96940
102020 97064
101958 97122
102016 97184
101892 97300
101950 97362
102074 97246
102132 97308
102070 97366
102244 97552
102306 97494
102190 97370
102252 97312
102078 97126
102140 97068
102024 96944
102148 96828
102206 96890
102268 96832
101978 96522
102040 96464
102098 96526
102160 96468
102102 96406
102164 96348
102280 96472
102342 96414
102226 96290
102288 96232
102230 96170
102354 96054
102470 96178
102408 96236
102466 96298
102590 96182
102358 95934
102420 95876
102594 96062
102656 96004
102598 95942
102660 95884
102718 95946
102780 95888
102722 95826
102784 95768
102900 95892
102652 96124
102768 96248
102830 96190
102772 96128
103020 95896
102846 95710
102970 95594
102738 95346
102862 95230
102978 95354
103040 95296
103098 95358
103160 95300
103044 95176
102982 95234
102924 95172
103172 94940
103230 95002
103168 95060
103226 95122
103288 95064
103346 95126
103408 95068
102886 94510
103010 94394
103126 94518
103188 94460
103072 94336
103196 94220
103312 94344
103374 94286
103258 94162
103320 94104
103378 94166
103626 93934
103684 93996
103622 94054
103680 94116
103308 94464
103366 94526
103614 94294
103672 94356
103238 94762
103296 94824
103358 94766
103416 94828
103478 94770
103536 94832
103598 94774
103482 94650
103606 94534
103664 94596
103602 94654
103660 94716
103722 94658
103780 94720
103594 94894
103652 94956
103466 95130
103524 95192
103462 95250
103404 95188
103280 95304
103338 95366
103400 95308
103458 95370
103644 95196
103586 95134
103710 95018
103768 95080
103830 95022
103714 94898
103838 94782
103896 94844
103834 94902
103892 94964
104016 94848
103668 94476
103730 94418
103788 94480
103850 94422
103676 94236
103738 94178
103796 94240
103858 94182
103742 94058
103804 94000
103746 93938
103808 93880
104040 94128
103854 94302
103970 94426
103908 94484
104024 94608
104086 94550
104028 94488
104090 94430
103974 94306
104036 94248
104152 94372
104214 94314
104098 94190
104160 94132
104334 94318
104396 94260
104338 94198
104400 94140
104516 94264
104454 94322
104570 94446
104508 94504
104624 94628
104562 94686
104330 94438
104082 94670
104140 94732
104326 94558
104384 94620
103888 95084
103946 95146
103884 95204
103826 95142
103764 95200
103880 95324
103508 95672
103392 95548
103268 95664
103326 95726
103388 95668
103446 95730
103322 95846
103264 95784
103202 95842
103144 95780
103082 95838
103140 95900
102892 96132
102950 96194
102888 96252
102946 96314
103070 96198
103012 96136
103260 95904
103318 95966
103194 96082
103252 96144
103500 95912
103442 95850
104000 95328
103942 95266
104066 95150
104008 95088
104442 94682
104558 94806
104372 94980
104314 94918
104128 95092
104186 95154
104310 95038
104368 95100
104430 95042
104546 95166
104608 95108
104492 94984
104802 94694
104860 94756
104798 94814
104856 94876
104794 94934
104736 94872
104674 94930
104790 95054
104666 95170
104724 95232
104848 95116
104964 95240
104840 95356
104898 95418
104836 95476
104720 95352
104658 95410
104600 95348
104662 95290
104604 95228
104542 95286
104484 95224
104360 95340
104244 95216
104182 95274
104124 95212
104062 95270
104178 95394
104240 95336
104356 95460
104480 95344
104654 95530
104468 95704
104352 95580
104290 95638
104116 95452
103744 95800
103860 95924
103922 95866
103864 95804
104112 95572
104286 95758
104348 95700
104406 95762
104282 95878
104108 95692
104046 95750
104162 95874
103852 96164
103794 96102
103856 96044
103798 95982
103736 96040
103620 95916
103062 96438
103004 96376
102756 96608
102814 96670
102752 96728
102694 96666
102632 96724
102574 96662
102202 97010
102260 97072
102322 97014
102438 97138
102500 97080
102384 96956
102570 96782
102628 96844
102690 96786
102748 96848
102562 97022
102620 97084
102310 97374
102368 97436
102740 97088
102682 97026
102868 96852
102810 96790
102934 96674
102876 96612
103000 96496
103058 96558
103306 96326
103422 96450
103360 96508
103418 96570
103542 96454
103368 96268
103616 96036
103674 96098
103488 96272
103546 96334
103670 96218
103728 96280
103790 96222
103848 96284
104220 95936
104278 95998
104526 95766
104584 95828
104646 95770
104588 95708
104650 95650
104708 95712
104770 95654
104712 95592
104774 95534
104832 95596
105018 95422
105134 95546
105072 95604
105130 95666
105068 95724
105010 95662
104948 95720
104890 95658
104704 95832
104762 95894
104700 95952
104642 95890
104580 95948
104638 96010
104514 96126
104456 96064
104394 96122
104452 96184
104390 96242
104216 96056
104154 96114
104270 96238
104208 96296
104266 96358
104204 96416
104146 96354
104022 96470
103964 96408
103902 96466
103786 96342
103414 96690
103356 96628
103170 96802
103228 96864
103352 96748
103410 96810
103782 96462
103898 96586
103960 96528
104018 96590
104142 96474
104200 96536
103890 96826
103832 96764
103770 96822
103712 96760
103588 96876
103530 96814
103282 97046
103166 96922
103042 97038
102984 96976
102798 97150
102856 97212
102794 97270
102736 97208
102674 97266
102732 97328
102670 97386
102612 97324
102426 97498
102542 97622
102480 97680
102364 97556
102178 97730
102236 97792
102174 97850
102116 97788
101992 97904
101934 97842
101810 97958
101694 97834
101570 97950
101628 98012
101690 97954
101806 98078
101930 97962
101988 98024
102112 97908
102170 97970
102356 97796
102298 97734
102360 97676
102476 97800
102662 97626
102546 97502
102608 97444
102666 97506
102976 97216
102918 97154
102980 97096
103038 97158
103162 97042
103278 97166
103526 96934
103584 96996
103708 96880
103766 96942
103828 96884
103886 96946
103638 97178
103696 97240
103510 97414
103452 97352
103514 97294
103398 97170
103336 97228
103394 97290
103332 97348
103274 97286
103212 97344
103328 97468
103390 97410
103448 97472
103386 97530
103444 97592
103816 97244
103758 97182
103944 97008
104002 97070
103878 97186
103936 97248
104122 97074
103948 96888
104258 96598
104374 96722
104188 96896
104362 97082
104238 97198
104180 97136
103808 97484
103750 97422
103626 97538
103684 97600
103746 97542
103804 97604
104176 97256
104234 97318
104482 97086
104308 96900
104370 96842
104428 96904
104490 96846
104432 96784
104494 96726
104262 96478
104882 95898
104940 95960
104878 96018
104994 96142
104622 96490
104738 96614
104552 96788
104610 96850
104486 96966
104544 97028
104730 96854
104672 96792
104858 96618
104742 96494
105114 96146
104998 96022
105060 95964
105118 96026
105180 95968
105064 95844
105126 95786
105242 95910
105304 95852
105246 95790
105370 95674
105428 95736
105366 95794
105424 95856
105238 96030
105296 96092
105358 96034
105416 96096
105478 96038
105536 96100
105598 96042
105482 95918
105544 95860
105486 95798
105548 95740
105490 95678
105552 95620
105668 95744
105730 95686
105672 95624
105796 95508
105854 95570
105792 95628
105850 95690
105788 95748
105846 95810
105970 95694
106028 95756
105966 95814
106024 95876
105962 95934
105904 95872
105842 95930
105784 95868
105722 95926
105780 95988
105160 96568
105276 96692
105338 96634
105280 96572
105466 96398
105524 96460
105586 96402
105528 96340
105776 96108
105834 96170
105896 96112
105954 96174
105830 96290
105772 96228
105648 96344
105706 96406
105644 96464
105702 96526
106074 96178
105958 96054
106020 95996
106078 96058
106140 96000
106256 96124
106132 96240
106190 96302
106252 96244
106310 96306
106186 96422
106244 96484
106368 96368
106426 96430
106364 96488
106480 96612
106542 96554
106484 96492
106546 96434
106720 96620
106596 96736
106538 96674
106476 96732
106418 96670
106356 96728
106472 96852
106410 96910
106352 96848
106290 96906
106116 96720
106054 96778
105996 96716
105934 96774
105992 96836
105930 96894
105988 96956
106112 96840
106170 96902
106108 96960
106166 97022
106042 97138
105810 96890
105686 97006
105454 96758
105392 96816
105450 96878
105388 96936
105330 96874
105268 96932
105384 97056
105508 96940
105682 97126
105806 97010
105864 97072
105740 97188
105798 97250
105860 97192
105918 97254
105670 97486
105438 97238
105376 97296
105318 97234
105380 97176
105322 97114
105260 97172
105028 96924
104966 96982
104908 96920
104784 97036
104842 97098
104904 97040
104962 97102
105024 97044
105140 97168
105016 97284
104958 97222
104896 97280
105012 97404
105198 97230
105314 97354
105190 97470
105248 97532
105434 97358
105608 97544
105546 97602
105488 97540
105426 97598
105368 97536
105306 97594
105364 97656
105302 97714
105128 97528
105066 97586
104950 97462
104888 97520
105004 97644
104942 97702
105000 97764
105124 97648
105182 97710
105058 97826
105116 97888
105054 97946
104938 97822
104876 97880
105050 98066
105236 97892
105178 97830
105240 97772
105298 97834
105484 97660
105542 97722
106286 97026
106344 97088
106220 97204
106278 97266
106340 97208
106398 97270
106460 97212
106402 97150
106464 97092
106580 97216
106146 97622
106088 97560
106026 97618
106142 97742
106514 97394
106572 97456
106510 97514
106568 97576
106630 97518
106746 97642
106684 97700
106626 97638
106564 97696
106506 97634
106196 97924
106254 97986
106502 97754
106676 97940
106738 97882
106680 97820
106804 97704
106862 97766
106924 97708
106982 97770
106796 97944
106854 98006
106916 97948
106974 98010
107036 97952
107210 98138
107148 98196
107032 98072
106970 98130
106912 98068
106850 98126
106908 98188
106846 98246
107020 98432
106958 98490
106842 98366
106780 98424
106664 98300
106788 98184
106730 98122
106606 98238
106432 98052
106370 98110
106428 98172
106366 98230
106018 97858
105956 97916
106246 98226
106184 98284
105952 98036
105890 98094
106122 98342
106060 98400
105538 97842
105476 97900
105708 98148
105584 98264
105410 98078
105348 98136
105522 98322
105460 98380
105402 98318
105154 98550
105096 98488
105034 98546
104860 98360
104674 98534
104616 98472
104740 98356
104624 98232
104562 98290
104620 98352
104496 98468
104554 98530
104430 98646
104314 98522
104004 98812
103830 98626
103768 98684
103652 98560
103590 98618
103532 98556
103408 98672
103466 98734
103528 98676
103586 98738
103648 98680
103706 98742
103582 98858
103524 98796
103462 98854
103578 98978
103826 98746
103884 98808
103822 98866
103880 98928
103942 98870
104000 98932
104310 98642
104368 98704
104306 98762
104364 98824
104302 98882
104360 98944
104484 98828
104426 98766
104612 98592
104670 98654
104856 98480
105030 98666
105092 98608
105150 98670
105088 98728
105146 98790
105270 98674
105212 98612
105398 98438
105456 98500
105766 98210
106056 98520
106118 98462
106176 98524
106238 98466
106180 98404
106304 98288
106362 98350
106486 98234
106544 98296
106482 98354
106540 98416
106478 98474
106420 98412
106296 98528
106354 98590
106292 98648
106234 98586
106172 98644
106404 98892
106342 98950
106052 98640
105990 98698
106164 98884
106102 98942
106044 98880
105982 98938
106098 99062
106160 99004
106218 99066
106280 99008
106338 99070
106524 98896
106582 98958
106334 99190
106392 99252
106330 99310
106388 99372
106512 99256
106570 99318
106508 99376
106566 99438
106442 99554
106384 99492
106322 99550
106206 99426
106082 99542
106024 99480
106148 99364
106090 99302
106152 99244
106094 99182
105970 99298
105796 99112
105734 99170
105618 99046
105680 98988
105506 98802
105382 98918
105440 98980
105502 98922
105560 98984
105498 99042
105730 99290
105792 99232
105966 99418
105780 99592
105722 99530
105784 99472
105726 99410
105664 99468
105200 98972
105262 98914
105204 98852
105080 98968
105370 99278
105184 99452
105068 99328
105006 99386
105064 99448
105002 99506
104828 99320
104704 99436
104646 99374
104770 99258
104712 99196
104526 99370
104236 99060
104174 99118
104522 99490
104584 99432
104642 99494
104580 99552
104638 99614
104514 99730
104224 99420
104038 99594
104270 99842
104332 99784
104158 99598
104220 99540
104452 99788
104328 99904
104386 99966
104758 99618
104700 99556
104824 99440
105056 99688
104746 99978
104688 99916
104626 99974
104568 99912
104382 100086
104266 99962
104204 100020
104262 100082
104200 100140
104316 100264
104564 100032
104622 100094
104684 100036
104742 100098
105176 99692
105060 99568
105122 99510
105180 99572
105428 99340
105486 99402
105300 99576
105358 99638
105544 99464
105602 99526
105540 99584
105598 99646
105536 99704
105594 99766
105470 99882
105412 99820
105350 99878
105234 99754
105172 99812
105288 99936
105164 100052
105106 99990
105044 100048
104986 99986
104676 100276
104618 100214
104556 100272
104498 100210
104436 100268
104552 100392
104614 100334
104672 100396
104920 100164
104978 100226
104792 100400
104850 100462
104726 100578
104610 100454
104486 100570
104544 100632
104606 100574
104664 100636
104354 100926
104412 100988
104970 100466
104912 100404
105098 100230
105040 100168
105102 100110
105160 100172
105408 99940
105524 100064
105338 100238
105512 100424
105388 100540
105156 100292
105094 100350
105152 100412
105028 100528
105086 100590
104900 100764
104958 100826
105206 100594
105148 100532
105210 100474
105384 100660
105694 100370
105578 100246
105516 100304
105458 100242
105644 100068
105586 100006
105648 99948
105590 99886
105714 99770
105656 99708
105718 99650
105776 99712
105962 99538
106020 99600
105958 99658
106016 99720
105892 99836
105834 99774
105772 99832
105888 99956
106136 99724
106078 99662
106202 99546
106376 99732
106314 99790
106256 99728
106194 99786
106252 99848
106190 99906
106132 99844
106070 99902
106186 100026
106496 99736
106554 99798
106492 99856
106608 99980
106546 100038
106488 99976
106426 100034
106542 100158
106480 100216
106596 100340
106534 100398
106418 100274
106356 100332
106240 100208
106302 100150
106244 100088
106182 100146
106008 99960
105760 100192
105702 100130
105640 100188
105756 100312
106004 100080
106062 100142
105876 100316
105934 100378
106120 100204
106294 100390
106046 100622
105872 100436
105624 100668
105682 100730
105868 100556
105926 100618
105864 100676
105922 100738
105798 100854
105740 100792
105368 101140
105426 101202
105736 100912
105794 100974
105980 100800
106038 100862
106100 100804
106042 100742
106104 100684
106162 100746
106224 100688
106166 100626
106352 100452
106410 100514
106472 100456
106530 100518
106592 100460
106708 100584
106646 100642
106588 100580
106526 100638
106584 100700
106522 100758
106464 100696
106402 100754
106460 100816
106398 100874
106340 100812
106278 100870
106336 100932
106274 100990
106216 100928
106154 100986
106270 101110
106704 100704
106762 100766
106638 100882
106696 100944
106634 101002
106576 100940
106514 100998
106630 101122
106816 100948
106932 101072
106870 101130
106928 101192
106866 101250
106750 101126
106626 101242
106510 101118
106448 101176
106506 101238
106444 101296
106386 101234
106324 101292
106208 101168
106146 101226
106088 101164
106026 101222
105910 101098
105972 101040
105914 100978
105790 101094
106022 101342
106084 101284
106142 101346
106018 101462
106076 101524
106262 101350
106320 101412
106382 101354
106440 101416
106502 101358
106560 101420
106498 101478
106556 101540
106804 101308
106862 101370
106676 101544
106734 101606
106796 101548
106854 101610
106792 101668
106908 101792
106846 101850
106672 101664
106610 101722
106378 101474
106254 101590
106196 101528
106134 101586
106192 101648
106130 101706
106072 101644
106010 101702
106126 101826
106374 101594
106606 101842
106544 101900
106486 101838
106424 101896
106366 101834
106304 101892
106420 102016
106358 102074
106242 101950
106118 102066
106176 102128
106238 102070
106412 102256
106288 102372
106230 102310
106292 102252
106234 102190
106110 102306
106052 102244
105990 102302
105932 102240
105994 102182
105878 102058
106002 101942
105944 101880
106006 101822
105948 101760
105886 101818
105828 101756
106014 101582
105898 101458
105836 101516
105894 101578
105770 101694
105016 100888
104954 100946
104896 100884
104772 101000
104830 101062
104892 101004
104950 101066
105012 101008
105244 101256
105182 101314
105124 101252
105062 101310
105178 101434
105302 101318
105360 101380
105298 101438
105356 101500
105418 101442
105534 101566
105472 101624
105414 101562
105352 101620
105468 101744
105406 101802
105464 101864
105526 101806
105584 101868
105646 101810
105530 101686
105592 101628
105766 101814
105704 101872
105762 101934
105824 101876
105882 101938
105758 102054
105874 102178
105812 102236
105870 102298
105808 102356
105866 102418
105928 102360
105986 102422
105862 102538
105920 102600
105858 102658
105684 102472
105622 102530
105796 102716
105734 102774
105618 102650
105556 102708
105498 102646
105560 102588
105502 102526
105440 102584
105324 102460
105386 102402
105444 102464
105506 102406
105274 102158
105398 102042
105340 101980
105216 102096
105158 102034
105282 101918
105224 101856
105162 101914
105104 101852
105166 101794
105108 101732
105046 101790
104988 101728
105050 101670
104760 101360
104636 101476
104404 101228
104218 101402
104276 101464
104400 101348
104574 101534
104512 101592
104396 101468
104334 101526
104508 101712
104756 101480
104930 101666
104868 101724
104810 101662
104748 101720
104690 101658
104628 101716
104744 101840
104806 101782
104864 101844
104926 101786
105100 101972
105038 102030
105328 102340
105266 102398
105208 102336
105146 102394
105088 102332
105150 102274
104860 101964
104798 102022
104682 101898
104620 101956
104388 101708
104326 101766
104616 102076
104678 102018
104794 102142
104856 102084
105030 102270
104968 102328
105142 102514
105204 102456
105378 102642
105316 102700
105374 102762
105436 102704
105552 102828
105614 102770
105672 102832
105610 102890
105726 103014
105850 102898
105908 102960
106032 102844
106090 102906
105966 103022
106024 103084
105962 103142
105904 103080
105842 103138
105784 103076
105722 103134
105432 102824
105370 102882
105312 102820
105188 102936
105130 102874
105254 102758
104906 102386
104844 102444
103742 101266
103680 101324
103100 100704
103038 100762
102748 100452
102686 100510
102570 100386
102384 100560
102500 100684
102562 100626
102504 100564
102566 100506
102682 100630
102744 100572
102918 100758
102794 100874
102620 100688
102558 100746
102790 100994
102976 100820
103034 100882
103096 100824
103270 101010
103146 101126
103030 101002
102968 101060
103142 101246
103328 101072
103676 101444
103738 101386
104028 101696
103966 101754
104024 101816
104086 101758
104666 102378
104542 102494
104600 102556
104724 102440
104840 102564
104902 102506
105134 102754
105072 102812
105014 102750
104952 102808
104720 102560
104658 102618
104832 102804
104770 102862
104596 102676
104534 102734
104128 102300
104190 102242
104074 102118
104136 102060
103788 101688
103664 101804
103606 101742
103482 101858
103540 101920
103602 101862
103660 101924
103784 101808
104016 102056
103954 102114
103780 101928
103718 101986
103950 102234
104012 102176
104070 102238
104008 102296
104066 102358
104004 102416
104062 102478
104124 102420
104182 102482
104058 102598
104116 102660
104240 102544
104298 102606
104174 102722
104232 102784
104294 102726
104352 102788
104414 102730
104530 102854
104592 102796
104766 102982
104890 102866
104948 102928
105010 102870
105184 103056
105122 103114
105064 103052
105002 103110
104886 102986
104824 103044
104940 103168
104878 103226
104820 103164
104696 103280
104580 103156
104518 103214
104460 103152
104522 103094
104348 102908
104286 102966
104170 102842
104108 102900
103992 102776
103930 102834
103872 102772
103996 102656
103938 102594
103814 102710
103698 102586
103822 102470
103474 102098
103412 102156
103702 102466
103640 102524
103524 102400
103462 102458
103404 102396
103466 102338
103234 102090
102924 102380
102634 102070
102696 102012
102522 101826
102460 101884
102576 102008
102514 102066
102804 102376
102742 102434
102568 102248
102506 102306
102448 102244
102510 102186
102452 102124
102390 102182
102332 102120
102394 102062
102336 102000
102274 102058
102216 101996
102092 102112
101860 101864
101922 101806
101226 101062
100916 101352
101032 101476
101094 101418
101036 101356
101222 101182
101280 101244
101218 101302
101276 101364
101214 101422
101272 101484
101396 101368
101454 101430
101392 101488
101450 101550
101512 101492
101570 101554
101508 101612
101566 101674
101628 101616
101802 101802
101616 101976
101674 102038
101798 101922
101856 101984
101794 102042
101852 102104
101914 102046
102088 102232
102212 102116
102444 102364
102320 102480
102378 102542
102564 102368
102738 102554
102862 102438
102920 102500
103230 102210
103346 102334
103284 102392
103458 102578
103520 102520
103694 102706
103570 102822
103686 102946
103748 102888
103690 102826
103752 102768
103868 102892
103744 103008
103802 103070
103740 103128
103682 103066
103620 103124
103794 103310
103856 103252
103798 103190
103922 103074
103864 103012
103988 102896
104104 103020
104166 102962
104282 103086
104344 103028
104402 103090
104278 103206
104336 103268
104398 103210
104514 103334
104576 103276
104634 103338
104510 103454
104568 103516
104816 103284
104874 103346
105060 103172
105118 103234
105304 103060
105246 102998
105308 102940
105366 103002
105428 102944
105602 103130
105540 103188
105598 103250
105536 103308
105478 103246
105416 103304
105532 103428
105656 103312
105772 103436
105834 103378
105718 103254
105780 103196
106012 103444
105950 103502
105892 103440
105830 103498
105946 103622
105822 103738
105706 103614
105644 103672
105586 103610
105648 103552
105590 103490
105528 103548
105412 103424
105288 103540
105346 103602
105408 103544
105524 103668
105400 103784
105168 103536
105292 103420
105234 103358
105048 103532
105106 103594
104920 103768
104978 103830
105102 103714
105160 103776
105222 103718
105280 103780
105156 103896
105098 103834
104974 103950
104800 103764
104738 103822
104796 103884
104734 103942
104444 103632
104506 103574
104332 103388
104208 103504
104266 103566
104328 103508
104386 103570
104324 103628
104382 103690
104320 103748
104204 103624
104142 103682
104316 103868
104440 103752
104672 104000
104548 104116
104374 103930
104312 103988
104080 103740
103956 103856
103898 103794
104084 103620
104026 103558
103902 103674
103844 103612
103906 103554
103616 103244
103554 103302
103670 103426
103546 103542
103604 103604
103728 103488
103786 103550
103662 103666
103720 103728
103782 103670
103840 103732
103778 103790
103836 103852
103774 103910
103890 104034
104076 103860
104250 104046
104188 104104
104246 104166
104370 104050
104544 104236
104854 103946
104912 104008
104850 104066
104908 104128
105032 104012
105090 104074
105152 104016
105210 104078
105334 103962
105276 103900
105338 103842
105396 103904
105458 103846
105516 103908
105392 104024
105450 104086
105512 104028
105570 104090
105756 103916
105698 103854
105760 103796
105876 103920
105628 104152
105686 104214
105624 104272
105508 104148
105446 104206
105504 104268
105442 104326
105500 104388
105562 104330
105620 104392
105682 104334
105798 104458
105736 104516
105678 104454
105616 104512
105674 104574
105612 104632
105554 104570
105492 104628
105434 104566
105496 104508
105438 104446
105376 104504
105318 104442
105380 104384
105322 104322
105260 104380
105202 104318
105264 104260
105206 104198
105082 104314
104966 104190
104904 104248
105078 104434
105140 104376
105488 104748
105550 104690
105666 104814
105728 104756
105786 104818
105600 104992
105658 105054
105596 105112
105538 105050
105414 105166
105356 105104
105480 104988
105422 104926
105484 104868
105426 104806
105364 104864
105306 104802
105368 104744
105136 104496
105074 104554
105016 104492
104954 104550
104838 104426
104776 104484
104950 104670
105012 104612
105070 104674
105132 104616
105248 104740
105186 104798
105128 104736
105066 104794
105240 104980
105178 105038
105236 105100
105112 105216
105054 105154
105116 105096
105058 105034
105120 104976
104888 104728
104826 104786
105000 104972
104938 105030
104880 104968
104818 105026
104702 104902
104578 105018
104694 105142
104632 105200
104574 105138
104512 105196
104454 105134
104516 105076
104458 105014
104768 104724
104710 104662
104462 104894
104404 104832
104590 104658
104532 104596
104470 104654
104296 104468
104358 104410
104416 104472
104478 104414
104362 104290
104300 104348
104242 104286
104180 104344
104122 104282
104060 104340
104176 104464
104114 104522
103940 104336
104064 104220
104006 104158
103758 104390
103816 104452
103878 104394
104110 104642
104172 104584
104230 104646
104292 104588
104408 104712
104346 104770
104288 104708
104164 104824
104222 104886
104284 104828
104342 104890
104280 104948
104396 105072
104334 105130
103870 104634
103746 104750
103804 104812
103742 104870
103800 104932
103862 104874
103920 104936
103982 104878
104330 105250
104268 105308
103978 104998
103916 105056
104264 105428
104078 105602
104020 105540
104082 105482
104024 105420
104086 105362
103912 105176
103850 105234
103908 105296
103846 105354
103962 105478
103838 105594
104012 105780
103950 105838
103776 105652
103652 105768
103594 105706
103532 105764
103474 105702
103722 105470
103606 105346
103544 105404
103486 105342
103610 105226
103668 105288
103730 105230
103614 105106
103552 105164
103494 105102
103556 105044
103498 104982
103684 104808
103568 104684
103692 104568
103634 104506
103448 104680
103564 104804
103502 104862
103444 104800
103382 104858
103324 104796
103386 104738
103328 104676
103886 104154
103770 104030
103708 104088
103766 104150
103704 104208
103298 103774
103174 103890
103232 103952
103294 103894
103642 104266
103580 104324
103348 104076
103286 104134
103518 104382
103332 104556
103100 104308
103038 104366
103270 104614
103208 104672
103266 104734
103204 104792
103436 105040
103374 105098
103200 104912
103138 104970
103196 105032
103134 105090
103192 105152
103254 105094
103370 105218
103432 105160
103490 105222
103366 105338
103308 105276
103184 105392
103242 105454
103304 105396
103362 105458
103300 105516
103358 105578
103296 105636
103238 105574
103176 105632
103118 105570
103056 105628
102940 105504
102878 105562
103052 105748
103114 105690
103172 105752
103110 105810
103168 105872
103106 105930
102932 105744
102870 105802
102928 105864
102804 105980
102746 105918
102808 105860
102750 105798
102626 105914
102684 105976
102622 106034
102564 105972
102502 106030
102444 105968
102754 105678
102696 105616
102510 105790
102452 105728
102576 105612
102518 105550
102394 105666
102336 105604
102522 105430
102638 105554
102700 105496
102758 105558
102820 105500
102704 105376
102642 105434
102584 105372
102708 105256
102766 105318
102828 105260
102886 105322
102948 105264
102832 105140
102770 105198
102712 105136
102836 105020
102894 105082
103018 104966
102960 104904
102898 104962
102840 104900
102778 104958
102720 104896
102844 104780
102728 104656
102790 104598
102906 104722
103030 104606
102972 104544
102910 104602
102794 104478
102980 104304
102922 104242
103170 104010
103112 103948
102988 104064
102872 103940
103120 103708
103062 103646
103248 103472
103190 103410
102942 103642
103000 103704
102876 103820
102760 103696
102884 103580
102826 103518
102764 103576
102706 103514
102768 103456
102710 103394
102772 103336
102888 103460
103012 103344
102954 103282
102892 103340
102834 103278
102896 103220
102838 103158
102714 103274
102656 103212
102780 103096
102548 102848
102486 102906
102660 103092
102598 103150
102540 103088
102478 103146
102246 102898
102432 102724
102374 102662
102188 102836
102072 102712
102196 102596
102022 102410
102084 102352
102026 102290
101902 102406
101844 102344
