100
2501 842
2464 1166
3834 1759
14 -3276
845 -1039
3170 -2930
3052 -3333
2111 -976
2882 -2609
52 3367
2236 1637
2185 2646
1396 2773
1676 3935
1628 1295
3037 810
3209 2768
103 2367
2799 -728
544 1272
1352 567
2706 -1314
3608 813
585 -1230
1621 1490
2964 4039
3339 -2280
2201 514
2795 -3731
1028 -2740
862 460
221 -1654
2844 -1728
2617 305
3241 3087
934 -2336
942 3755
2345 -3691
494 89
358 572
915 551
425 789
4053 275
3598 1838
1968 -1423
3238 -2530
3727 -3931
3196 -742
687 -3355
1794 2140
872 2224
2493 -2463
2721 73
2740 -4051
3580 -174
210 3474
4092 2661
3515 -1128
3984 -1357
536 1729
2082 -3715
1678 3381
1896 -1602
1171 3878
71 1390
1594 1521
1318 -4053
1238 3679
297 -2429
2724 -1351
2370 16
3073 658
1549 2772
1296 1790
2998 -2225
478 -3352
1630 1741
333 -771
3614 -653
2525 760
293 -2156
2076 -1171
1793 -2265
1961 -3068
2746 3064
2197 -121
2830 -251
3936 2037
2787 -161
3351 -1531
786 566
1381 -3873
3394 4062
2083 -3124
4 -1693
3216 -759
2941 2664
2809 1329
2879 2612
224 450
