0
0
0
0
0
0
0
0
0
0
0
0
0
0
0
0
0
0
0
0
0
0
0
0
0
0
0
0
0
0
0
0
0
0
0
0
0
0
0
0
0
0
0
0
0
0
0
0
0
0
0
0
0
0
0
0
0
0
0
0
0
0
0
0
0
0
0
0
0
0
0
0
0
0
55626
0
0
0
0
0
0
0
0
0
0
0
0
0
0
0
0
0
0
0
0
0
0
0
0
0
0
0
0
0
0
0
96345
0
0
0
0
0
0
0
0
0
0
0
0
0
0
0
0
0
0
0
0
0
0
0
0
0
0
0
0
0
0
0
0
0
0
0
0
0
0
0
0
0
0
0
0
0
0
0
0
0
0
0
0
0
0
0
0
0
0
0
0
0
0
0
0
0
0
0
0
0
0
0
0
0
0
0
0
0
0
0
0
0
0
0
40717
0
0
0
131318
0
0
0
111782
0
0
0
0
0
0
0
0
0
0
0
0
0
0
0
0
0
0
0
67375
0
0
0
0
0
0
0
0
0
0
0
10657
0
0
0
0
0
0
0
144234
0
0
0
0
0
0
0
0
0
0
122541
0
0
101722
0
0
0
0
0
0
0
0
0
0
0
16440
0
0
0
0
0
0
0
0
0
0
0
0
0
0
0
0
0
149503
0
0
0
0
0
0
0
0
0
0
147945
0
0
0
0
0
0
0
66019
0
0
112793
0
0
0
0
0
0
0
0
0
0
0
0
0
0
0
0
0
0
0
0
0
0
0
0
0
0
0
0
0
0
0
0
0
0
0
0
0
108204
0
21874
0
0
35516
0
0
0
0
35143
0
0
0
0
46586
0
0
0
0
0
0
0
0
0
0
0
0
0
0
0
0
33773
0
0
105924
0
0
0
0
0
0
0
0
0
0
0
0
0
36332
0
0
0
0
0
0
0
0
3526
0
0
0
0
0
0
0
0
0
0
27358
0
147156
78838
0
0
0
0
3690
56184
0
0
13842
0
0
0
140270
0
0
0
0
0
0
0
0
0
0
0
110525
8004
0
149122
0
0
81128
0
0
68481
0
0
0
0
0
0
27937
0
99037
142717
0
0
0
0
0
21075
0
74573
0
0
0
0
0
0
0
0
0
0
6305
0
0
0
0
0
0
0
0
137920
0
0
0
0
0
0
0
0
0
0
0
149592
0
58415
0
0
0
0
0
0
0
0
0
123644
60919
0
0
0
0
0
0
0
0
0
0
0
0
82360
0
0
0
0
5011
0
0
0
0
0
0
0
0
0
0
0
0
0
99744
18845
124613
0
0
0
0
0
0
0
69246
0
0
61466
0
0
0
0
22023
0
0
0
0
46554
102797
0
0
0
0
0
0
0
0
0
0
0
118444
141158
0
0
0
0
0
0
0
0
0
63270
0
90594
0
143521
0
79552
0
123034
0
0
48431
0
38397
0
83565
0
0
0
91924
0
0
0
0
0
0
0
0
0
130756
24913
0
144719
0
90065
106603
0
0
0
0
0
0
0
0
0
0
20248
0
0
0
0
15155
0
127091
0
0
83836
0
0
0
0
0
0
0
0
0
116819
0
0
0
0
0
0
0
0
0
92811
132776
0
110219
0
29851
0
0
0
0
0
0
119643
0
0
0
0
0
0
0
0
0
129370
0
0
0
0
0
0
0
0
0
0
113452
0
0
0
0
126348
0
0
0
0
0
0
0
0
0
0
138393
0
0
0
0
0
0
118213
0
3158
0
0
0
0
0
0
127623
0
16839
0
0
70509
0
0
0
0
104590
0
0
0
0
0
0
0
0
0
0
5848
124784
11796
0
147467
0
0
0
0
0
0
24968
0
0
0
131812
0
7956
0
0
0
0
0
22101
0
0
0
0
0
0
0
0
0
0
0
0
0
0
125649
0
0
0
95363
0
0
0
0
47031
0
0
0
0
26551
0
0
0
0
0
0
0
0
0
0
89822
0
0
0
0
0
92842
0
0
0
96421
119101
116287
0
0
0
106708
0
0
0
53837
0
0
0
0
38887
0
116773
37564
41668
0
0
0
0
123589
0
0
0
22395
61222
0
0
0
0
0
20709
17306
123209
0
0
0
114858
0
0
0
0
0
0
0
0
0
79294
0
0
101209
130298
0
0
0
0
12394
48893
0
0
24385
0
0
0
79225
0
0
0
0
0
71025
0
64569
0
0
0
108186
0
18507
0
0
138559
0
0
47296
0
0
0
136419
0
0
105518
131394
0
0
0
20279
0
0
80802
68418
0
75797
0
0
0
0
62851
0
0
84576
0
123388
67775
0
138724
120023
120526
0
12351
0
70360
0
0
0
0
51427
0
65570
56278
115890
0
0
0
0
43311
0
123106
0
0
35941
0
0
110488
2104
0
0
30632
0
0
0
0
0
0
136475
0
0
0
0
52168
0
0
23938
0
0
0
0
0
0
0
0
0
0
25398
0
0
0
0
24477
0
149599
0
0
0
0
70318
0
0
0
33243
0
3872
0
74165
0
43779
114156
0
0
0
0
147116
0
106856
0
0
4822
0
0
100070
0
0
69100
83280
0
35866
0
12764
0
0
87422
0
0
99126
0
92441
139179
0
35521
48070
128081
0
0
0
973
24321
0
0
0
0
0
0
74961
38478
0
114435
0
0
0
0
0
0
0
15987
0
0
0
0
0
66900
0
0
97538
0
70775
0
0
139040
27724
0
0
104016
0
0
0
0
77862
0
24134
124246
125346
0
0
0
0
0
0
0
0
0
0
82137
0
113514
0
0
0
34916
138815
0
115746
0
72337
0
9363
121220
0
0
0
0
6118
0
29381
0
22471
71450
0
0
0
0
0
0
0
0
0
0
0
142933
31185
82549
38520
109480
0
0
0
0
130983
76599
0
0
0
0
88108
0
0
129687
0
0
115251
0
0
0
61926
77802
104791
0
34064
0
0
113080
33284
0
2457
2958
58311
138342
1448
0
0
0
84270
41055
0
91169
0
119645
50892
0
0
0
0
0
0
41342
0
0
0
0
75643
45916
0
5879
0
107578
0
89686
76770
0
65133
147928
0
52667
0
0
0
29763
0
0
0
0
0
0
812
0
0
66465
117144
75082
0
0
123947
121413
33325
57709
113219
0
0
45071
67756
146578
0
127381
0
0
58396
0
52051
0
0
90080
0
5493
0
35673
0
0
11059
0
0
0
0
0
0
25246
11941
80530
77518
0
0
55344
0
34532
0
43989
0
0
21551
94654
47665
2442
46430
0
73687
15307
140272
0
93403
109553
51247
0
147842
0
0
78226
136561
35037
0
0
0
37880
0
21863
143676
124022
0
0
87156
0
0
0
86963
0
0
0
0
123220
78212
49180
27542
130652
29956
0
0
33188
90705
0
61066
0
24383
109512
126596
0
0
0
0
0
0
56198
0
0
63660
0
0
0
0
0
0
70088
28306
119854
42663
71894
144247
0
0
27699
0
147362
0
43231
136503
125241
0
0
135870
0
105989
0
76748
0
0
80238
0
0
0
52330
0
0
95310
41963
42172
0
0
0
71118
115781
57100
0
69242
139606
91603
0
98709
0
0
57719
0
0
30431
25708
66732
107802
0
149701
0
0
146105
57226
0
105334
0
0
110081
0
83938
132693
95838
124098
0
0
87086
0
0
0
0
61744
0
70645
0
22279
0
68800
0
106940
0
0
0
120464
69558
0
140922
0
13256
113747
147628
78659
16356
69795
0
0
0
0
0
0
0
23635
0
10156
0
8523
0
0
0
21303
7575
95835
45088
117627
128446
0
0
117348
80590
92116
0
0
0
77400
0
13434
0
112990
87533
0
0
20432
6321
115996
0
0
112128
0
101174
89660
0
0
50052
0
89025
0
0
51876
22241
129369
9270
0
0
9122
0
124158
101673
84795
75981
0
0
1380
58957
4349
58290
121762
0
0
0
0
0
0
17162
9412
101813
0
104144
0
135362
0
0
75310
108910
19786
0
0
0
6474
0
76892
0
115438
20075
10302
142238
122456
46223
29905
121172
0
0
0
0
113458
0
0
33927
3158
28495
0
110571
65045
0
0
63032
100085
0
89777
0
0
65866
146445
48917
0
135201
0
84266
0
18184
0
0
127833
107630
76480
70461
60351
30719
7592
0
17716
134229
38996
0
0
0
136414
0
0
669
0
0
62279
33529
0
0
138283
0
0
0
0
0
0
29284
0
0
0
41955
131916
0
81673
137755
0
0
128073
132046
101669
127988
33269
148654
72261
108765
111782
48617
0
105593
0
109389
21459
138931
144238
15907
0
115051
0
138135
6197
0
0
26980
48581
65416
133766
53453
134682
135251
61802
44135
0
10018
18654
82309
8446
108449
42272
0
0
0
27583
37163
126145
0
0
0
67925
0
0
128791
4589
129324
0
116836
69190
0
0
0
94905
78196
11331
112682
68460
110894
7800
0
103414
111203
97841
0
0
3823
0
103306
105719
0
71216
142360
0
104851
126883
46681
8895
0
0
0
129677
37523
0
57428
13793
140226
7972
0
0
84518
7998
100808
0
92302
37686
91719
77304
118303
0
138720
21356
43886
0
0
0
0
22671
0
0
132225
79181
97935
148286
94828
0
10706
0
0
63194
0
141956
0
0
0
0
141688
90495
125545
0
0
0
0
6388
0
134407
26769
54709
0
97956
0
0
28082
6146
99731
148215
79233
0
4597
39659
136035
46102
0
51895
26705
41004
54704
0
0
0
24466
0
0
26912
88676
60329
76448
7353
70769
63219
34528
102356
57675
96509
83617
92936
135340
0
116486
144894
141717
87668
35965
0
0
0
0
21652
98968
0
140601
59134
144851
43142
67130
0
0
35365
52187
0
6562
144314
0
8874
0
149166
0
0
99833
18528
73771
0
0
0
0
40631
0
0
9120
120027
0
0
112957
27132
11496
0
0
7633
53214
62258
0
89300
99425
46048
17313
113482
49734
0
77492
71251
57952
167
0
102197
90273
63631
117209
1348
38254
0
124937
0
51417
28770
113632
0
0
13153
29924
13209
123211
0
0
124757
106289
105225
142447
135994
122157
16439
55311
0
125588
115662
88637
33180
79067
777
21053
136729
0
68841
0
15563
136791
54070
64921
0
4463
56814
124684
63463
81758
56993
0
0
75869
0
146436
82470
65876
41113
116668
90460
84542
24085
137242
38051
139085
0
131804
0
0
7572
0
0
145115
0
135851
0
102918
11312
111151
0
100238
0
114913
87666
0
40233
108584
0
58131
0
72578
68865
53214
50856
55763
52985
111312
19904
0
39048
58240
15857
20978
62697
67005
61876
0
91531
127575
100557
0
47719
0
14056
0
0
0
0
0
63946
25993
98795
59453
0
50037
0
96465
113400
37566
88298
46695
0
0
0
58244
125506
16992
0
0
120750
12585
144725
0
55783
0
112448
98066
32321
0
0
0
0
115220
74304
83410
55335
42651
43807
35581
135547
10743
69619
90455
64837
13820
0
0
149892
0
86895
0
0
34968
46295
110618
0
11045
52049
90821
0
150
84013
27934
0
27366
0
0
20901
124721
47415
141300
0
0
0
0
8913
33494
68865
30593
63886
89846
0
127701
0
0
70438
0
27060
0
29479
17941
55340
132609
32589
61112
115995
0
8327
0
849
145930
116645
0
80304
129199
0
16862
0
92890
55190
0
0
101851
75484
0
40230
0
25603
93698
28791
114324
122065
0
0
143882
0
149100
0
43208
147621
94974
24206
0
38477
117199
0
26060
0
11316
0
0
8998
0
0
0
104396
87018
0
0
7592
45067
0
29514
0
41248
0
106320
9852
0
0
101209
100011
0
45349
126864
131395
0
34132
0
66756
0
103074
87579
118712
120152
12946
0
141660
0
0
50704
0
123873
23849
0
146482
5879
32777
107253
60535
0
103072
118949
52660
0
65795
0
92923
59105
0
94456
136646
0
73491
22360
34677
138957
7951
127836
51130
36548
40145
6903
0
0
1055
22258
72372
75749
40862
5441
91516
100156
79504
69615
138377
91951
133343
138095
19582
123010
47620
27005
0
21140
148982
54099
56068
20642
27649
0
38169
0
105923
128537
28673
0
23643
5784
141995
89073
118506
8761
0
0
88814
144337
10683
66035
120715
84350
79076
0
0
127521
403
61117
74809
58170
96309
60170
2015
147990
65505
31222
61038
6383
0
24744
10831
69640
103488
121576
10480
35937
87898
123503
13827
0
0
52020
0
75670
108855
118316
140379
140041
1077
0
128552
0
0
27853
85678
81623
77412
0
7768
0
24696
0
18299
133056
125861
118271
42434
116671
0
0
61929
78251
4194
0
111236
100670
140259
0
20642
0
73025
79883
0
31616
91145
122636
15972
55467
70154
0
60984
2203
43655
57485
64098
140774
143011
69634
80016
0
128308
138145
0
19732
22680
115508
15522
0
82465
0
32173
74008
107243
52171
4371
0
112178
37780
45538
112684
41404
16418
29572
33934
27158
86906
121841
0
0
71694
90766
139479
32836
16499
72070
10279
34036
136488
122545
44983
59738
102581
75125
49552
126856
0
28998
16404
0
35079
103016
76208
31647
0
51551
0
45631
81802
81158
52969
0
21992
15898
30298
0
82621
105502
28299
0
30066
99315
21093
66315
146677
0
115497
95431
41644
50424
105825
40722
33757
118027
52293
110216
73182
61783
78073
0
36451
103501
92693
0
74806
119769
20359
122167
48351
0
42372
57894
126484
143417
11096
98933
11808
37763
30384
52664
140028
0
4626
110945
84473
94435
128255
97489
0
33682
0
0
14421
0
41616
54016
83742
128558
35115
35566
21414
0
110042
0
51375
32130
141531
107597
4411
55351
0
96165
0
66763
5599
0
78238
103047
16202
0
105386
5104
18075
27617
9626
11800
28770
0
34613
38173
104015
116703
140007
16929
121577
0
45384
50511
81925
64441
6954
58967
63431
31298
131547
47786
129916
0
0
0
115486
63757
101885
18982
108022
139495
0
0
28043
10469
22630
116752
129051
41871
100287
24638
23104
0
85873
0
99878
20060
147224
95340
75585
92996
0
104674
134789
128026
22137
72565
90560
0
47101
0
110936
135054
144746
8071
0
120763
0
73995
107837
203
96756
36247
0
85157
42924
118131
115897
0
121387
130366
88397
149611
0
8947
0
97993
1346
87908
0
0
135327
89031
52710
122643
6348
137479
0
40289
20767
87736
86895
78787
6203
134576
0
113886
34100
55107
0
123165
45441
120979
98093
113918
42960
108632
63859
95580
85598
94521
125963
48667
31622
138055
85320
31946
127902
91620
136756
35929
58396
64900
77838
114307
53723
74025
18630
68069
41663
98635
50824
55006
86027
47090
22607
32472
0
65498
73400
58539
90280
122389
14098
11455
43517
128872
138791
132624
48294
23255
103430
145025
127034
27567
70867
114686
86021
23372
147497
0
116793
21102
89852
124691
22898
113830
67045
61059
51291
77873
1952
117324
147768
107708
0
143744
18596
83394
1084
90125
222
115483
49909
65147
34715
47745
135673
44306
13847
55582
77443
0
0
64084
149666
54583
111000
123693
97695
0
17092
97778
85200
79735
50503
0
32646
113849
127519
121117
44788
127196
2049
59866
45833
69708
7440
62272
124872
68991
29175
22186
85297
18758
98067
73932
59364
43610
0
4623
25865
87109
3059
13402
105912
130278
114629
0
90548
19631
99402
85120
84481
22892
40835
147291
117210
62947
86657
371
42398
34777
60513
23022
10330
141646
114700
133755
85695
132475
63469
55192
49519
25166
34265
59557
54567
12049
27068
78819
107591
723
42052
45139
84090
127392
121575
88386
135693
147427
134392
34456
36775
7600
124080
6508
104477
131973
20605
117183
106600
45430
13318
12824
102477
138935
59768
10351
65452
52714
145640
65653
111644
13864
131438
13760
114702
132543
0
118340
0
19885
145717
81650
119072
147364
116243
70386
78214
136001
113793
145401
10831
99806
38526
109817
25840
49607
57354
99272
91247
122445
38490
69992
146557
107751
53180
48960
62121
52093
49428
89066
63686
92155
0
17579
81024
86517
101545
119770
6615
84758
59276
90473
81180
116399
60210
77428
101890
5170
67947
86178
44361
105601
11480
94724
145684
11074
137957
132824
100834
81637
117627
22828
4629
59241
1285
12797
53931
75781
107736
145882
13657
0
144658
20245
142903
87683
71674
37987
81895
103001
98821
33969
108136
121856
126482
8749
26882
12916
41330
57195
100755
107320
18667
98384
29768
7139
529
144562
15893
2257
5674
23679
32833
38794
99823
7415
6820
51944
97282
88227
75822
47566
111107
36366
1467
98216
12355
73079
2658
134808
102525
22413
91843
113730
106430
65031
122405
83830
139317
132296
83975
19460
68672
108065
57904123
71592
67048
116893
67879
73831
74321493
136159
67656
83488
86973
128113
64398
88515
123479
80376
149933
138379
148210
17958
52782556
74594
52200596
76583570
55473959
142345
136464
12546
53797068
97619
108683
42357
88126779
86099794
50350
92811
72937135
133823
38590
51286
100426
19229
124361
6076
124929
142047
91085198
109444
96771
120489
107972
60023915
16600
89394000
146974
100746
67103177
7653
103434
76661535
68910034
90958146
146234
92971
96704
137995
92990004
62844
100118
109790
146998
74551674
74573
20362
103264
132885
131870
18234
21681698
99777035
106250
82245724
10771
8346
101110
98537006
67658
142030
124680
145574
137265
141773
95741
70540875
17555
130794
90639847
112048
143167
102657
75096208
29681861
143322
47128
127595
120945
106516
95134
1284595
46673
145050
129463
56404918
100402
122201
130702
97093
115550
114545
134487
62334794
57459541
62424
20710
73675827
131638
12905
133571
96303
63899728
71269
99043777
1178357
122880
132687
110624
75776
132416
129075
72239171
72532
50771
5445542
8328
77558224
96237
120461
135632
75684466
116668
139166
30397459
60796220
55521405
127424
142155
86423
84254
76928155
98138553
41989
115273
44972
129532
87649124
77363374
139434
53586
11388
123685
55109692
30105
105324
83681
88759642
76376469
51648
83539586
73137
58451306
114986
29786
42916
131354
10806
64380
13142
149638
21475
18228
75851794
98667443
96819
65823
118358
85163026
12378
82355588
50935846
103505
90077879
76430174
95936293
98273408
110489
137593
131126
122416
108299
94269509
110118
28685
96812273
144031
99651946
83861919
125973
114709
90196244
96148574
41585
90250024
141201
23188775
87207479
110389
67385331
131592
74923382
72673107
127782
105762
27320
105725
137339
146186
28941
140508
82363693
138169
113891
139184
97891143
86717
93395017
76401543
21943618
33971
14243
70758600
90460
125818
120691
91249486
149511
45989
91971089
148034
105455
55714263
33004
20417
92445670
18763
95872
31170
70333481
41863
85294912
141198
50853
42482
63728867
91890156
102306
108483
53888932
146154
65836874
64287629
50676464
108910
86619
86974834
134532
143232
68858884
118420
60685
139924
17686
138392
63483399
140173
130470
82756905
89968
52018
149456
8497393
62701758
30261645
20745
143416
49142788
39478881
85311675
93669811
129345
31261
118642
60416390
93515890
36125685
105159
97418138
112122
89050634
49207291
22544
47204
89437868
9915127
29801
125988
63977388
123495
70527660
56782
82090
51199585
73163
127082
65101221
107136
128029
58904
30566
77782
129451
125564
147465
39990544
23814
128552
21384
121575
91039247
40324550
50682
92634349
101816
99687222
130179
90926758
125375
73715244
70675360
22492
61354436
58722185
23932
134168
97624
122234
42765
96983
84485398
42189899
57235580
15047074
121054
33239
74629690
140329
22669
105868
117380
80824526
112570
144217
129760
33984988
88068
51805201
39810670
89791133
35597766
144065
90801117
135836
70739163
134210
50033677
111147
1094110
127235
105633
14606849
37667
148167
84397867
53160
28518888
89533255
101279
34340514
51640989
97602948
16028687
50182331
52160
88016
140807
124550
23699436
48644285
89255409
23203
86380
30953
44485060
80729
92742559
98028
87148430
44516393
99859810
100537
86928307
108853
76148374
103030
21638655
4011146
76989955
87982
97658537
50542040
27548804
109296
27312070
46083173
49142328
91577099
134185
93954703
96925
85392880
84228
89051
97633919
49689
26725744
44358352
70562926
31884
99250
95666334
102045
141838
74406
136116
18189031
91771819
59794
96027982
73574363
89345717
146604
97737920
51080175
87777338
128589
31836
145615
74373349
122898
24896081
86387
124766
48914101
16686364
66181
24355448
25714765
93720254
104642
48646
35471
117232
99785340
73130
40813911
84099640
68345
147677
8173119
17466075
142669
29656719
31127292
116163
122777
145803
124116
133852
56249422
130380
68837
44300
39166
34976556
53054031
80108943
128748
2437143
37088839
100395
147163
102683
97558
56842
99299258
103668
99402
93259279
125313
119728
1385146
114367
130859
94310759
24463601
134648
129608
6456565
78867
66160
39682
57243300
33697
69820456
144011
102035
139983
21240173
27634309
90825961
83386572
78706
50620138
68794092
126241
144099
76829213
60451943
73214893
102443
46081673
76272413
77768
29839546
90165
2978648
149784
77882226
122422
17029291
69865
55205440
124580
21872725
98857319
134269
120644
94825273
148560
53669943
73694704
95840
128885
135527
91103784
14283531
78436301
119082
134783
63710592
106063
46817670
97945420
40455
23758322
40195
145015
117813
80372202
121149
6790577
8699478
49021
88874
80037504
48421962
110298
135372
66154
84069
115065
78890170
98793268
85070799
86785980
126472
80747
84551208
54648437
133609
121490
99319028
115088
129327
66233524
96805917
124056
35961240
84481190
49396446
118972
35187
107584
69002
99704451
70584
2121744
39354062
144900
55205440
51949147
56153264
74509798
117312
64020371
17581849
96743098
24851669
48028166
31869795
66313
138442
97060392
46149351
68169867
106876
34174187
111480
20150416
78678
128915
43707506
32014805
98706405
71988220
91756
95735024
34691140
93422080
43468
16953650
81161953
43059
60172010
57168
98503
124616
47987
114215
99588
48005646
52831
142571
60038
48299
106764
40824
89339276
102969
102581
47353
131539
77798409
93760571
130380
107190
38385469
63352836
38613
108333
14770610
41315
91558551
77976
59391349
89626588
4939584
81764804
70806647
73473
60029428
96660673
73715244
53603630
114257
87674466
148572
94423
138556
46283
141834
129074
147997
52674637
98460061
3127131
85363474
118165
94787742
49911742
34967393
99637344
87838397
55227509
128335
40208369
94187
147181
87968
135538
128344
2537829
107247
125110
63520825
135058
139935
148166
52190974
96472
79318037
126700
354301
101863
132698
91775322
96044
112047
2122695
51988945
114838
90145547
91324744
70710596
88377231
116333
95298706
58837
109348
82734844
9691453
40827
10595801
78064432
68329886
38977
74340
32982121
95832
1721473
98453
125302
137902
3395571
86790708
47767
95535868
23333907
141299
128139
99153982
8957252
68102
98814
52018
54439564
121744
1361283
99977
24511334
86680584
108150
55287
74551674
148354
99630
22306007
72249146
980236
80418989
76071190
54058371
108707
98901
61266
24120637
135795
84354375
131136
132595
61017
116586
127539
89844614
43459431
55926089
89482
110778
119160
81345327
66801757
77501423
135640
137580
49594895
83448
143690
148525
110569
147301
31048662
62510987
130351
141284
128782
24712212
109967
55495379
60723
106120
70494
13047178
130706
78840
80120
57218
147717
120838
101317
94752
93128981
124499
34639363
98740
147015
148133
14788930
114267
73290231
87232
146934
115881
35412099
110196
42667209
122554
131865
92993322
59867721
79272
13150532
123692
127431
95234308
143200
132115
22308204
98923433
48966681
52696612
92578140
111272
81931
32193621
17816984
122021
19327024
51946644
101359
143319
87802203
29096896
96374545
40734125
17847739
95750
124482
100490
58981
97868239
127799
86881911
9457964
39811662
37822531
105668
107008
99761182
110399
122766
43739010
42915241
81322951
99641239
130177
17849636
98122
58129
139962
60204544
132915
137787
53296796
98483
91199067
85349
8462070
119265
87305399
66021884
145420
74083231
53899972
78871
105208
86140
61694587
33229795
68110402
98827
5832467
14222115
54164212
143497
124337
112313
71966
115920
57250817
80928
59786113
114081
26504046
72730377
126882
18512429
6654915
142897
28749139
90707
51318235
58393561
97659
84902831
61487
110444
76335340
105177
19597053
83511
117689
19397134
97797
128974
57063914
28591849
147477
125144
88217243
39870796
78778091
91046704
114424
2361719
99218
67553
47857323
95169793
29544499
137793
39719846
53193639
106219
132904
21044846
149381
140335
111202
115995
65306825
63402507
22161244
103001
28370
95563458
53704
77154
9457337
55193285
128692
86752308
104944
105848
33026604
91198958
113511
59644
116443
67046
113054
95438
98248276
5966432
46261260
148355
100582
68893
32014805
88645981
87083577
66177906
55970
125128
74399
59402
127256
48318294
102101
51136722
147984
110863
128482
30472963
97962961
97582937
101500
22625
39889003
52507778
118858
85491430
126054
7682880
94543086
32284363
135504
79983896
29468380
11050242
136118
95407581
12323983
98576809
135978
19806493
99948961
10010671
90663060
137397
126763
111805
146304
66682278
117137
116816
49210
116266
65880510
63806
5150688
48914348
90806021
88508
96419262
59922873
63160389
83302373
11522791
131712
60947
72515
35946611
78084683
137354
78227305
48685196
112586
73104387
74327839
98387
2853869
36019214
106091
95346736
92155673
107736
140238
148664
77374
96740424
90560
94541229
16095547
139021
82829
55272986
131512
83185173
76974220
89277907
69724
141129
55693303
90295462
141042
79703777
62498889
100582
94086537
44260699
47805945
125050
134767
52149797
72684725
117118
33706966
132495
18650353
69358583
73230416
17570394
137350
122737
94974
119022
78801
111900
71287759
96630876
5224323
113997
7518481
102835
41669858
98187
105723
94197329
89594587
35301334
108320
19969261
89855310
109928
20209799
97225
61674541
14359258
8026792
101700
106068
89968
141381
145401
11308398
143169
94845388
95628765
121453
61879
109605
47822618
64614482
112743
92583901
89853811
135417
134094
61845935
109927
113455
87227
3068362
70702881
146905
141723
71196
79606
106704
92901985
91355838
44382488
147447
88486
113232
78756559
125891
146441
123949
49975688
54089454
45240851
68732730
63701979
26383527
103111
98138759
134491
92589125
91407025
58671547
33206876
97833819
124601
109170
124682
56824019
65349240
28826412
72109386
87224421
109043
5278312
124672
51165186
98491270
97924
146521
128067
63970902
105224
120118
97285842
124875
147459
135795
40532175
27461857
78356658
99973011
78702
98681058
99732457
61114654
90999326
13883381
96699220
129463
106257
114876
93522
70513018
124022
89011436
99677107
135921
64850710
96066679
139236
123613
110544
105952
7703950
102566
90228286
98054801
103751
2431685
125376
102032
78711
17932338
89474573
10114857
74635797
52297815
148652
87516324
91427959
139965
47416083
87648656
140455
17646322
149325
58552327
136239
82713
68794092
73234410
98179925
126500
108022
131833
73038
34967393
136837
90937
147261
125367
116596
78585965
113054
72565
49093777
98991
99451328
33320826
98465
123124
121809
127060
123657
129014
110621
69402550
96487636
66677442
88158692
112965
133859
75798098
26951771
110834
91594213
34252941
12845973
139436
105988
117289
114379
95503
56051474
105507
127856
11533819
99230
147150
99368046
73783513
94537042
72184874
137174
53234415
97187
107672
62683935
4546575
103040
42821425
49952732
115742
76948099
102597
92119120
99187843
42532024
4462637
71669
86740280
133539
94500
114505
136060
83867095
78120922
84517
57687015
108262
147448
111997
139133
140693
6180586
37454884
97311742
16260772
9691453
71402564
39405393
13467745
95897458
92274
114081
98504
117127
106650
114686
96969
115161
24991781
38645476
116054
59475340
79573231
90967
126895
71510000
20160351
85732678
72900710
83411046
33993367
82690640
30769436
12668289
56249422
74709670
95085012
85444553
148155
78955802
134225
96662662
125322
46272832
41345163
121682
75511731
85951911
69004155
102538
58013798
10661102
139324
139812
137555
29656719
21650092
130794
105089
76339728
40181967
149776
134933
41511675
45644180
33483088
48462731
77563
27233716
83020
115795
36156438
35659524
146489
21234019
20375880
143091
149822
129992
43225801
9957333
145552
2600299
125711
123876
82022631
27379804
87599088
63533117
66039084
117004
75089
87137340
88324390
92045156
63682833
48031913
38675057
86005
140474
92353913
88940405
92863356
26138742
125372
75722665
125074
45727384
54204845
112176
53331046
87064
7831
123371
13166883
82870988
122666
25580960
127438
94230445
115758
95818594
28438653
46230708
28035215
58269330
59460222
93830520
90558318
87809640
45829311
78113
112372
107233
109618
57680299
80834345
67957350
21840429
97737
118355
72377073
17310901
117049
91771471
49952220
142501
92187163
103797
91820830
148014
49429564
129407
10579745
78919806
4152987
112578
139702
54041016
89646
7238961
66771179
52175500
99016
99105552
94825902
144669
90028
87159793
10894541
58790796
30137248
5466138
33701470
55259038
147286
36295782
124349
96901279
62790744
97517
79582745
42400106
96843
113801
62845801
100733
111626
44763813
28695493
116765
149556
58970904
90701
128332
74990551
142539
40992765
59129478
90477932
143271
110621
117608
10265594
99387
99269481
76160173
22317254
23899957
120581
51820841
87565
117264
36458978
7013460
133766
67759174
33245104
76762227
37142510
1113910
3894545
102472
95583
100690
121118
110594
45368542
86630134
111679
97955861
117588
23365562
19406723
110533
117359
120931
112846
111773
63694734
43268513
126380
97094266
58360810
143499
108471
89983312
57663577
92844117
51199585
75500346
93072162
37232899
97671790
137175
90079
41719207
9189049
134347
142487
119715
8440247
93426250
71524184
99729
72791412
13440714
75526936
54206159
98604824
68332809
77373717
91460075
98977080
99023461
30674647
20043273
805948
112720
146454
96631764
66804990
9401113
99123
129226
99222945
116823
61961548
87314918
25142557
79043455
116821
118696
99663
43382749
89492569
57774150
61814906
95561936
49143826
2395165
128652
80013126
106079
11527857
91920837
99823797
11147703
37938736
145663
33911237
100595
90401
78426069
133013
99359
63157623
138783
86977961
114097
51412135
12748892
128012
136932
49706242
24937801
59173154
28966299
116540
94572285
148249
65180523
146192
7878417
25988051
53922417
95836
92065065
94599494
34264834
87101708
1891259
88240664
35262780
111021
127372
141477
65497926
99497
20589243
35776594
84806225
41541326
121163
28283210
110734
50279671
50524321
54024636
148982
48883686
12492791
95398473
109082
98624986
5085862
36832200
76075488
122739
24012458
86830573
120282
42958780
5372960
53953396
109162
107025
58150404
38324464
28077716
92089947
189725
62461190
113054
98491270
21174556
12750910
32819302
12414231
120105
87976351
73589103
48786911
111618
127819
21790677
19469279
110783
48715193
140637
14975887
45883673
47015108
102624
103671
105121
109282
129241
91955
59260887
114566
139405
122061
103364
26117574
97444269
138631
62934615
101272
101395
51262805
50787389
149376
27752559
31717215
111419
89152754
121435
95476129
15694325
125776
38405851
123233
32599421
96156999
105063
92779584
97203
91626306
96026376
66679861
46749691
29468395
3530508
106144
131758
62591787
56982928
64303849
32881008
105615
128932
92400797
92795450
124170
125920
119409
118350
97717701
81656707
89690366
113272
103047
72587660
46025891
38793404
22731628
144491
128615
43268513
92301199
18216881
61323570
130457
68189051
94630625
13987409
37485358
98460464
61064010
124224
8985142
14025521
10836633
91710132
86690840
136117
97196983
42247315
1127673
52299420
104550
63798307
123931
38155092
104361
51145657
148463
74045368
72867821
59021398
96958599
15459228
138161
141516
106874
57396614
88710665
8581578
124472
28978490
132435
86729733
60824917
143855
57119472
98471
94934177
68678592
127733
31722954
64333133
68848874
75040309
147239
30055816
83037689
51627124
20136836
40895629
77464227
53690686
76586579
91077454
51847161
20881181
80761147
98224359
38757738
86203929
35008436
92358944
32681779
88884105
32146244
10735438
70151069
73651628
79697948
7964330
72519145
50024987
95062611
88996477
78344185
79440103
34682168
18817126
52386881
88198519
115236
50080396
75551023
114666
85526959
2349450
94899354
96056610
93498219
27191206
22632039
136586
26466421
68183886
128807
81976310
39397440
76869082
34192422
133075
82189832
96145137
17992901
25718583
18758187
96344744
104699
75168537
62602544
58291197
45948183
145039
73730406
20227503
34921475
17959244
95469441
50553466
10620702
79592440
52002810
20885149
85907726
22710201
113798
97169571
63222034
9558203
86687013
89994391
62811185
145129
44784738
6258007
75986800
71285301
20739011
26507610
76779210
41087871
85393557
31372440
90312236
79143409
83556508
10324473
76400346
70892557
107922
59795835
148157
16379431
65308645
41292102
25940413
80776181
80067308
52450716
35639004
21573352
76135634
136431
77007620
58072708
25698262
58861722
72722635
61174872
9992746
15428587
47584687
79735984
42190593
24453749
145097
38461445
82483601
51593939
57490914
31700539
47060035
83864888
51865668
72420511
26868363
40720988
95806854
84507047
129894
13092656
66095106
97517488
19973333
27552065
9831930
48600531
61448643
108197
52184560
27703613
4816826
71060437
18862982
84410046
149912
29685136
88033250
38262711
48868182
111684
10465220
24826250
1135997
78175653
20277826
39963218
20193802
18053416
17140797
16976693
24016396
85377481
138027
47424882
24640745
5904593
69780225
31913634
49952220
88188850
65770283
40212519
48863662
89340571
94506611
85003070
37903785
131037
3889259
87793258
81024151
30166461
73547007
51423431
10394513
41486947
61965517
6463897
86671651
42400760
79269414
67150309
15320751
94774948
9578504
34191392
78218361
41017827
81517814
45066459
78103505
92999960
55250447
49006
111478
99052840
90214663
9731042
147610
58933468
5214267
54429505
84223932
83852093
44165559
90636920
32857826
58607848
48274477
27004112
11378247
134690
73724084
61603456
94010355
76556266
53794355
44615298
74432988
59867953
84547997
11674015
72279298
29986984
111492
26292097
43793307
25500698
63519341
132569
87833749
58424220
77683845
92683755
44269505
79423029
22296938
48137970
2392493
75593983
84509283
9805788
91929262
70420631
117994
43060629
12112409
9695785
85469370
92344943
90344063
12608983
74308965
93367723
73627040
72007971
31657765
29030192
30758077
55716384
69894811
56860587
61081929
82384675
30839981
19397631
129391
76537425
84653088
76719838
84204253
95724844
18378056
83440636
68475494
6794482
54690010
26774323
94000704
42762734
34383310
131691
13465226
6889694
38952853
130961
65439744
26336172
35546592
86954428
29298156
49429564
45534424
9395773
90223854
26157236
75389500
60358082
122238
32618923
56142309
35713332
49433151
81976310
148141
23787536
51412401
75177065
80769874
44745869
43056832
85884
33535474
18760888
43031231
48907873
45433155
69790273
130245
43433316
94308035
22329472
65491167
38448876
17424836
74095593
37017983
12576635
24321260
15941265
43927253
68095115
97116351
79650506
47058216
78876688
61200674
26094790
44151285
30259101
123676
73106526
64414286
88828893
63459916
48288357
87012805
81254938
60200212
1880060
80600715
131136
57518291
66157018
95207484
86833249
24844502
3620093
19933134
96938868
127461
81274226
69619307
30782436
13124777
19696930
58888285
73035176
93067687
58902567
77374601
95821736
65228926
88847221
57178874
57687531
32902406
80595170
18261918
70238469
80338246
56504646
238990
29400402
17735314
67665310
55520797
25382718
1406338
18309896
45766694
72105023
2805096
58610641
52310088
14725052
45755577
31855992
93992375
82348936
9532602
74196827
148256
85218672
142389
3123979
145062
40977501
47947673
37367590
17667775
99778306
51199131
58288121
44214079
81596145
34690073
29722128
51873786
74509272
68408815
19396762
94467802
67449578
37091302
33986952
947281
97302115
144944
69654876
38826308
77061239
24256776
14742104
79443843
34165422
83947317
27233716
22529563
21027059
66001267
66353539
82820206
28490976
67364530
24872713
20433291
23943138
62192748
60302016
88705636
25365712
138008
60586741
93504877
67242551
70963378
82701324
84267775
68299757
69972321
13108415
38601689
63569247
95968013
64715609
89947185
54253059
12003088
9250
48797744
14706475
83633218
56550578
82736267
96065583
30933169
60730822
1614400
90595985
30401050
977253
37236655
36476183
98532408
46131954
49762514
84299221
42361903
63944290
30523708
76831691
136873
99685762
58842272
29411923
99715386
39497978
56783172
67314487
7855607
14793794
38734623
148830
10933877
2987537
64235011
16527193
16944600
3489211
71840459
93957273
44601645
23430470
54504606
65495326
98639146
128355
11776915
47249161
81066418
1341983
38780103
65578538
40356102
27607649
1163314
24613269
84816474
52798163
39719107
137004
5907196
89551501
65608466
21228790
43842894
9544281
76116826
86202310
89551501
39542526
94033650
83807543
130330
27569343
26219780
92955277
65722
51290797
91765900
58460376
6360851
14207015
39150342
84968464
77988604
879578
86751632
29294906
137242
54160994
98104929
25835519
71704109
71583432
73159131
48614102
66469300
61246115
46622482
23648620
97969834
62338283
53170697
37741358
58768313
97471706
44369172
90293103
68133331
25146579
783729
57319993
19788078
26103499
64529519
90480926
136228
11292036
55921403
46061954
47259743
46699326
48939215
57407696
46857010
69211861
68627068
33439098
96765425
54757300
21507868
72775610
43579366
55902856
78898211
47986138
31192393
69254695
24157705
146364
27766401
22728496
43081497
26203782
66617717
63858504
46344543
147838
136526
61540895
136674
75548702
8053019
80148573
15771658
29511600
57180427
63854812
96946445
88452056
13089374
39160546
62613644
14551048
146930
55852912
98555419
61748799
44383782
94611709
84858989
61558956
74924682
35025420
2284041
14546371
146234
88353984
93528601
98561560
41000607
34299298
73293279
44883727
73110349
15471649
21486247
73983581
45020732
98868206
5587822
53692372
66911789
15128184
84049800
85170993
58743783
23887067
80659075
73620243
67189893
21842457
96010680
86906521
57226682
77683845
98753733
29377226
97861439
92791697
82441115
92922641
76381897
36654252
11082952
97121640
20955789
19174630
82989585
47429737
52264529
66816316
84794140
31604260
30789825
80092719
85070799
73711004
35409
60294917
48229618
13305005
72848746
75627789
136315
14233307
3310790
36207053
69320341
59824361
60111688
79281228
91649890
96174384
41202535
18355589
1909484
13224114
3230692
85379812
26994188
81058913
1049070
42957857
92929283
16717738
69564998
85587486
75833190
76938666
58696953
29226251
62827628
42503595
870553
42983165
78841567
60024450
5446917
57239112
50833130
71054268
5104862
66451166
67602327
66010231
41626440
33251164
85587383
73832868
56807984
47963858
76186982
53454866
58738165
95407052
6091343
71212536
32714037
51780309
200463
88616224
72769787
27958262
79166371
18100015
59597374
91850602
13203349
50041222
90483780
68625455
53114790
96789788
14221284
86760215
62349885
73088705
61458496
77704508
17334898
36957744
77961095
59642693
75609845
56582442
86978955
89600856
40198952
67347440
29570854
93272026
16337342
90945442
45996593
87674680
42575118
56694110
83946566
95735555
20368187
35065653
49012594
5389596
50209927
96576685
66019775
86865988
80757346
43087028
91078394
43337796
17034823
92605422
85978393
98130412
54228495
58388928
62610752
32366925
47592660
34292773
20615578
51838268
5146298
81373926
16650727
149503
46936147
31894029
56836992
11806308
74932651
86921318
44432865
67957132
33303897
7363439
79912875
80253123
6250254
97521513
78227351
33408022
94694080
73855606
58706467
89860098
77510981
96977691
32531692
58451103
55381212
77197705
70821685
72645611
21503680
8284209
8867259
89068310
2592520
76529722
61721091
40494857
89175891
69482275
14206297
50559333
34653705
26602213
61738581
47607994
7389187
88803809
71690007
149904
44509514
90357406
98538008
62813685
62876874
20844589
87047610
33123279
43767933
31835942
36633297
21851789
61103115
20319722
40037553
84145461
4752632
33828029
61944110
47859047
24400663
86831963
94866599
59267403
29452630
34252941
15172367
8744885
91775874
702473
78597630
59355777
25988505
22384725
41833593
43640148
11461771
70672438
49545992
72874596
1072806
43016815
62155213
57071366
19142161
66990701
99767463
17487844
81511122
76342531
20641689
37318719
84861536
15156184
87225601
32702544
37956485
46600145
46868278
64633523
13977343
82583110
92046014
33666004
68378896
45325426
50600740
66725907
97491033
16296405
96602651
82963693
99359408
88892136
74009996
53817376
90120002
72071293
43578319
10591751
82957430
85369365
39933749
42195798
32137783
87478874
97328947
11125467
34182144
98966407
75344717
15379489
96439118
8400214
23128423
13749217
36036686
93995603
10465040
63506828
34568410
20680896
17939587
39305170
45452292
46624640
16664969
15727684
4854084
95551393
17054167
27613671
69217329
52374890
10286071
59221928
60891244
8023645
31651111
90993440
23538132
