2000 2000
470707275 226088266 226850189 232084044 658679954 65750732 473490198 989663916 198147311 324688239 412486423 457678080 551363103 580702534 679964148 263687491 384515408 545636676 58709455 994908596 183014622 533644202 472496138 847162822 556386084 370582642 956676100 58979936 209267370 954484267 409858256 909566374 774557293 911954313 737896574 739770387 128776445 662412958 667324837 788381348 605327163 17302329 155139744 613572936 711931521 935449418 315395772 191334213 637104917 167885533 924488111 36041081 232560089 664537411 103500538 742840338 263604193 931987914 774603422 31136605 627286500 890493913 596873533 334081170 661728326 675043904 229736217 999676183 611881638 532026227 185110883 588247900 395443823 338894599 99089564 819417716 640665660 598246143 529261572 453981617 202108199 566146146 207543396 633519108 649862501 98611932 735927744 22224478 377661683 756760480 415220195 90381877 683467045 975521573 261536655 927327037 32951982 494566548 456139799 423311764 499044822 964261842 814089591 711235363 502902212 511401055 545122435 781982116 420385714 196668993 109526268 590452965 523556141 406599523 274563129 668882131 599359083 372998218 730760312 509418357 190497049 170917059 477259436 550998922 19003617 559066968 357000941 214422250 148738122 802767500 627781805 764133225 636600015 63675716 149321769 808560304 876050284 616903277 451309973 372651988 684248364 868495095 546865268 491373765 701332524 96931649 734209634 87900596 774078445 467111989 723315583 773629405 954261456 56257162 224484570 475231799 591086132 498352288 980230454 477135772 344905339 454887613 151402210 107249799 573574894 972272515 365903606 981379903 967941492 622379395 64600489 213285751 766956860 931815534 415206616 781994688 649076901 946622507 586796160 104715359 573458583 443078091 900914498 493620333 294450150 239124741 77321368 992101152 394637868 189502779 236649512 583397428 462338270 160735275 725928766 539249843 176211307 264956211 568832843 876432933 833613802 145896353 731380487 557891474 552685261 751497232 541086184 524343760 839962102 43049607 395865474 648129429 961471654 841346888 339271712 417253794 570786534 416117216 62025485 350844311 612947178 472741950 307226397 985093651 187953036 287910361 766680497 265396836 830767776 390272815 624840978 629117319 130673901 625695422 561829528 59837967 611418327 569728119 138153707 43539271 698657694 671965324 697592292 1323419 117499219 339781656 998386977 989254092 700746961 982854086 451023288 869021877 413789969 843156919 743202688 546593479 965650077 234675452 481085884 674150651 547484379 660224826 623826953 943352048 729359342 619122910 845004134 81829911 268239380 102876459 133312197 731984812 479952593 672779348 896915736 795338349 485929591 909411527 242895557 657181824 518761131 360638323 228351049 856001463 568424810 216161385 436254062 734230265 32844225 709728309 936589356 491248312 576636825 30949655 166144229 203318552 732613355 341474869 249854496 542285463 272040950 322224269 337475680 84775118 657113922 398711582 624938935 508087131 436339830 976272225 37775048 632524578 522777915 953263123 607649423 298348390 531786476 630354932 564955454 705462211 106851003 670420582 852828478 205662504 691404944 866711398 190667491 494320243 968949800 460302027 935577801 470954793 267647268 606709947 393447554 106022563 515073327 337354398 585598679 348891726 555740031 143430548 874155280 773769110 812622568 466927010 597176849 784690699 355747701 959074940 985914963 533875492 761356488 605222696 958067336 139772939 865807548 853596212 7807531 640774809 328278545 249597027 724295072 736780851 175355773 52443535 921778501 91582252 591460947 426897364 472953189 299291753 106673793 194769750 246330859 175618887 419512520 798171947 358967017 212817964 956413279 239892003 888455326 899821969 930275519 467942565 957077390 78736986 251559857 850845084 837643253 755533055 178757446 56590479 837856726 473915384 830334873 461809264 576616167 6626539 6136250 826193475 365512104 289547554 731977041 515563708 632026641 456944360 848974421 809371241 222544887 873972352 52724966 548751825 799387301 232035781 432898439 564094035 941157406 479104837 687612036 753179255 277172818 19035565 806405957 155946279 115323960 382965330 469975505 250905172 512656620 627477585 833119582 438895788 633702585 614651182 552185105 191335717 225725116 280945458 489832006 345740408 767641484 40722024 434404640 213863734 451824803 591171942 883635169 632532638 879794872 813354865 846878705 325874358 970596218 294742046 936086456 84688709 623622317 111465508 16706089 867696936 530094931 208464426 141043067 32068191 508547198 471001823 575473504 953778556 117818092 302500859 451316610 680374261 282501592 239930231 655093120 137188954 612837899 60265127 489126416 593041147 670250347 160598590 321696450 214665859 12645794 755165928 216711565 181829531 838627871 951527983 292147424 188610876 53840481 617836313 906144885 241623594 727694568 853794654 325280252 848935180 115393965 275109333 855266008 56664354 146699076 143969715 397137062 93383402 402644680 876404754 908948845 390883237 545198871 882280068 196370986 390817281 706655376 263433155 680560745 728816510 75313582 66287926 677003723 139614887 882146299 373010784 58028516 462939333 804045647 158602100 556899129 923182972 131302088 977975726 874870288 732129402 51269226 251196667 715295768 941182363 283357166 342955302 196476462 300517158 706991494 687596554 210685100 743783398 804712497 596017051 924936716 705386671 287207700 57817558 626974030 41337917 366083319 965624036 13713059 906531627 855807549 69385357 421045250 286522539 101709417 973560726 355345218 738962359 999763731 864372950 39633300 267154631 786657044 842515473 781381763 404245954 221474307 754450571 563757826 484120278 335118046 31206151 242065076 736874261 668042711 774343317 359838800 388533158 13023973 942556938 172501045 766422711 307105989 973741029 374789522 861013312 498653300 14056804 784676130 91766096 793132865 668879254 294826097 789147684 784841659 928727935 490121153 472582782 33395265 271728287 242002576 497900881 758678077 116871921 222415408 878663828 302433945 182372876 400842275 513005940 115872364 514043111 964871315 248281704 718922175 310761214 669116616 268157814 123266067 759565097 159471991 438553056 525586409 262626324 893062986 357857511 677043071 432537469 505268229 816943971 331957326 273703313 642839800 579511228 216908205 340589523 307393644 457121764 56616813 949678935 212634605 282125248 335750629 934256551 499604356 731530498 789160127 989773286 973362018 875693074 20318933 323746308 880235014 622531342 203679155 164747010 58987920 2644059 654070085 774991836 847838224 22074210 672389423 258400208 354234112 856880871 999837265 75582555 21588380 116291858 682278483 160589426 577473201 678729799 376691505 723233145 467960934 680959764 682768569 687991399 839090639 361650717 85400430 12284510 885805571 829471157 717245202 484421788 949186733 357995655 106593459 50969716 573080006 615863637 676162160 417098672 851379549 497966520 593102120 71524214 256065104 6636575 21300711 738811074 540794914 403147614 359262323 185624779 895021008 979412862 276900022 454839538 508364543 239526944 925931180 356504274 533256817 820456523 106559564 459934573 798707299 70845181 323190527 446906885 524284143 462049980 684445828 725137171 868626258 35677940 174303345 732565991 470900687 763466919 941757563 605627569 820390926 71587039 827298498 326714238 160225270 657806391 809491001 852389261 430619500 482424920 53441239 970774036 959399283 461063098 440773950 211716419 535963844 697520755 555052987 76603385 170422266 815615854 876662309 150852539 385662954 803922146 605380900 820458270 176062010 645441272 924396747 988521647 548176958 205598145 375326586 944150335 507869570 767333137 38726398 976456480 125952049 344023919 618628587 349223400 597829019 377490716 178732506 198037832 463173415 663703324 383151126 934939281 917726955 179551290 899833788 739772099 134869541 434211552 39796126 789418636 740172133 516322014 966157753 789459694 601389693 861317329 953232076 713556834 365193254 570468854 28074392 9486586 346785969 35061933 894943329 124663083 902072670 77764233 862388946 177282062 446700465 801189677 884296977 141269292 686976006 571003108 551373634 845628024 504030696 258159245 239817249 138657523 742648231 466860655 909807675 588979647 682006121 377615792 196300656 422277665 772648058 766853566 589888965 260165880 639287485 313408228 629859521 540869886 812200925 416203810 320920305 498380370 271460091 893602190 351308259 193025084 608310999 219412781 812113801 24912644 320495830 470944260 582674535 556536301 319780468 180184798 394397354 980671369 672286472 325282740 31162194 977373893 664177852 799102685 911038509 611423965 601492072 607277426 744369452 818915683 159493122 947270951 840720498 249816495 56308346 873664978 433981050 88315451 948192029 927336275 834347651 921925894 865756141 703015596 463698110 431101637 195266192 705470632 603136487 367203705 209625356 144818630 466349371 831297748 230914325 953596433 784217611 285586122 873326131 337703959 14098370 776853362 465071125 610553777 486601997 507404341 584738023 865513604 784674266 829570156 554595903 442927841 58547318 802542075 138021470 998629005 178200911 486239444 463328323 298722666 5231072 437498259 584568765 736312045 175679374 573810220 591700043 760102767 68096047 708620349 666089446 429189978 772083502 474303605 231752697 135938096 128871045 28868071 730942676 9058855 415174431 302665521 158951776 18290097 988383602 784850190 117341138 845934493 331209136 748176746 67811600 67917011 691319752 580874837 26739150 739053079 525213952 45092466 69530207 261834917 646929151 204069986 904071624 288511471 396336497 991345977 670195681 480835349 66563607 700005121 63189468 945455223 736156505 694579480 774650622 990018180 941093323 162189626 988429216 606204269 555561732 198471026 865932301 39572822 225777200 726094598 219059973 547863862 989990665 68306643 189903724 478533408 527577216 457192341 892093956 956712405 978578044 426841303 136612173 97573399 789250248 150714303 50424080 950844354 362559527 95300971 585785230 461916499 970223385 530397653 596943282 716408041 184378252 44289693 495182349 714108398 771543064 907933853 388723408 514959549 114338897 513917424 98264948 406542877 249225849 129639340 743741476 118612328 270343305 551649602 583609674 109705791 214481067 796643543 236960321 193748672 381752648 418874034 726552 448246186 466064691 878784038 333347007 747013658 364778352 90698177 554240461 133206240 455142767 916086892 142923724 690861353 690792062 571268636 523384549 402776383 147246923 576360343 57798527 772503702 904624043 750156434 716133656 285436431 430883116 133414618 491727630 277901634 944291750 586849960 832968517 707392842 73022306 250443896 216383642 356357260 268763187 933153475 794076301 763300884 14917411 759008986 32943262 370614403 122959374 177472346 869416463 269034744 398278060 729016930 663760832 627810161 536867150 260423340 903450062 601958932 868550852 424084769 678435230 283518962 963580291 880989151 123984980 227702717 201295348 916772366 764064979 913486951 184637895 959756917 484734119 306455722 541834945 44319492 618744386 502089071 195935052 258237924 457974423 609868204 436043961 949153779 998521271 964973905 2192847 203027383 65682887 471806777 260387050 847848504 92767243 254766817 859673312 691971738 519804431 191767802 993305738 957766028 580425761 186275887 732566841 402070759 760343165 260392245 163223222 225889155 688206246 917027375 497396149 112357048 435653285 380005776 143996385 480722288 988292230 639890159 91234161 55484936 920670650 63153288 942639191 946473094 680058409 278666392 560678642 1526042 424728133 174053757 685204167 399232371 298384135 692862508 601375351 797426800 109333186 487862256 962387496 836318933 622995958 642967603 681300758 22475381 437951229 902180582 95971449 949764717 626240761 68726690 664503789 153021750 88603473 154533345 546485883 845476135 746066852 892984497 16068545 372278373 821227481 285956321 660115925 952011377 396616903 710145435 410297828 755333643 321718059 335336562 462839683 453132358 423051159 793768663 602630740 973519875 625109813 657917054 632361607 107715407 613672888 480794341 57711684 896054912 206628486 739409314 202009908 347484236 273471806 695166159 836867313 641095369 622289043 940473850 663544315 775201485 22339460 541256864 321894691 689546306 299580367 632293119 765076067 847817301 573782775 970457465 68936632 726087863 515227800 290630080 762266049 588407086 940780362 987400490 361651938 516165467 876424122 404106933 246351914 704118434 474082474 9929346 993736606 593956349 125420490 995045768 429183053 4687395 100490509 385463795 751141940 794851040 216390194 679270424 880544380 652228418 312592118 104660583 392791857 132610451 691792508 584234386 647092125 31771802 133685449 270740514 484612675 668558188 119686002 865331581 220747837 354222669 872553109 911214056 56222002 298253664 615479684 294903469 847443667 171082082 329414662 668655537 794563257 60830403 684379481 715294122 513244373 352287687 145086521 443469650 10023605 382772233 792038615 649253604 80054406 725773383 431532686 238182407 180396399 405892416 196615789 27738219 910747564 98529100 215076764 268041463 854329018 359405154 620894411 404823953 370670877 306313306 766175288 788983933 456242511 584181955 65754196 188983343 775343616 632243120 946083425 138096771 374927688 456897611 31098832 499413689 987944324 831288331 132006633 368541503 199466555 729576507 280166304 708443254 770522541 396168447 541926691 693953512 604634266 29670912 36506697 270721561 626601267 311965515 550086105 150899728 54764574 45059030 406532368 805318319 680883095 858329341 799080946 709389758 932205317 396493170 983515144 545047963 847436680 886893354 108930515 82223510 861606194 573078700 927272639 664178607 509012105 291521756 774211909 949481594 693982473 307990626 399009450 84406455 181056287 114909504 528828231 49276920 780631006 874372787 175402474 724370025 803236379 914238342 233029083 279709368 691167822 989257399 753825220 58513073 10985155 560748478 939048945 296544839 24363071 620175075 675443327 996904451 297728727 801196293 434112920 697058034 6091160 340320791 365867380 512684346 512240463 981589402 561140950 781857124 865906571 92705518 766766525 31694305 76308875 335574864 527028598 133641401 876184083 284957621 654199588 365893871 530418173 684350957 426103463 481050775 154411937 539017791 443971174 506523885 953132452 457406198 789486914 300543070 574572709 112083806 638267013 616651223 669818957 144753389 661876450 833841542 135336677 438134211 414361149 954662885 482541840 665750139 434846857 384021881 962964253 114245635 676311050 680171281 392412925 51284446 510622812 441801507 269053009 909214180 63452902 657397741 697535510 842526846 915306644 266776538 796969197 423274442 186554227 68245812 668469166 501181896 573802756 670539789 297450887 300445062 130169828 497895521 252369595 199997087 321591248 504194087 434448711 698680872 539808419 541473041 262927435 615412874 256001133 737939765 564195778 397887973 60732055 544024415 926266851 66166379 455581060 574414205 805431520 14366466 430066742 756442859 688111503 559442056 300990925 96688211 243396839 82025417 78897391 976802680 859306483 932482124 431138670 258541578 548204659 611790116 650717933 630259509 746540486 322691236 641108508 655912255 800519884 485673248 438380661 988448091 368282037 602742120 135182443 303754328 411972608 441048041 17422274 739594369 110738647 180886433 510975035 565416339 485000844 819890420 436755782 224351130 812860770 859691357 140972650 14156634 43371664 394833558 780515758 41450727 650334766 726608838 922831655 280622766 472449716 526157936 316380914 686203403 526324707 710639280 377162712 332646303 123904149 765689278 103549874 105604017 804156075 196897578 751334499 513235630 368565614 148146518 235250719 376835911 93773622 145611592 239135578 822856941 845725558 206773693 671733511 723500052 62621425 812769523 939183364 424074466 617156049 387177310 161781808 528223260 928236996 225070186 36075150 53197500 637449991 759892768 680446029 372055114 359732191 160181223 820241874 45413366 531964153 766271462 742469617 388990545 620897697 29493989 870991943 186722758 316767305 391203449 607219032 916552097 650673678 77316874 237770298 668756379 522649515 946334301 271757099 63046425 215566368 534887443 7117307 222508621 872314857 363387050 182818176 703616636 213231624 824159936 886035110 104436506 775493155 859746934 571148129 904653063 867205582 42448626 755605210 107514890 174065388 659088401 991157281 525634947 20433495 802230277 86550003 190721632 53160162 671198266 581000455 381641118 667914544 914046410 107785258 932723124 619481559 915905725 674787456 525249937 812627397 551764103 655646937 983068833 568681338 347170046 806806406 982065998 197844383 139621741 277583543 597715157 757338435 434161866 446558964 302715859 953396560 172122280 343962553 436387353 403323527 334839757 461240423 932495953 980475347 807040061 722041523 441461962 331217708 923715166 586550861 215365231 784806601 146494815 311535114 29072546 603728962 691949846 484239563 980947590 10563259 246404484 917115577 983229807 874546840 832680767 183815563 42621501 998436951 816127942 580965400 48477535 757750822 584957 603996753 507050647 852527816 842674876 588502342 304880684 939183652 146710696 952486697 414349788 999422319 330785166 860772438 972726626 891331347 201575232 549505034 798581872 376760088 803816502 157623915 924931144 600396407 501288149 815308355 460530986 1345440 579456984 999196404 393340921 680048755 977577221 158109970 869925679 464274884 722014119 736590806 965338005 316478631 35965598 551266575 524602270 552863927 559284420 309855300 596240750 107037960 791868304 9987164 633008855 889060249 433626861 632343127 554075082 882778101 152553410 878922192 398147300 727768555 714576091 213177314 728512275 64298919 719191421 367825376 771820350 208089753 124334622 875060426 246997481 632869558 349462898 220709542 282973286 82643431 71208761 192999087 514977374 849223610 500818745 284541905 687922137 666116402 130738397 898543480 669488356 179288792 106901540 808126781 376665914 384207301 442993443 828188965 74014643 994587244 52960041 902652611 86179195 893405658 631624109 509904594 300354952 523490539 715061822 275081876 12058761 967781512 783654201 70052494 428608879 662108914 567566699 31971954 645608620 810864480 511395163 116877626 919119688 66827559 675705650 915876595 661433664 401877592 411266309 829797974 521449753 906327731 235671637 525648382 545010595 200435342 177734283 67623965 387535299 179370024 102320668 468583215 18291788 158731405 266253481 185020711 12951200 904977165 663732141 728712207 801656817 866328645 893745274 586234618 615815840 346771861 941499447 180348166 873801509 935094095 397109860 189886594 65358289 92496492 543946554 324288596 128973900 744604334 674718896 84049194 975511675 219181512 729548508 614139663 610936205 428941576 760657078 988996253 99738274 750189628 378753499 930695911 478148530 787375022 392078450 975974161 620287363 175210686 898838736 809004124 666915594 756316547 926722399 737596645 553595732 296279725 102558365 445841470 105258776 522681386 14306323 963571849 361373458 655133316 663431225 847040363 762904896 937131603 297928725 39737905 858678606 848895988 690962405 336182843 197421499 654427949 292016439 385559835 75219508 371319799 461540086 855894968 368001879 166985947 281670125 329096655 145054093 254526892 849901171 554250791 643543623 228378744 284000728 688119793 818816180 838479027 15449138 185940899 968694886 473214490 978709731 847774169 281835857 324147532 157032485 742792691 743649787 23071097 85808841 467009483 751823367 244532234 368159376
? 1941
? 120
+ 1505 443192772
+ 247 559714323
? 1169
? 737
+ 317 537272546
+ 397 833676791
+ 727 976166542
? 897
+ 284 771911705
+ 1621 458260988
+ 891 935893402
+ 1565 984024321
? 1466
? 1343
+ 1146 93456606
? 441
+ 231 786488237
? 1177
+ 746 622303098
? 1359
+ 1192 615834968
? 853
? 239
? 1704
? 1999
? 1380
? 1854
? 942
? 931
+ 614 775463977
+ 1161 934763242
+ 1717 231720338
? 641
? 1228
+ 789 288918414
+ 1961 534705206
+ 982 1550444
+ 979 960251198
? 1859
? 128
+ 241 333191361
+ 787 666759818
+ 1726 358995190
? 732
? 1548
+ 828 768125277
? 1077
+ 1855 240121752
? 984
? 1863
? 1968
? 529
+ 1360 69187704
? 633
? 1140
? 286
? 1162
+ 828 181856971
+ 1204 165919410
+ 1310 49396550
+ 185 400320588
+ 1059 134500487
? 716
+ 1230 384624283
+ 114 585335939
? 1424
+ 1177 750805837
+ 62 727997475
? 407
+ 1558 291766970
? 113
? 1580
? 1087
? 316
? 291
+ 547 711990255
? 1478
? 1779
? 719
+ 1090 658272072
+ 742 152163367
+ 515 990958252
? 1478
? 612
? 1247
+ 1699 310422794
+ 1838 788210503
+ 1775 450459965
+ 416 785700601
? 1579
+ 1210 799435544
+ 625 347214427
? 1263
+ 1654 616377110
? 727
+ 1819 359656893
+ 989 718988802
+ 1856 287228059
+ 846 12096008
? 723
? 461
+ 1995 605372836
? 741
+ 1340 213967260
? 1380
+ 88 563889040
+ 822 950628240
+ 1696 732237738
? 373
? 1284
? 1733
? 1050
+ 1906 323947998
+ 970 700529423
? 1803
+ 1766 652769709
? 947
? 1412
? 1696
? 269
? 999
+ 187 892992913
+ 451 843581971
? 122
+ 1128 94686075
+ 112 150373539
+ 754 929257056
? 1641
+ 1390 24045264
? 1456
+ 1823 903225381
+ 1888 974498383
? 260
? 1928
+ 1999 135511972
? 1874
? 1379
? 470
? 1466
? 796
? 1041
? 1060
+ 1164 439210752
+ 424 336251405
+ 1418 664167186
+ 568 62688035
+ 578 534334993
? 1768
? 1934
+ 461 858664767
+ 435 423917639
+ 1073 947956209
? 726
+ 1815 896277652
? 1593
+ 170 811296768
+ 1067 662324157
+ 1517 16976957
+ 1719 308863970
+ 1018 251892766
+ 1018 606868956
? 258
+ 104 659063058
+ 767 941437607
+ 1589 549403643
? 1130
+ 1040 143248016
? 697
+ 117 411013107
+ 425 194009664
? 1453
? 631
? 766
+ 1571 440780785
+ 1708 618213675
? 1677
? 233
+ 763 375814822
+ 469 322835414
? 1651
+ 1770 708832839
+ 968 381611364
? 280
+ 504 209068685
+ 1490 389041982
+ 1118 298840550
? 883
? 1509
+ 189 203749294
+ 766 434377162
? 314
? 1797
? 164
? 302
+ 1724 657229756
? 333
+ 328 122178153
? 926
? 1114
+ 321 873575097
+ 379 392527942
+ 623 617807201
+ 1328 432239414
? 106
? 769
+ 1747 518899111
? 616
? 1313
+ 1229 405900745
? 1023
+ 356 597342480
+ 809 729085774
+ 1011 372308289
? 1891
+ 540 20719238
+ 331 813798098
? 446
+ 1565 988632839
+ 1720 987442015
? 962
? 635
+ 575 627667675
+ 1528 198422903
+ 113 713558377
? 1842
? 1515
+ 1747 832936870
? 635
? 876
+ 341 117439541
? 1519
? 457
? 1203
? 1815
+ 3 280839638
+ 923 109240588
+ 97 385278775
? 1390
+ 1386 371204257
+ 1976 831871499
? 683
+ 155 763472419
? 677
+ 877 387715431
+ 1884 701011753
+ 755 116623608
? 566
+ 726 66028210
? 1254
+ 916 956476484
? 1821
? 1418
+ 1404 827824830
? 1666
? 497
? 1388
+ 1500 179607775
? 1872
? 146
? 429
+ 1063 892052129
? 1076
+ 1919 272172774
+ 453 407559155
? 351
? 1790
? 813
? 750
? 657
+ 1266 578406420
+ 481 90413683
? 1970
? 1291
? 260
+ 801 618150710
+ 100 551532314
+ 1151 492591921
+ 930 787424586
? 1605
+ 1760 854335644
+ 1123 520938292
+ 497 439035616
+ 282 151345007
? 1445
+ 1296 750569284
? 1497
? 1210
+ 891 267673110
? 1804
+ 771 860122673
+ 967 398042279
? 1337
+ 229 803601773
? 564
? 121
? 1132
+ 80 851869532
+ 1227 351696881
+ 1067 914473479
? 1152
+ 343 968138368
+ 543 149087074
+ 173 703220291
? 295
? 1716
? 1960
+ 1938 696809048
? 481
? 1054
+ 926 446690438
+ 1363 270502446
? 1487
? 903
? 1128
+ 1742 593995822
+ 1704 309618401
+ 1958 125791081
+ 1517 393024696
? 101
+ 1789 539754512
+ 1481 143643443
+ 903 946067623
+ 803 762319385
? 600
? 1655
? 888
? 1252
? 20
+ 103 105322154
+ 372 75463668
+ 696 720879385
? 160
+ 870 936593281
? 1168
? 72
? 1942
? 26
? 281
+ 479 740161235
+ 106 611712867
+ 679 331197315
+ 325 766704402
? 844
? 579
? 1185
+ 1028 151465182
+ 1354 676669273
+ 1946 396211237
? 1416
+ 1685 275223131
? 105
? 766
? 1549
+ 932 36558311
+ 451 108844161
? 1891
? 1007
? 1807
+ 867 421056272
+ 1368 262485908
? 934
? 907
? 376
? 32
+ 1898 331107863
? 1731
+ 1644 42560893
? 1952
+ 1946 697557066
+ 630 287748760
? 1717
? 1186
? 1696
+ 1327 931584981
+ 670 465858297
+ 1040 87695127
? 851
+ 704 406846513
? 149
? 395
+ 1738 221821477
? 177
+ 1568 801094871
+ 316 686969931
? 483
? 206
+ 620 94735912
+ 866 318110870
+ 1713 725787703
? 320
+ 1883 350429604
+ 7 965444976
? 1100
+ 744 432766042
? 1743
+ 1236 330547289
? 902
? 1608
+ 1216 743784059
? 1013
+ 1693 640040696
+ 1877 663687593
+ 1037 841137382
+ 1201 683719489
+ 919 71359974
+ 384 179420527
? 158
? 1535
+ 1673 20246514
? 993
? 1491
? 1851
? 1259
+ 204 62281118
+ 78 511581791
+ 622 291286370
? 1163
+ 145 920230944
+ 609 610702390
? 367
? 1456
? 321
? 316
+ 1611 776350622
? 1672
+ 539 94013545
? 1819
? 1349
+ 1830 842741151
+ 156 828676767
+ 609 630957397
+ 1861 391449500
+ 856 427446106
? 1534
+ 1337 524287563
? 983
+ 1492 472959536
? 348
? 1304
+ 852 673624738
? 1100
? 259
? 820
+ 865 464009983
+ 1170 999691262
+ 1148 605772992
? 126
+ 468 719622426
? 829
? 1934
+ 242 324616699
? 922
? 646
+ 673 912716080
+ 277 950731441
+ 1568 84957630
+ 1484 875394524
? 600
+ 1570 486928681
? 510
+ 670 336231618
? 250
+ 1080 973950488
? 679
+ 1398 188887378
+ 1761 361178626
? 1719
? 1422
? 318
? 1540
+ 1634 854301969
+ 1997 114580346
+ 1894 32050275
? 458
+ 1571 590486740
? 1275
? 212
? 1830
+ 1712 242231390
? 1075
+ 937 490781598
+ 609 628588839
? 732
+ 624 358366009
+ 490 330166995
+ 161 148556556
+ 338 222222754
+ 1148 348378338
+ 19 79667736
? 1350
+ 1623 68528299
? 1470
+ 430 576821546
? 391
? 1384
+ 837 882250843
? 1979
+ 1547 868665029
+ 265 277169758
? 1716
+ 280 601500211
+ 392 281765097
? 1009
+ 246 190418874
? 985
+ 1544 457243243
? 695
+ 1884 498811822
+ 1087 844309283
+ 1187 70521833
+ 575 610435289
? 90
+ 999 427420450
? 1157
? 1020
? 1178
+ 325 659311768
+ 887 710567303
? 84
? 88
? 1753
+ 934 20332598
? 668
+ 1730 498128772
? 183
+ 597 289871693
? 1821
? 1018
+ 1618 146320766
? 750
? 534
+ 906 74796954
+ 1158 680975606
? 1919
? 112
+ 161 40006756
? 147
+ 313 754924529
? 1521
+ 116 105980921
+ 1546 91576831
? 1561
+ 1968 866542974
? 1260
+ 1164 221439468
+ 505 986534175
+ 1243 355543599
+ 1962 8295136
? 1392
? 532
? 345
? 259
+ 458 96604943
? 1238
? 948
? 36
? 71
? 1273
+ 362 726409278
? 624
+ 800 463565167
+ 1366 133202626
+ 1474 854270504
+ 653 122607960
? 1391
+ 1219 766715841
? 372
? 1960
+ 1629 641941438
? 1304
+ 837 533787082
? 723
? 376
+ 534 902015314
? 934
? 698
? 1362
? 747
? 1050
+ 207 443312106
+ 1602 89898796
? 162
+ 627 127926584
? 1496
+ 475 924349108
+ 716 56853461
? 1231
+ 1128 557565608
? 760
? 652
+ 135 225445833
+ 172 183609188
+ 1254 606601643
? 356
+ 1649 449000226
? 1625
+ 1245 489489277
? 329
+ 1217 247318661
? 3
+ 78 630033072
+ 1828 521541363
? 519
? 1041
+ 1061 336066308
? 1365
+ 178 599833149
+ 1989 683094739
+ 1440 212920643
+ 1912 656367181
+ 962 865811057
? 1640
? 1921
? 271
+ 1691 82904933
? 976
+ 248 366436123
+ 1779 381403875
+ 1652 15568032
? 1651
+ 1210 724494789
+ 180 706272941
+ 1565 264980866
+ 90 8412464
+ 807 478908852
+ 565 779080859
+ 1574 34629932
+ 1741 237036451
? 1720
? 267
? 1119
? 323
+ 1682 519400067
+ 1741 83963536
+ 1639 914066736
+ 498 672748612
? 50
+ 78 647540252
+ 1101 483746191
+ 388 762618945
? 530
? 1450
? 842
+ 518 912596333
+ 1903 113127364
+ 1154 515431515
? 691
+ 1652 646884838
+ 770 561712152
? 1893
+ 480 559173545
+ 1400 127746641
+ 154 877815008
? 359
+ 1772 701677744
+ 830 130807424
+ 1725 804111586
? 289
? 1081
+ 648 526456383
+ 1169 440681655
? 886
+ 1079 680511506
? 79
? 1683
? 1893
+ 1852 412073901
? 542
? 928
? 1568
+ 1601 402409157
+ 712 5340717
+ 1376 367183539
? 975
+ 1741 849034882
? 190
+ 1692 231934929
? 12
+ 420 865398278
+ 551 354782811
? 1826
+ 1781 429583429
? 72
+ 45 621121955
? 1636
? 491
+ 588 489500527
+ 1207 485948610
? 1532
+ 1450 566529967
+ 521 524010917
+ 1099 95583661
+ 1328 36910842
? 153
? 1121
+ 1264 632381925
? 466
? 1306
+ 1486 89385137
+ 675 470750465
+ 1903 414553208
+ 1598 869448735
? 754
? 1696
+ 1123 535773174
+ 749 34861968
+ 1303 554159975
+ 1836 513904423
+ 289 24439667
? 441
? 801
? 1102
? 227
+ 1073 294509929
+ 147 477781619
+ 810 556066446
+ 307 707780295
+ 295 744214086
+ 1839 332928362
? 773
? 709
? 172
+ 930 998086406
+ 386 31309729
? 1189
? 1445
? 1333
? 1663
+ 1777 302651828
+ 1136 690765746
? 172
? 157
+ 1395 227871220
? 246
+ 283 797693343
? 202
? 1513
+ 287 12086581
+ 256 85755404
+ 1123 941026355
+ 776 315221640
+ 960 815457585
? 1428
? 728
+ 1402 847584676
+ 1557 513460432
+ 701 239066455
? 435
+ 219 405991449
? 1007
? 1418
? 1084
+ 800 159684211
+ 369 296837736
+ 1123 329143565
+ 1177 661812682
+ 676 766048428
? 797
+ 1477 243112180
+ 1461 900013949
? 576
? 1552
? 1022
+ 1457 697159868
? 1550
+ 431 168766004
+ 1536 372788045
? 1124
+ 521 442428494
+ 932 22019474
+ 1161 319661233
+ 1690 353371957
+ 1562 788406507
? 402
+ 579 711510044
? 212
+ 1291 739849821
? 1614
+ 658 708274262
+ 1381 278994217
+ 1931 952717278
+ 945 7099013
+ 1128 168721275
? 1523
? 1809
? 1522
+ 1481 411735580
+ 201 862476329
+ 1027 663951474
+ 1447 916697019
+ 1100 916734165
? 1814
? 83
+ 1498 273711155
? 1778
+ 1583 197014201
? 1834
? 1939
? 193
+ 542 655345206
? 511
? 1746
? 45
? 1779
? 704
+ 1093 301885422
? 1600
? 841
? 593
? 475
+ 727 543617558
+ 986 384696122
? 411
? 1400
? 111
? 170
? 1097
? 1711
+ 43 750510837
? 283
+ 806 173797786
+ 1466 562357158
+ 440 454276021
+ 1601 105437153
+ 333 474817909
+ 65 247063993
? 492
? 1162
? 176
+ 1275 951312847
+ 1475 221099727
? 1894
+ 1343 632275916
+ 1905 969990317
+ 567 946731214
? 1726
+ 1880 517855071
+ 276 232491728
+ 608 817215479
+ 10 845625565
+ 1713 35839473
? 1972
? 1673
? 977
+ 1985 758824084
? 1831
? 1088
? 661
+ 230 546046261
? 1573
? 1637
+ 1132 756152837
+ 200 471788170
+ 1266 1776963
+ 1468 850492727
? 1636
? 1000
+ 480 952558228
+ 452 67568966
? 408
+ 587 264104104
? 363
+ 1621 265054379
? 1743
+ 1133 471081135
? 1164
+ 1485 347012552
? 31
? 1815
? 744
? 953
? 962
+ 1444 681450514
+ 607 907620155
+ 1324 398324914
? 788
+ 1371 277956552
+ 1113 533143903
+ 1779 406632206
+ 1633 256672025
+ 1153 582857281
+ 1570 84199317
? 1401
? 385
+ 1838 743403728
+ 1724 841355543
? 124
? 264
+ 1738 940253596
+ 1254 890140479
? 1035
+ 755 557904256
+ 838 56783325
? 1221
+ 1811 327594075
+ 1398 649089554
+ 1155 426822110
+ 1905 50195276
+ 1875 905792138
? 1948
+ 505 650442978
+ 1785 387290742
+ 843 89937642
? 1011
+ 417 224668325
+ 463 298598542
+ 1379 656682478
? 1324
? 1210
+ 1124 64211552
? 1105
? 881
+ 653 213387872
+ 1595 206394014
+ 1692 261407736
? 994
+ 51 749332326
+ 286 704713079
? 1368
+ 269 188352050
+ 1589 118158489
+ 505 46752858
? 1725
+ 263 745259459
+ 969 193759362
? 1409
? 1793
? 1703
+ 1108 688080478
+ 1004 882210407
? 734
? 51
? 407
+ 1139 338577536
? 1565
+ 1833 854787058
? 767
+ 1583 457893541
? 1770
+ 861 998796411
+ 1832 165450675
? 31
+ 1412 194573196
+ 953 921683326
+ 1801 565018673
+ 26 745904928
? 630
+ 192 280065258
+ 294 727103532
? 1252
? 788
? 66
+ 105 495226260
? 1880
+ 1264 555323136
? 814
? 1251
? 1277
? 1132
? 696
? 1056
? 996
+ 1422 601494776
? 969
+ 1493 749089896
+ 627 449828319
? 64
+ 1502 762336901
+ 1772 520755237
+ 923 337614491
+ 744 121374310
+ 408 434434492
+ 429 224634104
+ 173 455417763
+ 57 202474746
? 1429
? 178
? 337
+ 1059 988890805
? 379
? 773
+ 823 568134263
+ 1530 236001160
? 1447
? 214
? 202
+ 178 626062186
? 711
+ 162 908514494
? 1128
+ 1624 654819996
+ 532 987511632
? 95
? 1521
? 388
? 1258
+ 1350 788446263
? 757
+ 522 474410972
? 1283
? 195
? 835
+ 227 813507648
? 1040
? 703
+ 478 107345259
? 343
? 1906
+ 1723 619497473
? 465
+ 732 508373616
? 161
? 1683
+ 486 248988382
? 760
? 1174
? 1668
+ 1993 185502167
? 1338
+ 79 91545030
? 1599
? 55
+ 1269 250711094
+ 1627 927963660
+ 938 641516197
+ 1212 739621172
+ 255 104725850
+ 560 785115107
? 947
+ 1175 590168667
+ 1524 534692080
? 1836
? 1460
? 1584
+ 101 347124998
? 1167
? 322
? 502
+ 1316 225801549
? 229
+ 1056 451645910
+ 617 616114531
? 204
+ 597 465962464
+ 98 646806035
+ 895 948350123
? 1964
+ 1774 158238093
? 1050
+ 1500 18128010
? 1602
+ 1820 312900700
+ 705 209216620
? 1493
? 1115
+ 322 534832592
+ 243 345006106
? 923
? 1533
? 1889
? 1658
? 110
+ 892 484996489
+ 1112 78818357
+ 1290 242716136
+ 686 502397656
+ 522 881149711
+ 1339 563466041
? 140
+ 1278 710867895
? 120
+ 303 352585184
+ 1136 379958557
? 1004
+ 704 778476279
+ 139 953219675
+ 1633 360571360
? 1370
? 705
+ 1993 436958727
+ 1266 842653015
? 684
+ 1392 178208421
? 1756
+ 945 63480208
? 877
? 711
? 1734
+ 1587 1447910
? 1019
+ 1402 831980491
+ 894 750885800
+ 1665 926764965
? 695
? 1196
? 636
+ 1961 507401764
? 898
+ 1151 593791050
+ 1054 877042111
+ 1578 301422631
? 10
? 1393
+ 560 765808478
+ 477 96281509
+ 353 195559315
? 1338
+ 1174 873554883
? 766
+ 242 992102592
? 321
+ 1016 882874013
+ 1148 8127551
? 1439
? 966
+ 8 603573761
+ 47 813786896
? 1437
+ 1489 423226073
+ 1661 935040122
? 533
+ 1476 664904071
+ 1360 449666411
? 271
? 1828
? 772
+ 1298 785738250
? 1739
+ 1279 463371396
+ 357 22302338
+ 374 638102754
? 142
? 169
? 1384
? 1331
? 664
+ 107 317783947
+ 1217 907266551
+ 1937 960909863
+ 1478 766565470
? 1723
+ 421 289096448
? 639
+ 131 163268547
? 173
+ 170 257049141
? 1111
? 261
+ 705 499554935
+ 1153 722061893
? 1030
? 504
+ 1126 915050491
+ 169 263885726
? 607
+ 1966 825007798
+ 1096 282559738
+ 818 921567277
? 1938
+ 1976 693255462
+ 753 423029078
? 67
+ 875 702329849
? 111
? 1058
? 423
? 1300
? 1221
+ 1220 804394582
+ 196 615973205
? 910
+ 1949 31370577
+ 607 514698573
+ 1606 551910913
? 840
? 121
? 941
? 520
+ 846 112608180
? 1533
? 111
? 1300
+ 515 725145855
? 1846
? 717
? 189
+ 1009 660563453
+ 1765 746123344
? 1162
? 1997
+ 841 270600504
? 1344
+ 541 344435533
? 1583
+ 673 717594815
? 541
+ 439 635762278
? 1434
+ 1449 37958536
? 555
+ 1643 483925131
+ 1215 234088029
+ 1077 361591722
+ 923 342979097
+ 693 427859525
? 999
+ 213 222474246
? 681
? 983
? 1616
? 17
? 693
+ 40 633008673
+ 565 484464589
+ 1646 342941952
? 37
+ 510 755225617
? 1008
+ 275 645013409
? 1299
? 209
? 571
+ 595 487411230
? 1317
? 1943
? 1286
? 398
? 1723
? 1196
+ 1715 712663936
+ 350 369167390
? 879
+ 934 109212085
+ 897 708372651
+ 1313 499589320
? 1810
+ 950 998589677
+ 1483 685135874
? 1519
? 725
+ 1840 876887633
+ 904 292843268
+ 1003 672872750
? 456
+ 258 652722965
? 1099
+ 812 723163885
? 394
? 970
? 1506
+ 99 470288584
+ 273 814466730
+ 816 649487737
+ 814 390260830
+ 1338 841759601
+ 1842 488099242
? 1731
? 1046
+ 1437 365967443
+ 595 339420050
+ 1437 810134588
? 1509
+ 1792 386427197
? 1843
+ 441 366179578
+ 767 281266917
+ 1167 676653499
+ 774 72547680
+ 1442 853842129
+ 1179 45792958
? 734
+ 356 295843455
+ 1854 928236019
? 1754
+ 123 690585803
? 1928
? 1644
+ 1052 709426378
+ 1231 378187570
? 696
? 562
? 196
+ 322 290792415
? 1233
+ 725 647279490
+ 1499 879461783
+ 1094 131908691
+ 1897 685265154
? 62
? 724
+ 1016 895637374
? 1731
? 1728
? 1845
? 1446
? 367
? 1243
? 4
+ 1327 23898500
? 1508
+ 1679 87437225
? 1443
+ 1143 630244572
+ 544 235395776
+ 1905 589274475
? 1448
? 1570
+ 1743 394700270
? 1091
? 1154
+ 1386 187530999
? 885
+ 1326 316203462
? 235
? 1384
? 1874
+ 713 101090292
+ 459 142340516
+ 1459 547314109
? 1125
? 55
+ 1488 407011028
+ 1938 168233666
? 740
? 375
+ 1314 928299362
+ 784 924155359
? 59
+ 975 81162089
? 1
+ 1224 919822984
? 76
? 830
+ 1071 604802301
+ 355 113283020
+ 1563 626600811
+ 36 318035676
+ 542 955617335
? 783
? 3
+ 1329 476956889
+ 129 669343550
+ 1719 486451885
? 134
? 75
+ 1949 782919783
+ 1515 455731372
? 1611
+ 665 857917425
? 97
+ 1850 178694330
? 321
? 546
? 843
? 215
+ 1721 877081577
+ 1649 91706280
+ 771 755272743
+ 738 356925991
+ 1631 503154141
+ 536 148012975
+ 1549 533043231
+ 1356 235188621
+ 1252 480887957
? 297
? 754
+ 525 143765752
+ 1540 850348079
+ 1003 464361161
+ 1170 737665750
? 1266
+ 368 466514395
+ 1346 909794505
? 1504
+ 1757 270838987
+ 943 577814130
? 884
? 1856
+ 1886 396741432
+ 1267 995578074
+ 701 3404117
+ 290 240689493
+ 838 749763262
+ 1047 872026814
+ 836 404154690
+ 998 304243768
? 1175
+ 784 745164284
+ 1508 880601370
+ 777 924178953
+ 762 7614015
+ 1131 589344361
? 1049
+ 740 965126476
+ 614 725254815
+ 591 985872238
+ 1026 506805815
? 1931
? 1244
+ 1750 81147071
? 1176
? 841
+ 1628 608865446
? 199
+ 1547 441143678
+ 914 575640857
+ 723 939111933
? 220
+ 194 954219694
? 1893
? 241
+ 1229 894559392
? 961
? 1820
? 1374
+ 357 910617283
+ 1603 572943824
? 1044
+ 942 255718333
+ 837 222661670
+ 153 126261398
? 923
? 1773
+ 143 532072513
+ 1953 508707101
? 560
? 829
+ 876 931240232
? 1874
? 1728
+ 180 467592604
+ 315 651285024
? 592
? 48
? 527
+ 489 156040705
+ 1004 984868554
+ 253 991822112
? 1074
+ 1132 182046995
? 775
? 999
? 16
? 1016
? 335
? 483
+ 1044 880279731
? 1495
+ 1707 334194049
? 136
? 1774
? 493
? 229
? 290
? 1730
+ 1492 672356124
? 594
+ 417 408345295
+ 917 936068782
+ 1845 298397754
+ 865 822018159
? 759
+ 1614 975939764
? 69
? 790
+ 405 584780635
? 237
+ 6 911473684
+ 879 415967158
+ 499 722083974
? 473
+ 1334 137186200
+ 493 240589565
? 282
+ 1949 437398813
+ 1842 801830183
? 185
? 746
? 1066
+ 1887 426805611
? 215
+ 622 83814742
? 684
? 1693
+ 412 594307665
+ 1374 66805565
+ 1083 469181778
+ 1706 998166878
+ 949 831125920
+ 55 815602975
+ 14 121965486
+ 434 284321809
+ 819 278057088
? 101
? 1427
? 1922
? 1779
? 460
+ 165 439738100
? 440
? 449
? 1617
? 987
? 1119
? 211
+ 389 815353836
? 937
? 822
+ 229 447512801
+ 680 827412551
+ 1374 974075440
? 526
? 711
? 839
+ 322 804157176
? 521
? 653
+ 1538 718664647
? 1809
? 1976
+ 1251 770497614
? 872
+ 1604 168785869
? 1620
+ 1240 264084179
? 1613
+ 404 295813201
? 27
? 215
+ 53 157915291
? 144
+ 1835 52350186
? 507
+ 113 5627853
? 668
+ 103 227039127
? 1407
+ 808 984212888
+ 1541 708159859
? 392
? 1878
+ 1638 759055885
+ 265 436529369
? 42
+ 22 155942971
? 79
? 173
+ 291 392694365
+ 485 826739297
? 725
? 679
+ 229 916582976
+ 748 963615344
+ 943 163626370
+ 1525 415571380
+ 668 572913644
+ 1452 630536657
? 1096
+ 1793 262527844
? 1819
? 1200
+ 1624 886675619
? 1396
+ 1447 589174708
? 1280
+ 1970 245907634
+ 796 904612485
+ 1030 647957471
? 779
+ 846 922141465
+ 925 264321320
+ 1555 978924508
+ 87 541284115
? 1959
? 1048
+ 739 592555714
? 1313
+ 1156 874656688
? 777
+ 344 669200423
? 199
+ 554 95625622
? 260
? 940
+ 1252 136297060
+ 1706 556247163
+ 540 915312669
? 1561
? 1000
? 1475
? 1998
? 1842
+ 487 676925064
+ 847 380054745
+ 1167 688920576
+ 1299 249120854
? 1078
? 66
? 104
? 239
+ 1037 757132723
? 243
? 1495
+ 256 456407736
? 1468
? 1546
? 161
? 96
+ 1758 373066417
? 1472
? 698
? 888
? 1572
+ 263 508727988
? 248
+ 962 903060559
? 834
? 1467
? 236
? 1395
? 12
? 281
+ 1404 500220133
? 1522
? 170
+ 1604 128368388
? 503
+ 35 953710173
+ 1758 261176430
+ 723 451266979
? 1393
? 1919
? 1782
+ 386 704464501
+ 599 13123177
? 1119
+ 1957 444945794
? 168
+ 1650 196426490
? 181
? 517
? 267
? 72
? 1588
+ 1650 394064349
+ 1545 28524002
+ 233 550076947
+ 1590 752058629
+ 738 922946813
+ 961 397419640
+ 1746 681756214
? 1294
? 223
? 287
+ 1129 483855568
+ 40 151908918
? 941
+ 126 150704810
? 1211
+ 326 637424746
? 1621
? 293
? 1854
+ 969 321152840
+ 1237 493969088
+ 1123 995382089
? 343
+ 1502 606707238
+ 1668 33298384
? 1253
+ 5 18930121
? 505
? 1823
+ 1636 838419255
+ 1236 855081075
? 1672
? 1154
? 1326
? 543
? 359
? 718
? 1593
+ 808 667459890
+ 804 704337146
? 1014
+ 1247 314659628
? 267
+ 348 989709360
+ 1178 123404401
? 535
+ 1997 781754876
+ 1791 519057294
? 251
+ 111 795666633
+ 1883 810331665
+ 255 311254793
+ 1103 797384088
+ 1911 465977717
+ 1640 959171140
? 1036
+ 592 390932415
+ 1431 496983711
+ 48 750628299
+ 1075 665266262
? 1585
+ 1032 94944304
+ 1850 458377413
? 836
? 1199
+ 427 592932081
? 898
? 1594
? 344
+ 1647 688373681
? 1236
+ 1834 515875205
+ 44 141940397
? 1201
? 1463
+ 757 209104929
? 1702
+ 1803 587129848
? 81
? 100
+ 1997 53216567
+ 216 287986618
+ 782 152852075
+ 416 887832426
+ 980 879399224
? 970
? 590
+ 1757 588372020
+ 823 458751991
+ 342 463266869
+ 1684 971408247
? 506
? 1818
? 1622
+ 1728 792563123
+ 778 133993675
+ 1907 459503669
+ 618 606996549
? 272
? 869
+ 1475 395429060
? 1439
? 1080
+ 1680 37793016
+ 422 177953253
? 484
+ 94 230994387
? 1720
? 1606
+ 107 376737636
+ 629 562094908
? 1763
+ 742 492704512
? 1202
+ 1150 999415649
+ 1812 105778972
+ 1387 128866838
+ 54 755868468
? 97
? 1256
? 702
? 863
? 1506
+ 1389 252398773
+ 1326 932210127
? 1498
+ 418 182759756
? 127
? 1964
+ 879 557733105
? 15
+ 1047 820928674
? 32
+ 1621 620469316
? 1045
+ 422 464514676
? 1788
? 297
? 1135
? 1754
+ 556 712544599
+ 984 814007658
? 1052
+ 1821 199567599
+ 395 819082100
? 1324
? 883
+ 1324 412317299
? 1869
+ 602 976156282
? 120
+ 551 883937712
+ 1817 518145577
? 65
+ 1136 977593159
? 1603
? 910
+ 991 835923297
? 1986
? 1623
? 607
? 390
? 1951
? 1092
? 650
? 1445
+ 1494 147189217
? 903
? 1525
? 312
+ 1936 385689308
+ 237 149802366
? 12
+ 1200 855481190
+ 1477 698183534
+ 1024 606884016
? 284
? 172
? 681
? 729
? 357
? 1923
+ 1019 559580362
? 748
+ 443 192679069
? 1171
+ 1154 879636935
? 904
? 190
? 864
? 711
? 1579
+ 1168 366956952
? 1464
+ 4 819637016
+ 396 942647022
? 125
? 943
? 627
? 502
+ 939 643314315
+ 654 609944245
+ 473 997712090
? 991
? 863
? 145
? 894
+ 600 422377518
+ 392 601074917
+ 1160 13750358
+ 690 128517766
? 958
+ 330 578638669
? 1804
+ 56 79822882
? 239
+ 1151 157863925
? 219
+ 320 440418297
+ 1737 898800012
+ 333 591311565
? 69
+ 347 233431115
? 884
? 228
+ 279 897088986
? 1259
+ 1389 245453299
? 211
? 311
? 1507
? 401
+ 1214 494248620
? 417
+ 1161 322771097
? 1568
? 145
+ 349 87314425
? 724
+ 968 28397544
? 374
? 1190
+ 736 294079281
? 537
? 1906
+ 198 314420157
+ 824 647919050
+ 255 852595383
+ 1883 812900072
+ 1070 433121559
+ 665 301486638
+ 324 849158387
+ 1949 106707469
+ 1342 929201852
? 1689
+ 72 57277861
+ 570 124045917
+ 744 398472454
+ 73 196784149
? 160
? 1506
+ 422 593169674
? 467
? 1119
? 68
+ 748 779716744
+ 1679 908797837
+ 754 538135879
? 1376
? 979
? 617
? 333
+ 948 814973607
+ 1933 778038988
+ 273 752633155
? 1401
? 1624
+ 162 739821526
+ 605 287328895
+ 1501 844328584
+ 218 813038624
+ 1824 150408575
+ 701 803824214
+ 244 664989835
+ 127 292241869
? 385
+ 328 109149558
? 503
+ 811 144425086
+ 13 26897212
+ 1764 778375597
? 618
+ 342 718927981
? 468
? 1756
? 1253
? 805
+ 383 621540486
+ 1380 869140195
? 1748
+ 83 280167191
? 1426
+ 960 978100047
? 801
? 662
+ 1394 462940080
+ 1484 40092157
+ 1701 913443869
? 52
? 639
+ 689 528256278
? 242
+ 580 537108452
+ 84 530930527
+ 913 647036008
+ 842 163958881
? 1219
+ 1160 622477091
+ 1174 509202885
+ 1709 715530861
? 808
? 1248
+ 976 306381339
+ 1234 120184354
+ 1741 429835747
? 41
+ 1632 376805806
? 426
+ 1020 651768914
? 503
? 182
? 687
? 358
? 1701
+ 1884 778646362
+ 1254 201037049
+ 611 599224459
? 971
+ 1313 23709018
? 683
? 259
? 1387
? 1075
? 205
? 1034
? 9
? 233
+ 1310 753002407
? 46
? 1313
+ 686 976195416
? 1224
? 1707
? 1907
