0
0
0
0
0
0
0
0
0
0
0
0
0
0
0
0
0
0
0
0
0
0
0
0
0
0
0
0
0
0
0
0
0
0
0
0
0
0
0
0
0
0
0
0
0
0
0
0
0
0
0
0
0
0
0
0
0
0
0
0
0
0
0
0
0
0
0
0
0
0
0
0
0
0
0
0
0
0
0
0
0
0
0
0
0
0
0
0
0
0
0
0
0
0
0
0
0
0
0
0
283897817
0
0
0
0
0
0
0
0
0
0
0
0
0
0
0
0
0
591619261
0
0
0
0
0
0
0
551939468
0
0
0
0
0
0
0
0
0
0
0
0
0
0
0
0
0
0
0
0
0
0
0
0
0
0
0
0
0
0
0
0
0
14661093
0
0
0
0
0
0
0
694084598
0
0
0
0
0
0
0
0
0
0
0
0
0
0
140015171
0
0
0
0
0
0
0
0
0
0
0
0
0
0
0
0
0
0
0
0
0
0
0
0
0
0
0
0
0
0
0
0
0
0
0
0
0
0
123424529
0
0
0
0
0
0
0
0
0
0
0
0
0
0
0
0
0
0
0
0
0
0
0
0
0
96586276
0
0
0
0
0
0
0
0
0
0
0
0
0
0
0
0
0
0
0
0
0
0
0
0
0
0
0
418514837
0
0
0
0
0
0
0
360280124
0
0
0
0
0
236229720
0
0
0
0
0
0
0
0
0
0
0
0
0
0
0
0
0
0
0
0
0
0
0
0
0
0
0
0
0
0
0
0
0
0
0
0
0
0
0
0
0
0
0
0
417827245
350674538
0
0
0
0
0
0
0
0
0
381724286
0
0
0
0
0
0
0
0
0
750478044
0
0
0
0
0
0
0
0
0
0
0
43007158
0
714663781
0
0
0
0
0
0
0
791342613
0
0
0
0
0
0
0
0
0
0
0
96343279
0
0
123424529
0
0
0
0
0
0
0
0
0
0
0
0
0
0
0
0
0
0
0
0
0
0
0
275029969
0
0
0
0
0
0
0
0
0
0
0
0
0
0
180896941
0
0
0
0
0
0
0
0
0
0
0
0
0
0
0
0
0
0
0
0
0
0
0
186752700
0
0
0
0
414968558
0
0
0
325731748
0
0
0
0
0
0
0
0
0
0
0
0
0
0
0
0
0
0
0
0
0
0
202471532
0
0
0
0
0
0
0
0
0
130061153
0
0
0
0
0
272153605
0
0
0
0
0
0
0
0
0
0
0
0
0
0
0
0
313477921
0
0
0
0
0
0
0
0
0
0
612370354
0
0
0
0
0
0
0
0
0
0
0
0
0
674067662
0
0
0
0
0
0
0
0
0
0
0
0
0
0
0
563817984
0
0
0
0
0
0
0
0
0
0
0
0
0
367811072
0
0
113099254
0
0
0
0
29768221
0
0
0
0
0
0
0
0
0
0
0
0
0
0
0
0
0
0
0
0
183633893
0
0
0
0
0
0
0
0
0
0
0
0
0
0
0
0
0
0
0
0
0
0
0
0
0
0
0
0
0
276623407
0
0
0
0
0
0
0
0
0
0
0
0
0
0
0
0
0
0
0
200960650
0
0
0
483434866
0
0
0
0
0
0
0
46851935
0
0
0
0
0
0
0
0
0
0
0
0
0
0
0
0
417827245
0
0
0
0
0
0
0
0
486596921
0
0
0
0
0
0
0
0
0
0
0
0
0
0
0
0
78418243
0
0
0
0
0
126513489
0
0
397131677
0
0
0
0
0
0
0
0
0
0
0
0
0
0
0
0
0
132071084
0
0
0
0
0
0
0
0
0
0
0
0
0
0
0
0
0
143481343
0
0
0
0
0
0
0
0
0
0
377765984
0
0
0
621392428
179272667
0
0
0
0
0
0
0
0
0
0
447119186
0
27621296
0
0
0
0
0
0
0
662486600
528275112
32518529
0
0
0
0
0
0
0
193536623
0
0
0
179272667
647046582
0
462971936
0
0
0
0
0
0
0
0
0
0
0
0
0
0
46851935
0
0
0
0
0
0
0
0
0
0
0
0
0
0
0
0
31181287
0
0
0
0
0
0
0
0
0
0
0
0
0
0
0
0
0
0
158961684
0
0
100298869
0
0
0
0
0
0
0
0
0
0
0
0
0
0
0
0
850446165
0
0
0
0
0
0
0
0
0
0
0
0
0
126558073
0
0
0
0
0
0
0
0
0
0
0
0
0
0
0
0
0
0
0
0
0
0
0
0
0
591589393
0
0
450802890
0
0
0
0
0
0
0
0
0
0
0
0
0
0
0
0
0
286020129
0
0
0
0
0
0
0
0
72872606
0
0
0
0
0
0
0
0
0
0
0
0
0
0
0
0
0
0
0
413374251
0
0
0
0
0
540141573
0
0
0
0
0
0
0
0
0
0
0
0
124665725
0
0
0
0
0
0
0
0
0
0
0
0
0
0
0
0
420632686
0
0
0
0
0
0
0
0
0
617977442
0
459853974
0
278001467
421646045
0
0
576455825
0
0
0
0
0
0
112832961
0
0
0
0
0
0
0
0
0
0
185293910
0
0
0
0
0
0
0
349455629
0
0
0
0
0
0
0
0
0
0
0
0
0
0
0
0
0
0
0
0
0
0
0
0
0
0
0
260358672
248904850
0
0
0
0
0
0
0
0
0
0
0
222555194
0
0
0
0
0
0
0
77579558
0
0
0
0
0
0
0
0
0
0
888320472
0
0
0
0
64079871
0
0
426907696
0
0
0
0
8674794
0
0
0
0
0
0
0
0
0
0
0
0
0
0
0
0
0
0
0
0
0
0
0
0
0
0
0
0
0
0
666751227
0
0
0
0
0
0
0
0
126558073
0
0
0
0
0
0
129282684
0
0
0
0
131015442
0
261237265
59143317
0
0
0
0
0
0
399844246
0
0
0
0
0
416134926
137154847
640134019
0
0
0
0
167825347
0
0
115229714
0
0
21872761
0
0
0
0
0
0
0
0
119922926
0
0
0
0
0
0
0
0
705351858
0
0
0
0
0
0
0
0
0
0
0
0
0
0
242180298
913021492
0
638707383
620806227
131485995
365917778
0
0
0
0
0
0
0
0
0
331991974
0
195144036
419222189
0
0
0
0
0
0
0
0
0
443325102
0
0
0
0
0
0
0
0
0
0
0
297627972
0
0
357591043
0
0
0
0
579792555
0
0
0
0
223231435
0
0
0
0
0
0
0
0
437056713
0
0
626395797
0
0
0
0
0
0
0
0
0
63960386
0
0
0
0
0
0
0
0
0
413374251
0
0
0
0
77579558
0
553834268
0
0
0
0
277867245
0
0
462145560
0
136555514
0
0
0
0
0
0
0
0
0
0
0
936043600
0
58224515
0
615614903
0
0
0
0
0
0
21685505
0
0
0
0
0
632194565
0
0
0
0
271698321
0
0
0
9869242
0
0
457313123
0
119696655
0
0
0
0
0
0
0
0
0
0
0
0
0
0
0
0
0
4270409
0
582473996
0
0
215738682
0
0
0
721343802
0
0
0
0
393480601
0
40435408
0
88196234
201063844
0
0
0
0
0
803872093
0
0
0
0
0
0
0
0
0
0
195665025
0
0
0
0
0
0
370522985
0
0
0
0
0
0
0
0
0
0
0
630902742
0
0
0
0
0
0
0
0
665221791
84927614
0
0
0
0
0
0
0
0
0
0
259313435
0
0
372774967
0
0
0
0
0
0
0
0
0
0
0
0
0
0
137334165
0
0
0
0
0
0
419986892
0
0
0
0
392972658
0
0
0
142068141
0
0
578535897
0
0
0
623851832
0
0
0
0
228748801
437133024
0
0
0
0
394829746
0
0
0
0
0
0
0
63087618
0
0
0
0
0
0
320493605
798847609
0
0
73794784
0
0
717869569
0
0
0
40531193
0
0
0
140015171
71221236
0
0
0
0
0
0
0
0
0
0
0
0
0
0
0
283585952
0
0
0
0
0
0
335757425
855955997
364705307
300309816
36871826
376501221
13656977
0
0
0
0
0
41107021
0
748524591
788105716
0
0
231487481
624957010
0
0
0
0
0
0
0
0
269115342
0
0
299994115
0
103211191
0
0
0
549117150
82782274
0
0
162465459
0
0
0
0
271435467
0
0
163873333
0
0
0
204627585
0
663154505
0
0
0
274294952
180896941
0
0
623851832
0
0
0
0
0
0
0
0
0
0
0
114484092
0
0
0
0
0
0
171740273
0
0
0
0
0
0
0
0
337378900
0
0
0
0
0
0
436865926
0
0
97707263
0
0
0
0
0
178775850
0
0
0
0
0
0
0
344823380
0
662486600
0
0
0
0
0
0
0
0
0
0
0
1568448
0
0
959196283
0
0
0
0
95077105
0
0
0
0
647046582
0
579985268
0
235510921
0
0
46687117
509808995
0
0
0
0
0
0
0
0
0
0
0
26425327
161527605
0
0
0
316272157
0
426392862
0
310041150
0
0
0
0
0
622594375
0
0
298550558
0
267742315
19933860
0
0
0
104784583
0
379756691
0
0
493412911
0
0
151669850
0
0
0
0
329432589
0
546020245
0
0
0
0
0
0
0
0
0
0
0
0
6930101
0
171374814
0
0
0
0
18395862
0
0
0
0
0
0
333196141
0
657407481
0
0
0
877774658
966393474
0
395425632
312162825
0
0
0
0
136619475
0
0
0
0
0
69825690
0
0
0
0
0
324834570
0
0
48638271
250184491
12802606
0
0
0
0
0
0
0
91851247
0
0
0
0
0
177391081
875534207
0
0
0
0
787138085
0
0
0
200798700
436209052
95837846
0
0
0
0
0
0
0
0
202505545
358413984
695511542
0
0
192931496
0
0
75544591
144317870
0
0
0
0
0
0
191718733
0
0
0
0
0
0
0
446825560
0
0
0
0
0
0
43974884
0
0
0
649452077
0
186230495
0
0
265665920
0
0
924214750
0
0
356380473
0
0
0
0
0
0
101743799
0
0
0
101539347
0
0
0
0
0
0
0
0
0
0
0
0
0
0
0
0
0
0
0
0
0
0
0
0
0
0
0
0
0
561514426
0
3968181
0
0
0
0
0
103298817
0
76175012
587638579
0
0
0
0
394447979
0
0
0
0
0
0
0
0
0
0
0
0
0
0
0
0
0
0
4262939
242016973
0
0
0
0
0
0
0
0
153326422
0
9387134
0
704654756
0
227760714
0
0
112832961
536537535
0
0
0
120492083
0
958766596
264850712
0
0
173449645
612230744
167842059
0
0
350078678
0
0
0
0
506804401
0
434861776
413777804
159110054
0
797950772
0
0
314148260
0
260439593
0
0
0
118601094
62008761
0
6539097
0
0
414984077
0
0
0
687167904
147976009
0
0
0
78418243
0
0
635337817
0
0
0
0
0
0
556411172
262421777
30435816
0
473857653
0
0
903765199
0
0
0
0
0
0
0
0
0
0
0
0
0
0
0
0
721343802
660337905
0
0
0
0
0
0
0
0
0
0
0
0
722246042
0
372774967
0
29759131
0
703934399
0
0
78087052
292211341
479901798
0
717505221
125997195
460228338
0
0
253796352
0
371208110
244788455
0
0
0
0
0
0
0
0
0
130348335
70089835
0
0
0
0
0
218941565
0
0
787297609
63003076
0
0
0
0
0
0
0
0
0
0
0
470532453
399844246
218911036
381867665
0
963112944
0
178560342
984497219
50388241
0
0
0
0
958766596
0
611361732
0
0
414984077
364428002
776166367
0
0
58273291
0
0
0
415523962
0
0
24677396
0
0
661979474
0
0
473890869
725033889
127568368
13001136
402806876
0
0
0
0
0
390333923
965315688
182142994
0
0
0
165918343
0
0
0
0
0
0
0
0
726846831
496652494
0
0
298550558
0
0
0
0
350465600
0
0
0
634321950
0
387710820
0
0
758464415
986291835
419879287
0
0
0
0
0
0
0
0
0
0
0
0
762283883
0
0
0
0
616508155
0
0
444840296
909181194
0
235030624
0
540147166
215970676
917691706
63477805
50388241
411956860
801304787
0
855955997
538405629
0
53566660
313693353
0
0
370766445
0
324167202
0
0
0
32582921
0
0
0
0
660764165
94643018
166727002
183637285
0
0
0
0
36139953
0
0
670210954
0
0
622576758
0
0
0
0
0
0
0
51347849
0
576217219
0
540428334
0
104786340
0
11361086
0
628575659
0
354080937
0
480367728
0
0
0
0
182403969
0
0
0
686857034
0
0
0
0
409912926
311029864
0
0
133743224
0
0
0
459009327
0
236740782
0
0
0
97093885
118502277
142972700
0
0
0
0
0
0
0
0
0
0
0
0
0
0
0
0
0
0
806370766
0
0
0
0
226892358
0
14533360
0
0
364928457
393499676
0
0
0
0
0
152531829
0
0
0
0
0
0
0
0
323218450
0
0
553553649
0
0
0
369183617
443576264
0
0
0
0
817956134
0
0
0
365348507
183395537
218911036
569573831
0
891686218
639211996
198209829
0
0
0
0
979332251
0
0
0
0
0
0
305273207
0
300384312
0
0
0
513157757
0
0
267694372
600675166
0
0
0
318552726
347164139
0
0
3409671
0
0
322521439
248322596
0
0
0
102242591
0
0
0
0
0
0
221938159
0
0
748341679
0
0
845274981
714297243
0
0
480670436
0
0
0
0
173967301
0
692315332
0
0
73074780
0
0
0
0
0
0
0
0
290653028
121863217
0
0
0
0
360813503
0
436992467
0
549859838
189371454
0
0
0
0
0
0
0
65914799
277665791
527530121
275029969
0
380119917
0
410088061
463904379
656452483
0
0
0
244788455
517444766
576455825
91851247
0
208203424
0
172526328
401500124
0
0
26371465
819151048
0
0
132418122
0
0
0
0
0
0
714297243
787138085
0
0
0
0
4903894
0
0
0
0
0
0
396526352
0
0
0
0
0
0
0
583377107
0
0
199155913
0
0
109871049
0
146161203
0
91399827
0
721343802
0
0
0
424357602
704654756
836033575
0
686857034
0
0
0
372078311
0
221567850
0
0
0
0
0
0
0
0
0
286574882
0
0
617388010
0
0
14533360
0
300309816
0
0
0
0
0
0
0
0
0
338075869
0
0
0
0
477856265
860429720
35088974
0
0
0
0
14084210
0
147188141
0
0
53384095
0
0
739109421
537158738
0
38542893
0
0
0
146916973
0
0
0
0
0
0
0
0
0
0
0
0
0
0
0
0
0
0
0
115198388
301669852
15802992
0
0
0
0
0
0
0
571836700
0
0
533134289
334327640
0
0
90162067
109074639
0
0
489311558
0
0
0
0
0
217329767
0
141343162
132684955
0
0
779873689
0
0
0
0
185612131
604104516
364141167
0
222982017
801040852
0
446825560
7409048
0
272519991
847490158
0
0
58273291
860429720
236853333
0
0
0
0
122449663
0
70912941
665228832
0
634891374
0
147458554
345592481
0
0
0
0
420947147
715075537
507681358
963112944
41906974
803872093
0
0
0
424360483
0
140318243
0
328098951
0
0
0
0
0
0
557749388
45013974
279695902
0
115664711
228765399
52275407
136447337
587192938
125437338
0
0
71681886
0
0
0
0
46003068
0
0
0
0
0
3720273
0
0
356191756
0
0
0
377448322
114146474
0
0
0
0
723698990
118814422
0
344392318
0
91093113
0
0
0
92190924
0
0
0
773937085
995375882
462570739
548005955
0
50388241
0
0
0
9387134
0
0
325075709
0
0
0
0
0
214786197
17190453
489311558
154455922
613726072
0
0
0
172393894
484088121
523632442
844636313
0
0
325312875
349223979
0
506654170
549745372
0
0
0
0
0
242180298
96587497
0
399169924
0
0
0
952969969
0
0
0
0
0
0
0
12270110
965642757
243304166
0
0
0
0
0
81175314
0
242761027
0
0
0
717505221
0
0
0
0
109579079
0
0
0
262301886
0
14002167
180597272
589218285
287631335
0
0
0
0
0
968517848
798847609
169725935
555745174
0
0
0
0
0
0
313477921
280132776
0
406273251
0
7501118
0
546020245
0
0
130112498
0
0
319335110
0
71689102
0
172526328
0
729394444
432717340
888320472
0
0
0
0
129282684
0
0
0
335324953
320436560
585835465
354350497
204341640
0
0
0
160715860
0
321758334
0
0
0
227287220
455466809
0
0
0
0
60705684
0
249906381
0
91399827
0
81106414
233537520
753411826
0
0
776001487
0
679387196
0
0
0
574265694
0
0
256143788
135542658
0
0
0
288511532
0
94060602
0
0
44256610
0
310041150
0
0
48030347
419653162
303459219
922409005
620086520
555745174
0
268607006
0
0
232755642
417827245
122266286
0
0
877494322
0
0
323410270
72868240
0
0
162000420
0
319186749
0
0
0
0
0
0
0
302312933
441138317
315807882
241635631
0
789514783
0
449471636
0
0
0
188074777
347787257
159886182
88136316
339914697
226383431
0
0
0
274692860
188529166
0
0
73074780
479370332
269625535
0
8674794
0
0
0
0
0
0
926190976
58784962
451464860
493412911
402653441
0
663292610
0
626325097
315092119
565681957
0
0
0
0
0
22154038
0
0
0
0
284985587
0
798847609
456328551
693453043
0
86377058
0
820597064
172426247
0
0
0
291084250
91851247
0
380629458
0
0
0
0
337441075
0
86377058
0
38302177
859475102
0
0
0
561395283
0
636923332
0
0
0
54082512
0
512681797
502581471
161265853
642655194
334031549
190569398
36139953
0
0
0
0
17941427
0
538964732
442130762
0
0
0
223239217
0
589163644
254090626
0
0
0
0
0
859737608
181580853
0
0
0
262381098
0
438646607
0
353834861
235741029
59843744
0
0
441145832
357144514
0
478795041
409919623
0
0
0
436595895
76095319
0
0
0
0
0
17573226
0
0
306539761
0
219419193
0
215807620
0
0
0
739109421
0
5437110
405929921
0
130348335
144718679
966486523
306482486
0
122091453
0
0
0
119576341
0
296787171
0
0
0
690268497
321120084
320436560
989404618
0
0
0
0
0
530123897
0
0
910201784
253905953
242547470
325075709
14533360
361837441
144891633
0
581282512
208769732
486251919
201993371
0
125997195
0
0
607115679
895172495
0
716086805
162465459
0
0
0
0
281711101
0
0
0
355676775
478032357
0
660508002
557749388
71014073
462460419
623851832
250184491
0
0
19933860
638516506
294300876
0
189048931
0
0
102444150
0
0
0
462460419
0
0
0
588896112
0
578555386
34572917
466328366
207131449
0
0
0
70912941
48515452
0
164603485
0
9837861
0
691448004
280907947
0
0
561466903
0
0
0
225135015
0
538964732
232755642
194451987
36255474
585332023
80310888
81106243
346097541
25986093
214491024
838132031
0
0
0
0
0
448924177
0
127093830
984384648
0
0
660023287
0
20417668
0
0
0
0
65918521
0
393243976
454982109
852268207
0
0
995829192
0
767014563
65860842
877317543
0
0
0
511737595
0
482642233
0
245671047
0
369488744
0
65860842
174722846
235621930
0
190569398
0
0
0
0
691369281
367235091
0
0
505505278
776166367
239594144
441138317
167147807
186196226
0
219065933
0
152378199
586913006
0
0
0
0
950503382
461258585
0
0
0
452674046
0
0
0
0
210529771
0
0
0
445913161
0
0
0
264852860
315275507
77579558
510274439
598571923
35851201
140015171
517925708
0
0
0
125615367
0
223091108
0
0
0
0
529152706
19653586
284307640
0
156756459
0
0
0
0
913581244
0
0
366604904
0
0
74262848
0
480468068
0
349284333
0
782126094
0
469775659
420079522
112125306
0
45362175
572844604
396162301
0
315092119
397570912
0
0
127612307
63477805
0
0
65504279
0
0
248999551
0
0
0
0
0
884256109
0
49475123
791291479
0
42615342
498106723
0
525636982
0
0
0
588913596
909181194
823006258
0
0
0
8674794
0
637641434
99052167
0
0
0
44487480
0
0
119551300
806209873
369668277
0
0
0
523854536
227893248
904798406
0
419879287
65860842
0
0
519095058
0
0
0
0
0
872946711
0
0
787161606
0
0
908819655
296358999
63001863
0
297734494
33491683
0
273284883
0
451755404
0
335757425
0
56426606
0
0
0
495990176
0
0
0
624155110
254924556
465729838
717194474
0
521060005
0
0
194605758
253892211
380119917
0
541732140
0
0
0
125596642
0
0
0
0
0
0
665221791
0
0
22074442
0
76199733
0
211901068
0
0
162127982
381202349
0
702260223
0
340729849
0
453128480
0
823006258
610807332
0
0
0
838263618
0
0
0
381221261
0
0
344564504
193536623
0
0
484736294
0
0
0
0
0
51347849
0
683642061
350627157
0
227760714
0
9387134
0
114620046
643951308
649452077
0
0
402672057
0
0
823006258
278796510
420079522
194655561
350479530
160485474
0
420632686
879512073
520449506
0
0
0
994142221
995829192
49278570
0
0
0
0
331969731
0
0
0
162465459
0
0
0
484664544
404469041
10362127
0
74211645
0
353102225
0
0
0
0
100771089
461322994
397595575
269625535
558338741
0
0
0
790496723
234006365
0
0
364613597
428655693
0
458718274
359154337
0
852507818
0
0
981176532
0
626317422
786960261
453396803
0
0
250376787
65006527
0
391670122
987474534
533870438
999031371
989404618
0
0
749946502
0
522220415
119922926
0
0
0
0
0
0
0
0
33096762
993585513
0
967877019
663292610
722972712
0
349769859
76175012
0
0
0
0
20382478
198209136
989404618
0
0
0
0
0
0
0
39006176
448802923
0
0
0
0
0
884256109
275872098
437282018
442291560
174232804
0
0
153969057
0
0
0
0
20094785
65006527
0
0
328331091
776166367
658690288
0
0
0
0
262047862
0
0
200359211
0
141343162
0
160485474
0
0
0
0
45013974
0
283401274
0
351906338
490651679
552681075
395257720
0
0
0
0
360569231
0
0
444992472
0
0
817425997
0
0
0
681781134
0
546382987
0
125615367
0
0
0
498553073
0
291395745
93328970
0
0
0
0
0
0
0
0
0
86368675
0
482713393
43412752
0
159978401
0
76841097
0
0
0
0
0
997515879
0
0
0
0
162543391
0
204520456
0
959116018
0
0
0
226952487
0
241627590
0
0
0
360687438
551903515
0
70631738
200643482
58660301
885116910
987018519
0
0
776596238
0
266323080
534228517
0
556129170
0
0
0
700413712
0
0
296787171
0
0
0
365917778
480909768
0
0
0
0
996888413
100776264
0
441785607
0
0
0
732879622
823006258
0
202211042
995375882
0
74262848
604960828
441785607
310041150
0
0
639141894
0
260542883
0
846786851
51664064
389873337
0
0
479141322
377016074
264667495
956396643
0
0
172819069
0
4947817
0
0
0
365917778
906129992
410798917
0
137105323
0
0
0
0
0
838750388
999214579
0
218807023
0
41189195
0
0
357591043
366604904
26867779
107272860
0
169987639
142075656
0
0
0
0
0
0
344360561
696595954
186030596
71836974
0
65504279
260439593
152531829
0
257084856
0
0
0
0
0
0
0
0
0
82569668
0
170729545
118601094
213090012
0
0
0
300384312
750853736
0
0
194605758
0
0
125906525
0
863624214
0
0
0
0
0
0
185932048
0
789514783
527520962
0
11856881
959116018
0
0
576538746
0
0
0
0
0
0
0
0
0
0
0
322303438
0
539603377
591661154
0
0
358413984
194655561
690492335
0
159958000
210069477
65658114
0
382149023
0
605380700
590847201
0
533134289
0
41189195
0
556215674
201139461
663154505
242547470
33376569
0
121807032
109827990
809779222
0
167147807
0
0
751300797
168301478
484664544
583451915
980927117
0
303251726
0
719715620
236853333
0
489375874
725271997
0
49105556
728030854
0
0
0
0
113447367
0
0
618815166
0
0
0
0
655363267
0
163677529
340838817
0
424826016
0
297164837
105572097
527333147
171932232
0
773415840
0
760746570
0
0
0
145135719
0
0
0
0
833018686
0
376563646
0
0
0
86801816
0
12270110
0
0
977077872
0
474050568
303301113
0
724047701
0
0
0
536222580
0
0
81106414
385239620
492581409
275262551
0
0
0
0
0
0
442936171
167475956
978776277
864110565
0
0
0
0
0
0
135563628
93629385
0
369183617
0
484274984
560972361
40435408
84841725
105997214
0
112722161
0
615611512
0
0
535518587
0
157834866
205976017
0
0
0
0
0
0
0
0
0
329432589
890015833
0
344791114
434767869
561395283
792813086
0
0
0
0
0
131485995
307065871
0
618777324
472410187
372794331
0
184970840
0
0
0
4903894
0
0
0
326569538
232529117
394267305
0
851391638
108342228
0
0
309675769
658899206
116970959
0
714297243
677170663
0
23989928
0
0
281991700
302786874
209990044
278668364
144431079
427553402
250184491
264667495
486116780
70436713
0
0
0
82758390
0
823511026
103439677
163664874
878271312
0
0
280461235
989116502
0
274294952
0
883327751
679368185
0
0
0
0
0
0
396162301
0
0
0
0
0
48638271
0
0
0
54359213
947561619
0
553458325
0
349168991
0
36139953
215882593
0
853150706
693238442
0
227607083
0
0
0
0
660486737
0
257119773
942514357
693567347
0
218400558
34364137
0
0
0
560971140
0
0
615580867
0
93238657
967043262
0
264852860
0
0
0
627579257
592028333
420450740
463564735
376563646
812619261
0
100723133
0
0
236217838
638049611
666751227
0
0
106103561
236217838
383560437
0
0
0
479326291
689943186
375271752
0
731694949
169591702
0
49912368
127529329
0
0
747339262
0
54648624
566496455
0
545525519
3060825
0
144898111
8138091
0
0
156756459
0
0
59516810
220637676
0
0
0
0
263419808
0
0
315092119
0
404224286
231187351
258175840
954595248
472410187
96343279
487429791
998075868
0
416820810
0
248904850
466995692
0
0
551903515
766116337
0
451755404
0
0
0
0
0
0
0
436962859
0
350983835
183395537
26447160
307929094
0
726831843
955782056
268263737
172526328
250502211
0
434532895
148183934
439383237
993086814
0
0
0
0
0
0
0
0
0
0
0
514044612
0
0
660426414
0
416427983
0
722972712
175045977
852507818
984384648
215970676
0
388161041
0
0
344922114
0
296041305
632194565
325600706
232262835
173223229
0
38542893
0
0
0
591619261
750536182
0
0
294300876
926475674
0
0
444758446
0
0
590022405
0
626317422
383560437
0
211217019
101539347
415106970
0
0
331392108
459222435
0
0
52822914
583059489
0
280248804
532440709
0
312083604
396847511
809779222
205976017
615611512
0
587977247
91114157
0
0
0
168809894
854616291
0
0
0
403830299
8088855
0
350465600
274453049
169842294
599418943
51037816
0
917022960
0
0
0
71689102
0
36943255
0
0
34924401
256055493
583644719
403401130
0
0
0
0
174832703
286574882
457670714
13462615
0
0
995854948
118854755
0
0
34640601
0
967043262
180638805
0
0
0
221849567
218400558
0
293059449
328098951
334113260
225533456
0
339138512
536878001
0
648042673
469890476
0
408856454
57843678
0
418817657
71681886
0
118511459
570463350
0
465431446
967146598
0
281929662
358842061
168545632
12249047
0
0
0
999562474
27227654
516678684
0
0
461197639
207131449
0
0
884098341
0
0
798847609
404797945
0
0
0
0
0
0
711814660
980171231
933478655
245006732
448881787
0
986291835
660486737
406273251
0
731694949
0
0
979815291
476751405
92369782
33096762
537086312
155268514
256321152
0
309916227
463457703
0
166268963
0
717194474
0
241627590
511576999
386820320
0
0
29880007
130348335
522281371
31371511
0
0
686428415
0
346097541
0
345359920
0
0
246606972
592314783
146938130
0
0
948577426
0
3968181
731717622
381603625
323434463
505371243
0
852268207
0
0
0
0
109433786
0
185687672
55604159
671975027
365165340
0
57499590
837491529
0
307259891
0
0
673007889
0
416134926
665964683
48136510
205527638
0
0
977613124
267242355
134031050
0
987753342
526724503
0
0
0
468592173
0
0
0
0
236097504
0
313989500
906790390
0
0
0
225249592
147732302
289831456
10229854
0
0
611327108
0
0
0
67508990
281929662
291292921
388944028
74670969
161443430
714399675
798144349
0
0
275699019
236671831
419879287
0
0
471710415
0
0
810329761
634321950
122091453
0
926190976
188301818
0
853150706
55112881
452084495
348769475
886078353
0
0
498553073
269771527
513467946
0
0
0
163844417
0
676408276
69042131
0
462069412
277665791
280793615
852507818
0
0
0
0
0
0
0
792539409
394267305
0
19079045
0
0
293132786
0
188788489
103123240
122449663
286817787
0
967923380
0
0
0
0
118395086
6533302
452814949
0
0
30509031
0
578372733
45901353
0
141343162
576143103
0
670362638
0
0
815204358
0
614230747
186044886
353834861
437133024
0
0
345398191
279695902
0
0
0
360687438
555168510
147328245
0
982233471
574265694
0
0
0
0
0
444840296
0
524434498
0
367817102
0
0
0
0
648506382
755602266
415654140
145825711
0
997004921
279607972
0
0
0
0
0
575584501
0
0
0
828176648
243802451
0
0
281929662
776596238
0
0
255503778
727142535
168403072
0
399169924
293095518
462960268
0
0
210069477
0
913305604
0
199155913
0
0
0
0
533134289
148665191
62553605
262733889
0
997141949
0
334327640
133118183
0
335585047
0
0
494359937
0
0
90852697
906790390
833425010
0
0
182403969
200083154
0
211397084
0
0
993023841
242109660
0
0
276984837
0
0
137105323
70531421
424826016
486701474
0
854806457
574640729
576217219
0
0
0
904227520
355676775
357591043
0
221567850
0
0
0
0
0
0
611585599
238472039
0
0
276152332
92328306
942845832
0
0
0
0
0
0
0
0
279932167
81984729
321758334
820864805
455192307
0
21555588
0
0
7957697
341771236
443391230
0
321341956
0
414860505
0
16086151
0
