0
0
0
0
0
0
0
0
0
0
0
0
0
0
0
0
0
0
0
0
0
0
0
0
0
0
0
0
0
0
0
0
0
0
0
0
0
0
0
0
0
0
0
0
0
0
0
0
0
0
490845827
0
0
0
0
0
0
0
0
0
0
0
0
0
0
0
0
0
0
0
0
0
578749408
0
0
0
0
0
0
0
0
0
0
0
0
0
0
0
0
0
538408372
159928504
0
0
0
0
0
0
0
0
0
0
0
0
0
0
0
0
0
0
0
0
0
0
0
0
0
0
0
0
0
0
0
0
0
0
0
0
0
0
0
0
0
0
0
0
0
0
0
0
0
0
0
0
0
0
0
0
0
0
0
0
0
0
0
0
0
0
0
0
0
0
0
0
0
0
0
0
0
0
0
0
0
0
0
0
0
133217965
0
0
0
0
0
0
0
0
0
0
0
0
0
0
0
552624757
137209024
0
0
0
0
0
0
380155436
0
0
0
0
0
0
0
0
0
0
0
0
0
0
0
0
0
0
0
0
0
185681038
0
0
0
0
0
0
276700405
0
0
0
373165742
0
0
0
0
0
0
0
0
0
0
0
136626216
0
0
0
0
0
0
0
0
497412011
0
0
0
0
0
0
0
0
0
0
0
0
0
0
0
0
405996611
0
0
0
0
0
0
206497867
0
0
0
0
0
0
0
0
0
0
0
331663218
0
0
0
0
0
0
0
0
0
0
0
0
0
0
0
0
0
0
0
0
0
0
0
0
0
0
0
0
0
0
0
0
0
0
0
0
0
0
0
0
0
0
0
0
0
0
0
0
0
0
0
0
0
0
0
0
0
0
0
0
0
0
0
0
0
0
0
0
0
0
0
0
0
0
0
0
0
0
0
0
0
0
0
0
0
0
0
0
0
0
0
618071035
0
0
0
0
0
0
64231322
0
0
0
0
0
0
0
0
0
0
0
0
0
0
0
0
0
0
0
0
0
0
0
0
438382046
0
0
0
0
0
0
0
0
0
0
0
0
0
0
0
265512709
0
0
0
0
141176857
0
0
0
0
0
0
0
0
0
0
0
0
0
0
0
0
0
0
0
704081371
0
0
0
0
0
0
0
0
0
0
0
0
0
0
0
0
0
0
0
0
0
0
0
0
0
0
0
0
0
0
0
0
0
0
0
0
0
0
0
0
0
0
0
0
0
0
0
0
0
0
0
0
0
0
0
0
0
0
0
0
0
0
0
0
0
0
0
0
0
0
0
0
0
0
0
0
0
0
0
0
0
0
0
177529303
0
0
0
0
0
0
552042525
0
0
0
0
0
0
0
0
0
0
0
159655039
0
0
0
0
0
0
0
0
0
0
0
0
0
0
0
0
359184938
0
0
0
0
0
0
0
0
0
0
0
0
0
0
0
0
0
0
0
0
0
0
0
0
0
0
0
0
0
0
0
0
0
0
0
0
0
0
0
0
0
0
59396615
0
0
0
0
0
0
0
0
0
0
0
0
0
0
0
0
0
0
0
0
0
0
0
0
0
0
95399731
0
318788277
0
0
0
0
0
0
0
0
0
0
0
0
0
0
0
0
0
0
0
0
0
0
0
0
0
579830197
0
0
0
396099605
0
0
0
0
0
187308012
0
0
0
301564989
0
0
0
0
0
0
0
0
0
0
193805059
0
0
0
0
0
0
0
0
0
0
0
0
0
0
0
0
0
0
0
0
0
0
0
0
343384308
0
0
0
0
0
608041210
221300877
0
354842167
0
0
0
0
0
0
274133766
0
0
0
0
0
0
0
0
0
0
0
0
0
0
0
0
0
0
0
0
0
0
0
0
0
0
0
0
0
0
0
0
0
3219415
0
0
45966592
0
0
0
0
0
0
0
0
0
0
0
0
0
0
0
0
0
0
0
0
0
0
0
0
0
0
0
0
967919534
0
0
0
0
0
0
0
0
0
0
0
892334287
0
0
0
0
0
0
0
0
0
0
58523097
0
0
0
0
0
0
0
0
0
105130607
0
0
0
0
0
314932721
0
0
0
0
0
0
0
0
599585768
0
0
0
0
0
0
0
0
0
0
53455384
0
0
0
0
375088531
0
0
0
0
0
0
0
75693344
0
0
0
0
0
0
0
0
0
0
0
0
0
0
0
0
0
0
0
0
0
0
0
0
0
253680896
0
0
0
0
0
0
0
0
0
0
679722594
0
0
451873806
178792898
0
567132735
0
0
0
0
0
0
668773934
70412639
0
0
0
571825278
0
0
0
0
0
0
0
103903355
0
0
0
0
0
0
179702783
0
0
0
0
0
0
0
0
0
0
0
224251496
0
0
0
679722594
0
0
0
0
0
0
0
0
0
0
0
0
0
0
285772563
0
0
0
0
0
0
0
0
0
0
0
0
0
0
0
0
0
0
0
126465860
0
0
0
0
0
216150454
0
0
399427266
0
0
0
0
0
0
0
0
745638062
0
0
577694177
0
329687451
0
0
0
0
0
0
0
0
0
381351865
0
0
0
0
0
0
0
0
0
0
0
0
0
0
85393678
0
0
37232695
0
0
0
0
0
0
0
0
239649921
0
0
0
0
0
0
0
0
0
0
0
0
0
0
0
0
0
0
0
0
0
0
0
0
0
0
0
0
0
0
0
0
418257224
0
0
0
0
201587481
0
0
0
0
0
0
0
0
0
0
0
0
0
0
220610987
0
0
0
0
0
0
0
0
0
0
21215895
0
0
0
0
0
0
0
0
0
0
355203699
0
0
0
0
0
0
0
54444145
0
0
0
0
0
0
0
0
734826205
0
0
0
0
0
0
0
110617811
0
0
0
0
0
0
0
0
0
0
0
0
0
229372939
0
0
0
0
11879067
0
0
0
0
0
0
811821560
0
569438086
0
0
0
0
188303931
0
0
0
0
197525122
0
0
0
0
0
0
0
0
555205663
57271675
0
0
0
126796942
0
0
0
0
0
0
46028765
0
0
0
0
0
589002530
0
0
0
0
0
0
0
0
0
0
0
0
0
0
328187071
218900956
0
0
0
0
0
0
0
0
0
0
0
246173186
0
0
0
0
0
0
444062404
116966793
0
0
0
0
0
0
0
0
0
0
0
0
0
205480465
0
0
0
0
0
0
0
775291584
0
0
0
0
0
0
0
267064549
0
0
0
0
0
0
0
0
0
0
0
0
0
0
0
0
43498922
0
0
0
0
0
0
0
0
103931901
0
0
0
0
0
0
0
468757018
0
0
0
0
0
0
0
348593032
0
0
0
0
0
0
0
0
0
0
0
0
0
0
0
0
0
0
0
0
0
0
0
0
0
0
0
0
700983235
0
0
0
0
0
0
0
0
0
0
0
0
0
0
0
0
0
0
0
0
0
0
0
0
0
0
0
0
0
0
0
231602474
0
0
0
0
0
0
0
0
0
0
0
0
0
0
0
0
0
0
0
0
0
0
410283920
0
0
374130494
0
0
0
0
0
0
0
0
0
0
0
0
0
0
399340164
0
0
0
0
0
0
0
0
0
0
0
0
0
0
0
0
0
0
0
0
0
0
0
0
0
0
0
57065284
0
0
0
0
0
0
0
0
345954262
0
0
0
0
0
0
0
0
0
336693708
0
492613663
327367868
0
0
0
0
0
0
0
0
0
0
0
0
0
171420943
0
0
0
0
0
0
0
0
0
0
0
0
151071803
0
0
0
0
0
482370268
0
0
0
0
0
0
0
0
0
0
260683457
0
0
0
97525118
0
148128034
0
0
0
0
0
0
0
0
0
0
0
0
0
0
0
0
0
0
0
0
0
0
0
0
0
0
249674785
0
970346043
414779091
225316368
0
0
0
0
0
0
0
0
0
0
0
0
0
102750182
0
0
144090423
0
0
0
0
0
0
0
215630178
0
539004990
0
261769677
0
0
0
0
0
0
0
0
0
0
0
0
0
0
0
0
0
0
0
0
0
427196555
0
372912343
0
0
0
0
0
0
0
0
0
0
0
0
0
0
0
0
75016019
0
0
0
0
0
0
0
0
0
0
0
0
0
0
0
0
0
0
0
196711398
0
0
0
0
0
0
0
0
0
0
0
0
0
0
0
0
0
0
905395558
0
0
180491685
0
0
0
0
0
0
0
0
417953761
232887606
0
0
71240936
0
0
145003060
0
0
0
0
386304816
0
0
0
0
0
0
0
0
0
0
0
195107315
0
0
0
0
340293380
0
127744874
0
0
0
0
0
0
0
0
0
0
0
0
0
691743162
358583493
65972648
0
0
0
0
0
0
0
0
0
0
375309356
0
0
0
0
97042935
0
0
0
338569157
0
0
0
0
0
0
0
0
256741486
0
0
0
0
0
0
0
0
391681033
0
0
0
0
0
0
623774289
0
0
73075219
0
0
0
0
332539697
0
0
0
195778587
249878278
0
0
0
0
0
0
0
0
0
0
0
0
0
0
0
0
0
0
0
0
0
0
403072800
0
0
0
0
156677625
0
0
0
0
0
0
0
152376451
0
0
101301759
0
0
0
0
0
0
0
0
0
0
0
0
0
0
316060458
0
0
0
0
0
0
0
0
0
0
0
0
0
350512510
0
0
0
0
0
0
0
0
0
0
0
0
0
0
0
0
0
0
0
0
0
0
0
0
0
75758640
0
0
0
0
0
0
0
0
0
0
0
667280682
0
70005107
0
0
0
0
0
263444423
0
0
0
0
0
46028765
0
577694177
0
0
0
0
0
144636622
0
0
0
947766713
0
0
0
0
0
0
0
0
0
0
0
0
0
0
544264221
0
226358941
0
0
0
0
0
0
0
0
0
0
0
0
0
655489573
0
0
0
0
0
0
0
0
6837571
0
0
630113280
116301665
0
0
0
0
0
0
0
0
73858704
0
0
0
46738250
0
0
0
69239472
0
0
0
0
0
281625202
0
0
0
0
0
0
0
0
0
0
0
0
0
0
0
0
605703749
0
0
0
0
0
0
0
0
0
0
0
0
0
0
215497362
0
0
0
0
0
0
0
0
0
0
0
0
588936151
0
0
0
0
0
0
0
0
0
439391306
0
0
0
95584598
0
0
0
0
0
165018115
60366237
127953318
0
0
0
0
485429442
0
0
0
288269664
0
0
0
0
147249981
0
0
102988044
0
0
46514995
0
49719322
0
0
0
0
0
0
0
0
0
0
0
0
0
0
0
0
0
0
0
0
0
0
0
761317929
0
0
0
0
0
0
133807374
548572114
0
0
0
0
0
15006170
0
0
0
0
0
0
0
441598326
0
0
0
0
0
0
0
0
0
0
0
0
0
0
0
0
0
0
284098953
0
0
0
0
0
0
0
0
503909364
0
0
0
307325268
0
0
0
906514931
300888215
0
0
0
98790096
0
0
92261272
0
0
0
0
0
485696476
0
0
264863868
0
0
0
0
0
289863861
0
0
0
332539697
0
0
0
0
0
0
0
0
0
0
0
0
0
0
0
0
444754846
0
0
0
543953803
0
588936151
0
0
0
0
0
0
0
0
34470874
0
0
536155150
0
61827587
0
224251496
0
0
0
784372890
0
0
0
0
0
459219053
0
0
541116855
0
84717781
16085392
249878278
0
0
0
0
0
0
0
0
0
0
0
0
67356410
0
0
269195814
840355454
0
0
0
0
0
0
559888345
0
0
0
0
204669504
134549306
0
0
341781068
0
0
0
0
0
0
0
0
0
0
0
0
0
0
327439208
0
0
0
0
0
0
0
0
0
0
228606969
0
0
0
0
0
0
0
0
0
0
0
0
0
0
0
0
0
0
0
0
0
0
0
0
0
0
0
470625592
0
0
0
0
0
455246915
0
0
0
634866167
46296112
0
193888848
0
0
0
0
0
0
0
348469067
0
187643080
324646149
0
0
0
0
106432290
0
0
0
0
0
0
0
0
0
669039091
828525610
704081371
0
0
0
0
0
0
720426576
0
0
0
382721818
0
0
0
375378432
0
0
0
0
615406189
0
0
0
0
0
179411224
0
0
0
0
218195721
0
0
0
0
0
0
0
0
115542600
0
0
0
0
0
0
0
0
0
0
0
0
0
198445312
0
0
601996791
0
0
0
0
0
89315352
0
0
0
0
0
0
0
0
0
0
22162971
151673638
36061025
0
424778583
313974728
0
0
0
0
0
0
0
0
12392798
218367286
0
0
0
0
0
0
0
0
0
0
0
0
364114905
0
0
616350872
0
0
0
0
0
0
0
300698646
81652879
0
0
0
0
0
0
0
0
19537865
0
0
231049944
0
0
0
0
0
549944360
195010903
0
0
0
0
0
0
0
0
0
0
0
0
0
0
0
0
0
0
0
0
0
0
0
0
0
0
0
0
0
0
614294344
0
0
0
31685258
0
0
390009757
0
775301825
0
0
0
61832820
0
0
0
144242196
177906183
0
0
0
0
0
0
0
0
166606464
0
0
0
0
0
0
0
0
0
0
808894688
0
0
0
0
0
0
0
0
0
0
0
110073166
0
0
0
0
0
0
0
0
0
0
0
0
26966912
0
0
0
0
343273008
0
0
0
0
647385422
0
0
0
300888215
0
0
0
0
0
0
0
0
204241505
0
10020947
0
0
0
0
0
0
0
0
0
0
0
179531539
238312413
0
0
0
0
0
0
0
0
233493444
0
387498653
71505742
0
0
0
0
169790011
17123035
0
169461736
0
0
0
0
0
0
0
0
0
166203620
0
0
0
0
0
0
0
0
413013772
0
0
0
0
99075764
0
0
0
0
0
0
0
0
0
0
0
0
312025203
0
0
0
0
0
0
0
228632506
0
0
218915874
0
0
0
0
0
0
0
81612244
0
0
168996089
0
162362070
0
0
0
0
0
0
309793339
0
0
0
0
0
0
0
0
700393099
0
279553303
0
0
0
60415588
378455762
0
0
0
0
0
0
202829563
0
94482110
0
539274044
0
0
0
0
374130494
0
0
0
0
0
400336114
717157394
0
0
0
879575899
0
0
0
10832636
0
0
0
0
0
0
0
0
0
0
0
0
79661477
0
0
359644539
0
0
0
0
0
0
527889031
0
0
0
0
0
545843747
0
369247442
0
0
0
0
0
0
0
0
0
0
305925252
856552533
107998144
0
0
0
0
0
0
0
957834897
28541140
0
0
0
0
0
395515212
509440076
179460073
0
0
541780653
379538839
0
0
613195723
0
0
0
0
0
0
0
0
456700628
433207840
0
0
0
0
0
716469019
421429311
0
0
0
0
0
0
0
0
419432868
0
0
0
0
287171224
735881084
0
0
362827203
214654505
0
0
0
0
0
692919792
0
614294344
530561063
743464140
0
0
0
423297697
122751711
0
0
0
588936151
884123214
0
355528198
0
28541140
0
0
0
0
0
169031149
0
0
0
37895986
0
0
444209463
0
0
0
0
0
81869787
0
0
0
0
0
0
0
0
0
0
0
0
0
0
0
0
0
0
0
275654021
259609614
0
0
0
0
0
136547200
0
0
0
0
54970521
0
0
865647882
0
353985878
0
0
0
0
0
924468864
0
0
0
0
0
0
0
301616978
0
0
0
537800164
0
0
113300324
0
0
0
0
0
0
0
0
375640802
0
0
0
0
0
0
0
0
0
0
0
0
0
0
0
0
0
0
0
0
0
410405405
0
0
0
255755468
779951252
0
0
0
0
0
0
502988638
0
0
0
0
0
315347073
746279631
190459823
0
0
0
0
0
269184114
0
0
0
0
0
0
239761948
353946969
55098108
0
0
0
0
0
0
0
0
0
0
610315878
0
173561883
228907236
0
0
0
0
0
0
387498653
0
0
0
193019775
313584918
0
0
0
0
0
0
0
0
224508603
0
35742591
0
291364473
0
49370859
0
40228664
0
556019240
0
0
0
0
0
682746717
0
0
0
0
0
0
0
0
182179694
0
0
0
253353096
0
0
0
0
0
0
0
0
152704442
0
0
0
572247097
0
0
71469298
0
0
0
0
0
0
462950066
0
0
0
0
0
0
0
0
0
0
0
0
283304472
0
0
0
0
0
0
221300877
861761124
0
0
0
0
0
0
0
0
0
0
0
0
0
0
0
0
0
0
0
0
0
0
0
0
0
0
285772563
0
0
0
343209062
0
386565542
877037255
0
0
0
61832820
0
0
0
0
0
0
0
0
413554959
0
0
0
0
0
428180881
0
0
0
0
0
0
0
0
0
0
0
0
0
0
0
680353948
0
27823858
344527717
0
28957706
0
0
0
129177893
0
0
0
0
393714552
536155150
697587504
0
0
0
0
0
0
0
0
0
0
0
0
0
0
0
0
0
0
384441342
0
0
0
0
0
0
0
589393347
432239946
0
0
73061170
0
0
0
0
0
804201349
0
0
0
0
0
0
516676275
0
0
0
0
0
0
0
0
146542542
0
0
0
56954708
0
0
0
0
0
90359219
138396139
0
0
0
0
0
66225180
0
0
0
0
373947156
0
0
0
0
0
179700213
0
757402443
28592970
136596301
0
0
0
0
163279698
0
0
0
345679384
0
0
0
0
0
27495563
324770079
0
0
330851956
0
0
0
0
0
284739720
24182768
0
0
0
207498073
0
0
0
0
1139474
0
0
454309599
0
0
0
0
662984757
0
0
619117374
0
460571234
0
0
946044496
0
0
330851956
313046890
112755323
0
0
0
0
0
0
0
0
0
0
0
0
0
0
0
0
0
0
230477735
0
327814305
0
0
0
0
808011320
0
0
288681044
0
0
0
0
7116786
0
0
0
0
0
518403294
0
0
38339901
0
0
450225847
0
545863516
0
0
0
0
0
0
0
0
0
491010348
0
0
0
0
0
0
0
0
19470392
0
0
0
0
0
468897650
228610252
0
243610036
0
0
78891163
0
0
229466898
0
0
26863250
0
0
0
0
0
472815890
0
0
0
0
0
0
0
0
0
0
0
0
166404253
0
0
0
0
0
611685491
0
0
0
525884698
0
302037731
0
0
0
0
197712987
0
577694177
0
0
37412620
0
301082399
43823861
0
0
0
0
0
0
0
323617036
610364353
0
0
0
533852549
0
0
0
100396632
517266924
0
202346345
0
288269664
0
645306210
0
0
0
180240090
0
671122136
0
0
0
0
0
0
592403007
0
0
0
0
0
391077141
0
0
0
0
0
301712621
0
0
0
0
0
0
0
0
0
0
0
0
0
0
0
198074561
0
0
0
0
0
0
0
0
324265342
0
0
0
0
0
212823184
0
0
0
556301107
0
0
0
115028381
0
0
375640802
0
605426884
0
0
0
0
0
0
0
751352040
0
0
0
0
0
43498922
0
0
0
420589783
0
289805863
305260037
385092043
0
0
0
0
0
0
859667427
0
0
0
0
0
0
0
503918973
302624987
514960191
0
0
0
348593032
0
52725361
55191304
0
0
578266363
0
0
0
0
359045155
0
509291843
0
0
0
0
0
393629573
0
0
0
693266787
238816781
0
137424793
0
0
0
0
0
0
0
0
651806995
0
0
0
0
0
0
0
0
0
51521662
668773934
0
0
255049378
0
0
0
0
0
0
101625651
0
0
0
0
0
0
0
0
0
0
0
0
399427266
0
0
0
470677855
0
0
0
866919897
0
0
281909011
0
0
23706254
330271366
0
0
0
257024855
503840428
0
478071858
711519611
344706366
0
319976605
0
0
0
0
66547021
0
0
0
0
0
0
0
88547549
0
0
0
0
63961568
600836624
0
0
0
0
0
0
0
0
0
0
0
413013772
174792679
970874116
0
0
74987888
0
0
0
17608609
0
0
0
0
0
5570500
148852017
0
0
0
0
0
0
0
0
0
0
0
0
0
0
0
579969440
696379376
0
0
0
0
0
625163256
0
0
0
0
0
0
0
0
129036139
122829047
0
0
0
0
0
0
186258585
0
0
596224122
0
0
0
0
0
0
0
0
0
0
0
0
276700405
426133524
0
0
790073810
0
163032045
253680896
0
171404661
0
0
0
0
804129523
69332541
0
0
0
0
388690686
0
0
0
0
0
0
0
0
426630044
0
0
0
0
0
356835530
0
0
0
0
0
61192425
0
0
474264404
853855744
88469305
0
0
536306147
0
140625760
0
123131387
0
0
0
0
597945866
0
0
0
42774014
0
0
533797174
0
77172524
886380516
0
0
485822808
270123362
171907606
117085535
493224726
0
0
0
0
0
609674657
0
0
0
0
0
71240936
0
0
0
291459201
663151047
0
0
0
0
0
390009757
2078884
0
0
0
651201882
0
0
0
0
92261272
0
0
0
909730254
0
0
0
603286328
0
0
0
11852443
0
0
0
0
0
0
76830645
0
0
0
0
0
110046149
0
0
0
0
0
0
532690157
164647266
189609358
0
268382123
0
148059949
0
0
128379226
0
0
0
0
0
0
0
324926178
0
0
0
0
848255150
0
0
0
566771469
0
0
0
202346345
202346345
0
0
0
0
0
0
0
90444089
0
0
338275408
0
96521183
0
0
279059336
0
0
0
634518508
0
0
0
0
464277341
0
0
0
0
0
0
0
365843933
66547021
551498648
264910736
364632102
0
0
0
0
808894688
0
0
0
209590306
0
0
123131387
0
0
0
0
2678108
414036327
0
0
892149941
0
0
0
0
340923830
623774289
0
0
564666100
0
0
0
186035138
0
0
0
0
0
0
0
512926221
0
0
0
0
679861073
193437159
0
597382412
669969248
0
0
0
0
53056068
263352078
535922784
34155164
115313569
0
471867049
0
0
315681347
108512183
124156606
0
57440692
195170704
0
0
0
0
0
0
0
452682439
0
0
0
826019284
0
344693763
0
116954399
0
359184938
0
73041095
0
577456526
0
120326031
0
0
115384012
0
0
0
0
0
0
216492853
0
0
0
0
0
597299785
0
0
0
0
0
0
0
0
0
0
0
0
0
0
0
0
0
0
0
0
0
382096643
0
0
0
68488539
0
26106086
0
0
302942989
0
0
0
0
0
0
0
0
0
0
0
0
0
0
678373032
0
0
0
966798174
0
268690162
0
0
0
0
0
0
0
0
300457743
0
0
0
0
180745681
594641247
0
442612378
0
0
999177620
0
0
269184114
533677816
0
0
901993563
0
0
511507385
743765298
0
0
0
0
0
479325318
0
289505298
0
0
612981582
0
0
0
0
0
0
0
0
0
21320151
104136216
0
613344842
0
0
306731405
558975660
108512183
0
0
0
0
0
0
0
488062869
0
201995849
0
0
0
0
0
0
979110694
0
0
872089540
0
0
0
0
0
121737067
0
0
0
29062914
0
384736182
0
0
0
0
195913475
0
161505998
0
0
0
0
0
397046520
0
0
29443957
0
0
0
0
326407837
152967099
0
0
0
11096211
0
0
0
0
0
0
0
0
0
221160204
0
0
478315302
0
0
0
0
301383919
0
704081371
0
0
75575530
0
0
0
0
0
0
0
0
0
0
0
323866579
0
287621903
0
4243974
737330817
754041317
0
0
221399675
0
194699885
0
63042489
524033116
0
0
225623769
43383038
126252684
0
0
327439208
0
532541430
0
0
0
0
0
204349043
0
0
0
0
0
0
182794588
0
0
0
351930009
0
56954708
0
141412595
548559652
0
0
0
638549153
0
0
952146013
506112135
0
0
288579021
0
0
0
688761813
0
0
0
0
0
0
0
0
108695890
0
0
0
0
0
0
0
0
0
0
184987292
0
0
0
466316040
0
438487084
0
80485439
0
0
44425661
0
0
0
0
781950886
0
0
0
0
0
0
99949284
186258585
0
0
0
0
0
0
380670659
0
135734886
0
0
0
0
0
0
0
733914069
0
244965175
0
0
110643242
6317984
0
137340850
0
161254103
0
665454643
0
0
0
0
0
0
0
247538130
0
0
531971877
0
93360441
0
107486244
124200839
0
41685819
0
0
0
0
0
0
120101023
428705029
0
0
114415965
0
669307046
0
0
204280174
240264029
0
0
735348556
971806411
0
510280254
0
291325154
139314240
422202872
0
0
0
0
0
0
315681347
0
371299691
42308049
0
109062079
0
0
0
0
0
0
0
0
0
0
0
0
0
0
0
372912343
0
288681044
555205663
222565990
365843933
0
0
526846957
275139129
0
0
0
34959921
500380591
0
0
0
0
0
400817566
0
0
0
0
288050659
0
397046520
0
0
680499609
0
0
208194601
0
0
0
0
0
0
0
0
26149228
0
0
0
0
0
259667286
712904735
610315878
0
46932104
0
0
0
0
223498062
0
0
0
598304124
0
0
448034531
0
612385655
0
0
0
0
0
0
7118085
520880182
344828740
0
522225573
575333243
631951885
0
472753209
0
0
533433459
0
0
0
451423720
0
690188470
0
0
0
18563920
0
0
0
0
0
739497813
0
0
0
0
0
0
538968957
0
0
685570423
0
0
0
287099678
0
0
0
0
261260248
0
0
0
138396139
0
0
0
0
0
478060888
0
0
0
0
671650374
0
0
0
28209059
0
103634503
755480616
0
781950886
317372906
0
0
0
8343353
172776984
0
0
228569281
375770791
0
0
0
38339901
0
0
613294506
0
457882658
0
0
0
0
0
281909011
0
0
0
0
0
0
0
0
0
0
0
509571374
0
28316119
457457089
0
6878239
163032045
0
0
465137893
0
0
0
0
297105341
0
0
0
38339901
503791858
0
0
0
159519107
0
0
138396139
0
600077328
954393873
567132735
0
0
0
0
0
589002530
75281320
0
0
0
225047590
826831172
0
427862077
428705029
0
0
433165962
0
124648478
0
36822896
309469046
421429311
601733999
0
0
0
0
0
0
65956305
0
244129417
0
0
0
291932625
0
0
0
0
805607423
0
140050799
69978530
293827588
0
0
436498207
0
0
0
221280341
0
0
0
251145189
0
451379128
0
0
0
0
0
55098108
218715000
0
0
139991042
0
608814819
0
220998218
349933377
0
0
164861100
544849233
0
0
0
0
0
0
191973100
0
868014296
616737033
0
0
272262423
0
0
0
0
685361792
198646637
0
64739280
0
387498653
0
0
0
0
0
0
0
0
0
197102206
0
0
428121905
0
0
295951679
0
0
0
641468140
970874116
0
27659861
226337332
97597463
178950037
0
785446841
182567101
0
0
0
544045364
0
0
0
0
0
0
0
370375085
225623769
175896209
199613679
0
802307745
0
188303931
119664347
332506799
89691647
439391306
0
368787438
0
415336694
0
0
72821223
178066879
634582338
0
485429442
523669292
408474292
0
26506264
0
27937635
14328631
0
0
0
590402747
0
122490230
437355009
167395748
0
0
0
0
0
0
540961294
773367919
0
281748652
0
589387880
0
0
0
34470874
0
0
215497362
220800618
227490592
47937550
0
306058218
0
0
0
0
313878833
631412997
0
0
58843474
0
0
0
0
0
0
0
156677625
0
361059194
0
663215742
703740269
458663999
0
0
0
0
0
272615095
510347871
0
6098901
613001634
0
0
0
0
646310420
0
207067855
980773991
0
0
0
0
0
0
0
0
385092043
0
0
0
0
282087812
0
0
0
912938633
913827473
0
286819327
0
147249981
0
249878278
0
0
4910169
0
188456504
0
0
0
362243205
0
248883738
95478742
511950764
60218042
0
0
0
335955807
0
126915395
611379814
0
0
21676745
0
0
36061025
323617036
259953562
478285430
514386027
0
376928522
0
0
726817075
0
656982275
0
0
0
176773551
83195996
0
424905098
132478524
0
817861337
0
0
439418309
0
18802053
0
273481360
905395558
0
0
0
0
115013168
943375623
0
0
0
295982618
0
0
671085007
0
0
0
0
0
0
220525294
0
16720673
0
0
0
0
0
339810350
0
0
37603130
0
342381696
0
604480866
972205102
0
919324110
0
0
154371110
0
432546842
392056612
0
34708940
0
0
0
0
0
258462237
71363524
0
0
285273516
0
568816538
0
0
0
467069226
0
0
0
629843822
0
36044767
143876351
129870401
576623935
0
0
137288742
0
0
0
0
0
249102322
86026200
0
0
0
133060532
0
0
0
688177150
627139261
396622181
0
41685819
416379808
0
0
0
710059986
0
0
0
0
0
0
0
168400700
0
933786054
0
247955961
0
0
0
0
0
0
0
249680988
0
0
0
629200091
0
154679843
0
498493452
414779091
387498653
0
0
0
0
0
0
0
316967868
0
0
0
622487711
44290436
0
0
0
366938248
0
23436882
0
0
382884924
0
0
0
0
401656182
0
160998750
0
0
0
556244083
0
94030267
0
0
0
0
382015474
0
438487084
0
0
52730957
0
0
637257526
591381107
413554959
0
409967952
0
0
0
0
0
601936209
0
0
397206784
0
0
0
0
0
739497813
0
0
0
194530156
424905098
0
411190000
154733087
223950133
346610370
20725450
0
28209059
0
0
43730964
102988044
0
719894707
0
0
0
26406436
810402293
0
0
0
0
734506240
813099005
0
0
0
0
0
0
0
0
0
0
0
0
0
72821223
41654518
0
0
0
325680776
0
0
0
0
0
318123746
0
291730353
703048101
0
0
0
572903901
198499338
178822488
807741673
0
0
0
0
0
0
426298458
0
0
0
711519611
178673337
0
742744435
0
74675532
0
567291469
0
0
31691317
868731038
0
55969366
44425661
0
312748271
0
0
0
0
270747196
0
0
88413375
0
0
18022042
288681044
707706380
0
509377857
0
390621964
0
0
0
326796009
0
0
0
0
0
0
0
0
0
783761422
0
0
0
219827379
951520190
0
0
0
0
948497386
0
0
0
0
0
0
0
734899729
238232557
0
0
0
736688384
0
0
4319622
623154016
447276997
838771400
681815208
336864900
0
157405860
0
0
405831256
0
0
845549115
0
0
0
544699324
707241472
0
0
0
747892497
390136959
0
995656892
0
183333559
0
0
0
0
0
0
0
624675871
111173803
0
0
419332501
0
0
37435720
0
0
0
0
0
0
466316040
219512631
0
0
0
0
0
0
0
0
0
0
0
0
178822488
0
0
0
0
0
0
0
0
0
683967594
0
0
986179229
0
0
324503124
373969112
0
0
0
0
365536314
0
0
380146497
0
61827587
68699336
0
811042396
0
0
0
0
0
0
74168295
32931586
982596945
0
252525699
42308049
0
279489111
0
624457713
0
0
585963976
890701383
912938633
0
282438081
0
628987429
107327374
202821108
287621903
0
0
0
0
0
403491452
0
46939473
0
441801548
0
0
0
0
0
415939964
0
95399731
0
0
0
0
0
338296274
0
0
0
0
0
395772779
0
0
842992484
250608481
165346462
416652572
378003469
0
0
0
0
359203376
0
0
71739854
0
311773297
0
0
0
520880182
0
496507400
843662394
261374927
0
0
254034072
0
0
592196538
0
0
0
0
283273727
0
403385465
886380516
0
402302626
106485475
0
384064491
0
0
219512631
0
0
339822150
442307657
732124556
904357333
0
0
612385655
516685429
0
0
14249187
0
0
0
56389607
0
573793747
0
0
390105176
0
0
825274968
18563920
0
763208776
0
0
757181699
578246179
0
423081184
0
0
0
0
120326031
700536153
0
0
0
0
0
0
503840428
0
0
0
0
0
767194137
0
0
0
288631984
0
593151507
706942990
0
0
0
922383267
0
0
0
78485256
400817566
232287423
0
0
285994408
1957612
60415588
90558785
0
716907294
616350872
0
948073024
665703311
0
446874064
0
0
0
267983220
581564971
0
127036341
0
0
0
0
261979801
0
0
301277223
0
567156707
0
0
0
0
57464062
0
856424414
0
0
0
0
0
714957690
0
341997322
815366075
167504806
0
0
0
0
457457089
102038809
0
0
0
138396139
114686545
0
0
0
0
0
0
152704442
0
401108101
455965231
675441599
0
0
263577271
0
0
73017658
0
363129299
0
0
0
0
0
0
0
0
0
157221897
0
0
593595316
286152771
0
882985104
0
390252968
0
0
0
0
90931612
0
216145453
0
0
0
0
0
0
876840016
0
0
0
272301464
0
0
285821875
0
602825100
0
0
813099005
0
952146013
0
0
0
140321712
0
0
327664257
0
0
255721917
721499817
228907236
0
0
0
0
0
0
313371567
650423554
902154527
0
0
24528704
0
0
0
803758805
0
0
0
0
774269617
0
0
50120201
0
0
377263838
473189093
0
215497362
0
299020760
0
982565330
0
0
0
0
0
552027501
0
0
0
0
0
0
0
0
0
0
0
26863250
0
0
0
480630276
0
0
0
0
0
844556712
0
0
125489357
0
458906907
578749408
238544211
270747196
0
0
0
398629457
0
70820336
0
0
0
124320169
0
0
384736182
0
0
0
820535953
0
0
157657220
0
0
0
0
0
0
49370859
0
147842055
0
19537865
0
0
202419726
0
440014259
0
0
0
0
606475936
0
32947010
0
78212933
0
0
0
0
0
817861337
432337349
180933597
0
0
0
0
0
0
0
0
0
1026167
0
865535956
254187517
10230808
33913839
508685160
0
0
0
486420906
338296274
207288943
0
0
0
74068130
0
193271235
0
0
0
0
735376199
0
0
376804557
118963861
429665957
0
0
0
948497386
137458103
0
716907294
0
0
0
10715398
23036799
0
632427476
0
0
954855823
356592715
0
424560382
178530906
0
444277502
428285527
0
432492012
0
60416775
0
451423720
0
0
0
511128855
0
0
418239765
121100599
36704378
894863550
0
0
240282339
0
0
0
0
0
0
656077013
55316628
925471499
291325154
0
556465782
0
39952749
0
565524343
0
0
0
285055671
388458177
0
178673337
757310309
0
0
0
0
0
0
0
181960100
429659643
92941178
725783504
0
853355701
0
140183054
0
286300180
88038804
0
0
189609358
0
0
0
253722592
758026376
0
0
264133050
708979802
24254935
659175116
0
0
0
0
0
0
603048571
441544000
0
0
0
33352303
25792494
0
0
0
0
444754846
0
171166739
0
0
488812419
0
0
0
0
498005221
502516066
196344595
0
0
525884698
0
0
0
0
645682718
305370744
0
0
31627165
0
0
202829563
881224271
0
0
0
0
0
0
560843734
0
328070420
49902945
0
0
559551426
0
0
0
242840302
92609199
536435562
0
759048795
0
547207923
0
0
0
262078442
121376215
0
190728654
0
0
91858493
645906179
0
0
0
0
0
165912611
678886218
0
0
418727217
0
293888240
868125159
0
0
197929781
192418571
524268054
638161363
442092708
0
224930755
913827473
0
0
206651492
217986587
0
0
255884560
0
364437769
76491480
0
0
735353542
72641307
686284970
0
483836381
146903837
625277361
964704733
0
0
0
0
0
0
0
0
25629389
0
0
0
507593166
37515213
0
0
698504148
202118989
0
0
0
979110694
0
0
0
0
0
0
0
0
421576785
584684215
154221551
430093494
384736182
0
0
59247019
355320039
0
0
645492454
0
0
0
357357689
0
0
0
599165094
0
0
749260244
0
0
534451527
281625202
0
93655158
0
0
747739319
0
0
91858493
0
87719965
249298182
178673337
128620484
305872235
127783302
0
0
0
0
0
0
0
312748271
439391306
0
147735039
0
0
0
953727859
0
0
0
85833060
125550564
92842942
4373521
177357848
0
0
0
438487084
0
332172557
0
0
0
0
0
270044901
0
0
797373838
781950886
0
404863467
130390585
435008303
0
0
307118676
0
0
328949437
0
173268447
0
0
0
0
0
0
245987699
487624160
0
0
0
0
0
0
464270059
0
0
602461104
397217888
450130130
0
145389922
0
0
972799121
0
350807991
684260183
171166739
692373297
0
0
0
338702972
0
271038351
0
249889684
132334872
0
0
0
340923830
352407195
0
22759372
0
0
0
16217826
0
0
0
423920164
0
361654350
0
0
0
0
0
172498708
0
0
0
0
0
981850706
58471313
0
0
252709082
0
385092043
0
0
0
0
843488945
0
220045046
325244392
0
283304472
0
0
0
249384639
356384435
0
0
174772350
0
0
33352303
0
83232947
0
560749477
0
58413732
804056378
0
42050920
373289363
0
0
344671293
650135447
0
0
0
489615696
0
44425661
0
0
0
0
446319362
0
0
0
668773934
0
0
0
0
0
0
337013707
0
298660340
71852331
0
691743162
0
10181650
0
509380548
467129293
330839200
0
953727859
0
0
0
0
0
165230773
468460610
356006694
0
72538198
0
0
0
197424034
0
0
0
62907199
0
0
0
0
0
492613663
0
0
0
0
152641664
15497016
0
465402248
360282930
0
386879199
770288057
869140737
0
0
0
22632837
0
0
0
0
0
0
0
0
129693656
0
271469
0
0
0
0
362730637
909459597
596646639
0
98429380
0
224164428
0
51937543
0
592403007
52008187
0
0
0
0
593886890
410442407
0
652068674
87392993
0
0
0
0
0
525348003
0
142421026
0
280231024
0
0
0
0
518578683
0
60366237
0
0
499163803
0
205989733
6083508
0
332009621
415419040
0
408934672
0
81948138
0
316967868
384111590
0
0
441679179
127036341
181960100
0
101876247
318788277
0
0
390498315
0
0
0
445103318
0
0
0
778052258
903326093
0
755508639
360159201
0
0
145811855
0
0
874684676
0
887226757
0
94719874
0
526156599
646310420
329370134
41654518
0
0
0
0
0
444714623
0
746800979
195571301
457357062
0
0
270747606
0
413618636
0
489466539
16915091
480130633
0
0
119919606
0
135734886
0
180319252
0
0
0
0
498745978
489615696
187738338
627139261
0
42050920
54885035
0
54970521
408952403
0
0
0
0
0
778238873
0
495715048
0
315872184
0
0
897913184
0
0
432038594
0
0
0
693031260
0
266854500
58313100
0
0
0
0
0
0
0
0
202794567
0
0
221959477
0
0
587009455
474040973
0
0
0
442307657
879627559
98727952
0
55631320
0
0
331138163
0
0
0
0
0
0
0
21156399
383187396
0
0
0
0
0
151673638
0
22632837
417925789
0
515112011
0
0
490951246
249878278
0
205952677
0
193417606
0
0
40215216
311640317
336538512
430246211
0
0
338688385
48130088
0
0
0
0
0
126251527
0
71302177
162712371
0
761646561
0
32695613
0
0
0
0
165397141
0
152704442
707241472
0
44289079
167102349
0
334232397
492390331
74675532
570208191
435015712
294861536
0
227156507
524230813
604719584
6000243
0
0
891731232
255510647
0
249680988
0
0
0
0
0
889433872
0
0
0
0
0
0
11601807
0
526443775
0
0
998059731
0
0
0
348614736
264352141
0
0
0
0
0
0
0
0
181579389
0
190633064
284887298
0
0
0
60218042
36662223
0
0
0
108600264
159099509
475658277
0
0
0
0
0
0
0
568324460
0
0
0
683290946
887637829
0
0
27054803
409967952
0
0
0
679298447
0
0
957538444
723375293
0
41680680
0
256352096
641044655
0
533797174
178316391
0
0
0
0
312574452
156063983
372718567
0
50739258
0
0
0
978037781
679722594
0
0
467258877
0
0
126426245
553715664
404351551
843542103
0
457591780
389995516
0
468375146
598976531
326118370
0
0
444110112
0
0
1167773
0
0
267429437
0
0
0
138524818
361443294
391505687
0
0
0
0
0
0
490172848
0
571825278
0
0
728436101
124156606
0
350585605
0
0
170635335
0
976624856
807154568
419159383
0
816778424
0
634113266
0
532690157
161845831
0
0
368787438
0
329687451
0
0
0
691386319
0
345490574
0
0
0
0
154311742
0
0
0
0
0
0
0
0
0
0
161974563
0
372718567
179531539
494376822
504703205
0
0
0
178066879
0
0
913225177
0
809385729
0
852295015
451390693
0
462038
743330396
0
179531539
0
31202509
756970793
345976246
429365940
625799260
477883610
18022042
477165463
798512382
0
278247031
0
0
187038581
0
0
0
340022710
459882200
995539546
0
0
208314655
118984610
0
0
0
0
534292772
0
0
0
46959969
0
0
0
0
0
268544855
0
184370798
925843905
0
0
0
0
160368948
0
0
0
77717666
0
172611432
0
631397922
228947515
625887092
465137893
0
0
0
29580884
510575812
0
0
0
0
172634709
0
0
0
0
589393347
2876128
934731658
0
349194395
0
697858476
0
514184812
0
0
524846718
378700441
625799260
0
0
0
0
0
0
0
662697060
0
0
97271995
186976282
0
0
0
0
261260248
0
386315428
537928270
0
0
0
37987741
0
325780780
0
0
671186580
0
0
0
0
0
821896355
0
0
579606881
694636834
12392798
0
53455384
0
0
0
497534707
0
0
0
79422537
424276711
0
0
26242513
0
0
3219415
0
0
0
0
0
0
81370815
679298447
0
603768161
0
41431914
0
0
632505508
589307442
0
0
1420459
47937550
0
93557374
0
498005221
172634709
576623935
979183757
0
0
815484260
0
778052258
544699324
707965533
0
0
0
0
0
0
291570186
0
326000272
0
0
0
696913878
208314655
278569851
0
0
0
0
0
0
0
0
74726604
0
0
49902945
156173083
381066086
442746422
0
0
36061025
0
570811746
46770368
0
0
0
872089540
0
0
0
0
442069737
0
0
0
362232246
384349640
0
10177453
0
0
751238614
0
589543372
0
0
393183369
285055671
232034134
663455806
0
35594458
0
957657186
544045364
0
0
0
0
0
0
223799837
723250572
0
0
0
112740680
133913725
0
126519842
471867049
0
0
277690349
0
0
483557874
0
332878058
0
310315615
0
0
0
0
0
0
0
0
0
786632970
0
0
0
0
0
0
581619762
0
0
0
297656970
423509637
0
632793042
0
0
0
129870401
0
0
305739648
0
0
228632506
77717666
295407540
521560613
212759328
0
0
616645144
0
0
0
0
0
435575457
559051876
0
0
149027002
496741577
363859616
214689250
448776863
0
0
0
43376494
0
0
0
135525079
0
0
501169757
37809876
0
992764116
11879067
0
0
0
0
0
450130130
778220334
0
0
713392905
161217686
379941992
297304808
138614293
0
0
964704733
0
0
264657640
0
0
0
0
532690157
675572604
11466032
707241472
296851914
376115089
632279328
669458841
0
0
0
558596722
229529620
0
471343611
0
316454116
0
56679335
0
0
0
0
0
840890978
0
0
115944155
0
581470222
0
0
0
0
302880158
542122824
0
348375769
115095335
87867772
0
0
0
0
314825751
742167895
528315067
0
408934672
0
0
0
621865531
0
0
691021074
0
157979925
624206432
856828512
622688581
0
0
0
0
226922073
0
0
36844711
257525580
588936151
428922821
0
0
0
0
0
0
0
394724918
0
455250503
0
82167523
71125159
0
5923825
170871650
0
0
0
153253073
193437159
43799867
0
931993777
0
389588514
0
0
0
0
74066763
0
571825278
322276127
0
259123180
0
0
85393678
288036993
0
0
0
0
268876107
0
0
563930685
0
312741703
8985594
0
990300020
0
252961206
0
158012667
0
0
0
658884606
426133524
0
85032599
0
280065862
894080774
613294506
0
0
310560581
0
0
0
0
859156274
418196877
0
0
671510548
0
0
322648554
475658277
0
422170239
320503364
698301541
64805077
0
194552795
0
127155233
127955463
0
0
0
0
0
202940022
0
340000653
356053231
0
948558614
0
0
381355433
0
0
0
22435066
0
44073804
311424407
0
0
0
413707558
0
0
0
0
27686001
0
0
699812820
0
0
222905516
103924058
0
108610921
10230808
0
0
0
0
509150638
0
0
195132604
328647046
793100457
0
0
0
0
0
95129449
0
0
69851208
0
0
0
725130283
0
0
812085273
715283889
0
411168917
0
330389114
0
656566384
390987848
891379115
579341241
110675087
425284131
298218471
0
0
0
0
240565122
309921020
0
19462576
85932585
997104157
0
825752906
0
0
460784844
0
0
751506489
817732474
0
0
0
722809139
0
0
0
0
663973165
175408522
243226768
0
0
435575457
0
0
549443334
179346340
0
0
943911439
0
710957948
20843607
41714313
222499844
0
248281556
669624185
0
0
0
508980131
213092281
0
0
675518398
0
0
0
985242906
0
0
404892220
440627142
0
757751395
0
0
0
0
0
0
0
0
0
0
253167999
0
547803678
304510099
545069751
0
115455003
400336114
0
127573615
0
454415506
0
163279698
498883897
218143546
723626322
611769963
446319362
0
0
0
0
594225916
603390494
0
0
957358677
491966112
0
0
0
0
465402248
0
0
884923315
0
0
0
245436718
760164761
953637712
0
144684883
0
0
0
897016966
714904607
0
427201634
764904079
0
0
804201349
894863550
108024268
0
981512122
0
737060913
0
842209884
0
738374116
0
0
834115270
0
0
177429529
306016258
216492853
0
37515213
0
603883913
0
103903355
347118062
0
0
288036993
0
0
0
0
115589947
0
153106131
0
313889162
0
0
0
0
0
0
0
0
0
0
0
81496926
890323527
0
0
0
0
90444089
611685491
0
0
0
52706510
0
0
0
0
763252630
0
0
219827379
0
386315428
469833943
0
61726050
0
0
0
0
315318325
955880886
402324530
0
524816887
0
757986287
0
850818369
757807881
91107859
0
708983580
914087888
358216210
51604847
260079894
0
0
180415968
279047846
360766948
821931310
0
313839758
684144895
409611413
0
409240506
0
691154727
0
0
0
743358812
854708776
773663701
498005221
468018811
224816968
715488291
659175116
850041784
0
0
977871892
0
0
848424186
2486159
0
0
406156574
230214293
610696965
0
313974728
0
0
0
3219415
365383875
0
628872049
198277730
0
295285003
572009214
0
151421346
0
0
182972791
761317929
208314429
802307745
62005887
0
958494160
544849233
436323781
0
577303516
310576688
539508254
304973371
0
0
46623102
0
0
726776148
300531743
880133963
0
0
0
553024554
283692247
0
0
777457076
500811198
488615191
0
0
0
0
905395558
16508330
44753297
0
816702734
440235633
0
0
189047109
56096026
302942989
206412692
0
0
978098402
372357529
447901676
726403358
399169239
0
0
643340094
0
121737067
0
0
0
227490592
979350301
789957987
0
673546245
573750891
0
52730122
143970012
636469649
0
0
0
653729075
0
719389884
492496908
0
685032933
0
401739996
271469
0
176304955
0
462298890
0
768849858
643909677
0
0
939730190
0
0
513182466
229153372
0
0
0
0
596126960
217986587
0
343176237
0
506527322
0
0
0
0
289774032
0
756325190
93737515
0
0
747869862
428922821
0
0
0
0
421699649
0
0
23759918
355548183
0
0
234769677
981898147
298183221
329059267
0
0
359260567
541466236
79404109
0
0
0
0
0
0
0
0
0
0
2664112
453398282
0
2752864
748439962
309350652
0
989115204
687652151
0
0
0
205804433
0
31202509
329303391
986679057
0
0
922675154
763674340
0
769048531
390498315
525884698
178792898
298268408
184102388
141176857
0
0
208314655
0
707176574
0
623915824
0
0
0
0
966803117
109244616
0
892132445
0
0
514737686
346428269
0
0
603121023
0
0
0
477628317
0
405137981
434112712
388563062
997636420
0
223498062
566539809
0
0
0
97686600
0
471126401
0
0
526443775
49128925
0
28050177
74168295
0
0
0
0
0
306736001
605374740
0
323926812
0
307082975
0
282281096
278056044
109974361
666167672
465160049
41211854
228086353
0
0
0
998059731
283240831
0
0
32174726
0
0
0
0
0
73407422
300194659
990300020
205507522
0
447048618
41654518
329896752
451721513
802307745
410567149
676182933
0
0
396156624
0
196711398
9930505
104435868
0
0
0
0
366283260
370544058
0
0
671887636
0
188477962
145417707
376878369
338275408
192253470
0
176579096
240759490
0
0
553468851
0
0
147871633
0
0
414481100
0
124026795
500322242
118305587
944122563
105129152
455884858
0
0
0
438487084
493988587
765297240
32174726
65451217
306580279
325928981
66471693
114893571
500528379
0
0
662578367
0
0
776674504
0
175878799
0
321388830
69064392
691124780
0
35594458
500528379
432235886
702508310
0
0
274509209
955421836
705651788
386304816
882468260
794411035
0
0
995777568
0
122533638
0
930965406
0
114307045
230214293
128131136
0
552993596
43799867
0
370068918
0
0
183065772
0
681749056
190317378
53056068
0
0
0
0
0
0
0
0
888068575
36061025
0
0
69419759
457357062
0
282614863
726440293
121421701
682560428
0
0
0
584335333
502381862
867369037
513902281
224144323
191062300
0
0
296087632
0
0
0
135884155
392072345
998617754
0
0
594969324
379941992
436323781
491461100
0
471893198
0
0
0
124577741
0
416567729
219637649
0
0
808894688
0
0
0
0
862952240
949372653
0
73061170
0
0
209332529
0
0
339298191
0
41978765
0
0
982853021
327685366
0
0
399517794
0
802427894
0
691743162
0
0
0
451721513
736657463
0
364091556
0
151071803
0
0
850279561
0
57915150
0
0
0
0
859864720
0
164044843
805341822
0
280165408
314932721
296924980
0
0
172682584
207841725
747421562
591928138
264258777
380761480
8669515
0
0
0
0
0
0
335886231
233255962
536155150
0
0
341565052
0
0
553314054
0
0
751238614
43498922
992845897
0
320134797
0
182972791
799925697
867183249
733764825
389648369
0
180240090
0
0
0
0
0
0
179460073
0
0
88041008
0
0
437510583
138524818
0
0
935325721
294257721
0
243346584
0
202794567
169307169
227490592
747559429
213405937
396362094
685894315
0
163931640
0
55987731
0
474001099
0
0
285772563
568042661
0
0
180240090
978059676
826019284
120699799
0
108512183
31685258
525599828
0
0
981898147
615075761
0
516780014
324161375
0
0
119651794
0
446506292
0
223451432
641259302
0
370743239
556428766
230025237
0
251742429
0
580451002
0
0
0
0
247860712
305898706
0
0
0
359675235
641468140
987293799
157425954
118984610
71049786
888111556
0
0
0
0
0
0
0
0
0
0
0
789707432
370068918
740159755
126465860
329303391
0
0
522484132
0
0
552431563
0
731855760
491728042
195913475
624113795
230864858
88250034
0
214126327
0
517277045
372347507
0
298865976
976168503
0
0
0
102167502
0
121737067
0
149362626
727847980
744231110
394770067
0
328768480
0
0
0
0
448161302
922675154
348820623
0
272460909
0
0
0
198023592
876171037
0
237120066
0
340732840
79642441
0
593226073
0
0
0
295407540
415877127
0
0
0
0
251742429
181548578
0
181244981
0
0
0
951697756
0
0
0
0
0
0
108314922
0
0
258457303
0
0
0
323243088
789000388
0
191548453
0
0
386827442
0
0
26313103
0
0
0
402331352
0
0
0
0
0
0
666121156
676776071
0
124727070
285055671
0
0
0
0
0
0
391166518
662578367
344158367
0
0
514508902
0
515641136
0
0
0
918512084
0
785446841
73041095
43509054
165912611
610954659
0
657773650
811702874
0
0
0
457986822
415877127
39775695
0
548007721
0
0
0
0
0
0
0
545128437
186035138
367654397
0
374774154
624113795
0
478201389
636601784
0
0
245974638
0
0
647895657
0
132406284
370965536
492994358
466316040
944242730
0
0
0
0
0
416379808
0
0
0
0
479325318
0
982537189
0
285183757
257024855
0
0
0
95478742
0
500528379
0
0
144684883
0
0
205507522
518839298
0
0
15734680
0
996441046
0
405168551
0
0
0
661592020
0
0
86811472
461641488
0
817091360
0
0
683136946
178045692
328768480
0
0
188886246
0
0
115042710
223401472
0
0
83041020
919162360
0
953278399
0
0
55151534
602954623
381355433
52985776
156063983
59769175
0
999309033
0
0
394170095
0
0
0
0
0
0
128620484
170365879
0
739684849
0
0
0
429659643
0
964185159
965859018
124934048
399427266
0
0
0
0
86424896
0
42867311
0
1781299
995182133
0
896265708
0
41803915
0
0
5890026
901256760
0
387498653
761646561
0
0
0
0
22945515
335776723
193719509
0
566896666
0
922954593
694367273
0
9712877
0
52671159
208554642
0
137922901
0
0
0
0
668773934
0
0
246900391
0
0
717826836
0
268496757
0
0
0
0
876840016
0
0
625799260
896020634
334552262
309401811
363865669
909500330
429760620
0
0
0
0
0
200439428
0
901703811
262973744
0
662697060
133438941
385341107
0
653729075
0
0
0
246257998
0
0
0
0
357153855
0
0
0
838728141
0
372031866
169815414
0
734259914
378364787
213905538
0
0
249922156
135197023
0
940618554
235634146
0
424968108
0
0
0
0
29808243
684326357
74086283
247860712
83936746
240253509
0
918295148
244608039
574849628
0
624007289
0
238953918
314025489
0
75519788
337013707
935542150
112755323
986224651
0
0
721043443
324125880
0
547465020
0
231081692
0
336693708
762828619
0
221836739
0
385218537
913564926
721721283
0
459066292
706942990
515253681
0
814556240
0
0
0
0
909290225
661592020
0
0
0
0
0
0
334949547
407997414
816764388
407445706
0
0
900272676
0
197712987
383461329
953727859
399944050
363093310
83195996
0
178622273
0
0
0
0
742744435
0
146691388
0
0
0
356688440
392588523
13814972
998178267
0
484417965
593113110
0
797155442
0
940653077
984237619
114257192
0
0
0
0
0
121392073
287475035
0
749197949
357695487
0
0
166926879
526250734
0
633833419
282272923
223498062
75474769
0
0
0
0
18207138
0
0
0
0
211841650
0
46959969
173368736
538209368
0
0
0
0
322378551
513154276
647717035
0
0
363526208
0
93312626
0
248732650
231665458
0
0
339358935
0
345490574
106432290
440926169
0
953727859
0
271622321
0
674662850
325838286
757807881
222905516
997511155
0
0
0
0
0
0
0
0
0
0
903044244
0
166470316
0
605316699
0
506586771
165079116
0
0
223615441
247538130
0
160967864
0
0
136847378
124611777
478071858
733764825
0
764754267
143250236
226571046
0
0
252525699
412165335
436509694
139705216
227456050
0
0
0
686917263
201341885
888580445
601041164
727739738
127131899
0
59022360
571121178
243346584
319011946
0
979466121
893912463
680253615
0
0
108610921
579830197
109652224
0
0
334368413
0
537467564
540286925
0
572442904
337696013
978553352
894069037
0
0
0
36264606
458567279
739260410
0
0
0
0
323921318
0
0
225052768
488094382
167139099
501673917
284387779
0
81397446
894522681
0
0
157337563
0
739239309
178792898
0
333203737
940558087
0
0
0
602954623
0
383556512
677605004
0
0
233438170
395550742
0
318626158
942441307
114351579
705263091
358715745
0
833920182
0
0
323511471
550044800
0
901375161
219042248
0
0
71873831
734502564
399126663
939730190
0
0
66584201
354803447
0
496690001
591236525
544846742
0
0
0
40556348
0
804600854
104727158
0
294087365
736688384
0
60218042
327147240
234769677
0
0
10427116
0
621933175
0
342013286
0
166203620
320611647
0
0
492390331
214923901
0
0
473889294
372474259
28602187
688787149
0
931306314
398101419
0
468757018
0
233822628
280439182
0
821896355
10355918
60797906
0
126034274
506003427
0
0
0
0
165777296
984237619
0
654167496
259369133
95317380
0
0
0
286152771
0
189554854
209650310
0
0
677670217
0
0
757054252
321798636
758254573
395225690
0
0
860552363
0
0
0
0
0
0
350215718
0
613469391
0
0
992094467
157979925
544846742
0
327093377
0
0
781414100
548962559
266452037
0
20364024
0
285474936
421429311
318123746
429448977
130118328
119651794
797777069
831195052
15564169
0
538862475
0
0
0
191212381
0
0
312912890
193816464
0
651939982
768533031
201154369
99822408
0
812822581
392321800
196222655
0
894183789
271469
166463669
0
0
770444196
0
109114179
0
108202887
0
324926178
71982790
960371586
0
0
416602902
979078317
0
332692921
991538543
31361192
704367659
821265951
0
925843905
138044605
785987573
228569281
0
0
913977688
0
594487283
0
133255290
0
0
757402443
0
464082420
0
81942619
194306619
154714905
0
0
303963982
289211593
877021063
587328545
0
0
453336637
0
182809384
0
716759289
0
455244422
883766875
979350301
412049320
415790423
661592020
0
293571572
0
2752864
452164346
0
0
561727970
386315428
332474250
0
0
816732942
0
0
941741279
288987971
695766542
0
0
254242507
0
148070244
811702874
245220471
0
0
184509416
0
0
0
982394002
393806595
0
747869862
0
0
43935680
245841995
0
0
403402154
0
0
334231766
7044166
0
0
531067221
425975175
0
617174324
331341604
73612479
0
659573974
0
0
648620380
0
302494461
457963107
0
0
257397239
455889029
0
0
0
0
842324948
0
0
803845291
780675927
732435019
757629313
0
289909021
0
968531266
999788410
0
0
0
0
0
0
488043005
607096397
204241505
514664054
167093066
819143996
141299198
0
996591353
0
56232298
0
590576401
492296330
0
677839946
75260684
789493310
615075761
165681983
0
833661678
178792898
0
175904602
231305311
0
159204805
334553611
0
969291615
0
871280473
0
0
62543597
96464019
70809696
0
642199600
502381862
337247310
0
555394432
0
55994664
473190913
772451957
0
0
579484730
8663734
0
954453569
547090690
351177386
0
0
0
0
0
0
951479082
486606059
490154597
41123921
0
503840428
0
0
466002232
0
18058782
0
133828152
177745041
331016276
0
438450522
100628140
354744681
713740692
0
0
358596781
0
192899847
64718679
798004436
0
202419726
0
0
0
691827926
161229603
618005790
245417950
854971366
0
412697507
0
0
291730353
0
478071858
0
0
677839946
0
0
977079857
984427728
0
0
0
18514087
992411328
0
0
103160118
636601784
352407195
0
245136498
0
0
120779055
0
0
0
0
0
232020449
0
630278175
0
696379376
214689250
0
0
728799121
13936404
589751898
31202509
364523810
885711819
0
203176306
311424407
809694404
0
174513399
0
459303476
0
74328165
0
305898706
0
0
140057931
0
206651492
0
340526211
0
945583527
907124753
547674450
799865110
0
14342809
0
0
155995742
0
0
0
891339811
81948138
0
0
45807985
0
891485241
40429800
0
305847741
0
95922090
0
211841650
329625826
0
0
0
270712726
0
321735285
0
856741242
0
305868698
0
89147305
721386576
195251595
455244422
0
552876009
0
563086854
0
706160177
0
0
0
0
121200179
10201269
0
370965536
0
0
575041713
0
0
0
897174412
0
348422814
151874457
0
360353399
0
299399001
0
642583216
0
0
400147312
0
972121044
546522400
209590306
0
348594951
0
0
305800495
0
98790096
383577009
687249129
834174432
0
0
274728136
71562723
0
55994204
0
170407290
58756376
0
0
192697194
112116965
606032373
0
0
117085535
409041673
0
266268313
22123511
593189628
0
785446841
0
790073810
0
147757238
443421316
296119484
472753209
807527293
0
0
841462218
286414334
877769827
0
116836531
378003469
543168846
0
650394757
0
996930580
539483131
902899368
972205102
998635679
0
0
538964115
0
736657463
778850501
753279928
130648298
0
729658168
0
375640802
52010981
113615010
0
502796619
96076992
269326369
670805953
211672033
0
31120252
0
0
180415968
0
0
0
0
0
357774378
0
220504532
0
32947010
0
0
347632387
312048760
71982790
839789254
812901644
0
0
0
589951342
656640501
0
218195721
627999784
225623769
559290101
78581132
0
730065266
0
0
0
0
623915824
0
662984757
0
0
0
0
139881071
247980663
945208513
0
989520738
0
0
0
345948329
0
0
557377393
16354316
593409365
910346414
339736672
0
0
340022710
0
207386798
0
0
52049738
356166616
332878058
0
0
850041784
985516133
36939229
87342677
298488949
621312454
0
0
0
961425469
0
513675352
304884822
0
15092242
353428200
774646480
290748196
319976511
0
144581342
0
0
0
0
11400297
126426245
0
0
0
547612876
0
545810219
0
595719428
441098476
0
0
126198729
0
0
287171224
543552641
0
326299388
0
85458757
0
0
0
0
0
562207995
0
0
630462860
0
0
0
641311228
677669970
0
268092269
403491452
744085305
85538185
0
0
0
0
901028005
0
0
33376164
268496757
194140542
237549835
807154568
0
431047862
