20
668 -140 -939 -175 -728 -607 -648 437 -33 972 846 -155 -904 -65 -394 -103 557 963 141 756 499 -999 691 -155 234 97 -533 765 399 509 141 452 266 -688 179 -639 410 -647 136 -194 -216 -519 713 928 83 -347 -113 -693 -25 412 542 -63 38 -727 -649 121 -766 453 725 881 689 -798 97 -999 -757 157 -238 -707 -138 852 141 664 285 733 985 523 816 350 -166 391 -500 -700 -132 716 -373 137 153 -58 560 130 909 -887 -29 665 -798 -484 -613 911 954 -437 348 -486 -601 -874 62 140 354 833 882 -285 90 -108 -563 -717 906 -246 -536 663 120 937 -451 824 463 259 603 -783 419 561 481 -331 -856 687 -409 753 129 -818 298 -902 -716 -839 437 407 617 -749 182 -911 -520 -434 -728 -924 484 -788 49 -607 787 277 145 -264 819 246 -255 -643 527 843 707 -765 -964 -878 809 -441 239 274 -725 -296 -989 465 789 543 140 84 7 269 159 677 -261 84 238 -563 725 932 73 -425 806 -728 117 126 -937 754 425 422 -387 -541 506 955 192 -183 -529 -13 -191 -935 -283 -595 165 752 -40 -618 455 -531 614 475 -936 166 233 -144 -430 -795 -738 -445 -698 -210 -918 -378 857 -75 203 -604 450 -685 132 -560 373 733 918 636 76 995 -701 300 -888 -785 -557 -450 -528 -238 -808 823 764 -123 -471 -371 -204 119 -901 -893 658 -311 -177 973 547 28 66 240 -821 379 113 687 942 -113 977 850 -467 506 266 -234 -694 -455 222 139 -800 964 578 -427 92 -203 489 -762 -587 -610 -56 831 315 -619 -732 -70 422 313 579 -616 526 -763 669 -630 -253 570 -283 -176 -699 -542 -867 335 51 826 857 -119 -330 -707 177 -765 -368 -764 -522 -253 -135 788 394 -988 449 202 254 -44 -449 699 931 141 286 829 736 -701 -329 -96 188 909 455 -303 409 729 -452 292 800 -466 2 971 708 538 -191 -885 -493 890 -168 856 657 -277 309 839 -728 664 -998 557 -290 374 -310 -709 58 485 -476 -834 55 -947 671 -919 -690 -332 -635 -833 706 -520 247 472 950 -617 693 216 -674 -948 641 -625 -676 -784 -874 781 -148 -638 675 -407 -193 -940 -885 524 972 -862 -321 -910 -324 973 -659 -672 -259 418 81 88 -94 -574 625 -353 326 -700 478 723 233 -6 700 -537 -850 639 -43 -458 -462 -907 745 -133 686 -717 769 -249 462 -796 -499 45 658 551 178 507 768 425 -937 -702 516 -195 121 470 -62 -49 603 -254 814 -834 -535 -792 -941 -157 514 307 751 -818 -920 357 672 246 82 -172 432 -731 -403 334 -268 831 951 -660 -533 375 893 -620 -286 -157 206 583 -439 836 519 248 -476 -470 835 8 779 -95 555 -872 -83 371 -855 -718 15 -222 -19 -244 -457 -99 780 763 362 366 -889 872 -514 151 503 204 262 -479 -765 678 439 -98 206 -147 72 903 -110 979 518 -748 -998 -193 661 157 -207 337 -356 959 645 -595 -79 -647 927 -180 73 -343 -394 -474 978 227 740 -406 545 -303 -172 940 -695 802 -148 -695 194 -656 -746 -10 732 803 -16 -823 -345 0 275 -260 -515 -162 -728 -788 -29 663 -850 735 -447 -488 235 856 -929 841 653 152 -71 176 -319 752 -466 856 -520 921 376 314 -516 354 1000 725 -852 -538 -670 527 611 678 -77 267 202 769 404 -175 -512 921 -670 686 226 -624 -471 450 900 -504 826 -513 995 346 39 -923 -205 -619 -699 -89 293 293 -426 -277 796 -728 -542 -571 -773 849 384 -966 618
979 -64 555 560 6 -24 -765 484 -888 -875 -320 -503 440 -100 965 -718 235 -395 380 95 -600 723 -109 -782 -356 370 236 -972 245 -938 -381 985 -761 483 -278 -824 691 285 482 546 -668 -69 -776 822 685 -624 -996 -541 -736 111 673 800 622 -667 341 911 -202 -445 -726 798 -215 102 245 94 781 0 -436 -993 984 10 -960 865 769 -168 -410 -657 -952 -377 -711 -42 -65 11 -951 747 -438 -932 160 943 94 -638 124 99 -360 802 724 552 979 -760 484 470 -533 -156 12 607 822 33 -610 -549 13 345 -846 -298 126 -402 -121 -490 -243 -94 -533 -631 460 740 374 -915 567 -801 -747 226 -625 860 638 958 -228 -128 174 -210 985 125 -242 322 175 -691 888 -106 -905 -64 382 -189 524 973 -742 -781 159 -490 -790 -395 -721 757 708 323 -409 -545 -863 -629 387 -271 548 34 -246 325 952 352 784 -919 697 -897 -228 190 415 -212 -729 -1 -668 -596 -944 -72 268 -259 345 -977 440 975 -735 287 -42 91 262 -718 -175 854 -254 -728 400 106 -584 308 56 -822 -520 342 -940 -940 752 518 -447 -909 238 726 -998 417 548 -989 596 567 -158 932 -721 902 980 632 -432 -787 -217 383 511 -238 -164 40 -86 296 -673 -745 108 -619 219 213 -202 -711 -935 -629 -837 -652 -153 421 -256 798 -343 -243 -931 628 480 -669 215 900 814 -363 410 582 121 523 60 -90 444 211 728 -189 716 -629 58 893 -470 143 -399 376 -184 835 -290 -754 394 -937 -900 -296 991 62 873 -958 24 187 747 913 579 137 613 92 -307 -263 845 -78 271 446 -802 -822 63 -711 453 227 -104 540 -736 0 -292 -418 780 28 858 777 695 -753 20 367 267 80 -454 -395 969 -961 -110 269 -405 -137 -111 610 806 266 -895 -107 -175 880 8 -246 733 -959 268 586 -703 662 68 193 972 -515 248 238 -212 -845 -237 -469 558 343 -183 -220 961 217 -669 212 -522 488 -561 -974 236 81 492 -997 325 -605 749 -982 -475 -246 -692 640 -953 447 459 47 216 -665 -20 839 -351 298 -427 -148 70 -290 -848 382 237 970 -325 -767 -525 -310 -97 -517 -790 -19 -455 501 -770 -244 148 617 -340 -928 633 -652 472 -303 -547 -261 745 -214 544 736 -438 -588 -701 -172 643 -246 426 -928 24 942 -581 589 -249 623 526 -601 -862 959 393 862 -865 -564 -12 73 -571 -141 717 -349 446 -546 -68 315 -508 117 -214 -428 183 448 862 845 150 -961 -225 272 -254 30 57 896 -784 -449 241 94 -834 -744 728 986 365 365 -185 -509 -11 -649 415 -145 970 -987 -434 -368 -391 -463 -387 -337 717 -354 434 222 -34 -766 25 -966 965 682 301 857 623 -723 738 -509 890 -430 -656 -548 -834 -689 957 549 469 101 221 -528 996 9 -839 947 278 263 438 350 577 102 -164 -770 350 929 594 558 -459 -69 -460 485 -931 -390 504 646 -778 934 -159 534 -1000 272 284 -488 -234 -441 -362 807 -567 -435 -381 460 370 567 167 -198 6 705 231 381 -419 -411 -169 -434 259 -189 624 -1000 -515 580 332 73 -905 -783 -687 29 661 -318 114 882 616 -909 -970 646 263 12 289 921 -454 572 90 -168 509 609 -631 376 -283 348 912 -579 -568 143 193 697 774 297 -928 562 -211 -575 -887 -778 509 -594 -713 577 637 180 -581 678 926 807 -237 -636 -135 -321 36 -581 -530 948 -133 673 433 -890 16 497 947 -901 -897 -425 -680 -975 -559 -126 594 709 -139 -764 -826 807 460 -119 356 57 661 -322 -2 -984 -395 -790 -71 -836 510 -124 974 545 -555 652 461 -116 -856 -77 -240 776 654 -967 230 511 -523 -652 928 -411 904 292 854 732 991 954 880 -885 28 346 156 894 -899 220 -946 -38 -75 925 -992 -656 295 -234 235 -927 -566 754 717 938 878 -460 413 158 -819 522 583 -374 738 78 -732 247 -392 -62 124 -315 -708 269 571 -822 86 -695 297 689 439 516 -672 -544 865 -756 -653 -942 -936 772 568 -361 817 656 33 -917 -612 48 615 -902 -363 898 425 850 181 -595 639 -780 -557 -367 595 83 -687 -661 -842 373 -693 -525 723 807 -465 8 533 264 242 -688 665 465 -516 -946 -31 -494 284 -442 -380 -837 -242 -77 562 704 604 992 -371 771 -952 625 515 -931 991 855 915 854 195 -209 -142 855 -358 -976 -520 953 608 -864 821 475 -12 -169 448 975 -112 555 -581 -354 997 -252 -326 161 7 321 -843 -468 191 -812 776 505 452 245 -146 735 27 -142 907 657 37 384 -500 -764 -664 681 374 880 710 98 468 -106 861 998 -859 -387 -409 800 -695 690 -752 537 -249 215 28 925 -552 0 -871 653 -81 708 997 -291 521 934 498 983 -161 756 -51 56 216 924 616 -122 514 498 368 57 -876 -765 -702 -530 95 902 767 86 -546 -203 -358 318 -729 -84 -439 -517 540 744 983 897 -846 164 57 435 -156 83 -559 760 -207 810 -192 126 -505 -162 640 -766 199 -76 748 203 267 155 -546 758 -158 702 -404 232 -340 -537 581 266 931 -5 -512 -599 603 329 990 230 -872 -434
770 650 -420 834 428 -916 -622 341 -531 -201 -917 450 221 -142 -994 -948 728 276 717 -517 -710 279 -939 -685 -920 873 -368 283 747 -318 -486 886 53 -862 750 89 734 -21 -589 906 -945 684 510 58 90 42 -955 -460 119 669 -505 -145 -755 200 -329 180 -264 -47 836 -516 899 433 -365 -906 634 58 -770 295 -186 450 -268 -333 -751 -133 557 -925 -861 -865 -510 471 281 -917 717 368 -898 -906 309 399 -422 -923 576 399 6 273 227 853 -54 -90 263 782 939 -866 -377 966 265 -649 298 819 327 -82 -123 -344 -114 533 -513 316 -836 -848 -561 -758 193 -809 -70 680 91 -782 582 -403 -139 -675 863 -438 92 -5 265 505 268 -686 306 804 936 754 -788 449 -37 815 976 292 208 563 -924 -381 -130 -523 -130 450 907 -210 383 -703 -57 54 -924 -305 94 -995 -423 699 338 570 -18 -915 596 -354 201 584 -311 83 -146 53 -700 6 775 -662 -173 996 -730 789 597 -41 61 -798 788 666 -822 721 -208 726 222 801 793 208 127 -100 -469 -124 -380 227 608 -685 587 784 -102 233 741 -335 -366 100 -154 277 -804 -654 202 600 487 12 -39 434 -645 -553 152 112 -388 -692 -895 -396 769 -867 -801 474 -962 422 957 -128 -555 743 484 121 -703 670 -416 -436 -573 230 -106 540 909 716 848 -830 991 760 334 -297 458 563 450 -127 409 -712 539 13 741 -163 953 -386 -951 -378 961 574 847 183 -754 -197 -369 993 -504 28 474 -350 -924 945 -628 -936 -149 87 -79 365 193 716 963 874 229 659 250 330 -800 -468 520 296 756 -897 639 503 523 444 -299 364 -564 -928 -803 856 103 -142 806 -438 -695 -906 963 -924 901 691 925 -73 638 218 -257 -82 492 531 588 323 -815 325 344 -655 802 657 -65 -571 -817 446 46 -60 -696 519 798 -858 735 -591 740 -456 -243 -57 -598 22 366 995 691 -583 206 923 -674 767 498 -956 -224 879 104 339 -484 -58 275 111 875 -299 -212 240 -715 -787 -544 -24 775 -943 605 -642 -518 496 168 0 -886 375 -225 735 -589 701 311 680 760 -364 782 -528 679 972 -116 958 -929 362 375 -327 -310 723 -115 703 -59 483 956 -22 -950 160 -638 291 693 -12 -648 424 -719 691 -51 -483 -62 469 596 -637 611 700 76 67 -63 185 -995 834 -765 -860 -945 -83 -221 -543 379 368 -477 304 -102 -144 -278 500 -781 360 -115 464 948 -142 -847 -79 250 -300 -495 776 -422 199 503 244 976 -772 67 297 -148 914 715 -395 65 -251 -118 324 669 428 875 -284 367 432 -952 -20 -801 89 -442 397 -454 315 -335 756 546 378 -268 47 -803 816 233 -577 358 -286 366 -617 -331 -191 -142 242 802 -686 688 -55 -443 583 205 694 -535 187 980 854 -242 -908 276 932 -527 -713 280 -226 684 677 183 991 165 830 768 789 -566 -270 662 327 -174 393 -264 873 -868 411 769 -475 -506 980 -159 756 552 -11 -982 559 14 -45 -418 -925 729 648 772 727 -474 686 804 380 441 939 -444 -863 302 17 907 -569 -861 0 -162 -393 209 107 -33 988 717 10 -447 -600 -298 -508 -879 -236 177 -809 479 858 889 -557 344 -776 -730 194 732 -591 143 930 -595 308 453 -198 99 -605 385 317 299 -62 767 435 930 -759 -163 52 -496 291 -476 641 -562 964 388 -464 -760 -891 633 953 -533 -892 -542 361 642 431 706 -440 372 995 960 514 456 -928 -504 355 -533 -271 245 -446 -34 -735 653 -525 -866 797 35 -106 -433 112 3 -177 -298 263 -507 285 -428 -305 9 13 71 507 698 851 837 -940 -978 557 669 -581 18 780 -460 258 22 -425 -234 518 -283 -91 -497 102 -339 -743 -646 88 -14 648 992 -917 604 799 -609 -209 861 98 842 390 140 -278 -959 -246 432 -34 800 674 535 527 -615 459 -766 -456 -406 -605 -947 -204 758 215 482 -843 -317 -160 940 598 976 -527 -954 818 -29 -650 -499 -483 -248 120 -869 -719 -733 35 415
901 426 -494 578 348 -207 -182 348 22 -217 -802 650 604 217 -530 -219 -879 -356 -980 806 997 -180 845 182 -172 552 -628 -874 -673 -619 -359 -306 67 -963 659 723 50 569 41 553 -975 -480 835 -768 127 -969 894 182 836 840 437 846 413 -44 121 -591 -379 331 421 445 620 -805 464 555 556 906 -16 -381 895 -240 -539 12 301 282 242 869 132 27 719 115 240 615 -202 -403 -689 797 -958 -822 -867 967 -752 -459 958 9 -208 479 194 9 44 -416 -805 -39 -561 -431 253 310 146 196 -180 659 16 65 143 -640 331 -993 -823 267 -255 -804 224 -689 716 -749 -461 153 162 317 -435 -18 202 -75 624 359 -63 -468 563 951 750 -952 -137 62 501 657 175 996 -970 93 -164 71 50 154 41 796 -153 -297 -622 869 213 562 800 138 395 -505 377 508 -83 -41 -130 -19 481 586 17 401 -910 706 -20 -817 992 -671 -552 -909 -794 -544 272 -493 439 858 469 -157 -310 961 -754 967 -799 719 77 -916 -708 84 -862 890 464 -664 33 -49 268 299 -799 -856 -290 758 752 -863 -214 -440 205 89 100 -763 710 -469 893 38 -369 -878 934 642 -958 -316 -317 936 637 -453 980 504 451 -431 -969 361 -178 690 780 298 175 937 -542 953 57 922 487 942 -929 -861 854 3 -364 -770 -791 -146 -551 -715 -723 -784 -293 350 -206 516 407 -146 -628 -852 -914 739 -305 12 -890 960 551 749 70 -115 -258 770 198 -809 -165 614 416 200 897 465 650 -510 -816 313 662 -29 -645 -188 531 242 584 940 -307 -372 -482 758 926 428 -626 432 -89 -209 320 -420 -511 -403 -276 220 379 421 -599 -381 904 58 632 -997 218 -454 -34 838 -82 -214 -442 844 -75 517 442 781 873 -573 508 -699 -960 101 -120 -896 -6 809 -720 50 -685 645 -260 394 191 -803 98 47 -259 715 354 -381 655 159 611 -984 829 -981 -367 918 -62 502 -161 578 -851 -66 -144 -633 493 -737 -327 531 -978 -63 -398 -657 -808 607 -331 349 -2 377 229 -742 -456 210 -129 -20 118 262 -142 745 -832 -193 598 -50 -334 335 -98 493 -745 -81 580 709 683 -484 489 -990 -799 -717 -177 -183 -811 958 204 485 -956 -249 -650 -56 551 401 -203 -468 281 -244 -832 -221 693 678 -209 -228 874 -908 257 614 -294 540 476 192 949 -964 981 160 -533 890 -630 182 -242 541 306 489 163 378 -96 -60 -419 -171 955 108 363 682 42 45 717 -116 -152 21 492 860 -732 660 -486 464 -291 -890 -77 -885 -517 766 505 -874 526 334 -338 -793 91 -836 -211 -248 -718 662 -305 592 309 884 516 924 83 337 452 793 -704 65 253 -999 -493 -443 349 522 -843 380 649 -377 865 -130 198 -170 817 732 605 -250 381 29 -53 -911 173 -435 989 656 877 -328 767 -559 -342 -346 -377 -239 751 -276 134 -392 -194 146 538 -618 -412 457 -846 605 17 552 459 -452 859 -264 -833 562 317 -784 411 -644 -600 -283 -847 -25 -426 307 -255 -204 968 -390 10 718 -658 -351 70 849 -145 -512 -867 -520 28 485 0 298 271 -376 284 363 -445 -374 923 -438 -357 -953 630 300 988 -903 -418 -257 971 -330 -441 -116 -566 -938 813 146 -610 511 970 521 -913 638 187 -7 -786 441 191 -277 528 -45 601 -350 723 194 -90 -112 477 -520 -22 322 711 603 139 -938 -109 554 319 -754 176 80 438 -366 84 148 425 169 737 -647 22 -131 257 -665 550 947 -378 -366 279 -289 950 942 58 202 160 -823 378 -437 -738 -626 -681 583 -377 253 256 485 976 -957 598 -340 -239 -334 -957 -54 -29 561 974 -553 804 794 768 674 766 -924 -435 -87 751 -830 874 -730 -804 -193 -470 -361 307 752 200 83 -277 895 -979 -419 -313 61 -340 -425 730 339 -423 -925 669 106 30 417 -765 844 -288 803 747 -86 -926 -299 67 852 -294 80 927 -484 -672 -496 203 608 454 -932 686 883 530 -725 -901 888 413 24 817 -387 -911 -956 -586 -881 965 -774 471 -564 -135 -747 -684 -785 -39 -270 -360 -805 281 882 884 -400 -551 11 -686 100 649 429 -952 -136 -285 -276 150 -858 -322 592 -442 38 227 -45 -296 -841 -833 -226 431 -185 -522 946 104 973 -934 -857 -627 -61 -785 -850 53 183 -179 -401 663 175 -990 -762 62 -384 291 -675 -366 -551 -31 709 -895 -620 -859 -906 656 157 265 684 668 -627 740 -334 -151 -478 -808 48 -166 -208 -630 822 -269 419 -628 503 -990 596 -441 783 737 -343 12 -987 468 978 -899 507 611 21 233 838 -164 202 431 363 -303 -295 -329 921 90 -563 -808 -667 -81 212 640 937 -587 -197 907 268 370 741 -464 -980
598 -24 763 216 -364 -650 -364 544 -850 971 -907 -961 -643 -841 578 -186 -794 643 -739 982 -884 112 586 -812 184 -578 -746 -516 -872 282 982 251 415 -747 -897 280 -523 -338 -444 877 -484 284 -648 -696 -160 967 188 198 353 -754 844 -480 -549 589 783 150 -174 437 590 18 303 149 122 -924 -602 997 758 -275 973 -569 352 -352 786 440 -240 48 -673 440 545 768 349 754 48 595 -700 -182 -963 -961 772 850 -394 220 -707 687 -650 -526 -394 -595 -20 -422 -342 -964 -74 -702 -278 -785 495 -990 -637 80 -490 -127 469 35 687 -103 -29 -12 324 -689 -819 -127 986 771 325 -989 259 -761 177 -626 -39 -620 -947 402 -629 600 -553 -566 291 439 920 277 903 99 627 205 450 344 534 -486 336 -830 -897 -388 -772 309 -216 -885 568 184 225 -205 314 671 315 -627 82 -74 -683 321 -54 336 -891 -346 489 -703 -210 -596 -600 -688 993 -87 878 366 -858 -202 -102 -500 -271 -895 921 717 370 -236 630 350 428 104 899 388 -673 170 403 -637 83 773 396 -611 -92 913 -210 453 -886 21 -204 -103 -380 -372 908 -266 289 464 -66 -165 -525 -728 -811 786 922 292 868 -992 128 278 37 -421 457 -650 962 358 -618 932 515 691 -942 739 397 -590 51 -182 2 -845 -396 -82 -375 -718 -248 -816 850 900 -319 150 459 -815 -713 -810 621 -544 475 -383 -365 759 221 -634 297 -937 -27 844 488 -154 394 -545 -664 -279 -851 66 -30 -658 1 -946 549 -93 -772 67 757 -697 965 -847 5 -218 -323 -134 -573 871 365 -923 -137 903 -88 362 -591 -915 -115 381 190 137 -411 977 -40 608 846 -682 -634 -606 487 961 -105 -363 -630 -244 286 -637 234 365 563 606 588 -155 -79 611 -870 -840 954 61 817 995 -567 -267 470 -566 780 -847 -358 -542 -692 119 13 231 665 -809 934 998 956 -207 211 -148 68 62 -810 -592 473 -94 -373 -418 553 570 -343 -124 -963 224 843 123 197 124 -59 355 -97 418 -204 840 -137 -899 -619 2 -222 -650 597 -936 -2 34 -881 250 -21 508 -110 -986 -215 -189 -965 70 199 380 612 -273 -225 415 -773 -885 -11 -366 700 -148 -540 534 535 -877 -715 895 -905 -179 -938 -389 -626 63 281 -520 562 828 60 -19 -338 425 95 608 -104 -1 -197 -649 -711 -146 -219 105 125 -488 175 -730 373 1 657 -518 650 -806 -551 786 -975 156 611 188 -332 -277 238 -274 861 -874 -806 -344 919 -479 -358 -655 -496 895 -708 24 -489 828 627 -328 966 483 987 121 -905 -55 842 877 -841 783 -505 -192 -516 32 981 -494 793 -602 802 -321 849 775 170 -262 522 -729 -417 -567 -817 -304 181 -172 -89 959 -625 974 -373 -125 694 -377 966 -164 133 165 923 -72 -187 7 534 776 460 640 -170 982 -247 -53 -872 -987 -187 501 -784 308 72 -819 -91 -219 139 874 -218 552 48 -170 166 849 814 373 -902 785 170 -397 -609 9 -126 8 127 -639 -3 209 338 -573 702 959 -716 -601 -502 975 -637 -472 -499 893 856 235 275 201 -227 708 212 -131 708 -624 -466
755 -265 35 8 -491 504 116 499 -535 -892 -334 980 237 -658 -233 269 374 684 -363 837 -137 664 752 -899 -851 -33 812 -738 901 -983 -629 -605 511 257 744 -479 132 568 99 -275 518 -749 -688 -248 535 -240 114 -574 -252 -643 -973 -881 -549 294 780 275 29 -456 -87 -453 -862 -589 522 -705 -231 222 -191 684 368 394 -33 -888 50 -849 65 175 -759 -711 -368 567 -153 -155 -671 298 375 -118 511 124 665 -489 224 512 676 192 -779 -382 -165 865 843 -13 -797 -622 929 -184 -259 -812 920 -389 -17 81 673 -342 -216 -947 903 -260 652 433 425 -531 819 -694 -583 725 -313 801 -169 -540 703 545 675 933 66 231 62 39 535 774 -906 387 -651 -504 -505 -338 -760 103 510 644 -916 200 -893 -163 350 48 -684 -179 -457 -784 199 151 -601 143 981 -763 839 -464 56 96 -495 900 999 442 -588 -87 -904 570 -104 -461 -613 795 -564 -430 -951 -233 -411 233 78 687 -901 384 50 774 306 608 50 -936 -556 -675 143 -494 -31 -330 -882 204 -718 588 -396 -466 -217 -884 -65 -534 -820 -986 245 -348 -982 -986 -404 -62 112 -209 732 934 -760 -48 662 435 -938 33 869 130 361 -419 472 995 -512 121 -812 114 43 -716 867 806 459 -743 -735 770 861 821 660 884 -658 -279 986 53 469 276 -498 -700 270 -238 441 747 485 704 -718 -965 -438 306 265 -117 817 595 996 497 -250 409 865 118 -973 -17 984 -307 -47 -714 -474 -315 -505 508 -805 348 -152 -690 202 118 -792 424 -471 -64 151 707 -923 954 464 668 -277 -133 532 925 -127 200 -990 599 -571 64 -883 -521 828 -70 -731 897 556 354 -622 -681 -156 491 -605 735 69 -378 416 -562 -892 152 569 164 190 340 471 754 -405 -396 -828 57 -406 -443 -734 577 629 660 686 -465 -478 -874 738 -193 978 917 274 -492 557 -162 243 676 -497 -675 234 -766 502 829 48 152 691 -264 -969 -214 353 -585 944 -65 903 63 799 -938 445 -947 -647 -419 -781 -520 -439 -57 -434 415 403 121 362 655 -635 249 765 -814 619 782 669 194 -588 270 -83 700 91 300 765 132 712 -355 183 -664 617 -486 212 741 44 941 911 -774 593 -168 -804 -581 -853 2 -996 114 885 439 48 310 -890 -853 872 528 -588 661 258 195 783 827 -277 -901 -707 -145 993 -359 -396 -16 688 -923 829 -53 -830 432 182 -580 109 935 -620 542 -173 -352 425 -427 15 -100 -793 -621 -134 -987 779 -684 306 -9 663 595 -805 -19 826 -68 -239 -502 585 884 175 878 566 -831 -882 -228 -947 -562 -588 83 -502 -741 -825 881 891 210 805 447 646 -986 -465 345 117 710 -753 90 -360 -29 -768 283 -212 -56 -45 147 -418 -921 -903 -670 670 -587 -21 -472 -690 -423 980 310 -420 -311 636 511 -976 -589 -239 -851 632 -37 633 642 -108 701 -279 779 576 -311 508 936 -27 -743 -167 306 -99 -945 913 706 627 -856 474 496 108 -103 -486 -775 -280 -580 -153 -484 -454 886 -194 -516 -479 650 50 112 -139 115 126 -285 526 -564 -694 -792 -683 -839 696 191 -529 102 847 749 62 -414 425 -544 901 951 366 596 606 718 -254 205 -665 581 -248 -472 629 -301 -402 536 -809 -272 -634 926 748 -986 183 173 431 -516 0 431 18 -360 -22 -367 -880 711 94 -254 -509 484 -36 -67 197 -643 886 -914 611 -361 -838 369 -550 235 -519 859 685 -195 -774 -32 -841 -998 1 732 -873 -676 107 114 0 180 584 971 529 178 227 419 121 213 -331 -896 517 975 194 -624 116 872 -653 210 987 711 244 -726 -927 -172 462 60 757 -180 -406 -436 -716 325 -687 608 128 961 -320 506 200 483 -54 160 867 202 -369 -219 554 -716 884 84 662 -797 187 69 -739 -311 -49 -740 -815 460 -745 -117 479 421 -270 -452 -421 -882 140 -884 563 340 691 -731 -782 -683 -636 -609 -862 689 -995 992
833 -166 -32 914 229 855 333 133 433 -500 -45 -805 -608 -614 119 -676 219 -185 -376 702 126 141 737 83 814 843 327 -674 -230 889 500 976 -999 -238 -264 -16 -463 -93 -300 -785 -93 290 -267 -117 946 815 -709 790 -60 345 663 596 156 -138 -237 -271 -172 182 -395 -200 633 605 -159 -986 -717 -608 -293 924 528 300 879 -652 -448 -794 348 -578 -151 -614 -501 851 -927 944 -173 -350 210 -140 645 966 -324 -166 -444 651 238 -588 320 -809 -323 56 307 685 403 -508 336 -408 -222 960 14 -244 926 86 113 -807 -516 640 86 143 621 82 262 -438 0 -981 342 -231 -799 288 -634 519 -155 -811 -289 583 -853 -644 863 182 480 -150 200 -801 535 -477 707 578 -489 686 42 -411 47 742 251 -16 -713 685 985 950 628 716 -244 70 319 -793 938 877 -69 621 271 -941 -403 136 -150 105 53 -72 326 805 837 -650 -953 945 978 -309 -360 517 -973 695 843 861 -352 208 613 544 -943 537 -598 91 -745 104 47 -962 360 -251 -300 -592 -838 329 169 703 -600 296 845 -142 77 906 -626 239 580 -301 -979 -507 416 -760 4 -224 605 -838 -177 748 105 558 69 -994 893 520 897 -396 605 -981 -604 -608 243 29 -273 873 247 -258 373 232 -120 365 -32 -868 -140 -864 -691 -133 517 363 -558 403 -931 507 -78 891 441 -789 -228 -693 181 771 -808 -267 588 556 101 -387 617 -870 81 304 833 -188 -596 -290 579 293 -32 -753 -13 244 597 -604 -532 149 -729 -462 -508 -359 -211 -917 945 244 324 -504 -814 -17 -927 -562 911 -798 40 293 -745 342 -390 -317 -863 786 67 -60 513 86 234 -434 89 -736 246 264 -201 -868 66 -679 -176 781 -836 -778 233 373 -631 -717 164 -477 701 916 -279 437 768 393 119 208 490 -230 2 876 584 771 -577 -824 -41 306 -506 278 -777 -685 251 -233 -319 52 -437 -309 -52 -381 182 842 357 -286 126 -378 -250 258 -794 -450 704 930 -543 862 -964 51 44 -155 697 -530 175 -963 -827 913 115 -336 -673 -919 -621 869 -313 -629 807 631 602 -295 -561 197 -291 147 396 -291 -251 -142 -360 308 -90 -733 933 405 386 602 -580 -219 320 -13 774 -640 -384 836 29 -524 -497 -65 -714 474 -660 520 -748 -900 420 -126 -104 441 -765 -657 -347 317 -715 977 230 -768 114 320 -709 311 -831 -593 509 -153 -762 -742 280 -589 675 226 -990 230 -11 466 -105 336 506 -690 342 -615 784 251 -315 831 -438 -469 803 996 -400 -713 362 353 -515 398 810 -961 453 184 268 158 -980 851 -953 -102 761 -78 -14 -879 -473 -974 -976 896 -997 371 -107 -224 994 -173 -492 383 769 296 45 -328 -446 -321 -192 -88 184 -217 260 -58 -948 495 -451 395 -982 -64 -843 -882 480 -534 716 -642 362 886 -466 -565 983 -748 388 -923 -237 644 959 -483 320 -60 636 -495 -888 13 -109 -812 601 -947 376 972 -875 -960 -541 -947 207 -265 221 -67 325 127 -443 -216 -535 -430 323 476 -212 -642 543 394 -617 230 -393 481 -294 -514 -882 -524 185 -286 533 -802 -385 -532 -548 593 -776 -365 90 463 -712 148 432 -484 -379 -374 -709 -641 86 -984 439 874 723 -54 -94 -598 -184 460 -217 -698 640 -517 -393 -620 604 448 -881 802 472 -337 -793 -993 390 -264 190 477 49 -209 587 -518 -9 -205 372 -567 -610 -16 -619 259 -972 391 893 -216 652 -985 -824 272 -341 -541 -852 -657 858 -382 -948 -991 383 -428 -864 760 952 -504 -245 -664 890 413 -457 -430 995 589 -395 285 -181 570 -328 -398 523 309 109 855 326 176 659 -408 -786 -33 318 591 603 -278 -549 611 -590 314 -524 -361 -586 -5 504 -146 538 -676 876 581 717 15 993 77 611 -332 373 -572 -428 124 362 937 -395 634 -828 104 -245 631 -245 999 636 876 989 998 473 876 -206 135 -971 -54 -756 -429 84 397 -602 -131 65 -94 930 -980 25 99 215 625 938 86 692 -102 532 -27 713 -700 936 -274 -249 -352 277 982 490 -161 -948 -997 -401 -709 -198 270 -600 -798 -489 -781 878 327 646 -780 -207 200 135 894 264 -627 698 -976 278 -59 -125 895 156 -401 -275 -856 187 853 386 -112 -675 -728 286 462 752 -64 689 -529 245 692 -907 809 -517 -566 -824 999 -145 349 -875 -753 620 187
123 -108 -353 145 787 449 18 350 -280 -405 -11 -234 797 462 224 321 -788 -429 531 -187 581 -597 -198 -672 -57 -747 118 -356 -843 184 755 792 555 -316 -413 -313 -301 449 -266 -101 -195 58 451 -330 153 823 -932 776 -963 913 -692 188 -897 401 -729 -520 755 541 -912 508 61 -368 -743 -737 86 677 835 435 772 178 -592 -551 -624 -263 679 583 918 961 -493 -440 -545 539 570 670 -510 -803 921 573 537 -120 980 -747 1 -951 -521 359 -862 923 -787 687 -425 -240 973 909 -23 162 -485 -147 -800 -879 800 -649 -820 -340 392 6 937 -142 -333 -292 -957 389 -279 604
859 553 -282 -772 217 444 -342 -130 -200 -763 -433 371 -332 -399 -650 -377 -624 766 834 -578 -232 321 -401 78 104 -888 -953 761 0 -359 73 298 793 -392 -478 -88 311 129 804 367 -792 -757 376 185 967 64 427 143 425 965 209 40 -423 906 -118 -126 126 -863 206 526 -328 62 -392 700 -241 610 374 -316 299 262 35 -463 964 220 -931 624 701 -71 -272 -284 -477 881 851 -554 -353 797 -493 -921 266 -367 876 713 -522 -267 700 -500 401 590 304 229 -786 54 676 -280 -43 -540 185 702 155 -103 958 570 179 -864 988 493 -55 -387 199 732 637 -299 -512 172 565 -134 168 -876 174 -341 -44 -770 -488 -32 313 366 -160 -894 655 22 568 -738 124 -930 257 -675 -652 786 -143 448 655 -364 627 246 747 854 126 368 -489 -936 689 -547 -850 649 -943 -534 793 569 -556 -21 889 547 -776 172 285 -548 176 199 -84 -179 932 -836 560 403 674 -280 560 702 850 -701 788 -761 -914 -569 885 -58 182 -241 855 571 289 844 -741 -878 541 379 -514 -166 971 -987 61 -807 773 393 -998 -102 233 -447 -948 509 852 220 -498 471 340 250 745 495 -388 953 -560 -518 -665 -917 -510 -466 -459 626 610 -864 904 -13 254 -130 -349 -163 -804 974 302 30 720 711 396 -540 287 561 239 -475 225 25 -69 -706 -917 429 700 -897 -970 -320 967 342 -955 -580 -696 2 -880 923 836 -513 389 -603 -992 -718 -757 -511 780 457 -414 -793 -138 930 183 950 -524 307 -562 154 376 -518 28 97 -958 -95 -604 -24 198 231 557 817 606 851 -699 -887 796 -478 894 -98 -81 -603 570 -907 7 -456 -171 -766 -899 567 -758 -32 -464 -681 292 484 -931 398 998 951 349 -729 902 -281 429 947 -241 955 -531 99 543 -426 581 -409 319 881 759 -470 -637 -225 -458 656 -883 -349 -533 407 -32 925 760 -182 -455 907 -7 34 -574 -265 215 -182 89 330 802 603 -713 870 198 926 735 -394 914 -896 -279 -991 -525 -240 856 769 -437 -242 -482 -439 -458 -513 955 953 537 -130 -126 479 -409 757 -805 54 786 -396 -20 -497 -303 -737 611 994 -274 -205 663 461 872 -119 72 594 -155 667 -813 709 -870 -624 -648 -157 897 672 306 511 -845 -370 -713 400 -822 674 -609 -695 -921 -784 251 -385 374 -937 -983 513 224 874 -248 216 -350 -476 -880 -845 -974 195 261 849 -166 -134 -94 -477 -864 -33 -111 159 944 874 385 -331 -377 829 998 -674 317 318 -160 -260 -86 -553 -245 -939 -77 745 177 287 644 -234 773 -622 -270 60 23 551 -63 325 -891 -14 837 -687 -852 -107 588 -913 -272 394 574 -648 500 -393 507 454 -207 994 962 730 -892 -552 418 -980 -665 509 -210 -541 638 912 -520 569 -258 -609 493 743 482 -618 -322 -828 -495 123 -741 -333 -338 498 16 399 -578 376 -815 -437 457 -466 493 962 -224 39 37 127 145 -887 123 -454 -329 -91 14 67 -86 742 -22 -290 274 -730 -128 89 107 -406 -589 -797 -741 -739 229 -767 -130 -963 175 686 -815 -780 27 -258 -131 -994 -210 -263 -125 599 465 847 -244 -43 -527 -22 -649 -125 -861 917 879 -803 -767 -820 -634 175 -123 -984 -547 -121 800 391 861 622 -984 740 632 -390 -868 69 826 -828 -110 332 213 682 274 961 526 420 148 -879 741 -201 742 51 -41 -740 450 7 515 477 -650 -365 -220 -211 -421 -54 943 -528 599 261 665 685 184 530 -180 850 416 -259 310 886 -658 -804 -610 422 431 944 876 492 882 584 545 -483 320 334 473 149 738 339 493 -383 -972 -409 -839 -962 -635 17 85 -408 784 978 -570 -248 -643 -787 -642 927 -915 295 593 893 -969 -96 -572 390 -421 -410 693 -29 -730 878 -915 -36 -561 439 992 87 118 247 -416 -529 -533 -560 151 -802 -863 -542 -210 -856 -847 -57 -286 -478 176 -503 396 -77 -857 -944 -978 -772 775 27 -167 207 78 340 -639 206 -938 355 849 -368 -354 379 161 286 -669 -772 666 -371 -936 -261 464 -656 -945 -676 617 -806 597 341 -145 -639 667 -525 -419 309 451 -844 -761 -38 -405 -832 653 296 335 314 -381 837 929 25 103 -288 -239 -553 723 801 106 960 -834 863 48 -311 -736 -947 -985 977 -878 -596 816 -946 127 49 4 113 -247 -222 -324 978 353 -5 -132 -177 -769 986 -595 951 809 998 985 -113 349 -439 -504 -3 567 -59 633 733 -162 998 562 -950 96 -486 92 -697 670 174
982 810 121 -445 747 -933 427 170 -486 -943 468 -850 -32 -40 983 -550 542 -839 243 896 692 904 799 677 588 812 -269 -647 -407 253 -237 167 -326 -3 -963 -51 -757 -630 296 952 -878 314 -613 267 -788 717 -324 144 818 -326 171 -230 687 -244 647 822 921 835 354 -721 286 412 -117 537 -494 -583 931 532 369 -889 -654 804 -678 -691 -957 -66 778 -250 -281 -506 -525 -589 644 -417 937 -68 -717 -739 784 479 -319 -55 -301 850 -342 -258 -72 883 -832 -286 655 -472 -99 979 -974 -910 406 623 613 142 -396 -82 619 771 175 69 -906 394 604 -748 637 841 307 -823 109 -602 -940 296 87 937 845 49 -542 -990 542 753 664 -306 -107 110 -233 -910 -641 -951 817 -932 400 -730 161 602 285 964 436 -764 -98 -535 182 563 6 386 -822 -117 336 862 -361 63 324 236 70 -352 929 102 -691 545 7 -652 199 -732 -520 453 -885 -437 -585 -51 561 -794 -424 702 875 -242 630 690 -978 463 -807 -198 731 442 -744 -150 815 91 -450 -336 -397 -433 280 310 -895 -204 -505 -584 -375 -909 -322 -66 -228 -504 880 976 -218 545 540 -502 899 937 -739 277 -555 971 -147 765 996 -364 829 159 -24 -423 394 -532 917 217 -490 913 -967 -945 760 -793 132 -952 -296 108 57 -924 -432 -294 -874 -946 744 75 234 -136 -666 -96 -797 1 -75 186 328 -116 -768 -101 590 122 -167 258 -836 157 944 -238 -404 532 726 -79 334 229 -859 880 -945 540 -346 -648 -355 -680 823 976 897 720 -309 62 -791 -653 -679 -565 -136 -389 -300 260 -454 -255 -825 19 912 880 200 -285 111 -249 647 -641 364 166 -21 716 -363 -572 620 -63 257 211 415 102 248 -747 296 469 89 -799 -441 -215 -643 -665 38 298 383 -920 -474 799 212 -404 -719 -773 920 -817 394 404 -954 428 359 577 -264 412 -825 186 354 -709 684 -735 -174 -569 562 60 251 -916 -457 -751 -186 -296 -154 -475 -277 47 -915 -659 -220 650 309 308 507 -60 -241 -201 366 715 -564 477 700 -952 -230 509 -98 796 656 845 62 845 23 1 416 -175 838 201 -464 -784 980 -750 241 689 -369 -812 495 390 919 553 -782 995 621 -537 -402 455 213 630 -167 -356 -932 204 -93 -772 668 414 -599 -799 -688 -298 138 -375 316 -876 817 -393 185 469 -992 -808 -167 -522 937 266 -7 -487 658 437 -307 410 689 -535 675 -407 -347 -986 27 43 -432 270 253 -140 -706 994 683 -202 -258 671 -115 828 775 661 92 555 188 -829 198 -273 277 -735 -783 335 -339 627 -870 -842 349 -257 36 -843 -971 241 -510 -863 -962 651 -188 -702 511 -238 -925 -300 -920 -343 537 -41 215 990 -857 -737 224 330 -336 247 -238 -505 -628 487 517 671 629 208 -464 605 -50 -271 577 -222 -467 -973 226 -517 -317 -771 -52 -51 212 -178 -55 419 -836 560 721 -866 -678 976 545 174 761 731 -472 -560 -596 81 -642 -693 360 231 -723 -120 456 -722 -677 135 565 505 804 -372 -905 882 615 -471 -802 943 -281 -258 546 -513 -115 -278 11 92 411 -226 197 148 342 -334 379 878 -356 678 498 -115 -872 -786 -758 -94 977 -847 579 -59 -725 -741 -386 -688 808 451 140 911 628 -41 -820 539 269 -907 529 -464 138 966 761 -994 -600 761 529 200 859 508 -85 846 630 56 -963 -120 -660 -982 -813 258 642 -396 759 -829 -540 728 813 -86 -938 844 -950 -760 -585 653 531 -588 131 532 414 890 665 -28 -263 523 -629 66 376 65 -2 -731 333 -774 -18 -346 729 -978 -730 -454 754 -821 -814 48 976 -580 805 -38 -165 -264 -531 -597 856 -148 -886 -216 776 -933 575 399 -841 116 485 959 554 -584 -932 -458 269 78 -357 347 -221 996 -33 -188 -665 803 -75 804 -789 -646 -949 -462 32 -681 -460 271 -574 -601 -601 -516 -189 -547 -492 838 -256 656 397 621 -283 222 570 -686 -439 550 -325 769 189 -503 799 51 -172 181 -797 -828 604 -127 705 -145 184 -696 754 -677 -64 201 -465 -526 -626 738 -514 -977 -551 68 354 -929 -524 911 239 -436 -202 748 -662 443 -376 256 -381 -366 450 -73 309 279 -58 -51 -500 61 247 302 586 -603 -529 -821 -845 749 -291 369 -602 940 810 -10 783 671 359 -982 328 -331 835 909 872 -918 671 -324 -580 -258 -24 -640 -251 -986 315 -856 966 681 441 -757 528 995 -225 335 -332 964 -973 -274 -576 -271 -297 -787 224 496 366 -7 972 -588 663 305 -261 -579 671 -172 186 526 -481 -127 194 743 -626 -74 681 -660 -913 12 -58 -27 -309 652 -718 624 -515 -66 182 -785 330 122 472 330 42 277 -4 406 -898 369 -96 753 -540 -553 -647 -655 379 149 112 -256 -370 -885 -442 -314 595 -177 107 -536 -620 -805 -330 292 -406 -210 886 952 133 815 -323 192 -958 -660 -120 -645 603 -99 193 -953 -114 -307 -225 -222 120 867 650 -196 -1 -38 -682 -230 -119 -976 -978 -839 -814 -99 -110 319 -508 -103 -894 608 421 171 836 271 -324 397 371 710 -62 -587 -686 136 194 -856 926 623 -143 -612 -452 -69 103
156 -858 -328 677 -691 -477 -4 -269 -443 922 412 356 946 386 -255 574 782 -898 131 -1 -858 -197 -200 856 578 -686 -149 996 149 206 -203 -469 -823 -109 -552 443 -224 -643 -55 804 -442 495 -221 -960 -471 468 -800 645 42 338 -449 -567 -157 634 942 -308 -360 838 -407 584 -901 286 -896 -873 90 632 745 -38 -918 69 -460 -103 -871 -129 -354 776 -800 -126 -392 779 990 329 -656 270 -481 -735 -814 299 880 -630 -110 719 -169 415 -40 295 -532 182 -102 -50 224 -511 -969 37 -954 887 62 348 693 -816 -818 457 696 424 -372 -553 -92 -829 -338 236 942 -187 -278 406 -584 -457 261 843 958 986 619 -504 -418 -735 376 706 863 -385 -806 163 -225 164 201 -398 -49 895 -64 -141 152 -785 243 -248 -647 102 -551 -14 80
737 38 406 555 -173 857 -691 934 -139 49 -634 283 100 680 349 -290 334 -712 129 841 726 -892 253 549 -341 -930 -779 653 51 100 -572 -806 349 -125 -886 394 839 -749 486 364 384 -261 648 -830 -392 -717 -437 808 119 927 400 -812 -986 170 -975 540 296 -513 -1000 -646 -670 -290 -796 -118 -263 561 917 -408 684 934 297 -856 432 -941 -292 275 -439 -712 -548 386 227 598 -643 -600 -686 -847 -770 -545 922 -500 141 725 36 751 286 -484 -379 -977 -741 -960 -478 -833 -652 491 154 732 -616 -266 -541 -539 -507 -85 401 929 54 847 -568 367 238 259 483 46 612 -703 -793 349 221 23 843 595 519 127 -998 -70 123 -202 -858 122 234 909 115 -212 972 -135 258 -953 -5 594 -480 32 810 -724 190 825 -641 884 -831 -231 -838 -2 601 602 956 -953 -262 -47 -978 755 61 -582 -949 -490 754 709 -573 -970 -131 -92 -441 439 -243 -350 -198 421 441 -651 68 349 320 287 133 -141 428 -973 105 449 -483 -787 700 918 738 50 306 -169 587 328 -118 -305 240 -395 -786 187 417 -402 -584 -188 177 195 -633 886 -262 651 62 236 970 917 302 -662 -377 -766 -590 -609 -203 919 -500 -106 15 -666 -169 628 232 784 -493 -674 -94 -160 245 -563 -465 123 639 41 -798 855 -148 363 999 -647 375 836 62 118 715 754 -251 -713 -756 462 578 -114 -25 514 267 -938 -506 627 78 -117 -844 -396 969 -476 -542 -249 -590 -485 199 64 -310 842 499 295 554 -249 518 -595 -763 958 -33 -417 740 686 -50 -323 -173 -778 -655 -874 389 858 85 -727 649 -152 427 -442 277 -163 687 -531 976 181 578 -594 -361 -387 -412 158 -191 397 238 36 -59 424 93 -419 999 -895 -743 104 684 574 -795 401 47 -287 -784 -114 -654 281 -601 673 -603 925 -708 7 764 463 744 734 -894 983 -511 -692 338 -990 978 892 -384 -62 504 980 480 363 781 647 5 159 42 37 362 -747 -49 495 234 -665 970 809 824 613 -853 953 506 -905 -855 -99 221 916 -908 -823 -976 -357 -289 -728 -125 847 -292 84 309 849 399 -665 119 -623 874 -597 -741 -467 505 436 369 407 772 -735 319 396 877 83 -173 -185 15 -587 -89 997 -969 397 -808 118 -84 64 -212 -898 -923 -242 67 -573 698 -667 331 570 91 688 329 134 -234 369 -751 682 -761 -21 -608 408 453 396 438 706 863 354 485 -327 -286 380 -416 9 437 -616 926 -264 147 -176 -727 602 149 637 -660 391 -388 697 -617 -520 975 609 -604 -77 233 329 187 29 -795 675 -271 -871 -947 305 953 614 -679 -1 -462 956 -344 -923 -357 606 550 -957 -697 243 234 -582 -714 114 525 432 622 -669 -167 770 655 174 -657 -860 -468 869 244 -144 -801 79 -679 253 -162 -117 -204 -369 70 -577 23 -918 -710 -832 -590 -168 357 -563 559 978 -992 -194 -533 781 165 -941 921 54 -906 9 829 826 -817 870 -119 -829 145 338 525 -856 -397 -809 -589 292 -55 270 862 -896 622 514 -970 751 -130 606 997 -200 -347 204 830 672 -523 -580 677 293 549 106 -3 67 -812 157 976 438 -659 373 -124 -341 586 134 811 150 -296 -745 -891 175 -543 -270 821 -676 134 477 -856 -371 -953 889 -227 -180 109 554 -517 -24 899 -738 -161 -983 -534 617 29 -12 -49 614 270 -46 -395 -939 -512 885 572 -669 843 -648 -622 -856 -39 -271 812 -954 721 -518 -731 -701 -198 945 -95 -83 -374 -677 -234 -826 -276 609 -295 -261 864 542 530 -628 -995 861 -452 864 677 -810 -661 -749 -835 455 -8 791 -911 866 211 -165 473 -246 -623 690 -975 75 845 423 -614 972 218 -500 -833 75 695 -956 -565 992 -883 431 989 -289 -33 622 13 256 -653 59 888 -340 895 535 94 -727 678 -314 -943 730 116 22
728 929 -782 -707 815 -43 650 -210 535 641 -23 -904 -212 -500 -334 -455 249 -476 -995 157 -857 931 -734 644 255 304 173 447 -537 833 871 64 -580 -63 -129 666 -21 823 640 -105 -921 -946 -349 -858 -283 -878 -749 -737 89 539 416 353 431 -790 939 -128 111 758 764 -726 -219 171 603 152 -828 -880 -380 -767 930 -45 -258 3 -775 993 846 -521 -384 -604 -130 832 -395 -622 -118 -33 126 445 445 -619 -365 890 -433 -441 400 -601 662 -92 -329 -565 342 -362 107 69 -145 647 -280 60 -449 754 -199 -414 -72 368 -671 -888 -708 -639 -262 -868 418 -28 486 236 321 369 -530 320 -487 -86 -874 -779 630 -239 429 420 -242 948 -825 -790 -568 898 78 620 965 319 482 745 165 -691 387 563 685 -10 -418 700 486 -12 581 -383 -557 -4 -637 157 497 -179 49 -939 790 -68 514 -719 519 78 -908 211 638 768 -368 959 -937 -694 733 206 -440 750 421 -974 272 -654 101 -699 -554 915 -991 -106 -116 -299 -265 381 -722 -642 191 251 91 748 -57 106 -272 536 -534 594 -566 -694 586 -625 799 852 -297 59 -654 488 217 -735 -244 -111 628 447 -80 -288 -883 -733 894 -270 590 -827 46 -405 623 -678 -613 -320 678 874 -914 -942 215 825 -97 921 717 -819 827 418 440 -184 445 -546 -971 -527 322 915 95 588 -526 -976 323 841 -390 -98 496 -383 -193 -822 746 -40 -72 364 482 533 -135 -617 -956 740 -867 -513 567 -555 -294 136 55 -215 -48 -183 -28 -463 428 -566 -57 -618 42 490 966 -460 -273 -871 228 896 -452 -472 863 -756 519 -266 -705 -964 -882 -856 224 960 -484 336 16 -403 -713 525 771 -964 564 580 455 -37 -240 710 915 79 88 -612 -286 956 -513 -978 536 -566 977 222 222 257 -650 951 -668 683 398 350 -741 138 591 -500 -550 -329 -575 -502 322 246 -301 -380 -168 -873 -267 -685 968 -57 138 234 -954 677 914 -812 -795 -208 396 380 -384 168 360 -288 -567 32 -416 -209 707 -697 194 264 949 299 121 -189 -56 -253 182 83 324 -355 709 -785 -403 -759 -944 422 -851 -301 755 335 -322 89 -957 524 -322 -88 -158 930 262 639 414 643 -753 -817 450 340 -567 -396 541 86 311 -682 505 -713 -817 -811 893 514 288 -834 69 -145 389 9 -613 -825 -476 390 774 -134 -142 907 442 -544 -744 675 -726 254 -592 222 -999 -238 368 -913 -761 125 -49 -10 -851 970 -169 -641 -606 933 820 329 860 -220 709 386 -555 121 209 750 -782 -23 492 -438 959 -883 582 -648 -994 -887 695 -171 -263 343 855 21 152 -830 -152 877 4 162 -27 624 -90 -592 756 583 -862 503 666 -34 77 759 709 -166 254 -687 -156 -158 -153 843 133 -640 -131 839 -90 931 -811 -714 -215 -771 255 274 555 405 536 -583 -813 -873 426 -825 170 902 -423 157 -786 -791 29 -227 -432 717 14 -797 741 369 -79 818 -481 247 399 818 -366 677 -95 -422 67 268 519 -632 216 -610 -202 -296 -630 -878 -192 -71 633 183 -910 621 -276 -618 500 -973 -591 79 -464 228 301 788 5 124 -918 -145 -126 -59 278 779 509 -478 854 394 29 322 -810 -319 860 788 -335 335 -866 -722 415 291 219 -75 652 576 207 -804 -300 132 -259 -335 779 862 -918 173 975 -358 183 -27 60 -357 437 231 -900 65 -364 276 869 -441 -277 852 -253 430 -668 -972 -199 305 -431 457 248 -827 257 102 -457 -126 505 612 -324 -919 739 -444 -792 406 427 -657 822 -125 606 -910 707 -340 926 -151 183 840 452 -482 676 -376 796 -90 -28 235 284 509 688 -664 577 -197 -562 249 37 301 361 -337 332 -187 738 -487 -321 725 -30 22 974 -212 -246 -388 835 741 -33 -31 -408 -141 -270 58 -20 26 230
798 241 842 544 -116 628 -511 587 -184 264 -946 -208 -417 180 -653 -340 -664 757 -989 -794 -786 -779 478 -269 -619 -969 -221 -339 -857 683 -705 507 792 854 -918 166 -321 -958 966 -590 -358 -716 948 384 -926 -753 -404 933 396 -1000 -938 -811 -875 -95 563 -55 312 620 -448 192 -594 427 849 -625 -488 656 246 461 566 -717 -724 556 -781 -364 770 -668 -740 -328 985 -108 -254 -431 -765 722 -114 106 470 -398 -474 -106 -719 614 677 440 -413 161 -347 -337 167 361 715 -850 76 182 427 -396 92 -108 -974 -531 119 399 574 834 -998 889 561 -247 766 -894 410 903 -511 372 405 -341 598 -203 972 964 168 264 142 586 -253 -175 -315 -20 507 -418 821 196 177 -344 -897 804 -376 210 -514 327 -107 404 -334 -853 -264 -286 -316 -881 312 -748 618 -619 -171 153 700 -629 -332 290 830 798 -745 -332 397 535 244 -370 79 706 -23 -747 -367 707 439 -925 -200 866 -220 466 -916 211 373 -569 229 -847 -905 -557 878 374 -219 184 132 294 -472 654 -537 569 264 -878 507 -916 735 161 739 168 -910 757 -199 324 -822 318 -455 56 701 -563 -102 10 284 -681 -417 68 -988 333 -550 -466 288 901 800 -171 341 862 139 -28 -405 27 -351 555 -352 89 -275 -781 391 383 592 539 -976 -968 -472 150 513 -343 -754 -384 286 287 442 -551 -666 -681 178 -58 -671 927 -290 -910 958 -742 -200 -913 25 -895 978 592 -739 -229 -226 -750 774 -780 -890 545 875 909 -893 -711 880 -760 702 -913 -541 393 32 746 -146 -577 67 -165 262 996 779 870 -200 682 -250 -292 -686 707 709 745 63 811 -600 -809 -932 752 -425 -395 796 -765 998 912 638 -651 554 -339 70 -431 789 -142 18 756 589 -142 733 -488 750 -229 -658 -429 -754 351 -143 -238 158 45 281 -263 518 856 -604 174 559 -54 199 699 719 193 -627 -670 669 -60 232 -517 -573 353 -616 353 64 -707 203 -685 255 331 -48 334 -215 350 -303 -191 429 -102 73 -964 319 640 -222 744 431 786 506 925 -563 -722 291 -753 -558 585 -828 488 234 -133 -953 956 -435 595 115 842 850 686 -572 -314 -4 207 119 -646 149 48 949 -322 542 -936 -857 624 906 217 767 -307 512 634 547 -767 503 -23 508 716 120 907 -953 -706 668 -976 251 22 64 -196 723 603 47 -297 -241 63 707 -381 462 405 158 607 -982 175 -953 -313 585 -692 -655 677 866 -238 -113 -584 -605 118 -778 -597 -509 321 -94 -562 554 -158 746 953 -296 109 77 6 849 -455 -1 -98 765 202 -68 -208 500 -369 131 -242 -752 -495 398 814 394 -525 -60 -915 -355 -626 -62 -506 702 328 876 902 468 900 90 -746 -80 -672 -795 -845 892 476 -955 -890 -64 -186 -47 773 792 856 -662 996 -90 -296 312 954 916 -390 -675 449 -111 217 -546 411 -747 949 770 -822 653 -367 645 -168 406 -878 524 798 -521 582 429 -67 0 271 -29 995 -906 396 303 -966 -135 -988 316 691 986 102 195 832 -796 -302 817 -896 454 418 -565 451 -389 330 -711 652 156 441 218 -333 -947 2 -449 333 -300 -884 -712 -746 557 101 565 -514 723 -76 -837 -706 -263 -32 -1 -775 -964 650 -249 -852 -632 271 965 313 762 -419 -566 230 -990 534 -334 231 598 -726 -967 312 -202 -928 943 983 -515 770 114 -166 971 428 6 -498 -685 349 36 7 -566 138 -700 322 -109 984 272 627 -430 -58 482 589 -566 -891 -348 -255 450 645 -548 10 339 -800 -73 -740 -670 852 983 920 -134 326 -384 -560 53 73 927 435 68 -835 688 180 -672 493 193 -641 -421 925 -247 -370 636 385 66 445 -223 196 -187 267 373 -195 695 15 -577 803 -845 -252 810 330 -658 -282 -737 506 -656 -606 -357 694 174 -35 -422 -327 -501 -120 -348 -90 456 720 505 104 -505 -859 -335 -476 -67 -647 872 449 182 882 593 -763 -101 -415 -79 -497 -92 488 586 918 352 899 -121 197 -983 679 51 -184 -902 771 145 -847 -416 -960 -833 -552 112 884 988 337 -521 -828 -743 -850 -960 -187 716 -215 603 708 -595 833 -91 -597 492
477 -778 -495 844 -71 -485 697 -151 -125 139 -368 927 867 -755 33 -366 13 -129 -182 189 257 -704 96 87 448 -770 292 81 -780 -110 -797 394 895 761 92 -198 496 809 494 881 49 -127 483 976 -233 489 -671 219 -551 -717 -910 -991 -567 951 -260 -60 619 -85 -218 676 -748 -842 305 295 -88 -369 331 -516 408 -436 -302 737 -999 108 95 792 340 315 327 -675 41 -554 492 76 -797 -773 636 904 -636 234 312 293 163 -234 307 -169 577 222 641 75 -678 219 -427 -544 657 704 -675 899 -793 18 535 416 -659 -358 819 155 50 -134 658 194 -693 377 -955 411 698 387 -678 260 299 42 -964 -964 89 195 -674 387 148 -837 768 -62 518 -232 -995 -188 -746 55 254 399 -24 -297 380 -343 -60 -125 104 -553 -481 -838 -78 -296 -694 -197 -998 -349 -804 -661 -833 753 169 467 199 784 -794 -809 665 523 993 -931 876 -629 779 104 -963 801 -835 -628 514 333 -340 -863 -44 113 -95 176 -818 517 219 -979 351 -12 -120 -314 913 -603 687 -529 784 707 -270 -361 650 180 966 64 -865 994 -619 505 974 -951 119 -994 -796 -246 334 598 734 655 507 195 -902 -94 -407 -143 -818 -594 515 135 -875 382 -338 42 979 -203 -979 648 179 658 -839 -815 98 -638 572 -752 594 -512 258 748 -206 -857 543 874 -827 -30 745 309 734 584 22 -794 -719 -52 -196 -249 -402 -575 797 -388 -68 -934 920 790 -518 454 786 918 -142 -531 -7 -821 -142 635 838 713 -328 -295 241 527 651 825 721 176 -411 -723 -689 -441 426 398 359 -256 953 -825 438 -687 465 41 -38 0 -532 -343 286 750 736 893 -545 406 238 -116 -874 -759 699 671 329 -815 -151 -662 451 675 -472 -170 96 -637 108 974 -490 -92 369 -822 740 634 -992 -336 -687 -68 297 -19 676 -801 -600 -24 601 -398 207 84 609 321 -349 132 -727 976 367 -574 -704 -400 -406 -797 -544 336 -558 746 -909 -32 108 -960 -22 -106 -984 -136 -904 312 -897 -684 -385 -118 393 -953 165 859 154 401 760 652 -507 -530 356 -961 -138 -624 -992 -294 -414 31 -631 -893 -477 206 -945 -392 -100 377 -380 485 503 276 401 -852 -758 593 -303 425 523 209 272 981 974 244 163 -224 -238 -137 8 -924 339 459 124 -900 -127 978 782 -79 198 570 -684 956 -372 -238 -855 -289 883 -910 877 293 -35 -934 -76 292 -905 -558 240 -417 961 -562 889 466 -544 35 -53 682
722 863 -390 -475 493 274 -435 -74 -528 165 81 366 102 121 810 21 773 -948 52 88 -402 -942 267 -545 911 -808 -944 -210 -325 673 -902 225 -189 411 182 -459 259 359 -419 881 -26 -49 -518 388 653 -726 246 768 814 644 397 893 -980 -327 -875 -616 676 -630 912 -273 -780 910 496 0 724 317 818 683 309 -12 -313 586 -638 439 -908 -144 -245 -591 363 -480 -659 -515 -220 -601 -466 949 807 -623 -671 722 -926 -404 311 -563 478 412 -875 -851 254 88 -200 -309 -839 519 -637 844 -350 -850 866 741 -950 -394 861 918 -581 -450 -432 746 -469 138 961 -823 980 673 539 539 -549 948 584 -92 -859 332 -248 -262 433 -800 158 -310 530 -818 -227 812 368 849 584 544 -116 469 -857 -472 975 716 -745 614 281 -197 -735 137 394 284 -851 -596 134 -42 817 -511 -616 -458 337 -979 459 -902 138 -657 648 -735 61 -462 81 -749 -549 -231 958 239 -447 875 595 -12 -152 86 257 260 659 -483 -690 -270 -341 801 259 -925 -496 986 -702 -964 140 665 -313 339 338 354 -258 98 -945 -207 198 506 -624 780 676 -956 -602 -859 35 159 -546 262 652 357 -835 294 296 389 52 -976 -775 -745 -713 101 -317 762 155 168 760 -614 -431 -294 320 621 -219 -633 286 -890 -430 761 -837 -982 -668 921 -731 179 -676 -294 715 -563 -97 -117 270 907 -31 726 16 148 504 898 -200 364 -281 -383 526 669 781 584 -202 -173 -24 -384 -1000 -22 402 -203 -801 717 630 -434 60 -277 -242 427 230 578 -49 -184 556 -319 -464 -848 958 -882 963 931 320 52 255 -324 -594 -88 440 -365 -266 902 72 -166 131 -140 1000 -24 250 -211 722 -359 480 -135 -956 -145 -299 456 -430 -404 -905 -466 370 338 53 -905 -56 772 -400 -664 696 435 -405 290 -516 -146 -64 7 -187 -31 -321 -758 -252 929 -821 -322 823 -451 -603 -805 -375 -389 -303 -389 574 -702 443 -60 -858 -177 759 377 -885 76 64 77 -152 846 935 361 -656 139 206 133 -525 430 33 706 -704 -365 79 -716 -413 -972 -1000 121 -31 -439 -457 -724 -373 -773 269 -878 -112 485 944 704 -449 236 -9 -176 253 43 135 68 522 -510 -728 916 -533 -102 898 661 424 -108 -879 -775 -334 -889 637 393 -592 991 -715 -414 614 -353 -319 -313 96 244 -720 -750 -862 464 587 -87 254 379 794 -987 -713 -291 435 -490 355 133 377 -496 471 -47 170 325 273 -620 -689 -695 -891 572 589 -391 920 -659 -766 -15 -837 -917 -266 -226 300 941 -530 -884 -104 856 -645 589 -106 438 30 -71 -250 -183 -712 -415 -797 -747 274 599 996 -937 199 -211 -540 -446 754 -565 -348 -664 -477 40 -865 948 -757 736 563 -852 -310 281 645 601 -227 938 -176 900 475 604 651 23 582 -829 -840 355 322 917 -561 12 156 420 655 818 819 -492 -319 249 -392 99 654 705 39 892 -944 127 459 810 684 375 -170 -560 -63 572 865 -688 508 224 8 -118 436 458 -191 -141 -722 836 -210 605 -414 -218 601 313 -659 189 -729 456 972 -983 405 757 -314 -686 595 -806 35 832 871 83 -740 -698 546 424 -145 -225 -639 151 -334 348 386 -79 900 105 -519 -196 859 562 -398 -148 -757 394 185 239 -249 -57 520 811 589 -502 -251 -35 886 -427 -538 -642 -505 189 -981 -621 -164 -203 877 355 -363 -209 -744 -837 -721 -512 967 985 499 -616 -77 36 920 820 83 71 -28 -565 797 -431 948 -194 416 294 640 -388 -286 180 -401 77 918 781 237 -256 -577 -175 -196 611 -996 90 513 -657 787 -278 842 -606 -946 -919 -45 53 903 265 629 474 -343 508 -881 564 -454 -50 803 -551 -779 -801 -479 684 423 -697 -164 61 -540 -69 -389 -580 -862
928 886 593 762 336 686 -98 81 112 -492 -379 194 816 634 -626 -791 -196 -937 -751 256 -323 654 -288 -940 -668 -275 -750 102 -377 155 -797 191 -461 0 71 -274 -767 -499 768 -814 -634 643 871 781 -706 182 86 -757 -562 -368 789 481 -359 -129 180 -284 -429 864 583 -295 -910 -506 546 -577 -628 769 693 812 -455 -699 927 -328 -175 810 396 -793 360 -403 -575 -374 -581 509 944 -137 656 669 35 -251 -886 -186 8 -6 -612 -399 54 759 -528 -350 -513 -527 986 184 -703 -878 -992 -122 -500 -391 -600 -67 571 -36 -568 197 494 -594 -832 -273 -539 946 970 392 -831 157 570 991 -548 -195 731 734 391 -415 225 333 -690 962 886 676 -325 -508 -623 -10 -32 441 538 -805 127 481 -98 22 77 -148 50 58 -268 550 -209 733 504 307 390 -722 -652 -467 605 -495 33 -733 -633 281 529 -129 920 -245 544 849 -249 -64 231 -330 999 167 -499 912 392 395 -846 217 -817 646 678 -485 -820 -352 794 -550 388 254 406 109 327 842 -556 140 -721 331 683 4 718 -486 899 707 -263 -500 -839 -505 -89 -484 -952 -625 518 -946 -875 233 196 -446 334 213 -774 -129 367 -960 -409 -258 703 -953 742 275 -179 -303 911 -136 -13 63 -48 -26 -340 569 -603 487 -322 458 477 -783 614 -153 626 228 -701 318 412 881 997 940 -67 249 -381 175 -335 -439 -746 -226 880 -407 426 -122 -748 689 97 89 -348 32 -427 -8 109 569 -214 10 555 815 339 -385 -23 -884 844 161 637 176 -319 283 0 -545 -868 -342 -863 275 309 -501 -341 179 -816 37 -445 946 -722 705 -822 515 0 -228 -154 -21 -477 703 330 -327 -145 -124 811 -403 -974 938 542 440 -945 -269 824 -653 -441 929 -951 323 -166 287 -450 -955 178 -384 218 115 -479 -627 225 -284 867 664 14 -880 -745 -796 26 -183 -488 3 486 951 477 -502 178 -752 656 741 448 -717 -464 658 -762 14 369 246 72 -385 -167 766 52 -792 -812 730 547 -698 279 335 738 -940 -20 -840 -244 132 294 589 -284 -85 159 248 963 -461 380 -943 187 398 -834 15 144 454 622 -503 -243 908 20 623 -705 -767 303 579 -470 -691 -759 518 -993 598 358 -488 720 -629 -463 689 464 943 333 -650 -558 789 -302 247 -7 28 -810 -704 81 -487 963 -519 836 109 516 867 -147 -393 552 -148 -219 0 78 -565 252 -159 -662 -221 -535 -914 -428 -919 745 202 -283 -995 854 617 546 -165 -521 176 -594 -857 176 176 92 12 355 -49 -221 -518 372 -86 752 788 -904 73 -538 649 138 -793 347 -198 -697 -536 -667 -450 554 482 550 863 -26 994 -977 766 -531 278 184 911 500 -825 -182 314 167 -97 636 320 401 -761 180 -423 -892 -644 480 -484 -911 951 -143 -448 770 87 -664 5 -894 -121 -567 37 722 313 -296 -162 -513 -461 741 582 321 304 405 -782 645 902 -120 -896 -28 -518 802 -502 292 -180 27 128 549 925 -460 646 -177 916 18 -475 -444 563 -300 159 830 216 400 -890 -387 505 -788 -438 331 112 501 -257 401 -428 -574 -644 532 -753 -197 871 292 591 622 -725 118 -169 805 28 680 -713 -397 265 453 -434 -763 542 -36 -173 307 52 -969 280 -799 -110 -163 183 201 -715 938 923 923 702 -483 75 -93 -49 -155 -787 509 -523 902 -83 -863 165 -471 -21 -514 90 -118 -677 -409 -770 146 -693 86 -769 -749 -573 -132 -439 -638 -626 -396 486 -434 712 82 -945 -373 546 -402 574 134 -914 216 -593 697 -777 -9 -342 -778 43 -284 869 -414 -260 626 -557 -739 -649 -525 527 -870 667 397 390 178 232 920 46 692 550 604 -857 -817 -438 557 720 -242 92 240 245 449 511 698 236 403 129 -87 949 866 -566 200 -748 -218 499 -902 -568 -39 596 299 873 563 -970 -228 -328 -282 366 382 356 -1 655 -654 -770 55 221 -201 579 -117 253 -790 775 861 -149 51 253 -739 558 263 -750 -998 126 -61 987 -393 -133 -493 -663 -885 -389 -516 820 -182 621 490 -371 286 -703 659 -722 914 964 -169 470 -403 634 188 -355 25 817 -35 -120 -104 -33 980 618 279 73 356 -773 523 27 -593 29 -708 -60 344 -465 -735 -515 714 -797 127 -335 47 500 -86 746 -400 579 233 -946 616 408 918 -121 642 -203 441 950 270 -648 110 -568 180 752 -798 368 -737 -921 -252 731 -463 -545 988 -172 -752 618 -565 -412 -806 -601 433 944 -758 -120 75 7 86 535 116 -707 758 945 439 -970 -236 345 -500 -702 596 433 923 987 -244 -472 644 955 862 -58 -395 436 -746 799 -767 -759 493 -827 -723 -534 682 504 -32 312 -287 367 -616 617 897 38 -190 996 -265 -128 497 131 82 -371 -564 237 -57 876 -606 797 796 747 -708 -371 245 350 -632 -308 237 -239 -695
773 -142 378 -765 703 -768 291 617 407 94 -805 -64 61 732 -659 968 385 185 265 998 886 938 -416 43 -522 -990 -575 -22 774 759 -301 -19 570 -543 769 718 -349 -478 138 915 743 602 897 845 810 -488 642 622 128 766 20 126 232 674 -84 909 280 -325 -916 -471 -966 -365 -66 587 -35 -366 844 900 775 -915 -663 22 -100 -251 -176 -883 154 732 -876 -868 255 116 261 452 370 593 738 717 589 273 366 -730 128 523 725 -330 843 101 410 -843 246 686 -987 326 -502 618 19 707 342 536 919 977 -620 -116 67 854 -75 -372 -819 8 -93 -346 -796 551 760 58 907 946 -259 314 37 45 -20 412 498 -513 407 -67 83 712 661 761 734 -512 -921 824 124 -196 -57 268 362 58 -432 901 50 857 308 941 434 627 -48 370 -964 -951 -414 -133 640 -92 466 598 -266 735 -20 -300 554 -862 197 -639 64 -368 689 607 -973 -183 -999 -159 657 -47 -784 -604 977 42 365 -543 -201 -187 -461 752 370 -765 -267 -886 303 637 -915 -433 590 800 -178 -848 254 -133 300 -577 249 361 -116 -427 -951 -388 -248 823 -840 -155 -298 844 412 312 -557 866 -999 -473 -132 -503 633 618 -622 77 -987 395 -176 362 84 401 498 846 -596 -434 -156 423 -775 -666 -508 -657 627 -583 -107 161 -797 -438 610 -422 77 516 246 -253 -133 -607 13 -154 -73 -315 -67 -991 -873 0 183 -540 443 -516 913 -103 -281 637 441 967 39 -699 930 -745 768 751 807 -990 987 919 -728 86 -829 80 743 -855 -14 511 -750 509 -787 -805 905 544 -190 -54 948 671 783 552 4 668 -859 823 183 -448 177 759 648 531 -705 -869 -355 -581 -385 577 -221 563 698 794 516 815 772 -742 841 -534 -332 -656 -395 -566 146 881 643 724 -514 156 0 169 -712 -892 -894 -815 -825 -278 776 926 339 391 491 -588 -308 505 769 420 514 -842 -426 -773 507 -784 -680 -529 -419 353 -269 806 77 880 -246 591 913 592 107 -697 -311 -158 894 246 -744 -522 -117 -27 149 317 -259 -246 -383 -164 -444 -66 -207 833 756 516 655 -171 -542 -283 -844 -842 282 571 -599 -229 -791 -893 86 -509 -457 734 -608 -419 296 821 -759 964 -582 -234 -970 -260 -61 821 -280 -238 186 752 -774 253 -921 531 -21 253 -92 -226 683 198 969 534 533 952 -493 656 -542 882 291 -625 821 480 -736 158 514 -848 747 -52 -54 -574 61 -872 -69 32 927 -223 15 212 -976 127 -244 -604 -44 79 -197 -486 -719 402 -179 -924 -839 190 -523 535 -38 283 -780 -364 724 668 115 -525 -517 -971 -506 -499 748 -51 -128 226 73 334 -826 -131 428 -461 42 147 740 -257 582 34 958 865 11 46 -538 126 354 -951 -920 -431 25 707 941 355 694 897 651 -876 229 949 545 696 -158 733 579 -35 266 -630 955 -756 -112 -310 691 55 914 -563 793 684 -398 858 71 988 -683 -46 -312 890 313 -347 -733 -365 -162 -226 -124 544 321 584 523 179 -374 -511 -59 753 -60 -209 -736 -676 96 -800 -611 -929 205 973 789 430 -11 79 84 -358 634 -964 339 -419 -351 -977 911 712 423 843 -935 825 -737 965 -859 535 584 666 341 925 906 -151 -773 819 515 -833 -787 -147 284 434 579 -116 376 442 583 -181 357 760 332 261 871 236 59 -725 162 476 806 -276 -313 491 177 -744 -780 899 783 -75 950 17 740 -196 335 -536 -232 441 -765 -692 -600 -633 186 247 42 -916 -835 734 -777 -189 -136 118 196 374 -910 -844 -296 616 178 -263 468 -531 -657 770 -249 -824 -299 576 357 31 -456 534 458 -943 -407 -864 -429 439 -104 993 -397 250 -885 -976 681 520 -891 -893 -396 339 -973 -503 -429 -466 -931 478 -965 592 -28 861 829 421 -959 -290 794 598 -540 -611 841 483 -865 878 -986 992 432 915 -668 14 -471 339 -469 -147 -162 -566 36 766 -278 986 -209 16 -735 20 205 18 714 699 -491 -74 319 -23 -344 -618 59 -294 591 -299
927 173 195 580 -964 -688 848 390 -854 -561 -543 491 305 -877 894 258 -756 177 -75 820 766 -511 24 454 736 -215 -983 -422 0 -795 799 -35 617 -895 -644 -170 925 -804 -169 -908 -976 173 -918 292 257 828 -833 -575 -290 956 -664 -262 -296 -806 301 517 -979 -409 233 -831 -158 17 -409 -464 88 -465 -379 698 520 -424 -223 848 -296 -494 -276 -151 -649 421 -843 926 731 -357 -610 957 -799 -755 386 683 746 -604 23 633 -325 51 586 44 -281 785 -72 -829 5 300 243 318 318 784 850 555 462 696 -257 694 -441 946 -378 -308 -907 352 213 -115 350 -460 239 -505 26 142 131 257 -249 -982 596 -182 391 744 604 625 -531 878 864 931 -618 -346 259 644 980 583 435 -255 339 672 359 -141 623 -286 181 136 680 -737 368 821 -640 -25 341 -468 -313 966 -942 374 -312 -647 -31 -892 779 -96 300 469 543 852 529 -986 -785 -674 -449 -951 -453 396 726 -81 845 -314 512 -455 318 510 -487 -362 543 -62 903 431 950 52 -506 119 558 672 -615 513 -130 -131 695 857 -797 -766 -819 -757 -100 475 948 149 -723 406 -10 968 654 -64 -64 322 -397 630 -548 -109 -35 681 479 951 -912 392 -378 -501 -19 518 -983 888 518 950 923 -267 -730 612 538 -445 -117 757 -950 371 735 -538 279 -934 684 -98 731 686 -496 -775 602 -601 -518 -772 -103 27 670 911 -124 -435 -266 355 678 404 200 -965 -747 323 -975 -30 -502 786 766 -657 -256 857 -653 381 648 -757 205 -213 -377 -171 955 -815 -364 177 105 878 784 -832 -231 201 -886 -171 75 472 813 -622 672 966 460 -926 -344 -859 -412 -332 623 -102 294 -911 579 72 -680 515 734 448 -625 746 -402 -864 51 -522 281 -285 -408 -694 -30 -643 -857 -115 -509 486 244 501 899 -596 949 429 369 -909 -640 -190 -505 53 73 972 512 -71 771 -932 326 -201 981 776 206 -606 54 -336 -568 -186 -179 -998 489 -398 333 -313 -624 862 -975 -612 218 727 -444 69 778 396 291 -724 -295 514 -199 523 353 -819 -216 -36 -192 363 -679 276 498 -480 615 -912 -996 561 -988 -156 -504 524 -218 838 258 -593 371 -631 -588 -762 -410 -724 442 905 -539 943 191 56 887 329 280 766 -449 -352 754 567 -709 -861 -974 997 -963 -728 456 122 -417 43 -657 402 -114 -329 -43 -144 -953 158 994 -640 793 -571 235 598 995 -140 839 -845 -24 170 -263 -369 -323 -248 789 -668 576 66 -703 437 -953 687 -106 935 -185 -168 423 -182 -325 789 687 468 1 -381 210 -331 -133 -897 -621 -3 -822 -894 529 675 585 225 -839 201 592 106 -196 774 -286 -459 407 -818 977 490 876 900 403 755 -3 -91 -891 542 -507 918 303 -301 622 641 570 -291 289 -647 -295 -223 188 764 -734 99 -570 484 345 299 -314 -418 -928 694 903 15 -893 643 379 -565 966 952 -361 354 -8 29 -37 -342 -657 -606 803 -871 -966 -703 -913 463 -677 -151 846 495 -17 -931 -487 -697 -125 -822 -679 733 -637 -252 191 -427 -409 -430 140 -968 665 -999 647 -102 305 860 199 -228 -164 -423 -756 772 -591 292 665 171 -893 791 87 619 927 -197 100 -121 456 453 306 -418 -376 843 -24 -446 287 350 -155 -22 291 804 -692 -622 119 998 -347 22 167 164 31 247 -827 107 267 -115 -178 107 -706 113 -240 605 -790 693 -247 501 -518 635 416 486 97 -549 276 -781 190 146 458 -494 -663 -962 373 355 300 -318 -37 825 -824 767 -921 -231 589 -482 892 905 862 -302 -631 -566 -772 892 635 126 -710 706 -836 758 961 944 62 -173 -26 963 574 835 335 -347 -420 -976 -368 810 280 -941 717 224 -32 -1 -405 -36 978 -729 -839 758 -782 -797 905 661 -636 -204 400 -289 -443 -287 231 -431 708 -891 -782 -564 11 -910 211 -13 652 -750 539 -121 -212 449 -187 369 465 372 358 332 57 -37 -44 -701 145 687 655 813 917 -305 246 768 924 -66 -119 -597 971 -967 518 350 -739 234 -7 -723 -173 -810 -920 -372 -488 -740 -2 815 -305 656 -66 -230 -52 -130 601 335 -236 -972 672 -496 474 -846 899 -709 -874 934 -634 -910 -31 272 264 -285 602 -608 826 -675 -351 -860 906 -823 470 -148 12 388 198 -815 -486 384 397 -38 726 -213 -154 781 -6 -651 -669 19 -850 -219 -327 435 220 -968 -416 -615 344 766 -576 924 234 -262 -88 266 -995 953 611 -506 -311 712 -665 -573 -546 261 -87 -23 -320 377 -341 994 571 753 -112 397 782 -371 -313 -840 -638 -94 -850 933 -46 832 201 278 626 293 -983 837 927 -246 943 569 988 -151 55 341 -176 687 -927 79 911 -518 -548 -493 289 555 -224 147 181 -12 446 -533 296 832 -435 -443 -370 -710 691 149 123 143 -361 -686 728 304 913 -72
758 916 -170 936 169 -391 -355 748 -120 -754 -170 986 -684 147 -201 -721 949 -847 -532 696 -146 -915 -67 609 30 693 -621 -875 912 504 -859 223 804 -43 788 -203 876 -792 -59 -701 845 -91 -161 -473 92 532 -788 237 499 106 -104 305 -891 -74 459 576 -646 -119 -273 900 977 952 -876 -466 4 172 -222 -284 534 495 348 350 91 522 -376 849 423 -395 -390 -764 -168 -17 651 487 -446 -741 64 -687 447 -646 881 -808 -538 281 893 -769 -854 999 69 -780 8 95 -830 440 -840 -912 950 -98 145 69 223 -832 -443 450 -655 749 -722 688 694 887 445 495 -548 910 -62 -416 624 -689 969 -329 496 338 721 -929 630 379 141 989 -624 228 -627 419 -467 70 -631 -458 -901 -824 -83 689 452 65 178 763 -989 -332 877 -607 -710 259 477 529 -527 -862 -717 -554 -446 508 571 686 -50 -264 -12 288 -717 -786 739 -119 -450 105 821 724 -441 -595 351 936 420 707 237 -729 -614 -31 -694 -363 751 -571 -111 -63 241 892 551 673 -792 202 -163 915 403 -951 998 571 288 -882 664 -125 -983 -218 72 376 646 297 813 -111 -805 -50 -121 489 770 -53 456 -174 480 906 -663 -236 143 477 340 -862 776 897 324 664 -726 -979 260 689 -678 -366 -426 -626 -311 -945 170 -245 885 -414 -552 361 -8 596 -413 763 -716 942 896 819 -423 18 -339 987 567 427 203 -47 -58 -661 -903 122 -445 180 -112 123 -807 -208 -137 622 943 591 -583 -830 -506 287 -114 -779 796 299 982 -145 -791 -579 -346 -807 -605 223 -664 -639 -363 726 776 -139 769 233 645 364 682 253 -3 796 -911 -399 560 -949 268 884 -827 -318 -244 48 508 230 824 502 -44 -785 837 549 -679 -831 -897 -538 445 -673 -170 -158 -385 -166 436 628 782 -482 -839 283 802 -158 -478 113 851 904 -839 617 -864 891 619 -602 -873 -657 -811 -298 -569 770 591 -860 630 -418 -28 -56 -301 993 -847 -88 -193 704 492 -17 84 369 560 527 -863 -551 174 794 691 -308 -604 582 861 507 946 203 769 -552 -400 338 -320 263 716 -47 -9 -142 678 -705 807 -11 -781 884 296 188 492 853 -124 275 824 783 69 702 142 -289 850 508 -755 0 591 763 983 851 -595 -977 -618 837 -697 169 -211 -388 307 -498 -670 -475 -499 826 -429 977 736 285 -871 -826 202 -586 409 -403 -118 266 -985 898 958 651 -747 -968 -292 397 836 -573 262 306 -627 -177 -488 592 455 -524 114 600 581 596 -837 795 414 -783 -557 -999 -999 -167 260 113 463 -858 -303 -555 416 55 -354 338 257 -402 -703 500 -691 404 876 86 219 -749 -562 -645 -771 559 -714 366 -686 222 -311 298 299 699 -534 -483 -461 -183 277 -511 -703 -403 -785 -928 3 -800 967 -623 -958 -368 -599 -429 -726 954 429 -97 -39 -649 -750 550 -903 -617 -826 -947 -476 676 455 -930 617 451 -470 -352 439 535 477 648 828 497 -128 984 -275 759 654 557 411 -215 -849 -535 -917 -598 526 213 -42 -346 571 -459 -543 195 117 910 -547 -204 928 192 823 95 144 -127 233 593 -159 -456 760 -272 890 -963 -448 -784 -875 514 889 -237 855 27 971 521 -909 -432 -144 563 889 519 -919 -630 555 654 -314 900 -994 715 -377 929 -597 -233 -360 356 532 956 970 398 -834 -902 -315 -638 -324 929 179 -819 -659 891 -321 -694 827 -386 142 -586 912 409 928 881 31 -482 -377 354 -12 -741 726 -154 -287 -988 -195 -749 -446 242 70 -554 -947 519 334 -388 881 774 126 623 -657 -747 71 -11 -660 138 -841 -44 123 -794 -263 959 -74 -623 611 498 -811 -477 990 682 -306 -886 633 314 -309 214 -841 761 -230 838 -292 6 -145 813 598 -525 -498 -32 76 773 835 912 -860 -18 961 514 661 -798 694 773 981 624 57 495 -369 625 -453 -245 421 523 453 -228 366 558 13 -264 540 -646 265 977 82 770 626 709 169
