30
30 -102 -102 -102 1 0 3 -1 5 -2 7 -2 9 -3 11 -4 13 -4 15 -5 17 -6 19 -6 21 -102 -102 -102 -102 -102 -102
30 -102 -102 1 0 3 -1 5 -2 7 -2 9 -3 11 -4 13 -4 15 -5 17 -6 19 -6 21 -102 -102 -102 -102 -102 -102 -102
30 -102 1 0 3 -1 5 -2 7 -2 9 -3 11 -4 13 -4 15 -5 17 -6 19 -6 21 -102 -102 -102 -102 -102 -102 -102 -102
30 1 0 3 -1 5 -2 7 -2 9 -3 11 -4 13 -4 15 -5 17 -6 19 -6 21 -102 -102 -102 -102 -102 -102 -102 -102 -102
30 0 3 -1 5 -2 7 -2 9 -3 11 -4 13 -4 15 -5 17 -6 19 -6 21 -102 -102 -102 -102 -102 -102 -102 -102 -102 1
30 3 -1 5 -2 7 -2 9 -3 11 -4 13 -4 15 -5 17 -6 19 -6 21 -102 -102 -102 -102 -102 -102 -102 -102 -102 1 0
30 -1 5 -2 7 -2 9 -3 11 -4 13 -4 15 -5 17 -6 19 -6 21 -102 -102 -102 -102 -102 -102 -102 -102 -102 1 0 3
30 5 -2 7 -2 9 -3 11 -4 13 -4 15 -5 17 -6 19 -6 21 -102 -102 -102 -102 -102 -102 -102 -102 -102 1 0 3 -1
30 -2 7 -2 9 -3 11 -4 13 -4 15 -5 17 -6 19 -6 21 -102 -102 -102 -102 -102 -102 -102 -102 -102 1 0 3 -1 5
30 7 -2 9 -3 11 -4 13 -4 15 -5 17 -6 19 -6 21 -102 -102 -102 -102 -102 -102 -102 -102 -102 1 0 3 -1 5 -2
30 -2 9 -3 11 -4 13 -4 15 -5 17 -6 19 -6 21 -102 -102 -102 -102 -102 -102 -102 -102 -102 1 0 3 -1 5 -2 7
30 9 -3 11 -4 13 -4 15 -5 17 -6 19 -6 21 -102 -102 -102 -102 -102 -102 -102 -102 -102 1 0 3 -1 5 -2 7 -2
30 -3 11 -4 13 -4 15 -5 17 -6 19 -6 21 -102 -102 -102 -102 -102 -102 -102 -102 -102 1 0 3 -1 5 -2 7 -2 9
30 11 -4 13 -4 15 -5 17 -6 19 -6 21 -102 -102 -102 -102 -102 -102 -102 -102 -102 1 0 3 -1 5 -2 7 -2 9 -3
30 -4 13 -4 15 -5 17 -6 19 -6 21 -102 -102 -102 -102 -102 -102 -102 -102 -102 1 0 3 -1 5 -2 7 -2 9 -3 11
30 13 -4 15 -5 17 -6 19 -6 21 -102 -102 -102 -102 -102 -102 -102 -102 -102 1 0 3 -1 5 -2 7 -2 9 -3 11 -4
30 -4 15 -5 17 -6 19 -6 21 -102 -102 -102 -102 -102 -102 -102 -102 -102 1 0 3 -1 5 -2 7 -2 9 -3 11 -4 13
30 15 -5 17 -6 19 -6 21 -102 -102 -102 -102 -102 -102 -102 -102 -102 1 0 3 -1 5 -2 7 -2 9 -3 11 -4 13 -4
30 -5 17 -6 19 -6 21 -102 -102 -102 -102 -102 -102 -102 -102 -102 1 0 3 -1 5 -2 7 -2 9 -3 11 -4 13 -4 15
30 17 -6 19 -6 21 -102 -102 -102 -102 -102 -102 -102 -102 -102 1 0 3 -1 5 -2 7 -2 9 -3 11 -4 13 -4 15 -5
30 -6 19 -6 21 -102 -102 -102 -102 -102 -102 -102 -102 -102 1 0 3 -1 5 -2 7 -2 9 -3 11 -4 13 -4 15 -5 17
30 19 -6 21 -102 -102 -102 -102 -102 -102 -102 -102 -102 1 0 3 -1 5 -2 7 -2 9 -3 11 -4 13 -4 15 -5 17 -6
30 -6 21 -102 -102 -102 -102 -102 -102 -102 -102 -102 1 0 3 -1 5 -2 7 -2 9 -3 11 -4 13 -4 15 -5 17 -6 19
30 21 -102 -102 -102 -102 -102 -102 -102 -102 -102 1 0 3 -1 5 -2 7 -2 9 -3 11 -4 13 -4 15 -5 17 -6 19 -6
30 -102 -102 -102 -102 -102 -102 -102 -102 -102 1 0 3 -1 5 -2 7 -2 9 -3 11 -4 13 -4 15 -5 17 -6 19 -6 21
30 -102 -102 -102 -102 -102 -102 -102 -102 1 0 3 -1 5 -2 7 -2 9 -3 11 -4 13 -4 15 -5 17 -6 19 -6 21 -102
30 -102 -102 -102 -102 -102 -102 -102 1 0 3 -1 5 -2 7 -2 9 -3 11 -4 13 -4 15 -5 17 -6 19 -6 21 -102 -102
30 -102 -102 -102 -102 -102 -102 1 0 3 -1 5 -2 7 -2 9 -3 11 -4 13 -4 15 -5 17 -6 19 -6 21 -102 -102 -102
30 -102 -102 -102 -102 -102 1 0 3 -1 5 -2 7 -2 9 -3 11 -4 13 -4 15 -5 17 -6 19 -6 21 -102 -102 -102 -102
30 -102 -102 -102 -102 1 0 3 -1 5 -2 7 -2 9 -3 11 -4 13 -4 15 -5 17 -6 19 -6 21 -102 -102 -102 -102 -102
