20
20 -344 238 38 237 946 -223 -761 -311 453 -70 -542 -204 50 -788 -180 -745 60 893 356 640
20 238 38 237 946 -223 -761 -311 453 -70 -542 -204 50 -788 -180 -745 60 893 356 640 -344
20 38 237 946 -223 -761 -311 453 -70 -542 -204 50 -788 -180 -745 60 893 356 640 -344 238
20 237 946 -223 -761 -311 453 -70 -542 -204 50 -788 -180 -745 60 893 356 640 -344 238 38
20 946 -223 -761 -311 453 -70 -542 -204 50 -788 -180 -745 60 893 356 640 -344 238 38 237
20 -223 -761 -311 453 -70 -542 -204 50 -788 -180 -745 60 893 356 640 -344 238 38 237 946
20 -761 -311 453 -70 -542 -204 50 -788 -180 -745 60 893 356 640 -344 238 38 237 946 -223
20 -311 453 -70 -542 -204 50 -788 -180 -745 60 893 356 640 -344 238 38 237 946 -223 -761
20 453 -70 -542 -204 50 -788 -180 -745 60 893 356 640 -344 238 38 237 946 -223 -761 -311
20 -70 -542 -204 50 -788 -180 -745 60 893 356 640 -344 238 38 237 946 -223 -761 -311 453
20 -542 -204 50 -788 -180 -745 60 893 356 640 -344 238 38 237 946 -223 -761 -311 453 -70
20 -204 50 -788 -180 -745 60 893 356 640 -344 238 38 237 946 -223 -761 -311 453 -70 -542
20 50 -788 -180 -745 60 893 356 640 -344 238 38 237 946 -223 -761 -311 453 -70 -542 -204
20 -788 -180 -745 60 893 356 640 -344 238 38 237 946 -223 -761 -311 453 -70 -542 -204 50
20 -180 -745 60 893 356 640 -344 238 38 237 946 -223 -761 -311 453 -70 -542 -204 50 -788
20 -745 60 893 356 640 -344 238 38 237 946 -223 -761 -311 453 -70 -542 -204 50 -788 -180
20 60 893 356 640 -344 238 38 237 946 -223 -761 -311 453 -70 -542 -204 50 -788 -180 -745
20 893 356 640 -344 238 38 237 946 -223 -761 -311 453 -70 -542 -204 50 -788 -180 -745 60
20 356 640 -344 238 38 237 946 -223 -761 -311 453 -70 -542 -204 50 -788 -180 -745 60 893
20 640 -344 238 38 237 946 -223 -761 -311 453 -70 -542 -204 50 -788 -180 -745 60 893 356
