668.715186009709 134.059389824063 66.5551927897743
121.357692030555 82.3591561286694 45.8602015692614
684.864950190912 123.469591398044 59.0928070886172
139.902282520139 66.8658363346466 60.6287562438779
709.625253214681 120.249490643412 52.8325371293744
900.597579388264 135.079976310333 52.2228500208266
59.7384128187358 76.7701014365376 58.541595331665
78.8895643573089 45.2667760816079 40.4175294655662
42.9195588951567 29.9443308689947 35.3051199742649
778.403494339536 142.087930521913 65.4231853336685
789.511241211929 130.047837352261 56.8326174845539
189.571004471281 81.5310852366917 61.9601895871556
644.164575244557 128.224646616787 64.8816754672583
1009.92078897308 141.326430649047 48.6116517455307
217.956917901802 102.87013226699 49.2345749234187
585.299923116346 129.063472756625 68.2087153217274
82.2843716168588 82.0985637751725 80.9329054530585
908.414002534087 138.592856958791 55.9451104930691
31.6888987086939 41.2395999342831 76.8131135150443
415.692193816531 129.44296041114 75.4361088425541
687.912785169748 116.772856435047 49.0947065224026
241.545026858348 90.0169983947476 72.1036339937809
934.055672858958 139.228445369472 54.5103863033888
878.038723519641 132.8095629087 51.1984645864939
248.080632053371 84.3922982267932 68.4443517835823
222.137922100473 86.1951923791841 54.8105425158612
437.629980691451 113.276122815005 68.99890573234
709.098018612378 137.669604488427 66.3862486713021
581.498065345019 119.513011843899 63.4940217891042
587.128606014049 118.109356106957 62.1662439800018
548.277302101774 123.945391201125 67.7774129525072
312.537997689881 92.4895669792004 67.1033010398578
524.991428501457 120.981486186937 67.6360048264614
1090.59249951574 153.504462475851 57.3799816993263
265.902237673924 101.684512095009 74.8489812838551
360.449719101014 97.2462852760968 65.7990117134931
13.3530799726641 17.185101298482 30.8064969658641
361.801050302511 99.2433373078515 66.9430535779182
624.265968958744 117.859916850471 59.0740223439768
1188.5419639205 156.039802614589 53.3592936905742
1000.54385211244 150.666320058598 60.0715290154199
283.527776417056 119.01949420158 78.4387670743907
212.834674997027 68.5098676229869 7.37147677538429
755.790976394929 141.048502296196 65.9051574478894
815.646982462389 130.949914089319 55.5276159558187
163.34399418595 98.0951078005495 65.6765313035108
428.149506597871 121.386243042612 72.6211957221348
1016.28736093686 146.707668511227 56.0579483151681
414.114264174921 109.425454060571 63.2012257036245
24.9249407047636 55.379277190227 70.267023696514
856.639947702651 136.596559253885 57.8697346400655
64.8502697036347 49.68509662812 69.5150344922032
877.687871626354 139.369293605155 58.7783528506063
862.480144698995 141.742301378241 61.3099209696461
645.374309993821 121.467032564396 60.4418750625019
1040.27496365144 157.479141475943 62.3067603889879
253.36140195381 77.2300459665796 61.7738691341136
571.384283998081 129.291299011186 68.9418053766788
751.595635963914 124.182607477859 53.5074643616631
752.207418203251 131.024806811535 60.3604702388247
573.634029673973 111.530623597288 57.6027930966701
187.293958375636 77.4906257777939 55.0200823387266
675.304375818786 125.75261428694 61.5432891214628
585.402425686809 109.488903547346 53.3217455444007
716.491451449353 124.340500240268 57.2988298976759
811.894081761901 127.303259973969 50.3019824678285
510.058820137443 113.966837281729 64.8014220220857
275.593904141583 75.3005976071903 53.759981106565
783.683609628273 142.36382967594 65.3274138492451
389.204316522826 109.488903547346 70.2159236863088
861.078393643691 142.914030102016 62.0957147560553
409.488074117908 93.9185514459733 45.6185667268233
1034.03288148879 153.120540751396 60.0415400809416
228.394395728091 100.030995196489 76.6976591553018
233.379198085273 126.682831079462 21.7566508891891
281.936162987298 82.6302608007502 62.944148776403
390.640499692492 109.846711375444 70.2830425207465
870.135621613091 133.986193318565 54.0082123833435
592.270208604147 116.352051980186 60.4333838967908
229.364338989303 105.936962388016 78.180064739226
773.682105260294 125.518365190119 52.7650909109224
346.733326924309 111.178235280112 73.3037875320471
403.757352874223 116.520556126376 72.1527101918656
208.956124873485 110.685299061276 65.8197141958796
254.41698056537 81.3138364609616 65.4896510559308
242.93190204053 114.179875975203 60.7994992080524
200.58913230781 99.0454441153151 78.1740709122753
993.281430411341 146.104620050154 57.0423985910483
808.277180180166 127.687979073991 51.7147963270194
121.574302069392 61.0489762703798 50.960385312047
492.990872126452 109.757368773126 63.2952303982162
113.113519083503 68.9737877324845 58.0051335688702
367.929341042543 96.6391225125725 64.6897421133361
567.802782663136 123.231002592692 66.4056720420905
409.306730948808 115.165619869821 71.3681850263719
751.95744560447 122.832324735796 51.0425069191778
22.5681108506915 50.178010843849 59.6524190678841
484.949481905074 125.205351323336 71.3155143058937
573.745588218332 123.310583487388 66.1207917170431
140.767268425253 77.787354950322 71.2229340913961
