100
-744 728 1
869 -137 2
-330 725 1
-482 -132 1
-479 -900 1
-687 852 2
682 283 3
-381 675 3
189 -367 3
-107 12 1
354 -587 2
638 -315 2
-810 375 1
-570 -30 2
-251 190 1
-830 -534 2
-446 -252 2
255 -622 3
187 743 3
846 -650 1
-629 -700 3
646 -363 2
127 479 3
939 102 3
-617 -318 2
-605 -428 3
-496 -822 3
545 127 2
99 264 1
811 -759 1
212 -114 1
676 -920 3
676 33 3
788 -41 2
234 -242 3
39 966 2
255 1 2
48 -475 1
-571 -19 3
-791 656 2
64 -496 1
-46 597 2
-336 806 3
-70 682 1
-80 594 3
-824 -461 3
-22 954 3
541 214 2
-744 -110 2
813 60 2
-405 223 1
652 959 2
-923 -840 2
-405 146 1
-201 712 3
16 -259 3
164 -678 2
160 591 3
958 519 2
-569 -986 2
606 -616 1
-317 71 2
931 17 3
996 -752 2
-649 416 1
-759 289 2
10 -305 3
641 388 1
701 341 3
-310 407 3
7 374 2
53 978 3
-912 -176 3
968 439 3
-842 -296 3
105 -299 2
-317 295 1
-808 922 2
-51 339 2
786 -512 1
-308 222 1
488 295 1
266 709 1
876 576 1
-309 122 3
-416 637 3
542 454 3
-420 -774 1
-85 272 1
607 -282 1
680 -110 3
-679 -751 2
258 429 1
654 766 3
109 -311 3
-718 447 2
-663 675 3
-153 -716 3
-1 197 2
472 610 3
