100
-881 -263 3
108 92 2
-843 245 3
-207 723 2
-948 -786 3
-544 736 1
924 -454 1
984 717 2
235 -470 3
86 52 3
-262 203 2
613 -734 1
-12 591 1
-959 316 1
-337 -193 2
189 517 2
-331 354 2
583 914 2
205 272 1
42 67 3
-815 798 3
-52 -200 3
-844 -620 3
-926 128 1
810 833 2
-513 -685 1
784 959 1
-14 242 3
-582 -411 2
-18 879 3
-144 272 1
-706 479 1
865 869 2
-276 519 2
711 -268 2
-497 -608 2
78 828 2
115 13 2
173 46 1
573 595 2
907 842 1
-748 -371 1
10 -812 3
-377 -304 1
-694 -459 2
-559 655 1
-505 370 1
-372 245 2
-137 102 3
-853 -352 2
295 33 2
787 188 1
-850 -449 3
523 -889 2
106 -891 1
-356 -279 1
720 -901 1
762 58 1
507 591 3
-584 207 1
67 26 3
-956 -421 2
362 -700 2
-819 578 2
-840 469 2
462 988 3
485 -810 1
957 739 3
911 501 1
205 493 2
-219 -443 2
-859 721 3
-955 -823 1
411 -298 2
-426 -443 2
472 658 3
-351 -307 3
457 225 1
-792 -859 3
-811 262 2
702 527 2
158 297 1
794 984 3
-268 -556 3
953 555 2
-635 317 1
-115 -711 1
31 -871 3
-512 -681 1
522 -992 2
440 959 2
-290 238 1
694 709 2
-360 699 1
892 -925 1
446 776 1
862 486 2
512 -796 3
130 -323 3
-566 83 1
