851
-996.9 656.0
-997.1 993.2
-997.1 993.5
-996.4 993.5
-996.4 993.2
-996.4 -987.2
-996.4 -987.3
-955.1 -987.3
-955.1 -987.2
-955.1 -671.0
-955.1 993.2
-955.1 993.5
-954.4 993.5
-954.4 993.2
-954.4 -987.2
-954.4 -987.3
-953.1 -987.3
-953.1 -987.2
-953.3 -141.0
-953.1 993.2
-953.1 993.5
-952.4 993.5
-952.4 993.2
-952.4 -987.2
-952.4 -987.3
-949.1 -987.3
-949.1 -987.2
-948.9 321.0
-949.1 993.2
-949.1 993.5
-948.4 993.5
-948.4 993.2
-948.4 -987.2
-948.4 -987.3
-926.1 -987.3
-926.1 -987.2
-926.1 913.0
-926.1 993.2
-926.1 993.5
-925.4 993.5
-925.4 993.2
-925.4 -987.2
-925.4 -987.3
-923.1 -987.3
-923.1 -987.2
-923.3 -482.0
-923.1 993.2
-923.1 993.5
-922.4 993.5
-922.4 993.2
-922.4 -987.2
-922.4 -987.3
-852.1 -987.3
-852.1 -987.2
-851.9 31.0
-852.1 993.2
-852.1 993.5
-851.4 993.5
-851.4 993.2
-851.4 -987.2
-851.4 -987.3
-844.1 -987.3
-844.1 -987.2
-844.3 -562.0
-844.1 993.2
-844.1 993.5
-843.4 993.5
-843.4 993.2
-843.4 -987.2
-843.4 -987.3
-820.1 -987.3
-820.1 -987.2
-820.3 390.0
-820.3 881.0
-820.1 993.2
-820.1 993.5
-819.4 993.5
-819.4 993.2
-819.4 -987.2
-819.4 -987.3
-801.1 -987.3
-801.1 -987.2
-800.9 4.0
-801.1 993.2
-801.1 993.5
-800.4 993.5
-800.4 993.2
-800.4 -987.2
-800.4 -987.3
-786.1 -987.3
-786.1 -987.2
-786.3 -541.0
-786.1 993.2
-786.1 993.5
-785.4 993.5
-785.4 993.2
-785.4 -987.2
-785.4 -987.3
-764.1 -987.3
-764.1 -987.2
-764.3 -975.0
-764.1 993.2
-764.1 993.5
-763.4 993.5
-763.4 993.2
-763.4 -987.2
-763.4 -987.3
-740.1 -987.3
-740.1 -987.2
-739.9 427.0
-740.1 993.2
-740.1 993.5
-739.4 993.5
-739.4 993.2
-739.4 -987.2
-739.4 -987.3
-715.1 -987.3
-715.1 -987.2
-715.1 -561.0
-715.1 993.2
-715.1 993.5
-714.4 993.5
-714.4 993.2
-714.4 -987.2
-714.4 -987.3
-683.1 -987.3
-683.1 -987.2
-683.1 644.0
-683.1 993.2
-683.1 993.5
-682.4 993.5
-682.4 993.2
-682.4 -987.2
-682.4 -987.3
-678.1 -987.3
-678.1 -987.2
-678.1 557.0
-678.1 993.2
-678.1 993.5
-677.4 993.5
-677.4 993.2
-677.4 -987.2
-677.4 -987.3
-676.1 -987.3
-676.1 -987.2
-675.9 99.0
-676.1 993.2
-676.1 993.5
-675.4 993.5
-675.4 993.2
-675.4 -987.2
-675.4 -987.3
-670.1 -987.3
-670.1 -987.2
-670.1 824.0
-670.1 993.2
-670.1 993.5
-669.4 993.5
-669.4 993.2
-669.4 -987.2
-669.4 -987.3
-651.1 -987.3
-651.1 -987.2
-650.9 -553.0
-651.1 993.2
-651.1 993.5
-650.4 993.5
-650.4 993.2
-650.4 -987.2
-650.4 -987.3
-649.1 -987.3
-649.1 -987.2
-649.1 64.0
-649.1 993.2
-649.1 993.5
-648.4 993.5
-648.4 993.2
-648.4 -987.2
-648.4 -987.3
-616.1 -987.3
-616.1 -987.2
-616.1 -259.0
-616.1 993.2
-616.1 993.5
-615.4 993.5
-615.4 993.2
-615.4 -987.2
-615.4 -987.3
-597.1 -987.3
-597.1 -987.2
-597.1 -264.0
-597.1 34.0
-597.1 993.2
-597.1 993.5
-596.4 993.5
-596.4 993.2
-596.4 -987.2
-596.4 -987.3
-592.1 -987.3
-592.1 -987.2
-592.1 -924.0
-592.1 993.2
-592.1 993.5
-591.4 993.5
-591.4 993.2
-591.4 -987.2
-591.4 -987.3
-574.1 -987.3
-574.1 -987.2
-574.1 111.0
-574.1 993.2
-574.1 993.5
-573.4 993.5
-573.4 993.2
-573.4 -987.2
-573.4 -987.3
-468.1 -987.3
-468.1 -987.2
-468.3 70.0
-468.1 993.2
-468.1 993.5
-467.4 993.5
-467.4 993.2
-467.4 -987.2
-467.4 -987.3
-432.1 -987.3
-432.1 -987.2
-431.9 958.0
-432.1 993.2
-432.1 993.5
-431.4 993.5
-431.4 993.2
-431.4 -987.2
-431.4 -987.3
-410.1 -987.3
-410.1 -987.2
-410.3 829.0
-410.1 993.2
-410.1 993.5
-409.4 993.5
-409.4 993.2
-409.4 -987.2
-409.4 -987.3
-403.1 -987.3
-403.1 -987.2
-402.9 -180.0
-403.1 993.2
-403.1 993.5
-402.4 993.5
-402.4 993.2
-402.4 -987.2
-402.4 -987.3
-400.1 -987.3
-400.1 -987.2
-399.9 -701.0
-400.1 993.2
-400.1 993.5
-399.4 993.5
-399.4 993.2
-399.4 -987.2
-399.4 -987.3
-399.1 -987.3
-399.1 -987.2
-399.1 278.0
-399.1 993.2
-399.1 993.5
-398.4 993.5
-398.4 993.2
-398.4 -987.2
-398.4 -987.3
-382.1 -987.3
-382.1 -987.2
-381.9 578.0
-382.1 993.2
-382.1 993.5
-381.4 993.5
-381.4 993.2
-381.4 -987.2
-381.4 -987.3
-372.1 -987.3
-372.1 -987.2
-372.1 -482.0
-372.1 993.2
-372.1 993.5
-371.4 993.5
-371.4 993.2
-371.4 -987.2
-371.4 -987.3
-363.1 -987.3
-363.1 -987.2
-363.3 503.0
-363.1 993.2
-363.1 993.5
-362.4 993.5
-362.4 993.2
-362.4 -987.2
-362.4 -987.3
-354.1 -987.3
-354.1 -987.2
-354.1 -841.0
-354.1 993.2
-354.1 993.5
-353.4 993.5
-353.4 993.2
-353.4 -987.2
-353.4 -987.3
-353.1 -987.3
-353.1 -987.2
-352.9 967.0
-353.1 993.2
-353.1 993.5
-352.4 993.5
-352.4 993.2
-352.4 -987.2
-352.4 -987.3
-286.1 -987.3
-286.1 -987.2
-286.1 -844.0
-286.1 993.2
-286.1 993.5
-285.4 993.5
-285.4 993.2
-285.4 -987.2
-285.4 -987.3
-254.1 -987.3
-254.1 -987.2
-254.1 584.0
-254.1 993.2
-254.1 993.5
-253.4 993.5
-253.4 993.2
-253.4 -987.2
-253.4 -987.3
-235.1 -987.3
-235.1 -987.2
-234.9 95.0
-235.1 993.2
-235.1 993.5
-234.4 993.5
-234.4 993.2
-234.4 -987.2
-234.4 -987.3
-181.1 -987.3
-181.1 -987.2
-181.1 367.0
-181.1 993.2
-181.1 993.5
-180.4 993.5
-180.4 993.2
-180.4 -987.2
-180.4 -987.3
-164.1 -987.3
-164.1 -987.2
-163.9 -831.0
-164.1 993.2
-164.1 993.5
-163.4 993.5
-163.4 993.2
-163.4 -987.2
-163.4 -987.3
-147.1 -987.3
-147.1 -987.2
-146.9 -468.0
-147.1 993.2
-147.1 993.5
-146.4 993.5
-146.4 993.2
-146.4 -987.2
-146.4 -987.3
-142.1 -987.3
-142.1 -987.2
-142.1 342.0
-142.1 993.2
-142.1 993.5
-141.4 993.5
-141.4 993.2
-141.4 -987.2
-141.4 -987.3
-139.1 -987.3
-139.1 -987.2
-138.9 -925.0
-139.3 -48.0
-139.1 993.2
-139.1 993.5
-138.4 993.5
-138.4 993.2
-138.4 -987.2
-138.4 -987.3
-87.1 -987.3
-87.1 -987.2
-87.3 981.0
-87.1 993.2
-87.1 993.5
-86.4 993.5
-86.4 993.2
-86.4 -987.2
-86.4 -987.3
-58.1 -987.3
-58.1 -987.2
-58.3 129.0
-58.1 993.2
-58.1 993.5
-57.4 993.5
-57.4 993.2
-57.4 -987.2
-57.4 -987.3
-39.1 -987.3
-39.1 -987.2
-39.1 350.0
-39.1 993.2
-39.1 993.5
-38.4 993.5
-38.4 993.2
-38.4 -987.2
-38.4 -987.3
-16.1 -987.3
-16.1 -987.2
-16.3 37.0
-16.1 993.2
-16.1 993.5
-15.4 993.5
-15.4 993.2
-15.4 -987.2
-15.4 -987.3
-12.1 -987.3
-12.1 -987.2
-12.1 13.0
-12.1 993.2
-12.1 993.5
-11.4 993.5
-11.4 993.2
-11.4 -987.2
-11.4 -987.3
-3.1 -987.3
-3.1 -987.2
-2.9 449.0
-3.1 993.2
-3.1 993.5
-2.4 993.5
-2.4 993.2
-2.4 -987.2
-2.4 -987.3
51.9 -987.3
51.9 -987.2
51.7 -826.0
51.7 928.0
51.9 993.2
51.9 993.5
52.6 993.5
52.6 993.2
52.6 -987.2
52.6 -987.3
85.9 -987.3
85.9 -987.2
86.1 717.0
85.9 993.2
85.9 993.5
86.6 993.5
86.6 993.2
86.6 -987.2
86.6 -987.3
157.9 -987.3
157.9 -987.2
157.7 -405.0
157.9 993.2
157.9 993.5
158.6 993.5
158.6 993.2
158.6 -987.2
158.6 -987.3
180.9 -987.3
180.9 -987.2
181.1 132.0
180.9 993.2
180.9 993.5
181.6 993.5
181.6 993.2
181.6 -987.2
181.6 -987.3
214.9 -987.3
214.9 -987.2
214.9 -851.0
214.9 993.2
214.9 993.5
215.6 993.5
215.6 993.2
215.6 -987.2
215.6 -987.3
218.9 -987.3
218.9 -987.2
219.1 -554.0
218.9 993.2
218.9 993.5
219.6 993.5
219.6 993.2
219.6 -987.2
219.6 -987.3
225.9 -987.3
225.9 -987.2
226.1 -446.0
225.9 993.2
225.9 993.5
226.6 993.5
226.6 993.2
226.6 -987.2
226.6 -987.3
240.9 -987.3
240.9 -987.2
241.1 993.0
240.9 993.2
240.9 993.5
241.6 993.5
241.6 993.2
241.6 -987.2
241.6 -987.3
246.9 -987.3
246.9 -987.2
246.7 -335.0
246.9 993.2
246.9 993.5
247.6 993.5
247.6 993.2
247.6 -987.2
247.6 -987.3
273.9 -987.3
273.9 -987.2
273.9 622.0
273.9 993.2
273.9 993.5
274.6 993.5
274.6 993.2
274.6 -987.2
274.6 -987.3
285.9 -987.3
285.9 -987.2
285.7 100.0
285.9 993.2
285.9 993.5
286.6 993.5
286.6 993.2
286.6 -987.2
286.6 -987.3
298.9 -987.3
298.9 -987.2
299.1 830.0
298.9 993.2
298.9 993.5
299.6 993.5
299.6 993.2
299.6 -987.2
299.6 -987.3
308.9 -987.3
308.9 -987.2
309.1 -308.0
308.9 993.2
308.9 993.5
309.6 993.5
309.6 993.2
309.6 -987.2
309.6 -987.3
321.9 -987.3
321.9 -987.2
322.1 294.0
321.9 993.2
321.9 993.5
322.6 993.5
322.6 993.2
322.6 -987.2
322.6 -987.3
374.9 -987.3
374.9 -987.2
374.7 439.0
374.9 993.2
374.9 993.5
375.6 993.5
375.6 993.2
375.6 -987.2
375.6 -987.3
403.9 -987.3
403.9 -987.2
403.9 863.0
403.9 993.2
403.9 993.5
404.6 993.5
404.6 993.2
404.6 -987.2
404.6 -987.3
404.9 -987.3
404.9 -987.2
404.7 589.0
404.9 993.2
404.9 993.5
405.6 993.5
405.6 993.2
405.6 -987.2
405.6 -987.3
406.9 -987.3
406.9 -987.2
406.7 881.0
406.9 993.2
406.9 993.5
407.6 993.5
407.6 993.2
407.6 -987.2
407.6 -987.3
412.9 -987.3
412.9 -987.2
413.1 48.0
412.9 497.0
412.9 993.2
412.9 993.5
413.6 993.5
413.6 993.2
413.6 -987.2
413.6 -987.3
430.9 -987.3
430.9 -987.2
431.1 -987.0
430.9 993.2
430.9 993.5
431.6 993.5
431.6 993.2
431.6 -987.2
431.6 -987.3
463.9 -987.3
463.9 -987.2
463.9 -588.0
463.9 993.2
463.9 993.5
464.6 993.5
464.6 993.2
464.6 -987.2
464.6 -987.3
477.9 -987.3
477.9 -987.2
477.9 38.0
477.9 993.2
477.9 993.5
478.6 993.5
478.6 993.2
478.6 -987.2
478.6 -987.3
480.9 -987.3
480.9 -987.2
481.1 -694.0
480.9 993.2
480.9 993.5
481.6 993.5
481.6 993.2
481.6 -987.2
481.6 -987.3
580.9 -987.3
580.9 -987.2
581.1 -614.0
580.9 993.2
580.9 993.5
581.6 993.5
581.6 993.2
581.6 -987.2
581.6 -987.3
583.9 -987.3
583.9 -987.2
583.9 -886.0
583.9 993.2
583.9 993.5
584.6 993.5
584.6 993.2
584.6 -987.2
584.6 -987.3
599.9 -987.3
599.9 -987.2
599.9 548.0
599.9 993.2
599.9 993.5
600.6 993.5
600.6 993.2
600.6 -987.2
600.6 -987.3
613.9 -987.3
613.9 -987.2
613.9 -252.0
613.9 993.2
613.9 993.5
614.6 993.5
614.6 993.2
614.6 -987.2
614.6 -987.3
638.9 -987.3
638.9 -987.2
638.9 -878.0
638.9 993.2
638.9 993.5
639.6 993.5
639.6 993.2
639.6 -987.2
639.6 -987.3
654.9 -987.3
654.9 -987.2
654.7 228.0
654.9 993.2
654.9 993.5
655.6 993.5
655.6 993.2
655.6 -987.2
655.6 -987.3
665.9 -987.3
665.9 -987.2
666.1 550.0
665.9 993.2
665.9 993.5
666.6 993.5
666.6 993.2
666.6 -987.2
666.6 -987.3
684.9 -987.3
684.9 -987.2
684.7 -503.0
684.9 993.2
684.9 993.5
685.6 993.5
685.6 993.2
685.6 -987.2
685.6 -987.3
685.9 -987.3
685.9 -987.2
685.9 -281.0
685.9 993.2
685.9 993.5
686.6 993.5
686.6 993.2
686.6 -987.2
686.6 -987.3
734.9 -987.3
734.9 -987.2
734.7 -823.0
734.9 993.2
734.9 993.5
735.6 993.5
735.6 993.2
735.6 -987.2
735.6 -987.3
757.9 -987.3
757.9 -987.2
757.7 -728.0
757.7 -272.0
757.9 993.2
757.9 993.5
758.6 993.5
758.6 993.2
758.6 -987.2
758.6 -987.3
772.9 -987.3
772.9 -987.2
772.7 -400.0
772.9 993.2
772.9 993.5
773.6 993.5
773.6 993.2
773.6 -987.2
773.6 -987.3
780.9 -987.3
780.9 -987.2
781.1 282.0
780.9 993.2
780.9 993.5
781.6 993.5
781.6 993.2
781.6 -987.2
781.6 -987.3
790.9 -987.3
790.9 -987.2
791.1 -684.0
790.9 993.2
790.9 993.5
791.6 993.5
791.6 993.2
791.6 -987.2
791.6 -987.3
799.9 -987.3
799.9 -987.2
799.7 -609.0
799.9 993.2
799.9 993.5
800.6 993.5
800.6 993.2
800.6 -987.2
800.6 -987.3
802.9 -987.3
802.9 -987.2
802.7 38.0
802.9 993.2
802.9 993.5
803.6 993.5
803.6 993.2
803.6 -987.2
803.6 -987.3
805.9 -987.3
805.9 -987.2
806.1 -454.0
805.9 993.2
805.9 993.5
806.6 993.5
806.6 993.2
806.6 -987.2
806.6 -987.3
807.9 -987.3
807.9 -987.2
807.7 578.0
807.9 993.2
807.9 993.5
808.6 993.5
808.6 993.2
808.6 -987.2
808.6 -987.3
883.9 -987.3
883.9 -987.2
883.7 833.0
883.9 993.2
883.9 993.5
884.6 993.5
884.6 993.2
884.6 -987.2
884.6 -987.3
887.9 -987.3
887.9 -987.2
887.9 -280.0
887.9 993.2
887.9 993.5
888.6 993.5
888.6 993.2
888.6 -987.2
888.6 -987.3
889.9 -987.3
889.9 -987.2
889.9 -328.0
889.9 993.2
889.9 993.5
890.6 993.5
890.6 993.2
890.6 -987.2
890.6 -987.3
897.9 -987.3
897.9 -987.2
897.9 -205.0
897.9 993.2
897.9 993.5
898.6 993.5
898.6 993.2
898.6 -987.8
-997.1 -987.8
-997.1 -987.2
851
-996.7 656.0
-996.9 993.2
-996.9 993.3
-996.6 993.3
-996.6 993.2
-996.6 -987.2
-996.6 -987.5
-954.9 -987.5
-954.9 -987.2
-954.9 -671.0
-954.9 993.2
-954.9 993.3
-954.6 993.3
-954.6 993.2
-954.6 -987.2
-954.6 -987.5
-952.9 -987.5
-952.9 -987.2
-953.1 -141.0
-952.9 993.2
-952.9 993.3
-952.6 993.3
-952.6 993.2
-952.6 -987.2
-952.6 -987.5
-948.9 -987.5
-948.9 -987.2
-948.7 321.0
-948.9 993.2
-948.9 993.3
-948.6 993.3
-948.6 993.2
-948.6 -987.2
-948.6 -987.5
-925.9 -987.5
-925.9 -987.2
-925.9 913.0
-925.9 993.2
-925.9 993.3
-925.6 993.3
-925.6 993.2
-925.6 -987.2
-925.6 -987.5
-922.9 -987.5
-922.9 -987.2
-923.1 -482.0
-922.9 993.2
-922.9 993.3
-922.6 993.3
-922.6 993.2
-922.6 -987.2
-922.6 -987.5
-851.9 -987.5
-851.9 -987.2
-851.7 31.0
-851.9 993.2
-851.9 993.3
-851.6 993.3
-851.6 993.2
-851.6 -987.2
-851.6 -987.5
-843.9 -987.5
-843.9 -987.2
-844.1 -562.0
-843.9 993.2
-843.9 993.3
-843.6 993.3
-843.6 993.2
-843.6 -987.2
-843.6 -987.5
-819.9 -987.5
-819.9 -987.2
-820.1 390.0
-820.1 881.0
-819.9 993.2
-819.9 993.3
-819.6 993.3
-819.6 993.2
-819.6 -987.2
-819.6 -987.5
-800.9 -987.5
-800.9 -987.2
-800.7 4.0
-800.9 993.2
-800.9 993.3
-800.6 993.3
-800.6 993.2
-800.6 -987.2
-800.6 -987.5
-785.9 -987.5
-785.9 -987.2
-786.1 -541.0
-785.9 993.2
-785.9 993.3
-785.6 993.3
-785.6 993.2
-785.6 -987.2
-785.6 -987.5
-763.9 -987.5
-763.9 -987.2
-764.1 -975.0
-763.9 993.2
-763.9 993.3
-763.6 993.3
-763.6 993.2
-763.6 -987.2
-763.6 -987.5
-739.9 -987.5
-739.9 -987.2
-739.7 427.0
-739.9 993.2
-739.9 993.3
-739.6 993.3
-739.6 993.2
-739.6 -987.2
-739.6 -987.5
-714.9 -987.5
-714.9 -987.2
-714.9 -561.0
-714.9 993.2
-714.9 993.3
-714.6 993.3
-714.6 993.2
-714.6 -987.2
-714.6 -987.5
-682.9 -987.5
-682.9 -987.2
-682.9 644.0
-682.9 993.2
-682.9 993.3
-682.6 993.3
-682.6 993.2
-682.6 -987.2
-682.6 -987.5
-677.9 -987.5
-677.9 -987.2
-677.9 557.0
-677.9 993.2
-677.9 993.3
-677.6 993.3
-677.6 993.2
-677.6 -987.2
-677.6 -987.5
-675.9 -987.5
-675.9 -987.2
-675.7 99.0
-675.9 993.2
-675.9 993.3
-675.6 993.3
-675.6 993.2
-675.6 -987.2
-675.6 -987.5
-669.9 -987.5
-669.9 -987.2
-669.9 824.0
-669.9 993.2
-669.9 993.3
-669.6 993.3
-669.6 993.2
-669.6 -987.2
-669.6 -987.5
-650.9 -987.5
-650.9 -987.2
-650.7 -553.0
-650.9 993.2
-650.9 993.3
-650.6 993.3
-650.6 993.2
-650.6 -987.2
-650.6 -987.5
-648.9 -987.5
-648.9 -987.2
-648.9 64.0
-648.9 993.2
-648.9 993.3
-648.6 993.3
-648.6 993.2
-648.6 -987.2
-648.6 -987.5
-615.9 -987.5
-615.9 -987.2
-615.9 -259.0
-615.9 993.2
-615.9 993.3
-615.6 993.3
-615.6 993.2
-615.6 -987.2
-615.6 -987.5
-596.9 -987.5
-596.9 -987.2
-596.9 -264.0
-596.9 34.0
-596.9 993.2
-596.9 993.3
-596.6 993.3
-596.6 993.2
-596.6 -987.2
-596.6 -987.5
-591.9 -987.5
-591.9 -987.2
-591.9 -924.0
-591.9 993.2
-591.9 993.3
-591.6 993.3
-591.6 993.2
-591.6 -987.2
-591.6 -987.5
-573.9 -987.5
-573.9 -987.2
-573.9 111.0
-573.9 993.2
-573.9 993.3
-573.6 993.3
-573.6 993.2
-573.6 -987.2
-573.6 -987.5
-467.9 -987.5
-467.9 -987.2
-468.1 70.0
-467.9 993.2
-467.9 993.3
-467.6 993.3
-467.6 993.2
-467.6 -987.2
-467.6 -987.5
-431.9 -987.5
-431.9 -987.2
-431.7 958.0
-431.9 993.2
-431.9 993.3
-431.6 993.3
-431.6 993.2
-431.6 -987.2
-431.6 -987.5
-409.9 -987.5
-409.9 -987.2
-410.1 829.0
-409.9 993.2
-409.9 993.3
-409.6 993.3
-409.6 993.2
-409.6 -987.2
-409.6 -987.5
-402.9 -987.5
-402.9 -987.2
-402.7 -180.0
-402.9 993.2
-402.9 993.3
-402.6 993.3
-402.6 993.2
-402.6 -987.2
-402.6 -987.5
-399.9 -987.5
-399.9 -987.2
-399.7 -701.0
-399.9 993.2
-399.9 993.3
-399.6 993.3
-399.6 993.2
-399.6 -987.2
-399.6 -987.5
-398.9 -987.5
-398.9 -987.2
-398.9 278.0
-398.9 993.2
-398.9 993.3
-398.6 993.3
-398.6 993.2
-398.6 -987.2
-398.6 -987.5
-381.9 -987.5
-381.9 -987.2
-381.7 578.0
-381.9 993.2
-381.9 993.3
-381.6 993.3
-381.6 993.2
-381.6 -987.2
-381.6 -987.5
-371.9 -987.5
-371.9 -987.2
-371.9 -482.0
-371.9 993.2
-371.9 993.3
-371.6 993.3
-371.6 993.2
-371.6 -987.2
-371.6 -987.5
-362.9 -987.5
-362.9 -987.2
-363.1 503.0
-362.9 993.2
-362.9 993.3
-362.6 993.3
-362.6 993.2
-362.6 -987.2
-362.6 -987.5
-353.9 -987.5
-353.9 -987.2
-353.9 -841.0
-353.9 993.2
-353.9 993.3
-353.6 993.3
-353.6 993.2
-353.6 -987.2
-353.6 -987.5
-352.9 -987.5
-352.9 -987.2
-352.7 967.0
-352.9 993.2
-352.9 993.3
-352.6 993.3
-352.6 993.2
-352.6 -987.2
-352.6 -987.5
-285.9 -987.5
-285.9 -987.2
-285.9 -844.0
-285.9 993.2
-285.9 993.3
-285.6 993.3
-285.6 993.2
-285.6 -987.2
-285.6 -987.5
-253.9 -987.5
-253.9 -987.2
-253.9 584.0
-253.9 993.2
-253.9 993.3
-253.6 993.3
-253.6 993.2
-253.6 -987.2
-253.6 -987.5
-234.9 -987.5
-234.9 -987.2
-234.7 95.0
-234.9 993.2
-234.9 993.3
-234.6 993.3
-234.6 993.2
-234.6 -987.2
-234.6 -987.5
-180.9 -987.5
-180.9 -987.2
-180.9 367.0
-180.9 993.2
-180.9 993.3
-180.6 993.3
-180.6 993.2
-180.6 -987.2
-180.6 -987.5
-163.9 -987.5
-163.9 -987.2
-163.7 -831.0
-163.9 993.2
-163.9 993.3
-163.6 993.3
-163.6 993.2
-163.6 -987.2
-163.6 -987.5
-146.9 -987.5
-146.9 -987.2
-146.7 -468.0
-146.9 993.2
-146.9 993.3
-146.6 993.3
-146.6 993.2
-146.6 -987.2
-146.6 -987.5
-141.9 -987.5
-141.9 -987.2
-141.9 342.0
-141.9 993.2
-141.9 993.3
-141.6 993.3
-141.6 993.2
-141.6 -987.2
-141.6 -987.5
-138.9 -987.5
-138.9 -987.2
-138.7 -925.0
-139.1 -48.0
-138.9 993.2
-138.9 993.3
-138.6 993.3
-138.6 993.2
-138.6 -987.2
-138.6 -987.5
-86.9 -987.5
-86.9 -987.2
-87.1 981.0
-86.9 993.2
-86.9 993.3
-86.6 993.3
-86.6 993.2
-86.6 -987.2
-86.6 -987.5
-57.9 -987.5
-57.9 -987.2
-58.1 129.0
-57.9 993.2
-57.9 993.3
-57.6 993.3
-57.6 993.2
-57.6 -987.2
-57.6 -987.5
-38.9 -987.5
-38.9 -987.2
-38.9 350.0
-38.9 993.2
-38.9 993.3
-38.6 993.3
-38.6 993.2
-38.6 -987.2
-38.6 -987.5
-15.9 -987.5
-15.9 -987.2
-16.1 37.0
-15.9 993.2
-15.9 993.3
-15.6 993.3
-15.6 993.2
-15.6 -987.2
-15.6 -987.5
-11.9 -987.5
-11.9 -987.2
-11.9 13.0
-11.9 993.2
-11.9 993.3
-11.6 993.3
-11.6 993.2
-11.6 -987.2
-11.6 -987.5
-2.9 -987.5
-2.9 -987.2
-2.7 449.0
-2.9 993.2
-2.9 993.3
-2.6 993.3
-2.6 993.2
-2.6 -987.2
-2.6 -987.5
52.1 -987.5
52.1 -987.2
51.9 -826.0
51.9 928.0
52.1 993.2
52.1 993.3
52.4 993.3
52.4 993.2
52.4 -987.2
52.4 -987.5
86.1 -987.5
86.1 -987.2
86.3 717.0
86.1 993.2
86.1 993.3
86.4 993.3
86.4 993.2
86.4 -987.2
86.4 -987.5
158.1 -987.5
158.1 -987.2
157.9 -405.0
158.1 993.2
158.1 993.3
158.4 993.3
158.4 993.2
158.4 -987.2
158.4 -987.5
181.1 -987.5
181.1 -987.2
181.3 132.0
181.1 993.2
181.1 993.3
181.4 993.3
181.4 993.2
181.4 -987.2
181.4 -987.5
215.1 -987.5
215.1 -987.2
215.1 -851.0
215.1 993.2
215.1 993.3
215.4 993.3
215.4 993.2
215.4 -987.2
215.4 -987.5
219.1 -987.5
219.1 -987.2
219.3 -554.0
219.1 993.2
219.1 993.3
219.4 993.3
219.4 993.2
219.4 -987.2
219.4 -987.5
226.1 -987.5
226.1 -987.2
226.3 -446.0
226.1 993.2
226.1 993.3
226.4 993.3
226.4 993.2
226.4 -987.2
226.4 -987.5
241.1 -987.5
241.1 -987.2
241.3 993.0
241.1 993.2
241.1 993.3
241.4 993.3
241.4 993.2
241.4 -987.2
241.4 -987.5
247.1 -987.5
247.1 -987.2
246.9 -335.0
247.1 993.2
247.1 993.3
247.4 993.3
247.4 993.2
247.4 -987.2
247.4 -987.5
274.1 -987.5
274.1 -987.2
274.1 622.0
274.1 993.2
274.1 993.3
274.4 993.3
274.4 993.2
274.4 -987.2
274.4 -987.5
286.1 -987.5
286.1 -987.2
285.9 100.0
286.1 993.2
286.1 993.3
286.4 993.3
286.4 993.2
286.4 -987.2
286.4 -987.5
299.1 -987.5
299.1 -987.2
299.3 830.0
299.1 993.2
299.1 993.3
299.4 993.3
299.4 993.2
299.4 -987.2
299.4 -987.5
309.1 -987.5
309.1 -987.2
309.3 -308.0
309.1 993.2
309.1 993.3
309.4 993.3
309.4 993.2
309.4 -987.2
309.4 -987.5
322.1 -987.5
322.1 -987.2
322.3 294.0
322.1 993.2
322.1 993.3
322.4 993.3
322.4 993.2
322.4 -987.2
322.4 -987.5
375.1 -987.5
375.1 -987.2
374.9 439.0
375.1 993.2
375.1 993.3
375.4 993.3
375.4 993.2
375.4 -987.2
375.4 -987.5
404.1 -987.5
404.1 -987.2
404.1 863.0
404.1 993.2
404.1 993.3
404.4 993.3
404.4 993.2
404.4 -987.2
404.4 -987.5
405.1 -987.5
405.1 -987.2
404.9 589.0
405.1 993.2
405.1 993.3
405.4 993.3
405.4 993.2
405.4 -987.2
405.4 -987.5
407.1 -987.5
407.1 -987.2
406.9 881.0
407.1 993.2
407.1 993.3
407.4 993.3
407.4 993.2
407.4 -987.2
407.4 -987.5
413.1 -987.5
413.1 -987.2
413.3 48.0
413.1 497.0
413.1 993.2
413.1 993.3
413.4 993.3
413.4 993.2
413.4 -987.2
413.4 -987.5
431.1 -987.5
431.1 -987.2
431.3 -987.0
431.1 993.2
431.1 993.3
431.4 993.3
431.4 993.2
431.4 -987.2
431.4 -987.5
464.1 -987.5
464.1 -987.2
464.1 -588.0
464.1 993.2
464.1 993.3
464.4 993.3
464.4 993.2
464.4 -987.2
464.4 -987.5
478.1 -987.5
478.1 -987.2
478.1 38.0
478.1 993.2
478.1 993.3
478.4 993.3
478.4 993.2
478.4 -987.2
478.4 -987.5
481.1 -987.5
481.1 -987.2
481.3 -694.0
481.1 993.2
481.1 993.3
481.4 993.3
481.4 993.2
481.4 -987.2
481.4 -987.5
581.1 -987.5
581.1 -987.2
581.3 -614.0
581.1 993.2
581.1 993.3
581.4 993.3
581.4 993.2
581.4 -987.2
581.4 -987.5
584.1 -987.5
584.1 -987.2
584.1 -886.0
584.1 993.2
584.1 993.3
584.4 993.3
584.4 993.2
584.4 -987.2
584.4 -987.5
600.1 -987.5
600.1 -987.2
600.1 548.0
600.1 993.2
600.1 993.3
600.4 993.3
600.4 993.2
600.4 -987.2
600.4 -987.5
614.1 -987.5
614.1 -987.2
614.1 -252.0
614.1 993.2
614.1 993.3
614.4 993.3
614.4 993.2
614.4 -987.2
614.4 -987.5
639.1 -987.5
639.1 -987.2
639.1 -878.0
639.1 993.2
639.1 993.3
639.4 993.3
639.4 993.2
639.4 -987.2
639.4 -987.5
655.1 -987.5
655.1 -987.2
654.9 228.0
655.1 993.2
655.1 993.3
655.4 993.3
655.4 993.2
655.4 -987.2
655.4 -987.5
666.1 -987.5
666.1 -987.2
666.3 550.0
666.1 993.2
666.1 993.3
666.4 993.3
666.4 993.2
666.4 -987.2
666.4 -987.5
685.1 -987.5
685.1 -987.2
684.9 -503.0
685.1 993.2
685.1 993.3
685.4 993.3
685.4 993.2
685.4 -987.2
685.4 -987.5
686.1 -987.5
686.1 -987.2
686.1 -281.0
686.1 993.2
686.1 993.3
686.4 993.3
686.4 993.2
686.4 -987.2
686.4 -987.5
735.1 -987.5
735.1 -987.2
734.9 -823.0
735.1 993.2
735.1 993.3
735.4 993.3
735.4 993.2
735.4 -987.2
735.4 -987.5
758.1 -987.5
758.1 -987.2
757.9 -728.0
757.9 -272.0
758.1 993.2
758.1 993.3
758.4 993.3
758.4 993.2
758.4 -987.2
758.4 -987.5
773.1 -987.5
773.1 -987.2
772.9 -400.0
773.1 993.2
773.1 993.3
773.4 993.3
773.4 993.2
773.4 -987.2
773.4 -987.5
781.1 -987.5
781.1 -987.2
781.3 282.0
781.1 993.2
781.1 993.3
781.4 993.3
781.4 993.2
781.4 -987.2
781.4 -987.5
791.1 -987.5
791.1 -987.2
791.3 -684.0
791.1 993.2
791.1 993.3
791.4 993.3
791.4 993.2
791.4 -987.2
791.4 -987.5
800.1 -987.5
800.1 -987.2
799.9 -609.0
800.1 993.2
800.1 993.3
800.4 993.3
800.4 993.2
800.4 -987.2
800.4 -987.5
803.1 -987.5
803.1 -987.2
802.9 38.0
803.1 993.2
803.1 993.3
803.4 993.3
803.4 993.2
803.4 -987.2
803.4 -987.5
806.1 -987.5
806.1 -987.2
806.3 -454.0
806.1 993.2
806.1 993.3
806.4 993.3
806.4 993.2
806.4 -987.2
806.4 -987.5
808.1 -987.5
808.1 -987.2
807.9 578.0
808.1 993.2
808.1 993.3
808.4 993.3
808.4 993.2
808.4 -987.2
808.4 -987.5
884.1 -987.5
884.1 -987.2
883.9 833.0
884.1 993.2
884.1 993.3
884.4 993.3
884.4 993.2
884.4 -987.2
884.4 -987.5
888.1 -987.5
888.1 -987.2
888.1 -280.0
888.1 993.2
888.1 993.3
888.4 993.3
888.4 993.2
888.4 -987.2
888.4 -987.5
890.1 -987.5
890.1 -987.2
890.1 -328.0
890.1 993.2
890.1 993.3
890.4 993.3
890.4 993.2
890.4 -987.2
890.4 -987.5
898.1 -987.5
898.1 -987.2
898.1 -205.0
898.1 993.2
898.1 993.3
898.4 993.3
898.4 993.2
898.4 -987.6
-996.9 -987.6
-996.9 -987.2
