100
-725 -554 3
-831 756 3
332 -455 3
193 284 1
-311 607 1
94 -484 1
-158 -590 3
-759 -571 2
-252 547 1
-336 -31 1
993 42 2
-2 -763 1
-39 -52 1
-906 269 2
-645 -669 3
-130 379 3
-502 -86 2
346 407 3
-778 954 2
575 -141 3
137 -828 1
722 -64 2
-24 -36 1
531 823 2
-143 -451 3
-738 742 1
550 559 2
-303 260 1
965 24 1
-185 772 2
-279 103 2
966 428 3
-237 -585 3
371 672 3
404 -300 2
128 -576 3
429 935 3
822 -781 1
314 502 3
-897 478 1
-984 -541 3
113 389 3
248 633 2
-818 632 2
-323 411 2
-58 -792 2
545 359 2
102 209 1
-228 58 1
264 734 3
893 529 3
373 535 2
-846 -575 2
-265 872 2
854 619 3
-912 889 3
-123 426 2
731 -186 3
-637 -170 1
899 -219 2
-574 -704 1
-359 -212 2
139 -824 3
84 -996 3
461 -541 3
722 -708 3
-601 -967 3
-407 -323 2
432 81 1
-146 -609 3
-602 -357 3
-57 907 1
752 448 3
-128 -905 2
277 87 2
669 -393 2
-719 578 3
821 -501 2
159 -364 2
311 276 1
784 273 1
136 -394 1
-383 78 3
879 523 1
-324 -987 3
-350 -288 1
823 -346 2
-526 515 2
-109 420 1
-180 244 3
891 -937 3
956 -712 3
-478 -696 1
347 -271 3
-444 -707 2
736 -892 3
167 193 2
-775 194 1
181 143 1
-696 180 1
