100
-63 892 2
-290 -975 1
-762 702 3
554 399 2
860 543 2
-88 20 1
157 662 1
995 -636 3
-350 -744 1
197 388 3
194 -597 1
785 150 1
-2 -843 2
741 -205 3
71 -274 1
88 -397 1
323 216 1
-304 -796 3
216 878 3
632 -592 1
866 501 3
969 -448 3
-26 -761 2
904 -724 3
-226 441 2
988 557 1
-470 -638 3
-733 -736 2
-88 -10 1
-972 -218 1
291 724 3
445 -59 1
-218 -594 2
328 993 2
-803 314 2
-315 -918 3
-381 169 1
124 261 2
668 585 2
-557 992 3
-252 -705 1
889 189 1
712 -124 2
-389 -879 1
831 -831 1
69 -956 2
568 -457 2
78 -414 3
884 -52 2
713 764 2
-524 -460 2
132 -986 3
512 438 3
-66 448 3
-708 -480 3
-982 227 1
858 -463 1
499 425 3
585 730 3
285 85 3
425 117 2
-342 -817 3
-495 563 3
-353 63 1
22 -677 1
694 -112 3
397 417 1
-595 564 1
82 386 1
-379 -338 2
188 -910 1
-489 -259 2
717 -666 3
926 43 1
-241 557 3
-13 -59 1
-600 739 3
-575 26 2
-459 305 3
-224 592 1
791 423 3
-903 962 1
504 -834 1
-207 576 1
-214 734 2
750 641 2
-185 163 3
476 -421 1
817 454 3
-600 -712 1
144 -901 3
672 -864 3
-451 140 3
970 870 2
399 -596 3
728 633 3
884 86 1
159 -289 3
823 -310 1
124 -2 1
