186
710.1 370.0
710.1 371.0
709.9 372.0
709.7 374.0
709.7 375.0
710.1 376.0
710.1 377.0
710.1 378.0
709.9 378.2
709.9 378.5
710.6 378.5
710.6 378.2
710.6 367.8
710.6 367.7
710.9 367.7
710.9 367.8
710.9 369.0
711.1 370.0
710.9 371.0
710.7 372.0
710.7 374.0
710.9 376.0
710.7 377.0
710.7 378.0
710.9 378.2
710.9 378.5
711.6 378.5
711.6 378.2
711.6 367.8
711.6 367.7
711.9 367.7
711.9 367.8
711.9 368.0
712.1 369.0
711.9 370.0
711.9 371.0
712.1 372.0
711.9 373.0
712.1 374.0
711.7 375.0
711.7 376.0
711.9 378.0
711.9 378.2
711.9 378.5
712.6 378.5
712.6 378.2
712.6 367.8
712.6 367.7
712.9 367.7
712.9 367.8
712.7 368.0
713.1 370.0
712.9 372.0
713.1 373.0
712.9 374.0
713.1 375.0
712.7 376.0
712.7 377.0
712.7 378.0
712.9 378.2
712.9 378.5
713.6 378.5
713.6 378.2
713.6 367.8
713.6 367.7
713.9 367.7
713.9 367.8
714.1 368.0
713.7 369.0
714.1 370.0
713.9 371.0
713.9 372.0
713.7 375.0
714.1 378.0
713.9 378.2
713.9 378.5
714.6 378.5
714.6 378.2
714.6 367.8
714.6 367.7
714.9 367.7
714.9 367.8
714.9 369.0
714.7 370.0
714.7 371.0
715.1 372.0
715.1 373.0
715.1 374.0
714.9 375.0
714.9 376.0
715.1 377.0
714.9 378.2
714.9 378.5
715.6 378.5
715.6 378.2
715.6 367.8
715.6 367.7
715.9 367.7
715.9 367.8
715.7 368.0
715.9 369.0
715.7 370.0
715.7 372.0
715.7 373.0
715.9 374.0
715.9 376.0
716.1 378.0
715.9 378.2
715.9 378.5
716.6 378.5
716.6 378.2
716.6 367.8
716.6 367.7
716.9 367.7
716.9 367.8
716.9 368.0
716.9 369.0
716.9 370.0
716.9 371.0
716.9 372.0
717.1 373.0
716.7 374.0
716.7 375.0
716.7 376.0
716.9 378.0
716.9 378.2
716.9 378.5
717.6 378.5
717.6 378.2
717.6 367.8
717.6 367.7
717.9 367.7
717.9 367.8
718.1 368.0
717.9 369.0
717.7 370.0
717.9 371.0
717.9 372.0
717.7 373.0
718.1 375.0
717.7 376.0
717.7 377.0
717.9 378.0
717.9 378.2
717.9 378.5
718.6 378.5
718.6 378.2
718.6 367.8
718.6 367.7
718.9 367.7
718.9 367.8
718.7 368.0
719.1 369.0
718.7 371.0
718.9 372.0
718.9 374.0
719.1 375.0
718.9 376.0
718.7 377.0
718.9 378.0
718.9 378.2
718.9 378.5
719.6 378.5
719.6 378.2
719.6 367.8
719.6 367.7
719.9 367.7
719.9 367.8
719.7 368.0
719.7 369.0
719.7 370.0
719.7 371.0
719.7 372.0
720.1 373.0
720.1 374.0
719.9 375.0
719.9 376.0
719.9 377.0
719.7 378.0
719.9 378.2
719.9 378.5
720.6 378.5
720.6 378.2
720.6 367.2
709.9 367.2
709.9 367.8
186
710.3 370.0
710.3 371.0
710.1 372.0
709.9 374.0
709.9 375.0
710.3 376.0
710.3 377.0
710.3 378.0
710.1 378.2
710.1 378.3
710.4 378.3
710.4 378.2
710.4 367.8
710.4 367.5
711.1 367.5
711.1 367.8
711.1 369.0
711.3 370.0
711.1 371.0
710.9 372.0
710.9 374.0
711.1 376.0
710.9 377.0
710.9 378.0
711.1 378.2
711.1 378.3
711.4 378.3
711.4 378.2
711.4 367.8
711.4 367.5
712.1 367.5
712.1 367.8
712.1 368.0
712.3 369.0
712.1 370.0
712.1 371.0
712.3 372.0
712.1 373.0
712.3 374.0
711.9 375.0
711.9 376.0
712.1 378.0
712.1 378.2
712.1 378.3
712.4 378.3
712.4 378.2
712.4 367.8
712.4 367.5
713.1 367.5
713.1 367.8
712.9 368.0
713.3 370.0
713.1 372.0
713.3 373.0
713.1 374.0
713.3 375.0
712.9 376.0
712.9 377.0
712.9 378.0
713.1 378.2
713.1 378.3
713.4 378.3
713.4 378.2
713.4 367.8
713.4 367.5
714.1 367.5
714.1 367.8
714.3 368.0
713.9 369.0
714.3 370.0
714.1 371.0
714.1 372.0
713.9 375.0
714.3 378.0
714.1 378.2
714.1 378.3
714.4 378.3
714.4 378.2
714.4 367.8
714.4 367.5
715.1 367.5
715.1 367.8
715.1 369.0
714.9 370.0
714.9 371.0
715.3 372.0
715.3 373.0
715.3 374.0
715.1 375.0
715.1 376.0
715.3 377.0
715.1 378.2
715.1 378.3
715.4 378.3
715.4 378.2
715.4 367.8
715.4 367.5
716.1 367.5
716.1 367.8
715.9 368.0
716.1 369.0
715.9 370.0
715.9 372.0
715.9 373.0
716.1 374.0
716.1 376.0
716.3 378.0
716.1 378.2
716.1 378.3
716.4 378.3
716.4 378.2
716.4 367.8
716.4 367.5
717.1 367.5
717.1 367.8
717.1 368.0
717.1 369.0
717.1 370.0
717.1 371.0
717.1 372.0
717.3 373.0
716.9 374.0
716.9 375.0
716.9 376.0
717.1 378.0
717.1 378.2
717.1 378.3
717.4 378.3
717.4 378.2
717.4 367.8
717.4 367.5
718.1 367.5
718.1 367.8
718.3 368.0
718.1 369.0
717.9 370.0
718.1 371.0
718.1 372.0
717.9 373.0
718.3 375.0
717.9 376.0
717.9 377.0
718.1 378.0
718.1 378.2
718.1 378.3
718.4 378.3
718.4 378.2
718.4 367.8
718.4 367.5
719.1 367.5
719.1 367.8
718.9 368.0
719.3 369.0
718.9 371.0
719.1 372.0
719.1 374.0
719.3 375.0
719.1 376.0
718.9 377.0
719.1 378.0
719.1 378.2
719.1 378.3
719.4 378.3
719.4 378.2
719.4 367.8
719.4 367.5
720.1 367.5
720.1 367.8
719.9 368.0
719.9 369.0
719.9 370.0
719.9 371.0
719.9 372.0
720.3 373.0
720.3 374.0
720.1 375.0
720.1 376.0
720.1 377.0
719.9 378.0
720.1 378.2
720.1 378.3
720.4 378.3
720.4 378.2
720.4 367.4
710.1 367.4
710.1 367.8
