155
329.7 619.0
329.9 620.0
329.9 622.0
329.7 623.0
330.1 625.0
330.1 626.0
330.1 627.0
329.9 627.2
329.9 627.5
330.6 627.5
330.6 627.2
330.6 616.8
330.6 616.7
330.9 616.7
330.9 616.8
331.1 617.0
330.9 621.0
331.1 622.0
331.1 623.0
330.9 624.0
330.7 627.0
330.9 627.2
330.9 627.5
331.6 627.5
331.6 627.2
331.6 616.8
331.6 616.7
331.9 616.7
331.9 616.8
332.1 617.0
332.1 618.0
331.7 619.0
331.7 620.0
331.7 621.0
332.1 623.0
331.7 624.0
331.9 626.0
331.7 627.0
331.9 627.2
331.9 627.5
332.6 627.5
332.6 627.2
332.6 616.8
332.6 616.7
332.9 616.7
332.9 616.8
332.9 618.0
332.7 619.0
332.9 621.0
332.7 622.0
333.1 625.0
333.1 626.0
332.7 627.0
332.9 627.2
332.9 627.5
333.6 627.5
333.6 627.2
333.6 616.8
333.6 616.7
333.9 616.7
333.9 616.8
334.1 617.0
333.7 622.0
334.1 626.0
334.1 627.0
333.9 627.2
333.9 627.5
334.6 627.5
334.6 627.2
334.6 616.8
334.6 616.7
334.9 616.7
334.9 616.8
334.9 619.0
335.1 620.0
334.7 621.0
335.1 623.0
334.7 626.0
334.9 627.2
334.9 627.5
335.6 627.5
335.6 627.2
335.6 616.8
335.6 616.7
335.9 616.7
335.9 616.8
336.1 617.0
335.9 619.0
335.9 621.0
335.7 622.0
335.9 624.0
335.7 627.0
335.9 627.2
335.9 627.5
336.6 627.5
336.6 627.2
336.6 616.8
336.6 616.7
336.9 616.7
336.9 616.8
336.7 618.0
336.7 619.0
336.9 620.0
336.9 624.0
336.7 626.0
337.1 627.0
336.9 627.2
336.9 627.5
337.6 627.5
337.6 627.2
337.6 616.8
337.6 616.7
337.9 616.7
337.9 616.8
337.9 622.0
337.9 623.0
338.1 624.0
337.9 625.0
338.1 627.0
337.9 627.2
337.9 627.5
338.6 627.5
338.6 627.2
338.6 616.8
338.6 616.7
338.9 616.7
338.9 616.8
339.1 617.0
338.9 618.0
338.9 619.0
339.1 620.0
338.9 621.0
339.1 622.0
338.9 623.0
339.1 624.0
338.9 627.2
338.9 627.5
339.6 627.5
339.6 627.2
339.6 616.8
339.6 616.7
339.9 616.7
339.9 616.8
339.7 618.0
340.1 619.0
339.7 620.0
339.9 621.0
339.9 626.0
339.9 627.2
339.9 627.5
340.6 627.5
340.6 627.2
340.6 616.2
329.9 616.2
329.9 616.8
155
329.9 619.0
330.1 620.0
330.1 622.0
329.9 623.0
330.3 625.0
330.3 626.0
330.3 627.0
330.1 627.2
330.1 627.3
330.4 627.3
330.4 627.2
330.4 616.8
330.4 616.5
331.1 616.5
331.1 616.8
331.3 617.0
331.1 621.0
331.3 622.0
331.3 623.0
331.1 624.0
330.9 627.0
331.1 627.2
331.1 627.3
331.4 627.3
331.4 627.2
331.4 616.8
331.4 616.5
332.1 616.5
332.1 616.8
332.3 617.0
332.3 618.0
331.9 619.0
331.9 620.0
331.9 621.0
332.3 623.0
331.9 624.0
332.1 626.0
331.9 627.0
332.1 627.2
332.1 627.3
332.4 627.3
332.4 627.2
332.4 616.8
332.4 616.5
333.1 616.5
333.1 616.8
333.1 618.0
332.9 619.0
333.1 621.0
332.9 622.0
333.3 625.0
333.3 626.0
332.9 627.0
333.1 627.2
333.1 627.3
333.4 627.3
333.4 627.2
333.4 616.8
333.4 616.5
334.1 616.5
334.1 616.8
334.3 617.0
333.9 622.0
334.3 626.0
334.3 627.0
334.1 627.2
334.1 627.3
334.4 627.3
334.4 627.2
334.4 616.8
334.4 616.5
335.1 616.5
335.1 616.8
335.1 619.0
335.3 620.0
334.9 621.0
335.3 623.0
334.9 626.0
335.1 627.2
335.1 627.3
335.4 627.3
335.4 627.2
335.4 616.8
335.4 616.5
336.1 616.5
336.1 616.8
336.3 617.0
336.1 619.0
336.1 621.0
335.9 622.0
336.1 624.0
335.9 627.0
336.1 627.2
336.1 627.3
336.4 627.3
336.4 627.2
336.4 616.8
336.4 616.5
337.1 616.5
337.1 616.8
336.9 618.0
336.9 619.0
337.1 620.0
337.1 624.0
336.9 626.0
337.3 627.0
337.1 627.2
337.1 627.3
337.4 627.3
337.4 627.2
337.4 616.8
337.4 616.5
338.1 616.5
338.1 616.8
338.1 622.0
338.1 623.0
338.3 624.0
338.1 625.0
338.3 627.0
338.1 627.2
338.1 627.3
338.4 627.3
338.4 627.2
338.4 616.8
338.4 616.5
339.1 616.5
339.1 616.8
339.3 617.0
339.1 618.0
339.1 619.0
339.3 620.0
339.1 621.0
339.3 622.0
339.1 623.0
339.3 624.0
339.1 627.2
339.1 627.3
339.4 627.3
339.4 627.2
339.4 616.8
339.4 616.5
340.1 616.5
340.1 616.8
339.9 618.0
340.3 619.0
339.9 620.0
340.1 621.0
340.1 626.0
340.1 627.2
340.1 627.3
340.4 627.3
340.4 627.2
340.4 616.4
330.1 616.4
330.1 616.8
