155
-350.9 534.0
-351.1 535.0
-351.3 536.0
-351.3 540.0
-350.9 541.0
-350.9 542.0
-351.1 543.0
-350.9 544.0
-351.1 544.2
-351.1 544.5
-350.4 544.5
-350.4 544.2
-350.4 533.8
-350.4 533.7
-350.1 533.7
-350.1 533.8
-350.1 536.0
-350.1 537.0
-350.1 538.0
-350.1 540.0
-349.9 541.0
-349.9 543.0
-350.1 544.2
-350.1 544.5
-349.4 544.5
-349.4 544.2
-349.4 533.8
-349.4 533.7
-349.1 533.7
-349.1 533.8
-348.9 534.0
-349.1 537.0
-348.9 539.0
-349.3 541.0
-348.9 542.0
-349.1 543.0
-349.3 544.0
-349.1 544.2
-349.1 544.5
-348.4 544.5
-348.4 544.2
-348.4 533.8
-348.4 533.7
-348.1 533.7
-348.1 533.8
-348.1 534.0
-348.3 537.0
-348.1 540.0
-348.3 541.0
-348.1 543.0
-348.1 544.2
-348.1 544.5
-347.4 544.5
-347.4 544.2
-347.4 533.8
-347.4 533.7
-347.1 533.7
-347.1 533.8
-347.3 535.0
-346.9 537.0
-347.3 539.0
-346.9 540.0
-347.3 543.0
-346.9 544.0
-347.1 544.2
-347.1 544.5
-346.4 544.5
-346.4 544.2
-346.4 533.8
-346.4 533.7
-346.1 533.7
-346.1 533.8
-346.3 534.0
-346.3 535.0
-346.1 536.0
-346.1 537.0
-346.3 541.0
-346.1 542.0
-346.3 544.0
-346.1 544.2
-346.1 544.5
-345.4 544.5
-345.4 544.2
-345.4 533.8
-345.4 533.7
-345.1 533.7
-345.1 533.8
-345.1 537.0
-345.3 541.0
-344.9 543.0
-344.9 544.0
-345.1 544.2
-345.1 544.5
-344.4 544.5
-344.4 544.2
-344.4 533.8
-344.4 533.7
-344.1 533.7
-344.1 533.8
-344.3 534.0
-344.3 535.0
-344.1 536.0
-343.9 538.0
-343.9 539.0
-343.9 541.0
-344.1 542.0
-344.1 544.2
-344.1 544.5
-343.4 544.5
-343.4 544.2
-343.4 533.8
-343.4 533.7
-343.1 533.7
-343.1 533.8
-342.9 534.0
-343.1 537.0
-343.1 538.0
-342.9 539.0
-342.9 540.0
-343.3 541.0
-342.9 542.0
-343.1 544.2
-343.1 544.5
-342.4 544.5
-342.4 544.2
-342.4 533.8
-342.4 533.7
-342.1 533.7
-342.1 533.8
-341.9 534.0
-341.9 536.0
-342.3 538.0
-342.3 539.0
-342.3 542.0
-341.9 543.0
-342.3 544.0
-342.1 544.2
-342.1 544.5
-341.4 544.5
-341.4 544.2
-341.4 533.8
-341.4 533.7
-341.1 533.7
-341.1 533.8
-341.3 537.0
-341.3 540.0
-341.1 542.0
-340.9 543.0
-341.1 544.2
-341.1 544.5
-340.4 544.5
-340.4 544.2
-340.4 533.2
-351.1 533.2
-351.1 533.8
155
-350.7 534.0
-350.9 535.0
-351.1 536.0
-351.1 540.0
-350.7 541.0
-350.7 542.0
-350.9 543.0
-350.7 544.0
-350.9 544.2
-350.9 544.3
-350.6 544.3
-350.6 544.2
-350.6 533.8
-350.6 533.5
-349.9 533.5
-349.9 533.8
-349.9 536.0
-349.9 537.0
-349.9 538.0
-349.9 540.0
-349.7 541.0
-349.7 543.0
-349.9 544.2
-349.9 544.3
-349.6 544.3
-349.6 544.2
-349.6 533.8
-349.6 533.5
-348.9 533.5
-348.9 533.8
-348.7 534.0
-348.9 537.0
-348.7 539.0
-349.1 541.0
-348.7 542.0
-348.9 543.0
-349.1 544.0
-348.9 544.2
-348.9 544.3
-348.6 544.3
-348.6 544.2
-348.6 533.8
-348.6 533.5
-347.9 533.5
-347.9 533.8
-347.9 534.0
-348.1 537.0
-347.9 540.0
-348.1 541.0
-347.9 543.0
-347.9 544.2
-347.9 544.3
-347.6 544.3
-347.6 544.2
-347.6 533.8
-347.6 533.5
-346.9 533.5
-346.9 533.8
-347.1 535.0
-346.7 537.0
-347.1 539.0
-346.7 540.0
-347.1 543.0
-346.7 544.0
-346.9 544.2
-346.9 544.3
-346.6 544.3
-346.6 544.2
-346.6 533.8
-346.6 533.5
-345.9 533.5
-345.9 533.8
-346.1 534.0
-346.1 535.0
-345.9 536.0
-345.9 537.0
-346.1 541.0
-345.9 542.0
-346.1 544.0
-345.9 544.2
-345.9 544.3
-345.6 544.3
-345.6 544.2
-345.6 533.8
-345.6 533.5
-344.9 533.5
-344.9 533.8
-344.9 537.0
-345.1 541.0
-344.7 543.0
-344.7 544.0
-344.9 544.2
-344.9 544.3
-344.6 544.3
-344.6 544.2
-344.6 533.8
-344.6 533.5
-343.9 533.5
-343.9 533.8
-344.1 534.0
-344.1 535.0
-343.9 536.0
-343.7 538.0
-343.7 539.0
-343.7 541.0
-343.9 542.0
-343.9 544.2
-343.9 544.3
-343.6 544.3
-343.6 544.2
-343.6 533.8
-343.6 533.5
-342.9 533.5
-342.9 533.8
-342.7 534.0
-342.9 537.0
-342.9 538.0
-342.7 539.0
-342.7 540.0
-343.1 541.0
-342.7 542.0
-342.9 544.2
-342.9 544.3
-342.6 544.3
-342.6 544.2
-342.6 533.8
-342.6 533.5
-341.9 533.5
-341.9 533.8
-341.7 534.0
-341.7 536.0
-342.1 538.0
-342.1 539.0
-342.1 542.0
-341.7 543.0
-342.1 544.0
-341.9 544.2
-341.9 544.3
-341.6 544.3
-341.6 544.2
-341.6 533.8
-341.6 533.5
-340.9 533.5
-340.9 533.8
-341.1 537.0
-341.1 540.0
-340.9 542.0
-340.7 543.0
-340.9 544.2
-340.9 544.3
-340.6 544.3
-340.6 544.2
-340.6 533.4
-350.9 533.4
-350.9 533.8
