96
-613 611 1
-618 611 2
-621 607 2
-619 612 2
-622 615 3
-617 615 3
-617 616 3
-612 607 2
-612 615 2
-614 610 1
-613 612 3
-622 611 3
-617 612 2
-616 607 2
-616 615 1
-621 617 3
-615 608 1
-614 613 1
-620 607 3
-616 617 2
-613 607 3
-614 609 2
-619 610 3
-616 610 1
-616 616 1
-616 614 2
-621 615 3
-614 612 1
-618 616 3
-617 610 1
-614 614 1
-614 616 2
-619 616 2
-617 613 1
-621 608 3
-620 613 2
-615 607 1
-613 608 1
-612 610 2
-616 611 1
-620 608 2
-621 612 3
-614 617 1
-622 607 3
-613 615 3
-621 614 2
-622 610 2
-622 614 1
-618 607 1
-617 607 1
-622 612 3
-615 609 1
-621 611 2
-620 612 1
-619 611 3
-617 617 2
-622 609 3
-613 617 2
-612 613 1
-612 609 1
-620 617 1
-614 615 2
-619 617 1
-620 616 3
-612 617 1
-618 608 3
-612 616 3
-615 610 3
-615 613 3
-615 611 3
-619 608 1
-619 615 3
-617 614 1
-615 617 3
-615 615 3
-612 612 2
-621 610 2
-612 611 3
-613 609 1
-617 608 1
-616 608 3
-613 616 2
-620 614 3
-618 613 2
-613 614 2
-620 615 1
-620 610 3
-621 609 3
-612 608 3
-618 614 1
-619 609 1
-619 614 3
-622 617 2
-621 613 1
-616 612 1
-618 610 2
