137
-192.1 195.0
-192.1 202.0
-192.3 203.0
-192.1 204.2
-192.1 204.5
-191.4 204.5
-191.4 204.2
-191.4 193.8
-191.4 193.7
-191.1 193.7
-191.1 193.8
-191.1 197.0
-190.9 199.0
-190.9 201.0
-191.3 202.0
-191.3 203.0
-191.1 204.2
-191.1 204.5
-190.4 204.5
-190.4 204.2
-190.4 193.8
-190.4 193.7
-190.1 193.7
-190.1 193.8
-190.1 195.0
-190.1 196.0
-189.9 197.0
-190.3 198.0
-190.1 201.0
-190.3 202.0
-189.9 203.0
-190.1 204.2
-190.1 204.5
-189.4 204.5
-189.4 204.2
-189.4 193.8
-189.4 193.7
-189.1 193.7
-189.1 193.8
-188.9 194.0
-189.1 196.0
-189.3 199.0
-189.1 200.0
-189.1 204.2
-189.1 204.5
-188.4 204.5
-188.4 204.2
-188.4 193.8
-188.4 193.7
-188.1 193.7
-188.1 193.8
-187.9 194.0
-187.9 197.0
-188.3 198.0
-188.1 204.0
-188.1 204.2
-188.1 204.5
-187.4 204.5
-187.4 204.2
-187.4 193.8
-187.4 193.7
-187.1 193.7
-187.1 193.8
-187.1 199.0
-187.1 201.0
-186.9 202.0
-186.9 203.0
-187.1 204.2
-187.1 204.5
-186.4 204.5
-186.4 204.2
-186.4 193.8
-186.4 193.7
-186.1 193.7
-186.1 193.8
-186.3 197.0
-185.9 198.0
-186.1 201.0
-186.3 202.0
-185.9 203.0
-186.1 204.2
-186.1 204.5
-185.4 204.5
-185.4 204.2
-185.4 193.8
-185.4 193.7
-185.1 193.7
-185.1 193.8
-185.3 197.0
-184.9 198.0
-185.3 203.0
-184.9 204.0
-185.1 204.2
-185.1 204.5
-184.4 204.5
-184.4 204.2
-184.4 193.8
-184.4 193.7
-184.1 193.7
-184.1 193.8
-184.3 194.0
-184.1 197.0
-184.3 199.0
-184.1 200.0
-184.1 202.0
-184.1 203.0
-184.1 204.2
-184.1 204.5
-183.4 204.5
-183.4 204.2
-183.4 193.8
-183.4 193.7
-183.1 193.7
-183.1 193.8
-183.3 194.0
-182.9 198.0
-182.9 199.0
-183.3 200.0
-183.1 204.2
-183.1 204.5
-182.4 204.5
-182.4 204.2
-182.4 193.8
-182.4 193.7
-182.1 193.7
-182.1 193.8
-182.3 194.0
-182.1 197.0
-182.1 202.0
-182.1 203.0
-182.1 204.2
-182.1 204.5
-181.4 204.5
-181.4 204.2
-181.4 193.2
-192.1 193.2
-192.1 193.8
137
-191.9 195.0
-191.9 202.0
-192.1 203.0
-191.9 204.2
-191.9 204.3
-191.6 204.3
-191.6 204.2
-191.6 193.8
-191.6 193.5
-190.9 193.5
-190.9 193.8
-190.9 197.0
-190.7 199.0
-190.7 201.0
-191.1 202.0
-191.1 203.0
-190.9 204.2
-190.9 204.3
-190.6 204.3
-190.6 204.2
-190.6 193.8
-190.6 193.5
-189.9 193.5
-189.9 193.8
-189.9 195.0
-189.9 196.0
-189.7 197.0
-190.1 198.0
-189.9 201.0
-190.1 202.0
-189.7 203.0
-189.9 204.2
-189.9 204.3
-189.6 204.3
-189.6 204.2
-189.6 193.8
-189.6 193.5
-188.9 193.5
-188.9 193.8
-188.7 194.0
-188.9 196.0
-189.1 199.0
-188.9 200.0
-188.9 204.2
-188.9 204.3
-188.6 204.3
-188.6 204.2
-188.6 193.8
-188.6 193.5
-187.9 193.5
-187.9 193.8
-187.7 194.0
-187.7 197.0
-188.1 198.0
-187.9 204.0
-187.9 204.2
-187.9 204.3
-187.6 204.3
-187.6 204.2
-187.6 193.8
-187.6 193.5
-186.9 193.5
-186.9 193.8
-186.9 199.0
-186.9 201.0
-186.7 202.0
-186.7 203.0
-186.9 204.2
-186.9 204.3
-186.6 204.3
-186.6 204.2
-186.6 193.8
-186.6 193.5
-185.9 193.5
-185.9 193.8
-186.1 197.0
-185.7 198.0
-185.9 201.0
-186.1 202.0
-185.7 203.0
-185.9 204.2
-185.9 204.3
-185.6 204.3
-185.6 204.2
-185.6 193.8
-185.6 193.5
-184.9 193.5
-184.9 193.8
-185.1 197.0
-184.7 198.0
-185.1 203.0
-184.7 204.0
-184.9 204.2
-184.9 204.3
-184.6 204.3
-184.6 204.2
-184.6 193.8
-184.6 193.5
-183.9 193.5
-183.9 193.8
-184.1 194.0
-183.9 197.0
-184.1 199.0
-183.9 200.0
-183.9 202.0
-183.9 203.0
-183.9 204.2
-183.9 204.3
-183.6 204.3
-183.6 204.2
-183.6 193.8
-183.6 193.5
-182.9 193.5
-182.9 193.8
-183.1 194.0
-182.7 198.0
-182.7 199.0
-183.1 200.0
-182.9 204.2
-182.9 204.3
-182.6 204.3
-182.6 204.2
-182.6 193.8
-182.6 193.5
-181.9 193.5
-181.9 193.8
-182.1 194.0
-181.9 197.0
-181.9 202.0
-181.9 203.0
-181.9 204.2
-181.9 204.3
-181.6 204.3
-181.6 204.2
-181.6 193.4
-191.9 193.4
-191.9 193.8
