54
-896 1000 2
-1000 243 2
419 -1000 1
-1000 -215 1
-1000 99 1
816 1000 3
-557 -1000 2
-1000 934 3
-1000 -330 3
-1000 -798 3
-127 1000 3
-1000 -821 1
644 1000 2
810 1000 1
-998 1000 2
-1000 152 1
-1000 885 2
-1000 -417 2
-1000 953 3
1000 280 3
832 -1000 2
-1000 -209 2
1000 543 2
1000 -526 3
-864 -1000 1
-1000 963 1
-529 -1000 2
1000 456 3
1000 215 3
-57 1000 3
-1000 271 1
1000 -272 1
224 1000 2
1000 -155 1
-714 -1000 1
1000 411 2
171 1000 2
-742 1000 3
-1000 450 3
-1000 -672 3
-142 1000 1
676 -1000 1
153 -1000 3
-50 -1000 1
1000 -630 3
1000 847 2
720 -1000 2
-1000 855 3
-537 -1000 3
-941 1000 3
-1000 304 2
129 1000 2
455 -1000 3
-1000 -249 1
