91
42 1
91 2
12 3
52 4
79 5
14 6
40 7
69 8
91 9
67 10
64 11
37 12
64 13
87 14
41 15
47 16
51 17
81 18
79 19
63 20
87 21
68 22
51 23
28 24
92 25
70 26
56 27
73 28
34 29
75 30
79 31
92 32
51 33
65 34
45 35
91 36
62 37
92 38
42 39
77 40
57 41
48 42
57 43
88 44
68 45
69 92
91 47
64 48
88 49
90 50
84 51
67 52
70 53
72 54
79 55
60 56
87 57
88 91
89 58
66 59
77 60
77 61
83 62
66 90
88 63
71 64
84 65
73 66
75 67
88 89
88 68
71 88
87 69
75 70
79 71
79 72
79 73
81 74
81 75
84 76
80 77
78 87
82 85
83 78
82 79
83 80
84 81
82 83
84 83
84 82
84 83
