891
168 1
194 2
59 3
549 4
388 5
833 6
239 7
186 8
555 9
780 10
341 11
892 12
644 13
242 14
832 15
489 16
269 17
279 18
691 19
439 20
119 21
166 22
108 23
613 24
628 25
668 26
301 27
500 28
148 29
384 30
74 31
729 32
788 33
870 34
785 35
811 36
344 37
845 38
463 39
429 40
246 41
177 42
235 43
52 44
193 45
671 46
78 47
697 48
458 893
892 49
728 50
164 51
414 52
322 53
410 54
242 55
573 56
778 57
505 58
796 59
513 60
831 61
502 62
601 63
756 64
130 65
578 66
393 67
201 68
225 69
790 70
435 71
701 72
800 73
387 74
424 75
793 76
379 77
367 78
786 79
443 80
219 81
885 82
867 83
862 84
225 85
449 86
797 87
236 88
358 89
673 90
740 91
657 92
690 93
275 94
430 95
578 96
313 97
838 98
444 99
542 100
815 101
344 102
321 103
314 104
207 105
315 106
425 107
454 108
681 109
434 110
614 111
583 112
354 113
568 114
437 115
467 116
288 117
215 118
337 119
650 120
255 121
869 122
734 123
189 124
349 125
278 126
766 127
261 128
217 129
176 130
262 131
276 132
371 133
262 134
578 135
732 136
849 137
545 138
434 139
277 140
698 141
246 142
416 143
820 144
824 145
849 146
867 147
167 148
684 149
193 150
531 151
236 152
368 153
815 154
477 155
659 156
522 157
247 158
467 159
284 160
531 161
475 162
385 163
784 164
205 165
665 166
736 167
192 168
378 169
435 171
583 172
205 173
199 174
317 175
286 176
482 177
376 178
615 179
181 180
770 181
844 182
195 892
890 183
332 184
232 185
605 186
302 187
576 188
889 189
876 190
349 191
665 192
459 193
442 194
594 195
332 196
377 197
662 198
298 199
506 200
856 201
392 202
500 203
781 204
599 205
622 206
804 207
514 208
701 209
351 210
599 211
235 212
496 213
670 214
746 215
325 891
889 216
840 217
691 218
259 219
577 220
695 221
851 222
559 223
657 224
323 225
691 226
704 227
665 228
573 229
570 230
445 231
694 232
576 233
794 234
325 235
300 236
315 237
593 238
761 239
556 240
716 241
729 242
430 243
838 244
329 245
832 246
851 247
628 248
729 249
540 250
644 251
585 252
538 253
490 254
518 255
836 256
378 257
315 258
849 259
567 260
852 261
404 262
416 263
605 264
847 265
839 266
590 267
417 268
421 269
389 270
492 271
840 272
752 273
324 274
587 275
501 276
731 277
660 278
826 279
511 280
723 281
875 282
707 283
487 284
463 285
439 286
849 287
755 288
884 289
298 290
520 291
685 292
707 293
788 294
582 295
856 296
763 297
841 298
548 299
583 300
551 301
741 302
332 303
652 304
589 305
401 306
473 307
789 308
568 309
315 310
778 311
741 312
832 313
577 314
771 315
709 316
598 317
760 318
636 319
799 320
811 321
370 322
753 323
762 324
443 325
395 326
700 327
418 328
657 329
338 330
611 331
473 332
753 333
516 334
534 335
767 336
817 337
457 338
700 339
540 340
513 341
772 342
495 343
657 344
348 345
827 346
391 347
774 348
363 349
434 350
771 351
354 352
388 353
470 354
854 355
479 356
382 357
630 359
550 360
446 361
779 362
579 363
693 364
610 365
461 366
851 367
686 890
888 368
779 369
789 370
440 371
453 372
815 373
781 374
452 375
871 376
663 377
684 378
385 379
631 380
412 381
800 382
389 383
680 384
405 385
528 386
496 387
722 388
865 389
787 390
602 391
752 392
670 393
789 394
800 395
633 396
670 397
763 398
884 399
887 400
735 401
630 402
605 403
516 404
871 405
552 406
437 407
594 408
881 409
799 410
817 411
751 412
734 413
630 414
675 415
859 416
824 417
622 418
551 419
778 420
637 421
549 422
756 423
481 424
826 425
877 426
844 427
852 428
823 429
718 430
843 431
885 432
557 433
457 434
494 435
773 436
604 437
543 438
519 439
772 440
498 441
568 442
809 443
571 444
489 445
624 446
520 447
459 448
623 449
756 450
727 451
851 452
765 453
785 454
575 455
538 456
606 457
694 458
551 459
773 460
629 461
757 462
680 463
484 464
733 465
831 466
713 467
797 468
722 469
732 470
525 471
824 472
736 473
717 474
853 475
484 476
654 477
778 478
792 479
562 480
865 481
664 482
491 483
782 484
554 485
681 486
719 487
657 488
674 489
640 490
721 491
873 492
511 493
706 494
772 495
814 496
546 497
576 498
548 499
578 500
742 501
637 502
790 503
687 504
878 505
527 506
812 507
830 508
884 509
720 510
868 511
788 512
764 513
611 514
742 889
888 515
684 516
685 517
551 518
839 519
679 520
675 521
794 522
630 523
755 524
621 525
608 526
701 527
537 528
776 529
771 530
693 531
564 532
573 533
746 534
673 535
814 536
695 537
566 538
610 539
589 540
618 541
720 542
712 543
803 544
732 545
793 546
703 547
883 548
742 549
794 550
691 551
785 552
869 553
762 554
600 555
700 556
740 557
843 558
878 559
626 560
669 561
751 562
820 563
599 564
664 565
845 566
679 567
839 568
820 569
881 570
677 571
586 572
862 573
887 574
782 575
627 576
871 577
750 578
786 579
734 580
678 581
810 582
709 583
727 584
857 585
671 586
739 587
644 588
778 589
616 590
706 591
593 592
616 593
775 594
796 595
841 596
727 597
815 598
719 599
719 600
700 601
710 602
886 603
630 604
777 605
793 606
751 607
658 608
693 609
621 610
815 611
626 612
719 613
623 614
784 615
626 616
712 617
829 618
864 619
662 620
693 621
640 622
754 623
800 624
849 625
789 626
878 627
776 628
740 629
786 630
733 631
861 632
867 633
705 634
856 635
876 636
690 637
681 638
693 639
858 640
734 641
819 642
816 643
667 644
767 645
867 646
750 647
802 648
699 649
689 650
691 651
844 652
792 653
735 654
707 655
797 656
876 657
787 658
784 659
837 660
850 661
799 662
714 663
800 664
785 665
806 666
851 667
752 668
828 669
831 670
853 671
736 672
750 673
692 674
754 675
728 676
867 677
680 678
685 679
830 680
809 681
699 682
843 683
730 684
833 685
759 686
797 687
863 688
844 689
856 690
721 691
753 692
801 693
880 694
718 695
872 696
846 697
708 698
836 699
771 700
878 701
806 702
736 703
805 704
817 705
746 706
879 707
764 708
743 709
749 710
824 711
782 712
841 713
771 714
792 715
797 716
735 717
861 718
818 719
788 720
749 721
884 722
819 723
736 724
805 725
845 726
842 727
741 728
763 729
860 730
825 731
834 732
872 733
784 734
765 735
765 736
751 737
855 738
775 739
751 740
830 741
769 742
806 743
764 744
759 745
872 746
832 747
861 748
764 749
849 750
779 751
866 752
809 753
797 754
834 755
878 756
790 757
813 758
839 759
887 760
800 761
811 762
827 763
785 764
859 765
790 766
780 767
769 768
869 769
806 770
833 771
852 772
797 773
819 774
791 775
839 776
805 777
814 778
795 779
880 780
862 781
865 782
790 783
846 784
865 785
790 786
886 787
864 788
884 789
802 790
880 791
858 792
853 793
868 794
875 795
871 796
803 797
815 798
885 799
805 800
816 801
826 802
817 803
870 804
875 805
879 806
839 807
838 808
885 809
811 810
821 811
859 812
867 813
857 814
839 815
878 816
887 817
827 818
860 819
847 820
867 821
828 822
853 823
826 824
835 825
869 826
845 827
878 828
874 829
862 830
852 831
872 888
887 832
886 833
841 834
862 835
859 836
875 837
849 838
853 839
853 840
851 841
863 842
871 843
862 844
863 845
887 846
865 847
855 848
875 849
860 850
879 851
882 853
881 854
877 855
863 887
885 856
869 857
872 858
867 859
868 860
875 861
873 862
868 863
881 864
886 865
876 866
878 867
873 868
873 869
885 870
882 872
879 873
883 874
876 875
885 876
884 877
878 886
885 878
886 879
881 886
885 880
885 881
883 882
884 883
884 885
884 885
883 884
