595
363 1
19 2
255 3
309 4
100 5
455 6
370 7
254 8
450 9
377 10
75 11
500 12
414 13
260 14
235 15
600 16
73 17
343 18
440 19
280 20
535 21
390 22
508 23
497 24
92 25
264 26
79 27
266 28
378 29
228 30
234 31
97 32
346 33
236 34
90 35
483 36
290 37
487 38
358 39
104 40
277 41
60 42
157 43
299 44
366 45
585 46
141 47
128 48
275 49
129 50
534 51
281 52
596 53
326 54
59 55
532 56
127 57
488 58
529 59
172 60
221 61
436 62
406 63
378 64
165 65
578 66
535 67
369 68
243 69
589 70
517 71
355 602
600 72
546 73
532 74
346 75
370 76
231 77
183 78
507 79
513 80
585 81
369 82
386 83
173 84
455 85
180 86
91 87
502 88
149 89
554 90
315 91
495 92
541 93
366 94
551 95
483 96
178 97
497 98
128 99
103 100
205 101
404 102
478 103
445 104
374 105
503 106
250 107
486 108
334 109
229 110
331 111
159 112
566 113
457 114
175 115
541 116
375 117
178 118
553 119
385 120
437 121
443 122
435 123
459 124
379 125
469 126
414 127
256 128
296 129
197 130
291 131
238 132
506 133
189 134
220 135
367 136
465 137
227 138
174 139
261 140
200 141
308 142
466 143
197 144
231 145
178 146
373 147
312 148
341 149
419 150
280 151
483 152
580 153
319 154
253 155
440 156
166 157
253 158
219 159
248 160
203 161
380 162
488 163
240 164
587 165
268 166
452 167
370 168
465 169
296 170
492 171
259 172
487 173
242 174
516 175
442 176
550 177
234 178
454 179
212 180
342 181
436 182
556 183
424 184
599 185
467 186
316 187
541 188
355 189
198 190
240 191
373 192
353 193
299 194
393 195
534 196
313 197
598 198
454 199
289 200
438 201
579 202
299 203
372 204
411 205
585 207
590 208
461 209
465 210
300 211
367 212
500 213
228 214
421 215
593 216
280 217
362 218
340 219
544 220
266 221
408 222
363 223
351 224
510 225
270 226
246 227
461 228
470 229
527 230
464 231
566 232
377 233
590 234
354 235
303 236
315 237
516 238
403 239
396 240
364 241
473 242
468 243
290 244
361 245
568 246
501 247
509 248
436 249
282 250
554 251
454 252
529 253
515 254
496 255
505 256
577 257
407 258
473 259
530 260
357 261
543 262
307 263
449 264
588 265
591 266
447 267
517 268
351 269
378 270
385 271
513 272
276 273
454 274
407 275
594 276
311 277
459 278
414 279
385 280
524 281
367 282
324 283
364 284
526 285
496 286
354 287
292 288
576 289
590 290
426 291
501 292
495 293
567 294
359 295
562 296
329 297
470 298
415 299
366 300
528 301
335 302
375 303
329 304
357 305
557 306
506 307
387 308
513 309
411 310
551 311
534 312
465 314
336 315
392 316
384 317
593 318
414 319
417 320
331 321
480 322
403 323
367 324
493 325
535 326
438 327
482 328
475 329
431 330
518 331
387 332
538 333
460 334
553 335
370 336
509 337
563 338
555 339
485 340
469 341
488 342
441 343
453 344
367 345
538 346
348 347
446 348
577 349
454 350
458 351
538 352
415 353
426 354
433 355
506 356
548 357
570 358
414 359
583 360
503 361
600 362
520 363
542 364
539 365
486 366
559 601
599 367
533 368
596 369
371 600
599 370
408 371
375 372
398 373
449 375
524 376
514 377
405 378
477 379
522 380
417 381
561 382
578 383
597 384
585 385
546 386
470 387
531 388
573 389
555 390
515 391
571 392
516 393
584 394
552 395
528 396
569 397
507 398
551 399
425 400
478 401
409 402
537 403
553 404
594 405
461 406
435 407
543 408
565 409
558 410
581 411
490 412
540 413
576 414
440 415
577 416
467 417
572 418
511 419
496 420
451 421
521 422
449 423
538 424
457 425
559 426
531 427
505 428
593 429
510 430
555 431
507 432
450 433
493 435
597 436
529 437
553 438
566 439
449 440
517 441
538 442
533 443
572 444
496 445
499 446
470 447
546 448
480 449
497 450
500 451
475 452
566 453
599 454
512 456
466 457
459 458
534 459
481 460
508 461
547 462
526 463
466 464
501 465
498 466
495 467
504 468
498 469
544 470
488 471
495 472
560 473
566 475
584 476
541 477
557 478
572 479
513 480
522 481
506 482
490 483
538 484
588 485
503 486
521 487
539 488
545 489
587 490
496 491
529 492
505 493
534 494
552 495
580 496
585 497
593 498
569 499
599 500
561 501
580 502
523 503
556 504
535 505
515 506
575 507
597 508
595 509
523 510
584 511
559 512
573 513
566 514
554 515
589 516
536 517
557 518
569 519
572 520
528 598
596 521
560 522
536 523
594 524
534 525
566 526
543 527
546 528
583 529
546 530
569 531
549 532
594 533
584 534
565 535
563 536
561 537
571 538
551 539
576 540
595 541
586 542
550 543
574 544
579 545
551 546
596 547
592 548
582 549
574 550
563 551
585 552
558 553
560 554
580 555
573 556
558 557
590 558
580 559
563 560
586 561
589 562
593 563
572 597
596 564
573 565
582 566
595 567
581 568
586 569
589 570
578 571
587 572
583 573
593 574
578 575
593 576
580 577
593 578
586 579
589 580
591 582
591 583
584 596
595 584
595 585
586 596
595 586
595 587
593 588
595 589
591 590
591 595
593 591
592 593
592 593
594 593
