676
364 1
389 2
82 3
522 4
572 5
293 6
221 7
660 8
66 9
28 10
351 11
119 12
297 13
259 14
42 15
604 16
441 17
177 18
291 19
74 20
597 21
467 22
122 23
122 24
204 25
592 26
290 27
101 28
46 29
655 30
249 31
410 32
657 33
190 34
147 35
526 36
274 37
377 38
106 39
284 40
465 41
47 42
92 43
600 44
645 45
342 46
506 47
539 48
124 49
591 50
643 51
274 52
436 53
610 54
491 55
673 56
279 57
293 58
257 59
387 60
134 61
302 62
375 63
335 64
554 65
442 66
457 67
665 68
371 69
620 70
322 71
303 72
174 73
453 74
203 75
448 76
289 77
640 78
490 79
128 80
479 81
140 82
545 83
97 84
390 85
607 86
541 87
477 88
252 89
218 90
220 91
559 92
419 93
128 94
173 95
647 96
424 97
150 98
570 99
387 100
663 101
400 102
263 103
431 104
651 105
541 106
578 107
190 108
156 109
447 110
337 111
215 112
325 113
138 114
398 115
383 116
612 117
176 118
157 119
655 120
363 121
232 122
129 123
538 124
553 125
193 126
475 127
445 128
340 129
174 130
527 131
138 132
164 133
190 134
420 135
647 136
467 137
376 138
513 139
178 140
603 141
353 142
646 143
235 144
350 145
526 146
675 147
538 148
657 149
476 150
533 151
272 152
489 153
167 154
309 155
544 156
636 157
618 158
232 159
661 160
360 161
279 162
363 163
461 164
281 165
414 166
641 167
239 168
545 169
212 170
389 171
408 172
403 173
416 174
282 175
388 176
632 177
665 178
215 179
649 180
280 181
247 182
220 183
496 184
475 185
580 186
320 187
263 188
587 189
565 190
586 191
512 192
391 193
553 194
472 195
272 196
482 197
313 198
253 199
286 200
598 201
212 202
455 203
385 204
378 205
553 206
552 207
409 208
212 209
620 210
230 211
389 212
611 213
346 214
431 215
294 216
458 217
546 218
311 219
494 220
373 221
617 222
410 223
324 224
254 225
386 226
301 227
556 228
652 229
277 230
494 231
482 232
478 233
554 234
400 235
464 236
286 237
541 238
458 239
305 240
265 241
528 242
353 243
296 244
398 245
570 246
402 247
655 248
633 249
320 250
471 251
417 252
515 253
526 254
346 255
467 256
337 257
311 258
395 259
490 260
414 261
480 262
432 263
267 264
619 265
576 266
490 267
410 268
385 269
352 270
428 271
311 272
507 273
406 274
344 275
379 276
498 277
421 278
545 279
603 280
340 281
529 282
403 283
658 284
559 285
571 286
457 287
489 288
458 289
361 290
599 291
324 292
603 293
495 294
515 295
632 296
640 297
496 298
494 299
321 300
531 301
548 302
671 303
350 304
460 305
320 306
433 307
492 308
324 309
382 310
417 311
463 312
602 313
411 314
426 315
621 316
548 317
374 318
520 319
429 320
590 321
432 322
636 323
577 324
518 325
491 326
592 327
586 328
499 329
508 330
475 331
581 332
571 333
369 334
337 335
651 336
466 337
632 338
348 339
526 340
542 341
397 342
601 343
451 344
515 345
404 346
404 347
600 348
430 349
534 350
584 351
639 352
417 353
489 354
402 355
523 356
629 357
640 358
641 359
526 360
492 361
677 362
492 363
567 364
501 365
399 366
588 367
617 368
584 369
493 370
379 372
595 373
586 374
384 375
668 376
636 377
441 378
610 379
488 380
452 381
407 382
397 383
392 384
430 385
471 386
680 387
513 388
496 389
641 390
459 391
572 392
591 393
449 394
643 395
407 396
601 397
519 398
603 399
566 400
575 401
405 402
485 403
561 404
619 405
567 406
522 407
420 408
555 409
583 410
516 411
558 412
558 413
550 414
431 415
428 416
673 417
544 418
475 419
477 420
579 421
463 422
473 423
497 424
557 425
478 426
530 427
654 428
592 429
432 430
488 431
508 432
529 433
578 434
618 435
526 436
632 437
614 438
454 439
536 440
559 441
469 442
564 443
591 444
641 445
615 446
485 447
491 448
562 449
674 450
456 451
529 452
576 453
511 454
488 455
615 456
610 457
510 458
501 459
596 460
623 461
580 462
481 463
598 464
553 465
487 466
503 467
562 468
655 469
544 470
593 471
609 472
625 473
544 474
584 475
541 476
531 477
640 478
539 479
546 680
679 480
638 481
556 482
607 483
488 484
550 485
606 486
549 487
644 488
560 489
525 490
590 491
506 492
595 493
505 494
521 495
534 496
523 497
550 498
524 499
629 500
518 501
643 502
529 503
510 504
646 505
611 506
591 507
526 508
582 509
521 510
629 511
583 512
524 513
618 514
557 515
543 516
671 517
611 518
535 519
584 520
548 521
613 522
545 523
530 524
653 525
661 526
654 527
623 528
668 529
612 530
671 531
548 532
539 533
647 534
545 535
565 536
599 537
599 538
618 539
547 540
614 541
592 542
580 543
605 544
546 545
643 546
550 547
550 548
640 549
601 550
602 551
638 552
643 553
599 554
655 555
660 556
610 557
630 558
645 559
634 560
638 561
636 562
668 563
664 564
586 565
623 566
577 567
650 568
584 569
661 570
630 571
648 572
625 574
592 575
629 576
619 577
624 578
668 579
659 580
639 581
605 582
663 583
660 584
671 585
610 586
656 587
658 588
620 589
664 590
659 591
640 593
679 594
612 595
614 596
655 598
670 599
628 600
660 601
647 602
647 603
635 604
650 605
622 606
642 607
644 608
649 609
645 610
669 611
651 612
663 613
662 614
634 615
647 616
650 617
647 618
666 619
650 620
622 621
652 622
649 623
639 624
649 625
644 626
677 627
634 679
677 628
646 629
635 630
648 631
642 632
653 633
641 634
676 635
651 636
641 637
672 638
668 639
650 640
661 641
674 642
645 643
666 644
674 645
663 646
661 647
654 648
652 649
675 650
662 651
668 654
673 655
678 656
664 657
658 678
676 658
660 659
676 660
674 661
676 662
668 663
673 664
666 665
676 666
673 677
676 667
669 676
675 669
671 676
675 671
672 676
675 672
674 673
674 675
674 675
676 674
675 676
