991
517 1
570 2
990 3
249 4
40 5
676 6
998 7
951 8
680 9
791 10
14 11
785 12
897 13
25 14
239 15
636 16
452 998
996 17
681 18
707 19
446 20
305 21
910 22
380 23
733 24
889 25
810 26
514 27
973 28
872 29
385 30
915 31
241 32
234 33
816 34
598 35
174 36
381 37
122 38
412 39
920 40
555 41
678 42
752 43
231 44
148 45
682 46
952 47
990 48
861 49
304 50
659 51
531 52
345 53
324 54
329 55
832 56
442 57
444 58
589 59
468 60
460 61
115 62
404 63
506 64
617 65
969 66
181 67
816 68
495 69
837 70
114 71
898 72
887 73
91 74
261 75
567 76
641 77
210 78
133 79
406 80
865 81
625 82
501 83
986 84
815 85
584 86
637 87
371 88
407 89
247 90
961 91
919 92
481 93
201 94
103 95
777 96
743 97
339 98
681 99
455 100
527 101
539 102
184 103
391 104
810 105
662 106
139 107
445 108
175 997
996 109
350 110
343 111
184 112
196 113
558 114
756 115
327 116
724 117
404 118
228 119
421 120
931 121
317 122
286 123
138 124
706 125
402 126
923 127
354 128
541 129
246 130
778 131
857 132
600 133
606 134
769 135
942 136
985 137
598 138
597 139
986 140
424 141
812 142
459 143
478 144
168 145
911 146
522 147
817 148
694 149
639 150
221 151
436 152
369 153
381 154
877 155
539 156
869 157
483 158
222 159
738 160
685 161
596 162
798 163
257 164
465 165
883 166
320 167
702 168
778 169
694 170
352 171
205 172
297 173
896 174
723 175
589 176
264 177
752 178
461 179
321 180
692 181
315 182
894 183
683 184
379 185
676 186
637 187
562 188
421 189
905 190
488 191
489 192
552 193
703 194
282 195
738 196
260 197
728 198
680 199
769 200
319 201
994 202
567 203
625 204
807 205
796 206
950 207
822 208
880 209
415 210
435 211
687 212
743 213
404 214
892 215
277 216
368 217
953 218
386 219
889 220
381 221
572 222
942 996
994 223
995 224
347 225
886 226
625 227
896 228
258 229
669 230
352 231
681 232
796 233
504 234
932 235
621 236
404 237
552 238
638 239
958 240
658 241
808 242
432 243
894 244
798 245
482 246
848 247
904 248
516 249
588 250
879 251
470 252
498 253
513 254
354 255
592 256
886 257
890 258
599 259
744 260
753 261
940 262
953 263
402 264
636 265
994 266
479 267
310 268
797 269
542 270
547 271
530 272
330 273
475 274
650 275
458 276
972 277
937 278
992 279
299 280
587 281
901 282
693 283
373 284
759 285
503 286
308 287
779 288
871 289
564 290
414 291
908 292
579 293
347 294
893 295
862 296
709 297
768 298
642 299
691 300
611 301
760 302
636 303
743 304
737 305
954 306
791 307
985 308
878 309
944 310
873 311
647 312
524 313
335 314
505 315
634 316
352 317
894 318
536 319
880 320
453 321
641 322
462 323
404 324
666 325
977 326
557 327
818 328
852 329
991 330
916 331
372 332
517 333
800 334
881 335
788 336
571 337
616 338
386 339
783 340
459 341
391 342
631 343
567 344
395 345
461 346
536 347
853 348
635 349
446 350
805 351
839 352
590 353
474 354
914 355
994 356
476 357
522 358
755 359
368 360
597 361
514 362
642 363
992 364
516 995
994 365
676 366
653 367
530 368
828 369
413 370
422 371
827 372
459 373
632 374
667 375
804 376
927 377
903 378
574 379
877 380
719 381
617 382
891 383
541 384
821 385
994 386
660 387
672 388
696 389
764 390
555 391
891 392
972 393
752 394
446 395
665 396
406 397
928 398
606 399
623 400
442 401
864 402
864 403
594 404
903 405
536 406
820 407
964 408
968 409
790 410
563 411
774 412
564 413
446 414
442 415
726 416
581 417
742 419
698 420
708 421
888 422
591 423
740 424
552 425
826 426
666 427
494 428
939 429
921 430
741 431
622 432
690 433
754 434
943 435
711 436
993 437
532 438
535 439
603 440
681 441
589 442
554 443
506 444
790 445
678 446
611 447
751 448
926 449
462 450
540 451
554 452
895 453
920 454
896 455
716 456
734 457
502 458
800 459
758 460
768 461
657 462
959 463
816 464
474 465
786 466
690 467
503 468
740 469
785 470
723 471
480 472
777 473
556 474
476 475
534 476
965 477
827 478
672 479
614 480
486 481
681 482
964 483
669 484
840 485
657 486
631 487
675 488
711 489
980 490
690 491
753 492
794 493
588 494
642 495
812 496
936 497
684 498
932 499
745 500
870 501
819 502
724 503
606 504
805 505
522 506
571 507
811 508
740 509
817 510
617 511
625 512
555 513
784 514
713 515
849 516
820 517
543 518
782 519
583 520
557 521
918 522
788 523
674 524
559 525
657 526
872 527
810 528
904 529
854 530
956 531
986 532
626 533
650 534
898 535
922 536
541 537
923 538
585 539
605 540
693 541
705 542
964 543
922 544
638 545
556 546
986 547
662 548
561 549
990 550
670 551
775 552
699 553
853 554
577 555
907 556
917 557
623 558
943 559
853 560
740 561
623 562
762 563
818 564
786 565
638 566
597 567
937 568
909 569
771 570
826 571
933 572
717 994
993 573
805 574
711 575
931 993
992 576
750 577
868 578
675 579
779 580
803 581
615 582
946 583
938 584
747 585
857 586
700 587
898 588
882 589
901 590
945 591
637 592
663 593
805 594
828 595
713 596
702 597
961 598
947 599
923 600
842 601
795 602
841 603
685 604
680 605
894 606
826 607
983 608
658 609
871 610
805 611
950 612
932 613
833 614
622 615
881 616
645 617
690 618
770 619
815 620
748 621
946 622
901 623
635 624
988 625
665 626
937 627
979 628
797 629
956 630
798 631
971 632
920 633
809 634
661 635
713 636
845 637
974 638
859 639
858 640
889 641
946 642
771 643
954 644
797 645
737 646
933 647
840 648
936 649
937 650
787 651
659 652
771 653
954 654
870 655
943 656
930 657
753 658
736 659
761 660
955 661
814 662
791 663
830 664
877 665
894 992
991 666
775 667
849 668
925 669
892 670
872 671
775 672
848 673
793 674
872 675
914 676
897 677
975 678
989 679
808 680
853 681
770 682
927 683
941 684
810 685
884 686
762 687
868 688
908 689
940 690
891 691
733 692
816 693
847 694
890 695
981 696
729 697
719 698
968 699
972 700
784 701
936 702
858 703
788 704
945 705
985 706
720 707
907 708
780 709
785 710
847 711
784 712
888 713
720 714
730 715
794 716
837 717
729 718
825 719
828 720
969 721
899 722
786 723
943 724
835 725
771 726
798 727
757 728
840 729
792 730
774 731
929 732
931 733
808 734
836 735
810 736
742 737
991 738
988 739
752 740
763 741
756 742
846 743
829 744
835 745
844 746
897 747
763 748
834 749
933 750
811 751
861 752
960 753
983 991
989 754
904 755
790 756
957 757
960 758
894 759
898 760
860 761
935 762
916 763
812 764
938 765
932 766
892 767
843 768
937 769
850 770
775 771
871 772
861 773
936 774
872 775
896 776
860 777
930 778
842 779
972 780
925 781
922 782
878 783
817 784
894 785
986 786
848 787
932 788
931 789
853 790
935 791
957 792
882 793
959 794
975 795
819 796
942 797
888 798
830 799
896 800
870 801
894 802
965 803
960 804
972 805
947 806
984 807
856 808
988 809
926 810
821 811
831 812
952 813
967 814
836 815
868 816
853 817
977 818
846 819
929 820
826 821
969 822
875 823
892 824
895 825
914 826
896 827
919 828
914 829
897 830
963 831
908 832
955 833
910 834
931 835
910 836
962 837
928 838
900 839
958 840
886 841
912 842
873 843
969 844
973 845
908 846
965 847
876 848
919 849
946 850
921 851
953 852
950 853
920 854
911 855
909 856
930 857
951 858
927 859
866 990
988 860
954 861
871 862
911 863
985 864
975 865
986 866
881 867
882 868
982 869
919 870
987 871
917 872
947 873
976 874
966 875
940 876
931 877
972 878
948 879
944 880
944 881
919 882
902 883
977 884
939 885
968 886
912 887
957 888
964 889
901 890
968 989
987 891
973 892
956 893
951 894
923 895
965 896
915 897
927 898
942 899
982 900
902 901
961 902
940 903
906 904
946 905
939 906
980 907
965 908
948 909
976 988
986 910
916 911
977 912
919 913
981 914
919 915
984 916
941 917
927 987
986 918
937 919
944 920
947 921
940 922
944 923
930 924
941 925
957 926
975 927
983 928
975 929
936 930
969 931
952 932
937 933
982 934
952 935
965 936
973 937
979 938
951 939
983 940
954 941
960 942
968 943
983 944
956 945
980 946
972 947
959 948
974 949
978 950
980 951
968 985
983 952
955 953
980 954
957 955
975 956
963 957
972 958
965 959
969 983
981 960
976 961
981 962
982 963
981 982
981 964
967 965
972 966
976 981
974 979
977 967
969 968
971 978
977 969
976 971
976 972
974 973
976 977
976 975
