995
298 1
437 2
172 3
339 4
689 5
841 6
684 7
156 8
41 9
854 10
347 11
249 12
817 13
455 14
168 15
427 16
305 17
671 18
849 19
398 20
692 21
772 22
657 23
541 24
560 25
347 26
728 27
366 28
527 29
582 30
381 31
597 32
360 33
253 34
207 35
314 36
223 37
424 38
46 39
170 40
497 41
169 42
242 43
791 44
544 45
368 46
764 47
708 48
718 49
107 50
543 51
621 52
489 53
333 54
299 55
588 56
726 57
703 58
90 59
743 60
461 61
198 62
568 63
469 64
833 65
942 66
433 67
271 68
782 69
379 70
117 71
705 72
727 73
123 74
101 75
285 76
762 77
843 78
626 79
733 80
948 81
735 82
502 83
231 84
861 85
965 86
236 87
257 88
383 89
588 90
321 91
556 92
172 93
779 94
550 95
355 96
168 97
697 98
197 99
693 100
748 101
265 102
742 103
177 104
805 105
240 106
373 107
600 108
407 109
275 110
216 111
362 112
362 113
332 114
176 115
610 116
692 117
507 118
498 119
659 120
571 121
209 122
322 123
855 124
539 125
581 126
912 127
950 128
248 129
382 130
936 131
461 132
786 133
513 134
225 135
778 136
541 137
591 138
317 139
811 140
231 141
720 142
783 143
666 144
517 145
325 146
294 147
511 148
515 149
543 150
776 151
154 152
948 153
808 154
324 155
673 156
891 157
798 158
747 159
858 160
577 161
527 162
684 163
308 164
723 165
725 166
625 167
794 168
205 169
710 170
319 171
793 172
820 173
430 174
584 175
545 176
938 177
499 178
914 179
236 180
781 181
300 182
642 183
764 184
811 185
769 186
806 187
716 188
521 189
615 190
889 191
291 192
224 193
613 194
694 195
260 196
859 197
585 198
595 199
650 200
258 201
499 202
653 203
680 204
882 205
419 206
868 207
291 208
949 209
896 210
450 211
869 212
957 213
407 214
923 215
376 216
796 217
504 218
951 219
698 220
719 221
850 222
927 223
594 224
317 225
391 226
783 227
343 228
679 229
619 230
809 231
825 232
270 233
723 234
408 235
892 236
300 237
958 238
923 239
319 240
336 241
315 242
364 243
970 244
658 245
840 246
329 247
949 248
255 249
934 250
600 251
593 252
489 253
520 254
378 255
932 256
752 257
270 258
746 259
831 260
914 261
598 262
280 263
355 264
854 265
344 266
834 267
988 268
525 269
671 270
939 271
451 272
703 273
928 274
321 275
420 276
887 277
343 278
823 279
917 280
857 281
670 282
642 283
748 284
807 285
716 286
758 287
444 288
833 289
757 290
780 291
639 292
687 293
871 294
815 295
916 296
870 297
726 298
682 299
628 300
716 301
577 302
553 303
471 304
491 305
966 306
895 307
372 308
830 309
922 310
350 311
713 312
671 313
768 314
968 315
835 316
457 317
675 318
652 319
689 320
953 321
342 322
904 323
728 324
674 325
782 326
537 327
836 328
699 329
552 330
496 331
466 332
781 333
595 334
372 998
997 335
613 336
460 337
799 338
465 339
634 340
472 341
544 342
750 343
480 344
357 345
447 346
827 347
688 348
983 349
528 350
782 351
830 352
766 353
870 354
552 355
848 356
790 357
462 358
826 359
667 360
589 361
561 362
942 363
712 364
447 365
376 366
825 367
425 368
967 369
496 370
865 371
418 372
423 373
402 374
568 375
896 376
617 377
461 378
504 379
585 380
467 381
414 382
902 383
815 384
421 385
666 386
576 387
602 388
675 389
790 390
660 391
424 392
752 393
542 394
852 395
523 396
959 397
523 398
938 399
401 400
633 401
417 402
507 403
916 404
762 405
536 406
995 407
412 408
820 409
584 410
654 411
796 412
506 413
625 414
717 415
790 416
670 417
847 418
792 419
713 420
540 421
758 422
561 423
579 424
843 425
498 426
839 427
730 428
834 429
473 430
577 431
820 432
716 433
897 434
950 435
586 436
839 437
688 438
638 439
715 440
978 441
940 442
700 443
731 444
595 445
577 446
510 447
773 448
786 449
664 450
498 451
800 452
606 453
860 454
661 455
827 456
870 457
573 458
628 459
632 460
898 461
598 462
915 463
702 464
877 465
588 466
866 467
804 468
488 469
785 470
796 471
541 472
931 473
554 474
591 475
859 476
497 477
675 478
794 479
919 480
535 481
832 482
531 483
733 484
486 485
761 486
814 487
907 488
503 489
703 490
802 491
498 492
756 493
924 494
955 495
929 496
695 497
641 498
836 499
983 500
819 501
662 502
711 503
800 504
813 505
799 506
921 507
745 508
988 509
714 510
577 511
991 512
706 513
905 514
674 515
904 516
993 517
661 518
548 519
858 520
758 521
950 522
905 523
645 524
758 525
812 526
635 527
587 528
534 529
820 530
699 531
961 532
903 533
808 534
653 535
962 536
986 537
961 538
852 539
763 540
751 541
936 542
659 543
752 544
706 545
785 546
739 547
858 548
711 549
910 550
813 551
929 552
750 553
810 554
745 555
731 556
742 557
760 558
980 559
924 560
716 561
660 562
923 563
912 564
687 565
610 566
599 567
748 568
742 569
949 570
899 571
950 572
839 573
703 574
722 575
932 576
991 577
843 578
672 579
948 580
887 581
697 582
704 583
667 584
906 585
821 586
714 587
636 588
806 589
766 590
847 591
782 592
696 593
683 594
842 595
941 596
982 597
832 598
701 599
842 600
608 601
612 602
739 603
884 604
778 605
896 606
664 607
727 608
621 609
865 610
871 611
846 612
841 613
710 614
860 615
897 616
814 617
637 618
942 619
751 620
964 621
820 622
732 623
740 624
673 625
889 626
690 627
640 628
966 629
862 630
966 631
887 632
884 633
776 634
794 635
823 636
924 637
889 638
885 639
776 640
984 641
744 642
783 643
728 644
756 645
871 646
808 647
852 648
902 649
875 650
947 651
698 652
702 653
905 654
777 655
682 656
897 657
888 658
781 659
941 660
689 661
808 662
930 663
969 664
724 665
848 666
996 667
792 668
670 669
984 670
804 671
840 672
855 673
676 674
837 675
719 676
819 677
735 678
957 679
902 680
735 681
978 682
920 683
801 684
906 685
849 686
832 687
924 688
954 689
889 690
769 691
881 692
957 693
831 694
787 695
794 696
810 697
778 698
776 699
966 700
878 701
772 702
845 703
755 704
719 705
804 706
751 707
780 708
800 709
735 710
778 711
919 712
785 713
984 714
905 715
849 716
847 717
815 718
758 719
819 720
992 721
968 722
877 723
761 724
910 725
963 726
944 727
964 728
797 729
785 730
948 731
878 732
787 733
903 734
851 735
838 736
988 737
767 738
786 739
870 740
842 741
844 742
834 743
976 744
783 745
865 746
972 747
773 748
806 749
802 750
909 751
885 752
781 753
975 754
801 755
830 756
827 757
952 758
934 759
853 760
978 761
819 762
918 763
959 764
818 765
982 766
773 767
838 768
962 769
874 770
955 771
801 772
809 773
932 774
862 775
970 776
840 777
980 778
930 779
967 780
984 781
943 782
847 783
805 784
813 785
909 786
844 787
866 788
883 789
954 790
806 791
821 792
843 793
875 794
923 795
932 796
944 797
932 798
956 799
944 800
810 801
953 802
856 803
914 804
959 805
918 806
978 807
854 808
939 809
876 997
996 810
908 811
848 812
961 813
973 814
956 815
983 816
880 817
956 818
987 819
838 820
995 821
949 822
973 823
857 824
922 825
843 826
940 827
857 828
900 829
835 830
856 831
909 832
890 833
903 834
974 835
937 836
843 837
943 838
854 839
982 840
898 841
882 842
971 843
944 844
950 845
975 846
861 847
880 848
908 849
935 850
986 851
975 852
877 853
966 854
894 855
900 856
904 857
988 858
871 996
995 859
888 860
886 861
976 862
925 863
953 864
872 865
956 866
879 867
919 869
886 870
927 871
890 872
952 873
924 874
953 875
921 876
899 877
958 878
995 879
938 880
889 881
885 882
940 883
949 884
892 886
941 887
940 888
979 889
906 890
981 891
933 892
978 893
988 894
976 895
982 896
902 897
921 898
928 899
945 900
979 902
952 903
995 904
990 905
983 906
993 907
969 908
958 909
912 910
937 911
924 912
921 913
921 914
960 915
959 916
943 917
933 918
936 919
981 920
960 921
987 922
972 923
974 995
993 924
984 925
940 926
943 927
966 928
962 929
986 930
992 931
934 932
946 933
991 934
959 936
968 937
955 938
955 939
951 940
994 941
958 942
966 943
957 944
986 945
980 946
959 947
992 948
961 949
973 950
988 994
992 951
977 952
961 953
983 954
979 955
982 956
959 957
989 958
991 959
970 960
967 961
993 962
981 963
974 964
966 965
982 966
978 967
987 968
980 969
974 970
992 971
978 993
991 972
976 973
982 975
984 976
983 992
991 977
982 978
986 979
990 980
986 981
982 991
990 982
987 983
988 984
987 985
986 991
989 986
989 987
989 988
989 990
989 991
989 991
