999
521 1
562 2
90 3
678 4
126 5
846 6
546 7
51 8
790 9
623 10
656 11
248 12
990 13
66 14
988 15
487 16
243 17
870 18
165 19
857 20
44 21
322 22
881 23
967 24
324 25
551 26
442 27
979 28
148 29
715 30
632 31
613 32
934 33
434 34
244 35
690 36
935 37
375 38
546 39
122 40
296 41
746 42
535 43
719 44
520 45
808 46
489 47
85 48
126 49
712 50
801 51
594 52
702 53
410 54
364 55
536 56
835 57
828 58
149 59
951 60
84 61
704 62
874 63
83 64
792 65
137 66
824 67
103 68
691 69
373 70
382 71
704 72
954 73
982 74
496 75
339 76
575 77
457 78
392 79
132 80
110 81
148 82
737 83
494 84
902 85
342 86
243 87
693 88
728 89
695 90
379 91
261 92
329 93
108 94
359 95
897 96
105 97
736 98
532 99
409 100
827 101
537 102
255 103
650 104
158 105
886 106
509 107
193 108
298 109
611 110
903 111
919 112
736 113
874 114
688 115
193 116
682 117
585 118
347 119
208 120
132 121
320 122
898 123
133 124
929 125
462 126
586 127
676 128
241 129
278 130
320 131
926 132
761 133
900 134
929 135
161 136
802 137
706 138
722 139
559 140
405 141
815 142
218 143
839 144
842 145
899 146
641 147
629 148
944 149
165 150
400 151
309 152
280 153
485 154
772 155
234 156
377 157
729 158
195 159
566 160
818 161
624 162
275 163
712 164
505 165
293 166
266 167
226 168
314 169
847 170
548 171
670 172
296 173
204 174
801 175
727 176
383 177
868 178
968 179
852 180
622 181
508 182
541 183
879 184
367 185
700 186
407 187
809 188
669 189
346 190
276 191
387 192
664 193
763 194
231 195
715 196
417 197
292 198
450 199
359 200
406 201
420 202
268 203
646 204
882 205
771 206
922 207
775 208
425 209
971 210
789 211
637 212
700 213
287 214
811 215
438 216
588 217
757 218
511 219
341 220
436 221
390 222
770 223
826 224
819 225
261 226
309 227
638 228
602 229
836 230
246 231
750 232
688 233
239 234
330 235
330 236
604 237
263 238
249 239
842 240
375 241
627 242
777 243
927 244
519 245
595 246
859 247
854 248
784 249
389 250
490 251
375 252
590 253
277 254
413 255
322 256
603 257
357 258
285 259
624 260
710 261
935 262
677 263
647 264
952 265
855 266
409 267
395 268
355 269
577 270
335 271
738 272
415 273
505 274
778 275
643 276
694 277
703 278
877 279
846 280
540 281
589 282
827 283
723 284
731 285
743 286
979 287
343 288
659 289
831 290
596 291
865 292
631 293
570 294
597 295
757 296
661 297
885 298
400 299
911 300
581 301
310 302
346 303
901 304
563 305
508 306
383 307
769 308
693 309
455 310
729 311
669 312
665 313
455 314
528 315
744 316
554 317
442 318
656 319
583 320
444 321
970 322
796 323
701 324
692 325
798 326
419 327
441 328
835 329
637 330
926 331
459 332
798 333
338 334
719 335
887 336
488 337
767 338
932 339
739 340
979 341
887 342
735 343
870 344
979 345
395 346
784 347
553 348
365 349
507 350
947 351
992 352
836 353
689 354
456 355
410 356
388 357
629 358
433 359
559 360
967 361
836 362
817 363
801 364
521 365
457 366
445 367
951 368
595 369
574 370
718 371
995 372
691 373
643 374
467 375
992 376
601 377
635 378
714 379
498 380
877 381
580 382
949 383
556 384
907 385
598 386
754 387
890 388
949 389
716 390
701 391
594 392
908 393
841 394
877 395
478 396
974 397
548 398
869 399
716 400
897 401
748 402
672 403
407 404
993 405
816 406
962 407
897 408
719 409
597 410
844 411
960 412
783 413
891 414
873 415
478 416
767 417
762 418
516 419
588 420
617 421
714 422
466 423
914 424
879 425
668 426
940 427
692 428
843 429
714 430
692 431
823 432
885 433
985 434
902 435
923 436
771 437
732 438
809 439
933 440
771 441
487 442
483 443
977 444
917 445
702 446
806 447
649 448
540 449
818 450
663 451
474 452
770 453
638 454
764 455
880 456
666 457
942 458
655 459
797 460
621 461
691 462
792 463
669 464
486 465
895 466
899 467
829 468
893 469
747 470
516 471
879 472
891 473
644 474
755 475
559 476
792 477
529 478
747 479
522 480
835 481
660 482
581 483
923 484
529 485
874 486
556 487
966 488
549 489
981 490
800 491
508 492
926 493
535 494
802 495
933 496
499 497
963 498
832 499
616 500
834 501
570 502
638 503
640 504
693 505
568 506
579 507
906 508
872 509
614 510
621 511
783 512
578 513
629 514
575 515
759 516
787 517
940 518
935 519
628 520
691 521
704 522
531 523
703 524
745 525
855 526
826 527
699 528
624 529
891 530
675 531
673 532
668 533
607 534
847 535
910 536
945 537
550 538
780 539
845 540
632 541
817 542
664 543
980 544
731 545
707 546
793 547
703 548
608 549
881 550
706 551
702 552
580 553
903 554
744 555
715 556
986 557
774 558
572 559
689 560
802 561
572 562
885 563
879 564
596 565
961 566
849 567
571 568
868 569
575 570
928 571
701 572
614 573
594 574
610 575
590 576
722 577
721 578
732 579
956 580
961 581
780 582
797 583
745 584
988 585
611 586
805 587
851 588
774 589
797 590
805 591
824 592
810 593
717 594
694 595
823 596
817 597
653 598
828 599
829 600
628 601
860 602
804 603
681 604
683 605
843 606
799 607
921 608
831 609
951 610
737 611
840 612
678 613
634 614
781 615
772 616
969 617
958 618
874 619
809 620
901 621
691 622
779 623
940 624
805 625
764 626
936 627
826 628
816 629
779 630
666 631
878 632
752 633
917 634
774 635
665 636
666 637
908 638
683 639
897 640
829 641
697 642
809 643
748 644
693 645
995 646
796 647
864 648
937 649
955 650
759 651
811 652
768 653
836 654
939 655
760 656
783 657
869 658
799 659
854 660
715 661
967 662
689 663
772 664
864 665
711 666
691 667
703 668
790 669
904 670
956 671
932 672
962 673
734 674
776 675
870 676
983 677
754 678
827 679
738 680
834 681
774 682
883 683
719 684
922 685
979 686
982 687
998 688
794 689
817 690
803 691
927 692
696 693
961 694
802 695
919 696
769 697
985 698
762 699
952 700
874 701
929 702
782 703
948 704
749 705
837 706
885 707
847 708
725 709
982 710
772 711
955 712
727 713
972 714
816 715
976 716
897 717
959 718
888 719
869 720
817 721
798 722
779 723
866 724
969 725
769 726
798 727
783 728
764 729
783 730
972 731
803 732
997 733
891 734
959 735
887 736
885 737
823 738
902 739
752 740
742 741
977 742
891 743
964 744
789 745
973 998
996 746
826 747
915 748
962 749
926 750
963 751
764 752
857 753
898 754
956 755
850 756
860 757
833 758
766 759
784 760
835 761
985 762
826 763
990 997
995 764
994 765
895 766
880 767
799 768
873 769
823 770
863 771
965 772
955 773
793 774
936 775
885 776
870 777
846 778
873 779
792 780
873 781
896 782
814 783
947 784
830 785
862 786
860 787
960 788
946 789
842 790
973 791
982 792
990 793
906 794
876 795
841 796
856 797
939 798
828 799
858 800
962 801
843 802
886 803
836 804
979 805
933 806
956 807
943 808
821 809
842 810
825 811
870 812
911 813
996 814
966 815
961 816
958 817
961 818
990 819
828 820
861 821
907 822
826 823
902 824
867 825
849 826
924 827
843 828
943 829
906 830
856 831
963 832
931 833
875 834
935 835
992 836
940 837
922 838
968 839
949 840
862 841
865 842
870 843
994 844
921 845
906 846
915 847
982 848
863 849
953 850
927 851
960 852
949 853
911 854
908 855
908 856
937 857
881 858
872 996
994 859
954 860
919 861
951 862
897 863
877 864
949 865
982 866
872 867
973 868
883 869
995 870
945 871
958 872
889 874
957 875
994 876
987 877
983 878
891 879
993 880
923 881
952 882
973 883
888 884
991 885
889 886
940 887
993 888
962 889
965 890
994 891
956 892
904 893
928 894
967 895
995 896
924 897
947 898
992 899
926 900
967 901
956 902
904 903
956 904
968 905
965 906
978 907
995 908
964 995
994 909
925 910
958 911
937 912
915 913
942 914
953 915
957 916
931 917
987 994
992 918
934 919
946 920
925 993
991 921
945 922
954 923
992 924
969 925
946 926
988 927
983 928
954 929
969 930
973 931
968 932
940 933
988 934
973 935
986 936
949 937
967 938
956 939
944 940
949 941
978 942
965 943
964 944
963 945
968 946
974 947
971 948
961 949
964 992
990 950
965 951
971 952
959 953
991 954
968 955
959 956
964 957
979 958
985 959
974 961
974 962
973 963
984 964
991 965
980 966
991 967
989 968
986 969
977 970
985 971
974 991
990 972
988 973
987 974
987 990
988 975
986 976
978 977
981 978
983 989
988 979
980 988
986 980
988 981
983 982
983 988
986 983
986 984
986 985
986 987
988 986
987 988
987 986
