992
167 1
772 2
593 3
989 4
113 5
160 6
719 7
895 8
921 9
157 10
297 11
982 12
569 13
204 14
793 15
225 16
295 17
571 18
949 19
667 20
972 21
911 22
851 23
934 24
65 25
311 26
204 27
444 28
866 29
317 30
114 31
789 32
460 33
533 34
799 35
46 36
818 37
130 38
258 39
975 40
305 41
83 42
567 43
326 44
151 45
489 46
86 47
581 48
877 49
879 50
576 51
196 52
519 53
850 54
155 55
215 56
420 58
353 59
298 60
425 61
847 62
675 63
190 64
498 65
809 66
666 67
604 68
576 69
127 70
621 71
119 72
493 73
561 74
243 75
521 76
330 77
898 78
258 79
393 80
790 81
770 82
759 83
288 84
433 85
832 86
446 87
337 88
729 89
440 90
574 91
738 92
515 93
520 94
109 95
909 96
449 97
659 98
258 99
853 100
132 101
436 102
320 103
666 104
268 105
706 106
115 107
581 108
442 109
841 110
740 111
773 112
897 113
228 114
857 115
511 116
196 117
875 118
965 119
857 120
168 121
163 122
814 123
237 124
503 125
583 126
979 127
435 128
493 129
342 130
388 131
878 132
167 133
894 134
908 135
421 136
850 137
594 138
850 139
378 140
185 141
805 142
808 143
249 144
457 145
444 146
487 147
817 148
263 149
605 150
691 151
535 152
587 153
899 154
815 155
566 156
893 157
710 158
670 159
570 160
270 161
373 162
568 163
955 164
277 165
583 166
788 167
364 168
592 169
531 170
645 171
342 172
957 173
631 174
310 998
997 175
827 176
249 177
735 178
932 179
940 181
738 182
268 183
438 184
416 185
432 186
482 187
351 188
365 189
462 190
780 191
504 192
658 193
835 194
504 195
976 196
478 197
336 198
876 199
261 200
731 201
692 202
694 203
725 204
359 205
594 206
920 207
371 208
676 209
816 210
928 211
329 212
531 213
726 214
728 215
241 216
872 217
550 218
410 219
765 220
606 221
373 222
781 223
948 224
832 225
818 226
489 227
725 228
551 229
942 230
765 231
893 232
407 233
843 234
918 235
445 236
740 237
448 238
910 239
991 240
481 241
577 242
688 243
657 244
439 245
581 246
553 247
273 248
718 249
511 250
920 251
750 252
366 253
579 254
318 255
638 256
652 257
647 258
279 259
692 260
657 261
849 262
916 263
931 264
437 265
432 266
931 267
522 268
761 269
851 270
844 271
527 272
797 273
812 274
498 275
332 276
500 277
686 278
299 279
920 280
361 281
943 282
616 283
462 284
730 285
885 286
968 287
597 288
570 289
377 290
976 291
698 292
935 293
600 294
330 295
822 296
792 297
307 298
610 299
786 300
627 301
306 302
551 303
398 304
822 305
786 306
754 307
565 308
827 309
438 310
554 311
711 312
662 313
730 314
403 315
583 316
552 317
346 318
785 319
641 320
340 321
365 322
592 323
397 324
984 325
840 326
518 327
615 328
593 329
743 330
337 331
721 332
387 333
522 334
744 335
689 336
717 337
558 338
609 339
674 340
899 341
987 342
593 343
731 344
778 345
618 346
787 347
389 348
765 349
986 350
861 351
957 352
946 353
905 354
557 355
960 356
569 357
434 358
619 359
892 360
804 361
585 362
720 363
916 364
887 365
667 366
612 367
810 368
661 369
498 370
375 371
482 372
849 373
622 374
978 375
630 376
464 377
465 378
650 379
850 380
776 381
675 382
909 383
584 384
757 385
866 386
691 387
962 388
425 389
540 390
624 391
931 392
773 393
661 394
439 395
494 396
623 397
940 398
657 399
832 400
419 401
830 402
498 403
772 404
907 405
529 406
878 407
572 408
505 409
599 410
975 411
662 412
551 413
799 414
646 415
691 416
925 417
879 418
782 419
850 420
850 421
883 422
488 423
676 424
967 425
648 426
655 427
858 428
895 429
741 430
489 431
790 432
441 433
997 434
948 435
900 436
900 437
860 438
464 439
725 440
572 441
922 442
469 443
841 444
741 445
738 446
639 447
784 448
622 449
855 450
717 451
753 452
935 453
775 454
715 455
786 456
544 457
502 458
802 459
694 460
991 461
892 462
523 463
831 464
671 465
613 466
760 467
638 468
571 469
589 470
722 471
641 472
903 473
716 474
534 475
895 476
667 477
693 478
602 479
808 480
810 481
997 482
711 483
902 484
639 485
501 486
600 487
583 488
990 489
610 490
967 491
943 492
752 493
919 494
591 495
538 496
876 497
775 498
785 499
847 500
735 501
844 502
916 503
550 504
930 505
742 506
552 507
677 508
673 509
780 510
711 511
537 512
665 513
786 514
861 515
752 516
809 517
567 518
743 519
911 520
582 521
527 522
976 523
531 524
596 525
603 526
740 527
851 528
968 529
650 530
891 531
960 532
602 533
846 534
972 535
980 536
763 537
891 538
563 539
722 540
780 541
965 542
928 543
822 544
790 545
604 546
684 547
939 548
844 549
718 550
842 551
899 552
659 553
769 554
673 555
673 556
985 557
855 558
664 559
652 560
813 561
940 562
584 563
681 564
594 565
939 566
834 567
785 568
965 569
800 570
986 571
872 572
752 573
664 574
614 575
997 576
937 577
688 578
831 579
821 580
670 581
955 582
889 583
657 584
661 585
852 586
621 587
872 588
648 589
988 590
771 591
956 592
657 593
960 594
695 595
943 596
949 597
962 598
906 599
850 600
626 601
709 602
622 603
692 604
609 605
856 606
797 607
770 608
643 609
880 610
735 611
826 612
948 613
774 614
972 615
747 616
774 617
631 618
707 619
846 620
697 621
831 622
708 623
667 624
638 625
838 626
820 627
702 628
864 629
753 630
670 631
971 632
710 633
732 634
728 635
992 636
951 637
972 638
779 639
934 640
696 641
698 642
705 643
682 644
661 645
928 646
894 647
727 648
853 649
815 650
985 651
924 652
754 653
993 654
835 655
779 656
842 657
701 658
672 659
810 660
731 661
753 662
837 663
739 664
921 665
684 666
905 667
996 668
889 669
848 670
761 671
686 672
757 673
987 674
872 675
712 676
721 677
849 678
727 679
883 680
846 681
918 682
722 683
952 684
756 685
872 686
818 687
924 688
717 689
721 690
908 691
812 692
767 693
949 694
931 695
844 696
771 697
825 698
730 699
937 700
976 701
767 702
855 703
867 704
894 705
848 706
869 707
969 708
748 709
812 710
925 711
822 712
740 713
896 714
905 715
828 716
791 717
754 718
934 719
927 720
928 721
905 722
807 723
768 724
768 725
925 726
805 727
911 728
939 729
820 730
865 731
816 732
788 733
828 734
819 735
940 736
846 737
832 738
980 739
819 740
835 741
819 742
980 743
790 744
997 745
914 746
797 747
782 748
831 749
953 750
860 751
799 752
890 753
822 754
818 755
975 756
878 757
851 758
771 759
876 760
858 761
959 762
926 763
953 764
917 765
926 766
793 767
855 768
809 769
787 770
820 771
936 772
859 773
966 774
831 775
838 776
975 777
967 778
838 779
948 780
893 781
842 782
810 783
960 784
815 785
948 786
808 787
982 788
882 789
933 790
825 791
845 792
835 793
800 794
826 795
871 796
867 797
880 798
816 799
912 800
803 801
925 802
950 803
851 804
830 805
846 806
816 807
815 808
995 809
901 810
831 811
960 812
979 813
822 814
863 815
890 816
851 817
959 818
874 819
865 820
877 821
914 822
878 823
878 824
853 825
900 826
894 827
971 828
875 829
895 830
950 831
993 832
919 833
984 834
852 835
995 836
890 837
852 838
947 839
906 840
973 841
983 842
886 843
984 844
938 845
960 846
908 847
858 848
862 849
989 850
936 851
872 852
925 853
981 854
860 855
944 856
870 857
862 858
991 859
952 860
980 861
939 862
874 863
954 864
911 865
944 866
980 867
920 868
901 869
985 870
911 871
951 872
981 873
954 874
981 875
987 876
987 877
886 878
899 879
968 880
951 881
904 882
890 883
950 884
996 885
893 886
962 887
959 888
967 889
954 890
974 891
978 892
965 893
929 894
963 895
987 896
966 897
986 898
927 899
988 900
909 901
964 902
988 903
981 904
918 905
916 906
988 907
965 908
961 909
973 910
979 911
990 912
955 913
961 914
925 915
979 997
996 916
981 917
962 918
954 919
985 920
925 922
925 923
957 924
979 925
936 926
954 927
973 928
964 929
973 930
937 931
956 932
979 933
942 934
945 935
956 936
940 937
946 938
967 939
981 940
958 941
960 942
952 943
985 944
949 945
969 946
990 947
952 948
990 949
979 950
981 951
989 952
956 953
974 954
957 955
988 956
993 957
990 958
983 959
988 996
995 960
995 961
983 962
991 963
986 965
978 967
988 968
981 969
978 970
983 971
972 995
994 972
977 973
993 974
977 975
991 976
987 977
983 978
988 979
986 980
983 981
987 995
993 983
991 984
988 985
989 986
991 987
991 988
993 989
992 993
994 993
992 994
992 993
