999
1 997
996 1
2 997
995 2
997 3
5 997
996 4
5 996
5 993
992 5
6 993
991 6
993 7
9 993
992 8
9 992
9 989
988 9
10 989
987 10
989 11
13 989
988 12
13 988
13 985
984 13
14 985
983 14
985 15
17 985
984 16
17 984
17 981
980 17
18 981
979 18
981 19
21 981
980 20
21 980
21 977
976 21
22 977
975 22
977 23
25 977
976 24
25 976
25 973
972 25
26 973
971 26
973 27
29 973
972 28
29 972
29 969
968 29
30 969
967 30
969 31
33 969
968 32
33 968
33 965
964 33
34 965
963 34
965 35
37 965
964 36
37 964
37 961
960 37
38 961
959 38
961 39
41 961
960 40
41 960
41 957
956 41
42 957
955 42
957 43
45 957
956 44
45 956
45 953
952 45
46 953
951 46
953 47
49 953
952 48
49 952
49 949
948 49
50 949
947 50
949 51
53 949
948 52
53 948
53 945
944 53
54 945
943 54
945 55
57 945
944 56
57 944
57 941
940 57
58 941
939 58
941 59
61 941
940 60
61 940
61 937
936 61
62 937
935 62
937 63
65 937
936 64
65 936
65 933
932 65
66 933
931 66
933 67
69 933
932 68
69 932
69 929
928 69
70 929
927 70
929 71
73 929
928 72
73 928
73 925
924 73
74 925
923 74
925 75
77 925
924 76
77 924
77 921
920 77
78 921
919 78
921 79
81 921
920 80
81 920
81 917
916 81
82 917
915 82
917 83
85 917
916 84
85 916
85 913
912 85
86 913
911 86
913 87
89 913
912 88
89 912
89 909
908 89
90 909
907 90
909 91
93 909
908 92
93 908
93 905
904 93
94 905
903 94
905 95
97 905
904 96
97 904
97 901
900 97
98 901
899 98
901 99
101 901
900 100
101 900
101 897
896 101
102 897
895 102
897 103
105 897
896 104
105 896
105 893
892 105
106 893
891 106
893 107
109 893
892 108
109 892
109 889
888 109
110 889
887 110
889 111
113 889
888 112
113 888
113 885
884 113
114 885
883 114
885 115
117 885
884 116
117 884
117 881
880 117
118 881
879 118
881 119
121 881
880 120
121 880
121 877
876 121
122 877
875 122
877 123
125 877
876 124
125 876
125 873
872 125
126 873
871 126
873 127
129 873
872 128
129 872
129 869
868 129
130 869
867 130
869 131
133 869
868 132
133 868
133 865
864 133
134 865
863 134
865 135
137 865
864 136
137 864
137 861
860 137
138 861
859 138
861 139
141 861
860 140
141 860
141 857
856 141
142 857
855 142
857 143
145 857
856 144
145 856
145 853
852 145
146 853
851 146
853 147
149 853
852 148
149 852
149 849
848 149
150 849
847 150
849 151
153 849
848 152
153 848
153 845
844 153
154 845
843 154
845 155
157 845
844 156
157 844
157 841
840 157
158 841
839 158
841 159
161 841
840 160
161 840
161 837
836 161
162 837
835 162
837 163
165 837
836 164
165 836
165 833
832 165
166 833
831 166
833 167
169 833
832 168
169 832
169 829
828 169
170 829
827 170
829 171
173 829
828 172
173 828
173 825
824 173
174 825
823 174
825 175
177 825
824 176
177 824
177 821
820 177
178 821
819 178
821 179
181 821
820 180
181 820
181 817
816 181
182 817
815 182
817 183
185 817
816 184
185 816
185 813
812 185
186 813
811 186
813 187
189 813
812 188
189 812
189 809
808 189
190 809
807 190
809 191
193 809
808 192
193 808
193 805
804 193
194 805
803 194
805 195
197 805
804 196
197 804
197 801
800 197
198 801
799 198
801 199
201 801
800 200
201 800
201 797
796 201
202 797
795 202
797 203
205 797
796 204
205 796
205 793
792 205
206 793
791 206
793 207
209 793
792 208
209 792
209 789
788 209
210 789
787 210
789 211
213 789
788 212
213 788
213 785
784 213
214 785
783 214
785 215
217 785
784 216
217 784
217 781
780 217
218 781
779 218
781 219
221 781
780 220
221 780
221 777
776 221
222 777
775 222
777 223
225 777
776 224
225 776
225 773
772 225
226 773
771 226
773 227
229 773
772 228
229 772
229 769
768 229
230 769
767 230
769 231
233 769
768 232
233 768
233 765
764 233
234 765
763 234
765 235
237 765
764 236
237 764
237 761
760 237
238 761
759 238
761 239
241 761
760 240
241 760
241 757
756 241
242 757
755 242
757 243
245 757
756 244
245 756
245 753
752 245
246 753
751 246
753 247
249 753
752 248
249 752
249 749
748 249
250 749
747 250
749 251
253 749
748 252
253 748
253 745
744 253
254 745
743 254
745 255
257 745
744 256
257 744
257 741
740 257
258 741
739 258
741 259
261 741
740 260
261 740
261 737
736 261
262 737
735 262
737 263
265 737
736 264
265 736
265 733
732 265
266 733
731 266
733 267
269 733
732 268
269 732
269 729
728 269
270 729
727 270
729 271
273 729
728 272
273 728
273 725
724 273
274 725
723 274
725 275
277 725
724 276
277 724
277 721
720 277
278 721
719 278
721 279
281 721
720 280
281 720
281 717
716 281
282 717
715 282
717 283
285 717
716 284
285 716
285 713
712 285
286 713
711 286
713 287
289 713
712 288
289 712
289 709
708 289
290 709
707 290
709 291
293 709
708 292
293 708
293 705
704 293
294 705
703 294
705 295
297 705
704 296
297 704
297 701
700 297
298 701
699 298
701 299
301 701
700 300
301 700
301 697
696 301
302 697
695 302
697 303
305 697
696 304
305 696
305 693
692 305
306 693
691 306
693 307
309 693
692 308
309 692
309 689
688 309
310 689
687 310
689 311
313 689
688 312
313 688
313 685
684 313
314 685
683 314
685 315
317 685
684 316
317 684
317 681
680 317
318 681
679 318
681 319
321 681
680 320
321 680
321 677
676 321
322 677
675 322
677 323
325 677
676 324
325 676
325 673
672 325
326 673
671 326
673 327
329 673
672 328
329 672
329 669
668 329
330 669
667 330
669 331
333 669
668 332
333 668
333 665
664 333
334 665
663 334
665 335
337 665
664 336
337 664
337 661
660 337
338 661
659 338
661 339
341 661
660 340
341 660
341 657
656 341
342 657
655 342
657 343
345 657
656 344
345 656
345 653
652 345
346 653
651 346
653 347
349 653
652 348
349 652
349 649
648 349
350 649
647 350
649 351
353 649
648 352
353 648
353 645
644 353
354 645
643 354
645 355
357 645
644 356
357 644
357 641
640 357
358 641
639 358
641 359
361 641
640 360
361 640
361 637
636 361
362 637
635 362
637 363
365 637
636 364
365 636
365 633
632 365
366 633
631 366
633 367
369 633
632 368
369 632
369 629
628 369
370 629
627 370
629 371
373 629
628 372
373 628
373 625
624 373
374 625
623 374
625 375
377 625
624 376
377 624
377 621
620 377
378 621
619 378
621 379
381 621
620 380
381 620
381 617
616 381
382 617
615 382
617 383
385 617
616 384
385 616
385 613
612 385
386 613
611 386
613 387
389 613
612 388
389 612
389 609
608 389
390 609
607 390
609 391
393 609
608 392
393 608
393 605
604 393
394 605
603 394
605 395
397 605
604 396
397 604
397 601
600 397
398 601
599 398
601 399
401 601
600 400
401 600
401 597
596 401
402 597
595 402
597 403
405 597
596 404
405 596
405 593
592 405
406 593
591 406
593 407
409 593
592 408
409 592
409 589
588 409
410 589
587 410
589 411
413 589
588 412
413 588
413 585
584 413
414 585
583 414
585 415
417 585
584 416
417 584
417 581
580 417
418 581
579 418
581 419
421 581
580 420
421 580
421 577
576 421
422 577
575 422
577 423
425 577
576 424
425 576
425 573
572 425
426 573
571 426
573 427
429 573
572 428
429 572
429 569
568 429
430 569
567 430
569 431
433 569
568 432
433 568
433 565
564 433
434 565
563 434
565 435
437 565
564 436
437 564
437 561
560 437
438 561
559 438
561 439
441 561
560 440
441 560
441 557
556 441
442 557
555 442
557 443
445 557
556 444
445 556
445 553
552 445
446 553
551 446
553 447
449 553
552 448
449 552
449 549
548 449
450 549
547 450
549 451
453 549
548 452
453 548
453 545
544 453
454 545
543 454
545 455
457 545
544 456
457 544
457 541
540 457
458 541
539 458
541 459
461 541
540 460
461 540
461 537
536 461
462 537
535 462
537 463
465 537
536 464
465 536
465 533
532 465
466 533
531 466
533 467
469 533
532 468
469 532
469 529
528 469
470 529
527 470
529 471
473 529
528 472
473 528
473 525
524 473
474 525
523 474
525 475
477 525
524 476
477 524
477 521
520 477
478 521
519 478
521 479
481 521
520 480
481 520
481 517
516 481
482 517
515 482
517 483
485 517
516 484
485 516
485 513
512 485
486 513
511 486
513 487
489 513
512 488
489 512
489 509
508 489
490 509
507 490
509 491
493 509
508 492
493 508
493 505
504 493
494 505
503 494
505 495
497 505
504 496
497 504
497 501
500 497
498 501
499 498
499 500
501 500
501 499
