623
2 1
4 2
5 3
5 4
6 5
7 6
9 7
10 8
12 10
14 11
16 12
17 13
18 15
19 17
21 19
22 20
23 22
25 24
27 25
28 26
29 28
31 30
33 31
34 32
35 34
37 36
39 37
40 38
41 40
43 42
45 43
46 44
47 46
49 48
51 49
52 50
53 52
55 54
57 55
58 56
60 58
61 59
62 61
64 63
66 64
67 65
68 67
70 69
72 70
73 71
74 73
76 75
77 76
78 77
80 78
81 79
84 81
85 83
86 85
89 88
91 89
106 105
108 106
108 107
111 108
111 109
111 110
113 111
114 112
114 113
116 114
117 115
118 117
120 118
122 119
121 120
124 123
126 124
127 125
128 127
130 129
132 130
133 131
134 133
136 135
138 136
139 137
140 139
142 141
147 146
149 148
152 149
154 151
155 152
157 154
158 155
160 157
161 158
163 159
163 160
165 162
165 163
168 167
170 168
171 169
172 171
174 173
176 175
178 176
179 177
180 179
183 182
185 183
186 184
187 185
188 187
190 189
192 190
193 191
194 193
196 195
198 196
199 197
200 199
202 201
204 202
205 203
206 205
217 216
219 217
220 218
224 220
226 221
227 222
229 224
230 225
231 227
231 229
232 230
233 231
234 233
236 235
238 236
239 237
240 239
241 240
243 241
245 242
247 243
249 244
251 245
252 246
253 247
250 248
254 249
254 251
256 252
256 253
255 254
258 255
260 256
261 257
262 259
263 261
265 263
267 264
267 266
275 272
275 273
283 282
286 285
288 287
290 288
291 289
292 291
294 293
296 294
297 295
299 297
300 298
301 299
302 301
304 303
306 304
307 305
308 307
310 309
312 310
314 311
314 312
314 313
316 314
317 315
318 317
320 319
322 321
324 322
324 323
327 324
327 325
339 336
339 337
339 338
343 340
344 341
346 343
347 344
349 346
350 347
352 349
353 350
354 352
356 354
358 355
360 356
361 357
362 359
366 360
363 361
363 362
366 363
368 364
368 365
370 366
369 367
372 370
373 371
374 373
376 375
378 376
379 377
380 379
382 381
384 382
385 383
386 385
388 387
390 388
391 389
392 391
394 393
396 394
397 395
398 397
400 399
402 400
403 401
405 403
406 404
407 406
409 408
411 409
412 410
413 412
415 414
417 415
419 416
418 417
422 418
421 419
424 421
425 422
427 423
426 424
426 425
429 426
431 427
432 428
433 430
432 431
434 432
436 433
436 434
436 435
438 437
440 438
441 439
442 441
445 443
447 444
449 445
450 446
451 448
452 450
453 451
454 452
455 453
456 454
457 455
458 456
459 457
460 458
461 459
462 460
463 461
464 462
465 463
467 464
468 465
470 466
471 467
473 468
473 469
471 470
474 471
476 472
475 473
475 474
478 475
480 476
481 477
483 479
485 480
486 481
488 483
489 484
490 486
491 487
490 488
491 489
491 490
498 495
498 496
500 499
502 500
503 501
504 503
506 505
508 506
509 507
510 509
514 511
514 513
515 514
517 515
518 516
519 517
520 519
522 521
523 522
524 523
526 524
527 525
528 527
530 529
532 530
533 531
534 532
536 534
538 536
539 538
542 539
545 540
547 541
549 542
551 543
552 544
553 546
554 548
555 550
557 552
558 553
560 554
557 555
562 556
563 557
563 559
565 561
564 562
564 563
567 564
569 565
570 566
571 568
572 570
574 572
576 573
578 574
579 575
580 577
581 579
583 581
585 582
587 583
588 584
589 586
590 588
592 590
594 591
596 592
597 593
598 595
600 597
602 598
604 599
606 600
607 601
608 603
609 605
611 606
609 607
613 608
615 609
615 610
617 611
614 612
618 613
617 615
619 616
621 617
621 618
623 619
623 620
624 621
623 622
625 623
626 624
629 627
630 629
632 631
633 632
634 633
635 634
637 636
639 637
640 638
641 640
643 642
646 643
648 644
649 645
650 647
651 649
653 650
653 651
655 654
657 655
658 656
659 658
661 660
663 662
665 663
666 664
667 666
680 678
680 679
703 701
704 702
705 704
708 707
710 709
712 710
713 711
717 713
717 714
716 715
718 716
719 718
721 720
723 721
724 722
725 724
727 726
729 727
730 728
731 730
733 732
735 733
736 734
737 736
739 738
741 739
742 740
743 742
745 743
747 744
749 745
751 746
753 747
754 748
755 750
754 752
757 753
759 754
760 755
762 756
759 757
763 758
762 760
765 761
767 762
769 763
770 764
770 765
768 766
769 767
772 769
774 770
775 771
776 772
778 774
778 775
780 777
782 778
783 779
784 781
785 783
787 786
789 787
791 788
793 789
794 790
796 792
798 793
797 794
796 795
800 796
801 797
803 799
803 800
805 803
806 804
807 806
809 808
811 809
812 810
822 820
824 821
826 822
827 823
828 825
829 827
830 829
832 831
833 832
835 834
837 835
838 836
839 838
842 839
842 840
842 841
844 842
845 843
846 845
849 848
851 850
853 852
855 853
856 854
857 856
859 858
860 859
862 861
864 862
865 863
866 865
869 867
871 869
873 870
875 871
876 872
877 874
878 876
880 878
881 879
882 880
883 881
884 882
885 883
886 884
887 885
888 886
890 888
892 889
894 890
896 891
896 892
897 894
897 895
898 896
899 897
900 899
902 901
904 902
904 903
908 905
908 907
916 915
919 918
921 919
922 920
923 922
925 924
927 925
928 926
929 927
930 929
932 931
934 932
935 933
936 934
937 935
938 936
939 937
940 938
941 939
942 940
943 941
944 943
946 945
949 946
951 947
952 948
954 950
954 951
953 952
955 953
956 955
958 957
958 959
958 959
960 959
