725
5 4
10 9
13 10
13 11
13 12
15 13
16 14
17 16
19 18
21 19
22 20
23 22
25 24
27 25
27 26
29 27
31 28
31 29
31 30
33 31
36 32
37 33
38 34
37 35
38 36
39 37
41 39
43 40
45 41
46 42
47 44
47 45
49 46
51 47
52 48
53 50
55 51
56 52
58 53
60 54
61 55
62 56
59 57
60 58
64 59
65 60
66 61
66 62
67 63
68 64
70 65
72 66
73 67
75 68
75 69
74 71
73 72
77 73
78 74
79 75
78 77
79 78
80 79
82 80
84 81
85 82
87 84
88 85
88 87
89 88
91 89
92 90
93 92
94 93
96 94
97 95
97 96
100 97
102 98
103 99
105 101
104 102
107 104
107 105
113 111
114 112
115 114
117 116
119 117
120 118
123 121
124 123
126 125
128 126
129 127
130 129
132 131
134 132
135 133
136 135
138 137
140 139
142 140
143 141
144 143
146 145
147 146
149 148
151 149
153 150
155 151
156 152
157 154
158 156
159 158
161 159
163 160
165 161
166 162
170 164
170 165
170 166
169 167
170 168
171 170
173 172
175 173
176 174
177 176
178 177
181 180
183 181
184 182
184 183
186 184
188 187
190 188
191 189
192 191
196 192
195 193
196 194
197 195
197 196
199 197
201 198
203 199
204 200
205 202
207 203
206 204
209 205
210 206
212 207
214 208
213 209
211 210
216 211
216 212
217 215
218 216
219 217
223 219
224 220
226 221
224 222
228 223
230 224
231 225
233 226
229 227
233 228
232 229
233 230
232 231
235 232
235 233
237 234
238 235
238 236
238 237
240 239
242 240
243 241
244 243
248 244
247 245
247 246
249 247
251 250
254 253
256 254
257 255
258 257
260 259
262 260
263 261
265 262
266 263
268 264
267 265
267 266
270 267
272 268
273 269
275 270
275 271
276 272
276 273
278 274
279 275
281 276
283 277
282 278
280 279
285 280
285 281
286 284
287 286
289 288
291 289
292 290
292 291
294 292
295 293
296 295
300 296
299 297
299 298
301 299
302 300
304 302
305 303
306 305
309 306
309 307
309 308
311 309
312 310
313 311
315 313
317 314
316 315
319 316
320 317
322 321
324 322
325 324
327 326
329 327
330 329
336 335
338 337
340 338
341 339
342 341
346 343
350 345
350 346
352 347
350 348
354 349
353 350
355 351
355 353
357 354
357 355
358 356
364 359
365 360
366 361
368 363
367 364
366 365
370 366
371 367
370 369
372 371
374 372
375 373
378 375
379 376
381 378
382 381
384 382
385 383
386 385
390 387
391 388
392 389
392 391
393 392
396 395
398 396
399 397
404 403
406 405
408 406
409 407
410 409
413 411
415 412
416 413
420 415
421 416
422 417
422 419
424 421
424 422
424 423
426 424
428 425
430 426
429 427
431 428
431 429
431 430
433 431
434 432
435 434
437 436
439 437
440 438
443 439
442 440
442 441
445 442
447 443
449 444
451 445
450 446
448 447
453 448
453 449
457 450
453 451
457 453
456 455
459 456
460 457
460 458
461 459
463 460
465 461
466 462
467 464
468 465
468 466
469 467
471 468
473 469
474 471
475 473
477 475
479 476
478 477
481 480
483 481
484 482
486 483
487 484
487 485
487 486
489 488
490 489
492 490
494 491
495 492
497 493
498 494
499 495
498 497
499 498
500 499
502 501
503 502
504 503
507 506
509 507
510 508
513 510
514 513
516 514
517 515
519 517
521 518
523 519
523 520
525 522
525 523
531 530
534 532
536 533
536 534
537 536
539 537
542 540
543 541
544 543
546 545
548 546
549 547
550 549
552 551
556 552
557 553
556 555
557 556
558 557
560 559
562 560
563 561
564 563
569 564
567 565
568 566
568 567
570 568
572 569
571 570
576 573
577 575
579 576
579 577
586 585
588 587
590 588
591 589
594 591
595 593
597 595
598 596
599 597
600 598
601 599
602 600
604 601
606 602
608 603
610 604
612 605
614 606
615 607
616 609
618 610
613 611
620 612
620 613
619 614
617 615
622 617
622 618
620 619
624 620
626 621
628 622
630 623
632 624
629 625
633 626
629 627
630 628
633 629
634 631
634 632
635 633
636 634
637 635
638 636
639 637
642 639
645 640
644 641
643 642
647 643
646 644
648 645
649 646
651 647
652 648
653 650
654 651
654 652
656 654
658 656
660 657
662 658
664 659
664 660
662 661
664 662
664 663
665 664
668 667
672 668
672 670
674 671
674 672
678 676
679 677
680 678
681 680
684 683
686 684
687 685
688 687
690 689
693 691
695 693
697 694
698 695
700 697
701 698
703 700
704 701
706 702
705 703
705 704
708 705
710 706
711 707
713 708
713 709
714 710
714 712
721 719
722 720
723 721
724 722
725 723
727 725
728 726
730 728
734 732
735 733
736 735
739 738
741 739
741 740
748 742
749 743
748 744
751 747
750 748
750 749
753 750
755 751
756 752
757 754
757 755
760 757
761 758
763 759
762 760
765 761
764 762
767 765
768 766
770 767
769 768
772 770
773 771
775 772
775 773
775 774
777 775
778 776
779 777
780 778
781 779
782 780
783 781
784 782
787 783
788 784
789 785
788 786
789 787
789 788
790 789
792 790
793 791
795 792
796 793
798 794
797 795
800 796
799 797
802 798
802 799
804 800
804 801
806 805
808 806
811 809
813 810
815 811
816 812
817 814
817 815
818 816
819 817
820 819
823 822
825 823
826 824
828 826
830 827
830 828
830 829
832 831
835 834
837 836
839 837
839 838
842 839
842 840
853 851
854 853
856 855
862 857
860 858
860 859
862 860
867 861
869 862
868 863
870 865
868 866
869 867
869 868
873 872
875 873
876 874
877 876
879 878
881 879
882 880
883 882
885 884
887 886
889 887
890 888
894 891
896 892
897 893
898 895
899 896
899 897
900 898
902 899
902 900
902 901
904 902
906 903
908 904
909 905
910 906
911 910
913 912
915 913
916 914
916 915
918 916
921 917
922 918
923 920
924 921
924 922
925 923
926 924
927 926
929 928
931 929
932 930
933 932
935 933
937 934
939 935
940 936
941 938
943 940
944 941
947 944
949 945
951 946
953 947
954 948
955 950
956 952
957 953
956 954
959 955
960 956
962 957
964 958
963 959
961 960
966 961
966 962
967 965
968 967
969 968
971 969
972 970
973 972
975 974
977 975
979 976
981 977
982 978
983 980
984 982
986 984
987 985
988 986
990 987
992 988
993 989
994 991
995 992
997 994
996 995
996 997
995 996
