740
3 1
4 2
5 4
7 6
9 7
10 8
11 10
13 12
15 13
16 14
17 15
21 18
22 19
24 20
24 22
28 23
29 24
29 25
31 27
30 28
35 34
37 36
39 37
40 38
43 40
44 41
46 43
47 44
48 45
48 46
49 48
51 49
53 50
53 51
54 53
56 54
57 55
59 57
60 58
61 59
63 60
65 61
67 62
68 63
70 64
67 65
67 66
68 67
71 68
71 70
73 71
74 72
75 74
76 75
77 76
83 78
81 79
81 80
83 81
86 85
88 87
90 88
92 89
92 90
92 91
94 92
95 93
96 94
97 96
99 98
101 99
103 100
105 101
106 102
106 103
106 104
106 105
113 110
113 111
113 112
117 113
118 115
119 116
119 118
120 119
122 120
123 121
124 123
126 125
128 126
129 127
130 129
132 131
134 132
135 133
136 135
138 137
140 138
146 145
153 151
154 152
155 154
157 155
158 156
159 157
160 158
161 160
162 161
163 162
164 163
166 164
166 165
167 166
169 167
170 168
171 170
173 172
175 173
176 174
177 175
178 176
180 177
182 178
184 179
186 180
187 181
184 183
185 184
188 185
189 187
191 189
193 190
194 192
195 193
197 194
199 195
200 196
202 198
202 199
201 200
203 201
204 203
206 205
208 206
210 207
212 208
214 209
216 210
217 211
218 213
219 215
220 217
220 219
221 220
223 221
224 222
225 224
227 226
229 227
230 228
231 230
232 231
234 232
235 233
241 234
239 235
242 236
243 237
242 238
241 239
241 240
245 243
247 244
249 245
250 246
248 247
253 248
253 249
253 250
253 251
254 252
255 253
256 255
260 258
262 260
264 261
266 262
265 263
265 264
268 265
268 266
269 268
272 269
274 270
273 271
273 272
276 273
278 274
279 275
280 277
282 279
283 280
285 282
286 283
288 285
289 286
291 288
292 289
294 290
295 291
297 292
299 293
300 294
299 295
302 298
301 299
301 300
305 303
307 304
309 305
310 306
311 308
312 310
314 312
315 313
316 314
318 316
320 317
322 318
323 319
325 321
327 322
328 323
328 324
329 325
328 326
328 327
329 328
331 329
332 330
333 332
335 333
337 334
337 335
337 336
339 337
340 338
341 340
343 342
345 343
346 344
347 346
349 348
351 349
352 350
353 352
356 354
356 355
358 357
360 358
362 359
364 360
364 361
364 363
366 364
368 365
370 366
371 367
373 370
375 371
376 372
378 374
380 375
382 376
383 377
384 378
381 379
382 380
386 381
387 382
388 383
386 384
387 385
390 386
392 387
393 388
395 390
396 391
397 393
399 394
397 395
400 397
400 399
406 405
410 406
409 407
410 408
412 409
414 410
416 411
418 412
418 413
418 414
417 415
419 417
420 418
421 419
422 421
424 423
426 424
427 425
428 427
430 429
432 430
432 431
435 432
435 433
436 435
438 437
440 438
443 439
445 440
445 441
446 444
447 446
449 448
451 449
453 450
453 451
453 452
455 453
456 454
457 456
459 458
461 459
462 460
463 462
465 464
467 465
468 466
470 468
472 469
474 470
475 471
476 473
478 475
480 476
482 477
484 478
485 479
487 480
483 481
489 482
490 483
489 485
492 486
494 487
492 488
495 490
493 492
496 493
497 495
499 497
501 498
503 499
504 500
504 502
505 503
507 504
509 505
510 506
511 508
512 510
513 512
515 513
516 514
517 516
519 518
522 520
524 522
526 523
528 524
529 525
531 526
529 527
533 528
532 529
534 530
533 532
536 533
536 534
540 536
540 537
542 538
541 539
541 540
543 541
545 543
547 544
548 545
548 546
549 547
551 548
553 549
554 550
553 551
558 552
557 553
559 554
558 555
561 557
561 558
563 559
563 560
565 561
564 562
567 564
567 565
567 566
569 568
571 569
572 570
573 572
575 573
577 574
579 575
578 576
581 579
582 580
585 581
586 582
587 583
586 584
587 585
589 586
590 587
592 589
593 590
595 591
594 592
594 593
597 594
599 595
600 596
601 597
600 598
601 599
603 600
604 601
605 602
605 603
606 604
608 605
610 606
610 607
613 608
611 609
615 611
614 612
617 613
616 614
619 617
620 618
621 620
623 622
625 623
626 624
627 625
628 626
630 627
632 628
634 629
632 630
636 631
636 632
634 633
636 634
645 639
642 640
647 643
648 644
650 646
652 647
653 648
651 650
655 651
655 652
654 653
657 654
659 655
661 656
661 657
662 659
662 660
663 661
664 662
666 664
668 665
670 666
671 667
672 669
673 671
674 672
675 673
677 675
678 676
679 678
683 681
687 683
687 684
689 686
689 687
689 688
691 690
693 691
695 692
695 693
696 695
700 698
701 699
703 701
705 702
707 704
708 705
710 706
709 707
709 708
712 709
713 710
715 711
715 712
720 713
716 714
720 716
719 717
722 718
723 719
724 721
725 723
727 725
729 726
731 727
730 728
730 729
733 730
735 731
736 732
737 734
738 736
740 738
742 739
743 740
744 742
745 744
747 746
749 747
750 748
751 750
754 751
758 753
757 754
756 755
760 756
762 757
764 758
765 759
767 761
765 762
764 763
768 764
770 766
770 767
772 769
772 770
774 773
777 774
777 775
779 778
781 780
783 781
784 782
785 784
788 785
788 786
789 788
791 790
793 791
794 792
795 794
798 796
800 797
802 798
803 799
804 801
804 803
813 809
812 810
815 813
817 814
817 815
817 816
818 817
820 819
823 820
828 826
830 828
832 829
834 830
835 831
836 833
838 835
839 837
841 839
843 840
846 841
845 842
848 843
846 844
850 845
849 846
851 847
850 848
851 849
852 850
854 852
855 853
856 854
857 856
859 858
861 859
862 860
863 862
866 863
866 864
869 865
870 866
872 867
874 868
873 869
871 870
876 871
876 872
877 874
878 876
880 878
882 879
884 880
885 881
886 883
887 885
890 886
889 887
892 888
892 889
894 890
893 891
896 894
897 895
900 896
899 897
899 898
902 900
903 901
904 902
905 903
906 904
907 905
908 906
909 907
910 908
911 909
912 911
914 913
916 914
917 915
919 917
921 918
923 919
925 920
926 921
927 923
929 925
930 926
932 928
934 929
936 930
938 931
940 932
941 933
942 935
943 937
944 939
945 941
947 943
949 944
951 945
953 946
955 947
957 948
959 949
960 950
962 951
954 952
964 953
965 954
967 956
967 957
966 959
969 960
964 961
970 963
969 965
972 966
970 967
973 968
974 969
972 970
972 971
975 972
975 973
976 974
978 975
980 976
981 977
980 978
983 979
984 980
986 982
986 983
988 986
989 987
990 989
992 991
994 992
995 993
997 994
996 995
996 997
995 997
996 997
