580
3 2
5 4
7 5
8 6
9 8
11 9
13 10
13 11
40 37
41 38
41 40
42 41
44 42
45 43
46 45
48 47
50 48
51 49
52 51
54 53
56 54
57 55
58 57
60 59
62 60
64 61
66 62
67 63
68 65
69 67
71 69
73 70
75 71
76 72
77 74
78 76
80 78
82 79
84 80
85 81
86 83
87 85
89 87
91 88
93 89
94 90
95 92
96 94
98 96
100 97
102 98
103 99
104 101
105 103
107 105
109 106
111 107
112 108
113 110
114 112
116 114
118 115
120 116
121 117
122 119
123 121
125 123
127 124
129 125
130 126
131 128
132 130
134 132
136 133
138 134
139 135
140 137
141 139
143 141
145 142
147 143
149 144
149 145
147 146
149 147
167 166
169 168
171 170
173 171
174 172
175 174
177 176
179 178
181 179
182 180
183 182
185 184
188 187
190 188
191 189
192 191
194 193
196 194
197 195
198 197
200 199
202 200
203 201
204 203
206 205
208 206
209 207
210 209
213 212
215 213
216 214
220 217
222 218
223 219
224 221
225 223
227 225
229 226
231 227
232 228
233 230
234 232
236 234
238 235
240 236
241 237
242 239
243 241
245 243
247 244
249 245
250 246
251 248
252 250
254 252
256 253
258 254
259 255
260 257
261 259
263 261
265 262
267 263
268 264
269 266
270 268
272 270
274 272
276 273
278 274
279 275
280 277
282 278
281 279
284 280
284 281
286 282
285 283
288 286
289 287
293 289
293 290
295 293
296 294
331 329
332 330
335 332
336 333
338 335
339 336
341 337
340 338
340 339
343 340
345 341
346 342
347 344
348 346
350 348
352 349
354 350
355 351
356 353
357 355
359 357
361 358
363 359
364 360
365 362
366 364
368 366
370 367
372 368
373 369
374 371
375 373
377 375
379 376
381 377
382 378
383 380
384 382
385 384
388 385
388 386
388 387
390 388
391 389
392 390
393 391
394 392
395 393
396 394
397 395
399 397
401 398
403 399
404 400
405 402
406 404
408 406
410 407
412 408
413 409
414 411
415 413
417 415
419 416
421 417
422 418
421 419
422 420
424 421
425 422
427 424
428 425
430 427
431 428
433 430
434 431
436 433
437 434
439 436
440 437
442 439
443 440
445 442
446 443
448 445
449 446
451 448
452 449
454 451
455 452
457 454
458 455
460 457
461 458
463 460
464 461
466 463
467 464
469 466
470 467
472 469
473 470
475 472
476 473
478 475
479 476
481 478
482 479
484 481
485 482
487 484
488 485
490 487
490 488
543 541
544 543
546 545
548 546
549 547
550 549
552 551
554 552
555 553
556 555
558 557
560 558
561 559
562 561
564 563
566 564
567 565
568 567
570 569
572 570
573 571
574 573
576 575
578 576
579 577
580 579
582 581
584 582
585 583
586 585
588 587
590 588
591 589
592 591
594 593
596 594
597 595
598 597
600 599
602 600
603 601
605 602
606 603
608 604
607 605
607 606
610 607
612 608
613 609
614 611
615 613
617 615
619 616
621 617
622 618
623 620
624 622
626 624
628 625
630 626
631 627
632 629
633 631
635 633
636 634
637 636
639 638
641 639
642 640
643 642
645 644
647 645
648 646
649 648
651 650
653 651
654 652
655 654
657 656
659 657
660 658
661 660
663 662
665 663
666 664
667 666
669 668
671 669
672 670
673 672
675 674
677 675
678 676
679 678
681 680
683 681
684 682
685 684
687 686
689 687
690 688
691 690
693 692
695 693
696 694
697 696
699 698
701 699
702 700
703 702
706 705
708 707
710 708
711 709
712 711
714 713
716 714
717 715
718 717
720 719
722 720
723 721
724 723
726 725
728 726
729 727
730 729
732 730
733 731
734 733
736 735
738 736
739 737
740 739
742 741
744 742
745 743
746 745
748 747
750 748
751 749
752 750
754 752
756 753
758 754
759 755
760 757
761 758
761 760
762 761
764 762
766 763
766 764
789 787
790 788
791 790
793 792
795 793
796 794
797 796
799 798
801 799
802 800
803 802
805 804
807 805
808 807
810 809
812 810
813 811
814 813
816 815
818 816
819 817
820 819
822 821
825 824
827 826
829 827
830 828
831 830
833 832
835 833
836 834
838 835
839 836
841 837
840 838
840 839
843 840
845 841
846 842
847 844
848 846
850 848
851 849
852 851
854 853
856 854
857 855
858 857
860 859
862 860
863 861
864 862
865 863
866 864
867 865
868 866
869 867
870 868
871 869
872 870
872 871
879 878
881 879
882 880
883 882
885 884
887 885
888 886
889 888
891 890
893 891
894 892
895 894
897 896
899 897
900 898
901 900
903 902
905 903
906 904
907 906
909 908
911 909
912 910
913 912
915 914
917 915
918 916
919 918
921 920
923 921
924 922
925 924
927 926
928 927
930 928
932 930
934 931
936 932
937 933
939 935
941 936
942 937
944 939
945 940
946 942
948 944
949 945
951 947
953 948
954 949
956 951
957 952
958 954
960 956
961 957
963 959
965 960
966 961
968 963
969 964
970 966
972 968
973 969
975 971
977 972
978 973
980 975
981 976
982 978
984 980
985 981
986 983
987 984
986 985
990 986
989 987
989 988
992 989
994 990
992 994
993 991
993 992
991 992
