675
9 8
11 9
12 10
13 12
16 13
16 14
16 15
18 16
19 17
20 19
22 21
24 23
26 24
27 25
28 27
30 29
32 30
33 31
34 33
36 34
37 35
38 37
40 39
42 40
43 42
45 44
47 45
49 46
51 47
52 48
53 50
54 52
56 53
56 54
56 55
58 56
59 57
60 59
62 61
64 62
65 63
66 65
68 66
69 67
70 68
71 69
72 71
74 72
75 73
76 75
78 77
80 79
82 81
84 82
85 83
86 85
101 100
103 101
104 102
105 104
107 106
109 108
111 109
112 110
113 112
115 113
116 114
117 116
119 118
129 128
131 129
132 130
133 132
135 134
137 135
138 136
139 138
143 142
145 143
146 144
147 146
149 148
151 150
153 152
155 154
157 156
159 157
160 158
161 159
162 160
163 161
164 162
165 163
166 165
168 167
170 168
171 169
172 171
174 172
176 173
178 174
179 175
180 177
181 179
183 180
183 181
183 182
185 183
187 184
189 185
191 186
193 187
194 188
195 190
196 191
194 192
195 193
198 194
198 195
197 196
199 197
205 204
207 205
208 206
209 207
210 208
211 209
212 210
213 212
215 214
217 215
218 216
220 218
222 219
224 220
225 221
226 223
227 225
229 227
231 228
233 229
234 230
235 232
236 234
238 236
240 237
241 238
243 240
244 241
246 243
247 244
247 246
248 247
250 248
251 249
253 252
255 253
256 254
258 256
260 257
262 258
263 259
264 261
265 263
267 264
267 265
267 266
269 267
270 268
271 270
273 272
275 274
277 275
278 277
280 279
282 280
283 281
284 283
286 285
288 287
290 288
291 289
292 291
294 293
296 294
297 295
298 297
300 299
302 300
303 301
304 303
306 304
307 305
308 307
310 308
311 309
312 311
314 313
316 315
318 317
320 318
321 319
322 321
324 323
326 324
327 325
328 327
330 329
332 330
333 331
335 333
336 334
337 336
339 338
341 340
343 341
344 342
346 344
348 345
350 346
351 347
352 349
352 351
355 354
357 355
358 356
359 358
361 360
363 361
365 362
367 363
368 364
369 366
370 368
372 370
374 371
376 372
377 373
378 375
379 376
379 378
380 379
382 380
383 381
384 382
385 383
386 385
388 387
390 388
391 389
392 391
394 393
395 394
397 395
398 396
399 398
406 404
407 405
409 407
411 408
413 409
414 410
415 411
414 412
415 413
415 414
416 415
418 416
419 417
420 419
422 420
423 421
424 423
426 425
428 427
430 429
432 430
434 431
436 432
437 433
438 435
439 437
441 439
443 440
443 441
445 444
447 445
448 446
450 448
452 449
454 450
455 451
456 453
457 454
457 455
458 456
460 457
461 458
461 460
462 461
464 462
465 463
466 464
467 465
468 466
469 467
470 468
471 469
472 470
473 472
475 474
477 475
478 476
479 477
480 478
481 479
482 480
483 481
484 483
486 485
491 490
493 491
494 492
495 494
498 497
500 498
501 499
502 501
515 514
517 516
519 517
521 518
523 519
524 520
525 521
524 522
525 523
527 524
528 525
530 527
531 528
533 530
534 531
536 533
536 534
538 535
538 536
538 537
540 538
541 539
542 541
544 543
546 544
547 545
549 547
550 548
551 550
553 551
554 552
555 554
557 556
559 557
560 558
561 560
563 562
565 563
566 564
567 566
569 568
571 569
572 570
574 572
576 573
578 574
579 575
580 577
581 579
583 581
585 582
587 583
588 584
589 586
590 588
592 589
592 590
592 591
594 592
596 593
598 594
599 595
600 596
599 597
600 598
602 599
603 600
605 602
606 603
608 605
610 606
611 607
612 609
613 610
613 611
613 612
615 614
617 615
619 616
621 617
622 618
623 620
624 622
626 623
626 624
626 625
628 626
630 627
632 628
633 629
634 631
635 633
637 635
639 636
641 637
642 638
643 640
644 642
646 643
646 644
646 645
648 646
649 647
651 649
653 650
653 651
653 652
655 653
656 654
657 656
659 658
661 659
662 660
663 662
665 663
666 664
667 666
669 667
670 668
671 670
673 672
675 673
676 674
677 676
679 678
681 679
682 680
684 682
686 683
688 684
689 685
688 687
689 688
690 689
692 691
694 693
696 694
697 695
698 697
700 699
702 700
704 701
706 702
708 703
708 704
706 705
708 706
711 710
713 711
714 712
715 714
717 715
718 716
719 718
721 719
722 720
723 722
740 739
742 740
744 741
746 742
747 743
748 745
750 747
752 748
754 749
756 750
757 751
758 753
759 755
760 757
762 759
763 760
765 762
766 763
766 764
767 765
769 766
769 767
769 768
771 769
772 770
773 771
774 772
775 773
776 774
777 776
779 777
780 778
781 780
783 782
785 784
787 785
788 786
789 788
791 790
793 791
794 792
795 793
796 794
797 795
798 796
799 797
800 798
801 799
802 800
803 801
804 802
805 804
808 807
810 808
811 809
813 811
815 812
817 813
818 814
819 815
818 816
819 817
821 818
822 819
822 820
822 821
824 823
826 824
827 825
828 827
830 829
832 831
834 832
835 833
836 835
838 837
840 838
842 839
844 840
845 841
846 843
847 845
849 847
851 848
853 849
854 850
855 852
856 854
858 856
860 857
862 858
863 859
864 861
865 863
867 865
869 866
871 867
872 868
874 870
876 871
877 872
879 874
880 875
881 877
883 878
881 879
884 880
883 882
886 884
887 885
888 887
890 889
892 891
894 892
895 893
897 895
899 896
901 897
903 898
905 899
906 900
907 902
908 904
909 906
911 908
912 909
914 911
916 912
918 913
920 914
921 915
922 917
923 919
924 921
926 923
927 924
927 926
928 927
930 928
932 929
934 930
935 931
936 932
935 933
936 934
938 935
940 936
942 937
944 938
945 939
946 940
943 941
944 942
947 943
949 945
950 946
952 948
954 949
955 950
957 952
958 953
959 955
961 957
962 958
963 960
965 962
967 963
969 964
971 965
973 966
975 967
976 968
977 970
978 971
974 972
979 973
978 974
977 975
979 976
978 977
980 978
982 979
982 980
982 981
984 982
985 983
986 985
987 988
989 987
988 989
