730
6 4
7 5
9 6
9 7
9 8
11 9
12 10
13 11
14 13
16 15
18 17
20 18
21 19
22 21
24 23
26 24
27 25
28 27
31 28
33 29
34 30
35 31
34 33
35 34
37 35
39 36
39 37
39 38
41 39
42 40
44 42
46 43
48 44
50 45
52 46
53 47
55 49
57 50
58 51
59 52
61 53
58 54
59 55
62 56
62 57
60 58
63 59
63 61
67 66
69 67
70 68
71 70
73 72
74 73
76 75
78 76
79 78
81 80
83 81
84 82
85 84
87 86
89 87
90 88
91 90
93 91
94 92
95 93
96 94
97 96
99 98
101 99
103 100
105 101
106 102
107 103
106 104
106 105
109 107
111 108
113 109
114 110
115 112
116 114
118 116
120 117
120 118
120 119
122 120
123 121
125 123
127 124
127 125
127 126
129 128
131 130
133 131
134 132
136 134
137 135
138 137
142 141
144 142
145 143
146 145
148 146
149 147
150 149
152 151
154 153
156 154
157 155
158 157
160 159
162 161
164 162
165 163
166 165
168 166
169 167
171 169
172 170
175 174
177 175
179 176
181 177
183 178
185 179
186 180
185 182
184 183
188 184
188 185
190 189
192 190
193 191
194 193
196 195
198 197
200 198
202 199
204 200
205 201
206 203
207 205
209 207
211 208
211 209
211 210
212 211
220 219
222 221
225 223
227 224
229 225
231 226
232 227
234 229
235 230
235 232
234 233
235 234
243 240
243 241
243 242
245 243
246 244
247 246
252 251
254 252
256 253
258 254
259 255
261 256
259 257
259 258
263 259
265 260
265 261
263 262
265 263
266 264
268 265
270 266
271 267
272 269
273 271
275 273
277 274
279 275
280 276
281 277
280 279
283 280
284 281
286 282
287 283
288 284
287 285
288 286
290 287
290 288
291 290
293 291
294 292
295 293
296 294
297 295
298 296
299 297
300 299
302 300
303 301
304 302
305 303
306 305
308 306
310 307
312 308
314 309
316 310
315 311
318 312
315 313
319 315
318 317
321 318
322 319
324 320
323 321
326 322
326 323
328 324
327 325
330 328
331 329
332 331
334 333
336 334
337 335
343 342
345 343
346 344
347 346
349 348
351 349
352 350
366 364
368 365
370 366
371 367
372 369
373 371
375 372
375 373
375 374
377 375
378 376
379 378
381 380
383 381
384 382
385 384
387 386
392 391
394 392
395 393
396 394
397 395
398 396
399 397
400 399
402 401
404 402
405 403
406 405
408 406
409 407
411 409
413 410
415 411
417 412
419 413
420 414
421 416
422 417
420 418
421 419
421 420
424 421
425 422
427 423
426 424
429 425
428 426
431 429
432 430
433 431
434 432
435 433
436 434
441 439
443 440
445 441
446 442
447 444
448 446
450 448
452 449
452 450
452 451
454 452
455 453
456 454
457 455
458 456
459 457
460 458
461 459
462 460
464 462
466 463
468 464
469 465
470 467
471 469
473 472
475 473
476 474
477 476
479 477
481 478
483 479
484 480
485 481
484 482
485 483
487 484
488 485
490 487
491 488
493 489
492 490
492 491
495 492
497 493
499 494
499 495
497 496
501 497
503 498
505 499
506 500
508 502
508 503
505 504
509 505
510 507
512 508
511 509
511 510
514 511
516 512
517 513
518 515
519 516
519 517
520 519
522 521
524 522
525 523
526 525
527 526
529 527
531 528
533 529
534 530
535 531
534 532
535 533
537 534
539 535
541 536
542 537
544 539
545 540
546 542
546 544
546 545
547 546
549 548
551 549
552 550
554 553
556 554
557 556
559 558
561 559
562 560
563 561
564 562
565 563
566 564
567 566
573 571
575 572
577 573
578 574
579 576
580 578
582 579
582 580
582 581
584 582
585 584
587 586
589 587
590 588
591 589
592 590
593 591
594 592
597 596
599 597
600 598
602 600
604 602
606 603
606 604
606 605
608 606
609 607
610 608
611 609
612 610
613 612
615 614
617 615
618 616
619 618
622 620
624 621
626 622
627 623
628 625
630 627
630 628
630 629
632 630
633 631
634 632
635 633
636 634
637 636
639 637
640 638
642 640
644 641
646 642
647 643
649 645
651 646
652 647
654 648
651 649
651 650
656 651
658 652
659 653
661 655
663 656
662 657
659 658
665 659
664 660
667 662
665 663
668 664
667 666
669 667
671 668
673 669
675 670
677 671
678 672
680 673
682 674
684 675
682 676
686 677
681 678
688 679
686 680
689 681
684 682
685 683
688 684
689 685
688 686
689 688
691 690
693 691
694 692
695 694
697 696
699 697
700 698
702 700
704 701
706 702
708 703
710 704
712 705
714 706
715 707
716 709
717 711
718 712
715 713
716 714
720 715
722 716
722 717
719 718
722 719
724 720
723 721
723 722
725 723
726 724
727 725
728 726
730 728
732 729
732 730
732 731
734 733
736 734
738 735
740 736
742 737
744 738
745 739
747 741
749 742
750 743
752 744
747 745
753 746
754 748
753 749
752 750
756 751
758 752
759 753
760 755
759 757
762 758
762 759
764 760
764 761
766 762
766 763
768 765
768 766
769 768
770 769
772 771
774 772
776 773
778 774
779 775
780 776
779 778
782 780
783 781
784 783
791 790
793 792
795 793
796 794
798 796
799 797
801 799
803 800
803 801
816 815
818 816
819 817
820 819
822 820
823 821
824 822
825 823
827 825
829 826
831 827
832 828
833 830
834 832
836 834
838 835
840 836
842 837
844 838
845 839
846 840
843 841
844 842
847 843
849 845
850 846
852 847
850 848
854 849
853 850
856 851
858 852
857 853
860 855
858 856
862 857
864 858
864 859
866 860
863 861
868 863
870 864
869 865
872 867
870 868
873 869
872 871
875 873
876 874
883 882
885 883
886 884
887 885
888 886
889 887
890 888
891 889
892 890
893 891
894 892
895 893
896 894
898 896
900 897
902 898
904 899
906 900
907 901
908 902
905 904
909 905
911 907
912 908
914 909
912 910
916 911
915 912
918 913
916 914
920 915
918 916
922 918
921 919
924 920
923 921
923 922
925 923
926 925
928 927
930 929
932 930
933 931
935 932
935 933
935 934
937 936
939 937
940 938
941 940
943 942
945 943
946 944
947 946
949 948
951 949
952 950
953 952
955 954
957 955
959 956
959 957
959 958
961 959
962 960
963 962
965 964
967 965
968 966
969 968
971 970
972 971
974 973
976 974
977 975
978 977
980 978
981 979
982 980
983 981
984 982
985 984
986 985
988 986
989 987
990 988
991 989
992 990
993 991
994 992
995 993
995 994
995 996
995 996
994 995
