765
9 7
10 8
12 10
14 11
15 12
17 15
19 17
21 18
23 19
25 21
27 22
28 23
30 25
31 26
31 28
32 31
34 33
36 34
37 35
38 36
39 37
41 38
43 39
44 40
46 42
48 43
49 44
51 45
48 46
52 47
51 48
51 49
54 50
54 51
55 53
56 54
57 55
58 56
59 57
60 58
61 59
62 60
63 62
65 64
67 66
69 67
70 68
71 70
72 71
74 73
76 75
78 76
79 77
81 79
83 80
85 81
86 82
88 84
90 85
91 86
93 88
94 89
96 91
98 92
99 93
101 95
101 96
98 97
100 98
103 99
103 100
102 101
104 102
106 104
107 105
108 107
111 109
113 111
115 112
117 113
118 114
119 116
120 118
122 120
124 121
126 122
126 123
125 124
127 125
129 126
129 127
130 128
132 129
134 130
135 131
136 133
137 134
137 135
138 136
139 137
141 138
141 139
143 142
145 143
146 144
148 146
150 147
152 148
151 149
151 150
153 151
155 153
157 154
157 155
157 156
159 157
162 158
163 159
165 161
167 162
168 163
168 165
167 166
169 167
171 168
171 169
171 170
173 172
175 174
176 175
177 176
179 177
181 178
181 179
181 180
183 181
184 182
185 184
192 191
194 192
195 193
197 195
199 196
201 197
203 198
205 199
207 200
207 201
203 202
209 203
208 204
211 205
208 206
212 209
214 211
216 212
218 213
220 214
221 215
222 217
224 219
224 220
222 221
224 222
226 224
228 225
230 226
231 227
232 229
233 231
235 232
235 233
236 234
237 235
238 236
239 237
240 238
241 239
242 240
243 241
244 242
245 243
246 244
248 245
250 246
251 247
252 249
253 250
253 251
254 252
256 253
258 254
259 255
260 257
262 258
261 259
264 260
264 261
266 263
267 264
269 265
268 266
268 267
271 268
273 269
274 270
276 272
278 273
280 274
282 275
282 276
278 277
280 278
284 279
286 280
285 281
288 284
288 285
290 287
290 288
294 292
295 293
297 295
299 296
299 297
299 298
301 299
302 300
303 302
305 304
307 305
308 306
309 307
309 308
313 310
314 311
316 312
318 313
318 314
319 315
319 316
319 317
320 318
322 319
322 320
322 321
323 322
325 323
326 324
327 326
329 328
331 329
333 330
335 331
337 332
339 333
340 334
339 336
342 337
341 338
343 339
343 340
345 341
345 342
347 344
348 345
350 346
352 347
352 348
350 349
352 350
352 351
354 352
355 353
356 355
361 359
362 360
363 362
365 363
366 364
367 365
368 366
369 367
370 368
372 370
374 371
374 372
374 373
376 374
377 375
378 376
379 377
380 379
382 380
383 381
384 383
389 385
389 386
391 387
390 388
393 390
393 391
393 392
395 393
397 394
398 395
398 397
401 398
401 399
401 400
403 401
404 402
405 403
406 404
408 405
408 406
408 407
410 408
411 409
413 411
414 412
415 414
417 415
418 416
419 417
420 418
421 420
423 421
424 422
425 423
426 424
428 425
430 426
431 427
433 429
435 430
436 431
436 432
435 434
437 435
439 436
439 437
440 439
442 441
444 442
446 443
448 444
449 445
450 446
449 448
450 449
451 450
453 451
454 453
456 454
457 455
458 457
461 459
463 460
465 461
464 462
464 463
467 465
468 466
470 467
470 468
470 469
472 470
473 472
475 473
476 474
478 476
480 477
482 478
483 480
485 482
486 483
486 485
487 486
489 488
491 489
492 490
493 491
495 493
497 494
499 495
501 496
503 497
504 498
506 499
502 500
508 501
509 502
508 503
506 504
508 505
511 506
510 507
513 508
513 509
515 510
514 511
516 512
516 514
518 515
518 516
521 520
523 521
524 523
526 524
528 525
530 526
532 527
534 528
536 529
536 530
537 531
535 532
537 533
538 534
538 535
540 536
539 537
540 539
542 540
544 541
546 542
547 543
548 544
547 545
548 546
550 548
551 550
559 558
561 559
562 560
563 562
565 564
567 565
568 566
569 568
571 570
573 571
574 572
576 574
578 575
580 576
581 577
582 579
584 581
586 582
588 583
588 584
586 585
588 586
592 591
594 593
596 594
598 595
600 596
602 597
602 598
600 599
602 600
602 601
604 602
605 603
606 605
609 607
611 608
613 609
615 610
617 611
618 612
619 613
616 614
620 615
620 616
622 617
622 618
624 619
623 620
625 621
624 622
625 623
626 624
628 625
628 626
628 627
630 628
631 630
633 632
635 633
637 635
639 636
641 637
642 638
643 640
644 642
646 643
646 644
646 645
648 646
650 647
652 648
654 649
656 650
657 651
658 653
660 654
657 655
662 656
664 657
663 658
666 659
668 660
666 661
668 662
664 663
666 664
668 665
670 666
669 667
671 670
672 671
674 672
675 673
676 675
681 679
682 680
683 681
684 682
685 683
686 684
688 686
690 687
690 688
690 689
692 690
693 691
695 693
697 694
697 695
700 699
702 700
704 701
705 702
707 704
710 705
708 706
711 707
711 709
713 710
713 711
716 714
718 715
718 716
718 717
720 718
721 719
722 720
723 721
724 722
725 723
726 724
727 726
729 728
732 731
734 732
735 733
736 735
737 736
739 737
740 738
742 740
744 741
744 742
744 743
746 744
747 745
748 747
755 753
756 754
757 756
759 758
761 760
763 761
763 762
764 763
766 764
767 765
768 767
771 768
771 769
772 771
773 772
776 775
778 776
779 777
781 778
782 779
784 780
785 781
786 782
785 783
786 784
788 785
790 786
792 787
794 788
795 789
796 790
793 791
794 792
797 793
799 794
797 795
801 796
800 797
803 798
805 799
804 800
807 801
804 802
807 803
806 805
808 806
810 807
812 808
814 809
816 810
813 811
817 812
816 813
819 814
819 815
821 816
820 817
823 818
825 819
825 820
827 822
825 823
828 824
827 825
828 827
829 828
832 831
834 832
835 833
836 834
837 836
839 837
840 839
842 841
844 842
845 843
846 844
847 845
848 846
849 847
849 848
857 853
857 854
859 855
859 856
861 857
861 858
863 859
862 860
864 863
866 865
871 870
873 872
883 880
883 881
885 883
886 884
888 886
889 887
891 889
892 890
894 892
895 893
897 895
899 896
901 897
903 898
903 899
905 902
905 903
905 904
907 906
913 910
913 911
913 912
915 913
916 914
918 915
918 916
920 919
922 920
924 921
926 922
927 923
929 925
931 927
933 928
935 929
937 930
937 931
933 932
938 933
940 934
941 935
940 936
938 937
943 939
944 940
945 941
944 943
945 944
946 945
950 949
952 950
953 951
953 952
955 953
957 954
959 955
960 956
961 958
963 960
965 961
965 962
964 963
966 965
971 970
973 971
975 972
977 973
978 974
979 975
978 976
979 977
979 978
980 979
982 980
983 981
985 982
987 983
989 984
989 985
990 986
990 987
992 988
991 989
994 990
994 991
996 992
996 993
998 994
996 995
997 995
996 997
