1000 7000 30
2 278 589
341 818 794
604 644 756
909 54 242
235 305 53
960 79 649
583 768 334
744 76 578
205 3 203
336 561 608
132 154 986
253 765 510
75 526 594
408 566 697
668 892 59
906 407 338
904 83 302
208 964 659
12 720 189
750 619 426
603 70 952
343 79 746
442 834 809
348 862 134
881 635 285
413 474 513
963 950 261
818 122 298
36 283 844
11 754 758
903 116 567
885 521 569
298 458 438
932 627 677
468 33 198
567 931 682
694 113 9
749 678 7
100 952 256
41 660 311
542 768 893
540 379 534
278 669 38
493 414 983
278 957 83
709 602 810
12 927 964
189 812 214
984 866 202
487 751 703
158 859 889
659 115 892
339 801 122
510 465 211
548 891 965
157 843 430
672 57 590
653 241 183
877 377 55
448 38 763
620 811 266
355 628 492
289 228 951
657 534 585
671 659 29
522 873 798
570 213 228
947 887 21
803 661 310
532 316 536
741 291 211
825 587 205
161 218 489
564 915 843
77 833 260
32 754 569
229 496 468
697 32 12
704 376 13
941 247 15
228 83 608
426 456 310
888 946 829
966 779 199
714 928 896
763 170 843
204 796 433
884 855 780
772 307 417
649 708 588
380 146 350
545 959 397
990 390 192
522 82 276
263 809 552
156 606 925
29 763 397
155 139 567
249 428 876
444 932 271
149 317 722
559 375 621
294 434 254
643 702 44
860 57 568
242 565 705
776 662 462
202 467 914
273 95 431
978 657 555
283 782 523
888 498 885
91 16 400
455 617 726
623 976 142
583 571 505
398 576 406
126 766 107
986 885 564
117 583 81
852 675 518
681 36 589
954 807 137
522 815 638
429 747 340
527 392 798
850 555 898
302 45 336
755 588 283
376 397 732
661 335 879
67 639 570
433 126 870
838 497 232
93 857 456
692 622 408
1000 947 120
477 401 587
570 985 611
48 253 373
53 541 933
663 747 340
967 163 722
938 691 272
882 963 485
990 970 805
549 754 979
134 418 349
619 740 620
741 413 19
719 344 993
527 536 237
150 166 39
232 608 691
411 243 125
67 106 601
552 427 947
304 462 125
173 161 700
757 55 571
787 853 721
136 438 22
217 11 17
456 792 535
621 850 112
160 286 850
517 616 402
260 717 796
541 716 94
536 619 169
592 829 196
307 725 479
734 360 120
546 753 850
622 220 515
219 889 877
356 133 68
838 375 777
505 592 680
145 821 675
751 99 486
597 835 213
863 985 132
867 52 352
842 343 192
121 846 430
396 746 216
734 539 690
425 990 937
800 576 163
73 577 333
882 783 303
850 802 336
375 720 522
501 70 126
101 944 511
730 155 538
819 17 176
571 883 82
251 9 617
843 708 124
549 891 287
195 730 67
265 816 230
948 318 169
163 351 729
239 642 559
818 778 64
848 460 574
106 515 554
968 677 866
302 479 817
707 2 446
62 599 367
521 979 799
847 244 426
999 187 86
904 557 423
973 762 109
705 555 587
187 161 918
931 982 27
602 456 584
8 270 205
877 566 698
769 942 867
192 131 289
76 953 616
945 277 896
78 908 65
921 884 623
409 966 470
523 58 457
812 632 626
336 375 234
836 515 755
614 814 1
8 942 804
643 14 768
451 617 348
360 72 448
300 371 580
890 96 966
798 812 244
439 954 958
659 729 460
48 237 594
207 374 845
912 658 830
690 537 284
888 598 860
49 929 180
735 983 51
539 353 287
95 545 146
413 519 909
572 673 295
529 76 349
689 221 819
284 1000 87
912 699 407
49 992 363
440 90 110
332 254 420
851 337 219
24 567 357
640 540 78
683 21 513
198 805 516
478 403 665
718 694 77
379 819 287
34 876 793
824 276 861
717 466 635
661 841 676
21 608 110
177 208 68
249 456 320
2 117 958
21 488 675
748 272 418
699 376 1000
363 80 781
162 60 974
819 719 411
43 515 401
947 958 169
971 250 20
157 258 698
564 232 759
615 229 321
130 352 940
551 611 467
657 913 43
755 383 805
215 119 600
897 537 74
911 177 468
598 557 608
821 597 297
810 556 72
393 177 724
172 858 609
169 766 753
57 863 307
616 602 399
228 324 76
10 875 261
940 138 33
90 911 29
398 161 334
124 356 365
47 699 352
5 950 957
531 199 564
909 191 544
803 155 929
950 465 764
258 994 195
108 567 480
541 613 222
897 445 753
113 347 265
175 497 136
693 794 266
368 950 550
447 439 628
494 988 363
780 100 399
508 5 929
470 558 936
170 956 219
987 572 580
21 612 275
342 81 231
183 800 869
627 437 744
195 226 813
527 952 303
363 606 805
455 753 55
853 602 918
382 704 562
262 751 715
327 341 621
849 910 291
571 928 297
853 463 169
752 560 563
794 702 191
361 467 797
772 910 52
124 93 815
296 276 297
755 319 71
260 841 124
892 122 986
173 801 39
668 234 880
910 925 747
916 737 852
731 859 9
715 820 916
166 139 829
859 68 369
398 491 853
653 603 507
273 546 587
413 284 723
673 963 917
582 199 322
292 324 975
153 807 360
125 824 354
599 666 984
784 497 323
925 600 828
749 571 871
263 680 481
383 850 143
597 707 477
635 652 719
174 690 783
395 108 538
198 930 942
717 707 517
825 764 7
150 922 339
129 25 323
256 368 690
858 678 109
414 407 802
330 9 747
749 845 785
641 453 609
200 337 601
76 733 186
867 673 986
864 720 561
82 154 84
472 629 545
930 819 875
97 266 975
781 104 427
238 164 86
940 386 946
796 922 829
376 92 858
132 803 932
527 307 696
291 907 196
520 414 577
52 929 402
194 44 84
609 371 790
417 285 296
104 300 392
847 196 77
312 566 543
607 737 496
930 879 668
685 597 819
263 568 519
302 915 451
452 825 60
719 185 611
714 251 477
113 924 997
43 512 115
662 542 121
712 136 265
462 655 136
143 995 985
920 768 252
410 76 602
783 907 24
670 666 145
313 835 302
76 835 463
627 504 329
841 478 971
198 64 276
81 287 139
849 588 373
394 656 881
279 208 748
531 389 637
486 881 10
289 813 647
592 840 538
574 444 541
681 592 693
740 507 571
220 481 749
646 380 174
265 478 187
223 208 762
578 442 829
690 8 236
56 555 615
881 320 700
812 604 921
819 899 590
989 729 673
362 741 687
331 978 113
610 751 516
158 558 110
965 352 888
607 922 807
989 703 185
710 806 199
375 366 899
917 794 186
235 618 210
43 112 725
388 521 467
57 603 457
11 635 565
373 152 213
933 156 408
174 158 659
995 665 859
908 322 520
320 324 669
35 75 101
787 282 501
298 210 750
144 303 22
334 435 563
263 714 137
127 134 198
369 199 813
64 772 324
787 194 293
401 628 218
502 919 50
492 423 223
254 417 632
284 957 789
555 507 769
116 49 244
47 846 757
243 655 563
134 86 319
948 195 423
368 253 612
430 516 824
772 114 407
7 240 473
554 623 536
711 710 352
326 302 42
250 855 440
400 72 718
903 850 971
862 112 183
948 304 16
934 207 684
383 453 731
415 177 45
164 414 283
35 922 459
274 229 614
249 397 451
119 964 350
277 221 994
412 253 720
691 609 600
891 300 699
793 195 481
552 436 946
441 256 844
366 959 457
937 597 725
987 371 838
677 409 420
195 159 351
768 78 766
414 211 73
319 786 264
604 10 179
586 941 971
18 973 605
101 427 208
365 805 132
842 696 964
303 496 81
975 994 859
923 691 997
781 228 35
366 126 396
182 104 86
741 302 864
821 739 54
725 829 607
733 424 528
692 336 408
124 218 365
901 77 809
226 959 101
453 30 829
523 994 401
251 261 80
599 495 543
749 705 826
797 996 704
512 49 218
771 753 272
718 603 456
127 453 614
110 678 81
284 993 163
561 1 42
391 683 695
937 37 117
696 502 546
923 127 225
52 951 891
19 382 184
185 779 794
997 889 830
408 49 440
461 968 321
896 847 283
926 184 977
892 253 915
808 123 160
8 909 500
800 515 993
325 552 916
405 114 487
385 664 892
306 95 251
817 412 185
688 260 172
231 133 818
415 308 511
575 586 414
212 639 194
960 454 564
740 104 186
824 483 93
893 880 95
669 370 478
895 647 320
65 844 906
624 289 732
512 692 614
307 898 476
138 662 666
328 227 201
150 316 968
139 590 888
236 291 720
334 969 94
543 949 581
135 293 442
391 69 602
978 156 300
877 414 89
909 269 961
530 401 615
821 972 201
193 94 349
260 976 250
830 376 497
383 454 766
932 424 206
629 710 677
522 721 197
323 250 357
587 981 688
167 861 306
222 208 372
521 382 201
529 641 877
326 828 799
233 84 428
266 200 730
714 614 138
182 257 628
494 448 120
98 678 37
221 313 689
585 70 18
822 329 62
28 575 285
619 531 856
628 985 886
233 778 701
188 180 82
310 296 778
62 89 266
572 168 57
682 382 954
665 290 41
55 248 909
784 206 31
753 109 854
369 477 664
481 205 590
976 652 358
563 370 707
558 833 712
245 694 335
647 984 355
120 261 601
561 28 507
130 478 621
823 501 246
100 453 326
492 884 428
309 539 658
492 510 202
536 765 542
133 949 706
143 95 57
478 838 48
53 829 302
389 169 973
866 453 367
334 417 637
742 600 764
856 857 806
341 756 932
15 888 315
581 414 815
465 947 297
43 207 989
757 940 230
864 141 127
777 522 366
832 458 221
53 709 66
710 364 33
986 639 136
56 760 889
314 303 163
252 217 457
688 378 396
440 81 990
718 878 767
743 663 605
173 872 465
496 913 693
346 504 309
32 870 954
688 597 156
750 517 21
642 761 212
746 663 267
930 85 22
247 867 489
689 963 161
730 981 903
831 269 913
301 316 612
107 377 147
671 901 551
822 197 994
109 252 388
30 446 87
41 692 125
523 221 259
564 578 319
576 767 448
538 379 979
919 472 104
268 93 32
295 602 489
405 854 605
210 859 101
930 660 529
695 613 447
984 546 27
587 612 253
536 281 277
365 683 576
867 559 43
595 756 542
904 849 4
972 54 975
491 41 489
365 638 960
591 215 72
558 98 882
250 242 543
791 788 900
163 318 255
32 933 727
227 548 6
794 494 778
824 159 442
381 799 105
193 946 623
613 135 501
388 270 531
495 657 117
414 561 812
623 686 772
467 564 409
961 59 64
160 358 290
337 765 682
553 326 289
727 993 610
994 705 129
14 946 976
612 637 177
188 313 718
857 292 728
253 92 861
947 541 359
426 997 468
279 229 630
962 608 909
858 412 758
874 957 279
362 144 838
800 314 509
436 45 289
371 766 864
379 962 525
482 447 30
699 727 622
785 779 557
316 615 145
531 55 418
148 598 382
157 116 443
773 169 545
163 599 568
940 601 994
889 883 992
228 4 387
338 150 645
898 930 575
432 211 752
922 809 224
660 229 767
949 151 55
12 441 130
529 514 733
243 1000 125
179 598 365
165 273 859
66 555 744
31 936 40
676 116 567
353 976 481
232 682 474
618 718 320
75 785 370
593 888 959
237 451 989
53 537 466
821 881 225
669 393 984
382 53 520
593 958 153
889 346 476
199 228 218
46 4 862
60 768 628
130 344 754
976 56 84
625 727 45
879 232 344
633 860 364
98 434 263
275 367 350
702 41 735
964 102 378
125 61 794
911 705 75
668 72 110
16 727 168
816 834 649
173 963 142
348 244 936
993 283 175
762 975 464
54 127 643
672 994 237
253 424 618
171 601 452
462 772 876
979 401 210
745 77 902
495 737 797
91 588 100
283 656 850
561 494 242
619 519 306
427 682 258
563 296 829
749 951 200
673 222 942
941 715 434
145 597 893
875 469 861
385 5 387
340 943 592
360 122 461
161 111 250
266 321 506
126 443 139
409 816 787
130 152 111
373 998 187
544 264 943
485 529 490
712 707 610
682 7 48
515 533 921
685 166 605
453 171 453
499 921 231
682 637 164
877 866 647
363 243 588
403 30 589
816 86 372
792 198 486
286 744 678
236 928 563
934 870 831
870 389 395
140 773 219
305 532 189
507 8 477
909 636 837
798 665 309
845 241 545
420 725 890
281 238 591
94 219 437
495 461 26
409 99 567
948 532 999
476 12 553
33 141 519
692 208 828
810 304 399
843 99 697
102 710 26
536 512 490
477 269 714
785 359 362
348 74 238
148 978 452
282 323 110
311 379 915
922 593 789
872 935 743
488 762 237
820 922 131
667 248 466
714 677 915
852 769 966
703 98 423
466 678 905
265 221 182
727 273 45
818 755 11
789 390 25
674 342 398
63 789 127
122 469 748
704 636 994
769 33 331
894 77 868
29 860 320
321 540 688
127 331 295
135 63 684
283 544 154
33 47 386
567 212 917
997 457 271
948 80 196
271 904 608
544 694 449
354 367 932
6 744 128
815 71 441
372 742 862
38 315 17
995 894 472
633 289 918
6 664 912
461 87 397
640 687 613
568 145 475
153 630 779
231 812 404
349 101 864
355 860 376
760 756 882
342 388 598
791 158 922
972 118 274
456 499 511
119 424 236
501 562 534
208 765 510
32 860 491
255 909 908
871 384 149
273 657 47
577 737 873
300 953 477
795 553 215
953 739 271
830 603 639
128 482 668
520 957 51
629 985 646
343 618 965
190 686 742
960 270 966
298 951 806
648 933 376
563 348 904
35 595 670
406 991 187
749 316 551
670 476 970
764 497 385
18 211 383
661 404 172
536 240 330
797 880 845
643 405 452
657 431 897
2 316 548
916 396 153
336 623 873
152 938 912
282 673 918
966 228 350
837 581 852
356 992 603
369 105 59
861 151 680
92 713 932
591 359 751
582 471 78
694 905 78
83 697 763
185 913 254
399 630 944
476 586 142
988 931 561
196 470 299
97 755 438
634 236 63
461 577 247
557 333 571
754 662 68
38 817 490
935 147 667
131 737 467
992 299 557
864 960 593
900 705 683
981 318 270
993 324 13
764 786 268
66 351 141
865 459 582
652 37 682
977 820 907
434 66 605
204 323 809
626 842 507
554 217 175
949 863 7
577 336 317
335 341 574
983 845 905
796 451 143
709 992 708
119 877 620
714 956 454
101 808 233
953 91 156
677 418 65
634 452 204
931 670 39
823 648 745
835 340 376
497 56 215
596 700 868
266 645 306
404 801 402
645 241 531
135 186 891
360 306 603
677 837 546
953 251 358
924 776 33
185 691 219
536 556 378
123 388 36
459 78 838
310 232 590
490 26 734
604 521 439
673 613 585
62 687 856
244 433 590
122 664 826
704 589 415
337 54 219
391 83 691
617 878 766
177 496 355
877 280 1
63 364 70
663 272 271
799 755 668
493 368 113
920 100 481
853 180 64
676 582 360
234 766 928
159 702 584
961 257 303
860 498 71
680 242 166
29 104 608
405 875 195
287 231 888
792 141 979
948 251 488
993 722 300
993 240 265
956 544 991
562 606 153
165 224 49
128 710 386
214 746 43
347 974 292
898 673 12
278 780 508
863 608 360
721 50 83
897 430 255
112 492 117
265 154 150
453 601 255
738 134 864
121 605 975
459 125 112
667 256 187
542 691 489
140 891 284
722 374 22
467 309 433
77 287 21
663 580 7
19 816 577
312 555 510
402 789 875
999 587 937
270 965 434
997 521 824
721 114 300
486 930 99
315 458 457
892 830 713
173 286 227
40 771 525
300 97 203
525 935 347
321 658 866
647 85 832
152 553 928
932 314 424
819 796 61
602 800 117
499 579 752
851 932 202
411 195 605
702 774 39
814 304 890
699 510 871
488 435 494
70 804 617
245 976 396
606 51 487
15 862 602
350 624 965
840 142 26
916 323 65
885 36 527
505 908 142
834 220 814
359 683 446
761 816 373
642 542 800
461 887 424
320 183 204
794 553 830
428 441 364
514 226 946
435 643 856
523 677 379
917 436 891
556 895 301
751 951 443
52 914 81
468 164 843
714 177 70
477 299 660
143 154 433
136 828 30
452 348 161
604 915 953
623 630 502
547 859 330
921 596 383
847 236 255
310 383 654
376 421 1000
345 638 517
573 422 292
573 168 510
700 324 807
487 528 774
88 302 225
550 847 318
250 928 225
769 316 556
158 415 527
219 472 556
523 206 834
96 644 153
431 427 600
177 198 943
928 827 719
750 227 33
469 964 831
601 546 899
312 891 544
544 485 261
684 602 935
1 218 524
20 414 155
285 782 235
839 299 763
390 953 251
905 898 231
214 747 146
91 303 253
858 803 691
315 405 545
321 308 348
517 218 934
837 630 240
537 618 543
78 755 576
985 101 699
289 497 285
555 28 910
939 494 403
80 812 876
664 349 910
261 713 150
854 966 325
184 123 984
679 186 495
5 219 650
94 490 188
197 813 8
250 711 585
554 864 2
662 601 127
45 892 401
528 185 799
675 993 112
332 327 969
881 444 878
553 233 834
161 765 988
923 574 421
821 691 852
403 795 843
717 576 567
662 122 141
526 760 558
825 705 688
229 694 389
967 601 92
170 365 206
385 171 869
195 964 426
810 196 367
363 305 430
24 386 234
230 727 888
967 94 538
891 910 436
928 753 228
629 342 427
553 301 258
501 956 33
148 645 112
776 918 556
588 546 837
231 479 474
143 582 130
183 670 129
133 137 689
697 647 685
462 84 27
103 279 715
52 837 737
485 649 558
293 406 964
320 507 571
837 749 574
897 99 831
532 249 587
416 947 240
329 98 960
425 487 237
350 40 111
38 734 241
3 417 825
952 22 505
48 991 133
586 46 9
16 12 546
143 162 298
21 279 702
838 195 52
171 696 645
532 399 892
287 780 412
709 620 279
420 312 808
571 330 810
100 977 87
887 98 591
711 499 862
424 348 239
501 927 670
917 675 420
181 333 105
271 943 6
536 734 462
825 733 436
833 505 254
393 900 805
242 114 984
913 406 595
221 607 495
332 802 22
975 447 147
956 365 925
647 783 364
670 215 864
549 946 567
806 149 433
120 170 816
154 456 198
152 940 618
637 834 469
328 589 313
413 724 694
70 224 815
454 868 9
984 888 384
669 740 127
257 244 129
667 110 425
297 446 815
68 178 97
147 939 968
374 590 956
538 941 170
870 899 635
96 391 4
209 652 9
468 567 709
970 274 685
167 199 74
305 424 954
941 34 500
931 793 859
612 798 615
292 500 117
331 398 255
575 968 371
251 494 85
859 136 598
625 567 281
28 973 71
587 817 517
610 126 618
11 218 501
725 793 152
317 221 725
123 709 221
849 657 313
846 479 140
979 328 656
973 368 527
359 950 114
312 548 666
218 456 41
856 820 724
797 441 552
461 846 787
56 329 689
670 699 303
492 69 575
540 526 981
542 549 223
564 380 560
325 600 310
833 554 875
508 364 732
837 73 817
929 753 10
267 725 646
737 878 318
92 827 399
251 516 367
401 986 364
617 128 244
339 533 263
372 616 178
531 463 356
548 992 908
208 5 616
904 805 225
558 57 822
668 31 87
716 99 894
875 17 1
382 877 615
148 953 688
924 221 901
815 858 751
216 466 296
930 339 357
590 3 811
191 648 915
166 336 178
301 950 78
336 416 241
637 373 172
27 839 332
741 347 126
369 513 704
388 74 286
442 520 55
650 338 223
856 760 344
10 989 369
55 730 320
378 740 421
899 949 633
535 89 449
31 722 587
402 709 294
232 497 473
238 415 403
324 809 283
782 476 47
256 902 72
9 270 813
669 346 379
390 595 973
297 83 215
469 571 281
672 104 700
958 800 2
58 213 37
618 688 772
253 177 677
691 252 252
568 251 899
616 625 340
687 969 573
444 969 536
363 549 994
386 937 57
525 735 888
413 971 868
478 44 546
408 278 865
948 249 385
647 308 437
650 993 476
5 738 106
822 567 5
329 100 166
880 573 371
137 507 680
554 762 312
559 157 673
621 788 329
717 475 708
632 647 217
273 679 307
763 433 908
905 947 795
650 299 159
729 690 993
896 969 745
281 602 271
542 169 550
508 551 659
620 530 765
617 271 248
505 148 183
814 464 599
817 79 66
457 332 80
750 457 516
806 893 599
2 718 952
101 238 891
257 55 365
39 806 915
611 30 730
186 933 824
252 531 897
121 857 267
558 674 419
956 253 245
633 997 736
324 552 815
931 190 878
285 130 58
86 399 924
607 361 172
748 282 811
279 91 671
435 815 563
334 35 851
402 809 267
522 739 182
108 468 492
50 72 93
532 417 340
160 725 84
572 485 298
189 202 529
496 88 67
86 997 915
835 266 16
68 279 981
163 244 907
407 556 655
653 342 22
852 871 882
77 414 667
400 442 310
344 749 703
195 10 564
889 407 658
10 315 264
579 213 580
1000 406 924
774 576 505
423 345 187
853 658 475
220 166 911
417 94 452
296 486 243
28 674 178
474 807 343
224 710 316
236 802 700
108 613 925
477 943 123
307 992 896
161 402 979
652 179 606
458 399 64
689 333 970
50 301 560
361 489 709
669 923 48
629 106 299
624 407 242
435 284 996
692 220 394
336 124 622
496 166 819
259 428 664
287 583 136
476 211 797
887 151 863
366 343 52
293 129 498
645 527 325
490 555 893
330 280 185
184 212 537
751 367 382
93 844 615
998 773 802
945 161 180
439 902 654
156 319 587
914 158 453
921 578 220
359 930 437
970 840 236
406 904 328
902 942 96
257 609 119
647 755 960
498 336 551
172 97 164
339 833 237
449 207 242
122 771 279
23 523 239
541 302 295
488 940 714
577 530 460
475 76 707
153 636 834
688 705 64
675 397 90
509 862 104
945 10 123
393 27 474
667 472 84
654 969 886
463 201 871
384 289 83
613 642 670
136 111 358
1 31 54
685 381 326
813 412 954
193 529 811
322 698 782
266 282 204
425 85 505
549 815 431
866 815 364
683 345 584
992 189 681
307 379 80
559 726 560
321 838 763
751 740 346
657 19 406
834 575 942
942 339 585
148 897 136
244 41 206
649 313 948
828 832 725
447 709 83
316 135 717
616 201 572
217 908 277
565 61 950
30 342 757
373 345 134
767 401 747
901 931 559
299 799 743
577 260 160
723 486 651
471 519 219
807 297 687
480 923 11
477 469 142
229 716 26
531 191 953
426 827 589
965 800 788
684 677 460
425 91 276
396 267 896
987 624 880
862 610 534
204 660 458
896 846 258
318 68 217
231 896 494
820 810 910
114 310 673
463 765 859
3 905 553
894 465 697
485 221 217
59 394 399
824 654 846
113 782 748
368 198 194
309 780 570
177 60 108
300 948 355
694 407 548
250 54 835
38 120 955
893 19 707
689 685 52
127 825 127
464 654 604
638 2 249
389 318 650
101 135 917
648 613 856
956 749 373
901 520 513
210 807 969
120 108 822
642 351 391
25 719 760
374 663 42
502 891 728
986 972 712
584 330 23
716 242 551
41 84 699
108 506 819
978 430 778
36 779 976
217 403 814
117 877 773
696 902 705
108 698 971
651 51 566
926 948 56
775 397 114
17 153 487
1000 993 690
515 317 906
969 140 706
863 421 934
915 632 806
354 160 748
718 101 284
556 190 69
348 180 987
446 230 207
663 707 575
150 295 576
539 733 705
213 147 205
258 943 832
223 253 115
220 447 976
618 317 542
235 19 801
987 275 988
254 70 676
25 763 768
993 479 642
427 794 820
290 353 930
279 159 907
622 795 354
123 598 578
835 955 688
774 679 474
10 3 812
1 425 582
743 320 355
379 231 131
541 680 198
355 16 967
862 769 871
578 38 741
108 712 789
151 376 493
919 524 628
912 978 460
996 610 139
392 71 693
41 944 291
275 167 546
459 885 382
874 112 582
715 542 402
615 465 731
65 71 121
519 653 529
977 475 508
863 279 804
794 272 928
149 765 943
929 492 916
430 7 628
678 545 575
995 869 856
397 514 517
638 707 107
560 376 182
757 623 536
671 59 795
500 271 626
470 317 824
215 345 294
256 601 57
300 102 19
550 50 33
234 404 302
871 321 785
526 778 914
363 394 332
446 551 431
27 496 203
810 534 927
18 954 408
578 396 126
885 456 646
181 178 423
436 867 933
699 411 165
440 332 477
532 406 13
659 511 385
533 731 455
379 395 127
786 536 149
301 923 899
994 628 869
884 56 314
717 982 19
497 605 236
862 22 413
995 417 46
455 910 852
703 948 817
236 933 708
151 445 145
681 906 628
67 590 306
199 396 54
845 463 649
38 613 275
813 401 887
504 387 174
233 748 459
621 818 669
599 475 144
959 825 314
139 860 124
418 233 619
713 327 78
887 279 582
207 747 225
467 705 609
309 915 533
859 81 12
974 521 45
78 502 875
682 210 488
577 431 28
288 728 576
864 50 738
258 375 315
556 235 760
597 384 873
479 210 441
789 251 893
903 127 771
341 268 767
497 125 510
577 401 592
80 426 153
398 589 534
480 437 883
159 624 543
138 750 748
301 414 429
206 542 590
216 800 427
992 886 495
314 390 58
552 148 663
706 409 661
475 932 615
788 601 480
840 847 266
427 308 262
356 331 753
601 208 593
644 204 187
449 49 385
761 834 268
466 801 100
515 713 945
760 632 676
659 297 524
931 135 598
85 430 362
335 508 101
968 987 625
381 267 657
191 833 441
323 530 69
353 361 642
522 778 249
487 63 286
550 156 387
980 743 965
216 156 261
895 617 290
867 741 915
55 111 948
980 156 889
329 685 29
218 660 856
864 118 894
310 194 969
729 483 793
195 99 101
801 708 789
734 997 936
854 437 576
395 438 886
367 191 758
599 232 44
435 135 440
406 711 509
501 230 618
506 19 17
983 606 517
722 242 284
586 97 966
998 438 735
606 184 137
547 866 536
237 778 236
143 985 261
988 458 618
198 5 18
839 852 816
254 372 101
223 680 464
605 440 752
919 827 560
783 410 200
953 918 411
26 999 193
544 437 659
901 506 210
16 482 595
551 514 727
287 35 351
320 475 728
720 680 721
105 101 932
481 727 320
747 100 202
764 257 854
933 898 325
561 935 226
336 84 561
965 629 193
875 657 178
876 274 19
980 565 580
237 964 819
865 770 638
190 680 917
620 258 886
767 991 945
810 81 37
836 141 255
858 659 14
968 528 770
515 149 822
843 422 971
8 979 761
13 331 169
378 720 59
924 796 507
85 165 939
669 625 361
822 603 958
787 208 958
392 783 445
596 999 419
446 941 386
420 449 516
827 455 610
670 547 355
744 527 125
49 296 295
851 120 818
546 334 303
720 440 770
380 735 813
77 830 598
951 698 505
969 586 919
413 548 686
773 516 650
227 299 492
753 796 951
425 695 682
223 360 642
711 953 42
354 520 852
974 260 463
202 535 851
332 44 294
568 13 874
905 991 48
858 120 111
8 26 562
36 241 137
532 528 222
500 958 464
441 129 960
616 840 850
896 545 516
995 785 705
801 761 351
49 963 241
34 8 912
330 869 165
455 381 566
824 316 63
761 235 305
96 435 92
470 179 807
330 457 789
965 477 619
487 564 583
921 570 463
365 341 183
253 365 688
664 477 434
632 215 769
615 530 336
188 1000 1000
522 188 520
833 562 795
849 564 48
860 278 437
295 325 103
236 154 275
386 508 143
233 208 442
642 289 46
707 359 814
978 697 791
111 334 89
582 5 815
752 530 690
131 928 160
999 298 815
96 163 424
923 297 736
116 93 324
184 196 801
130 726 349
729 570 460
554 353 740
37 277 602
66 769 708
652 161 226
173 956 1
240 197 677
847 117 330
642 888 611
870 361 945
432 726 912
262 640 493
24 96 577
589 761 136
509 172 922
252 968 563
425 278 308
780 23 757
291 413 25
822 862 45
215 833 478
281 221 155
929 253 934
113 401 777
260 863 230
962 874 200
468 283 213
153 742 900
883 923 651
661 374 493
813 546 888
423 847 765
417 68 734
565 373 100
572 333 847
325 699 237
163 695 852
157 709 322
677 759 292
153 693 509
546 321 345
669 981 318
27 912 88
491 944 84
580 729 940
124 277 700
208 433 586
862 874 392
510 247 910
125 627 138
395 942 245
858 825 771
575 161 85
873 809 437
505 677 87
442 849 138
1000 253 11
155 607 350
941 928 630
446 884 554
449 293 204
23 361 698
842 268 159
170 439 408
178 606 858
615 83 786
268 207 384
181 361 757
702 844 491
294 274 349
175 865 797
829 47 793
731 287 229
691 210 872
567 215 576
609 517 777
269 40 741
130 530 220
301 418 448
607 10 844
437 511 467
894 297 428
479 665 459
841 262 18
641 596 145
278 480 937
929 461 709
671 535 310
559 834 862
7 908 217
792 535 675
943 561 88
25 729 907
400 844 613
414 473 710
819 974 649
545 307 656
710 122 477
289 877 75
55 593 345
437 400 854
652 356 578
327 400 328
420 12 68
505 586 40
313 834 836
9 850 763
529 553 21
929 25 3
265 810 316
260 220 31
357 637 841
292 18 359
112 663 328
286 525 155
575 525 738
760 913 378
129 881 560
617 999 262
873 678 525
735 248 804
643 323 5
686 772 812
987 638 62
132 869 452
678 199 40
59 640 1000
374 194 256
75 643 995
278 846 47
102 874 608
209 900 510
909 53 955
88 397 443
518 34 750
502 773 395
732 675 91
481 502 482
392 681 683
151 968 319
369 787 677
567 59 291
470 976 25
706 93 919
849 906 492
870 834 741
91 878 44
423 459 235
246 815 107
190 677 610
345 565 68
270 143 174
305 376 321
964 233 389
563 426 764
244 600 591
535 477 91
67 578 242
589 325 915
221 723 656
132 38 980
277 492 860
506 230 93
631 429 327
242 79 425
414 623 203
633 490 801
592 430 638
287 565 705
536 676 353
437 486 406
143 443 217
616 572 405
162 942 626
125 927 439
310 610 645
640 499 928
305 543 324
92 720 536
157 899 525
12 241 488
587 217 217
389 342 918
319 202 629
757 715 684
427 828 635
638 679 102
930 726 352
340 464 329
23 687 439
455 103 788
437 76 734
882 313 667
677 305 236
102 64 442
410 216 638
948 311 989
834 445 455
870 928 514
954 876 408
6 236 50
193 309 734
947 814 862
143 6 1000
338 335 114
349 347 595
929 444 392
861 694 927
835 498 632
955 300 756
900 286 247
774 442 329
165 569 9
576 735 511
668 249 596
99 500 571
277 161 28
671 208 407
372 155 73
885 616 139
846 984 301
245 226 674
268 531 896
918 602 87
808 105 77
641 391 647
442 224 491
129 63 830
240 304 284
930 133 330
690 132 965
193 23 351
918 929 967
639 8 767
958 70 640
273 378 58
277 178 654
528 549 894
959 396 178
792 725 709
464 648 802
104 915 86
243 549 278
959 687 365
192 612 454
808 40 43
517 523 219
559 830 525
19 879 881
648 530 545
416 896 592
382 673 140
53 605 113
713 82 775
599 315 73
65 941 468
631 248 725
629 789 226
483 742 228
258 757 449
395 752 749
232 731 689
665 874 527
473 333 735
625 781 336
561 358 654
379 857 245
981 182 919
89 378 535
730 977 61
856 366 148
700 964 789
145 206 209
838 168 353
708 799 799
690 461 745
607 993 153
894 480 194
113 526 910
315 253 60
484 746 909
179 871 280
585 240 482
637 984 462
604 380 420
28 470 28
119 149 202
940 977 32
809 383 480
652 573 312
157 496 873
851 232 564
827 62 564
999 675 120
735 99 885
366 325 305
80 843 27
517 487 271
11 521 286
539 493 594
501 195 34
314 241 687
578 669 811
889 825 84
860 41 903
331 451 660
987 839 744
267 226 723
151 470 145
812 819 723
548 955 386
97 583 638
249 354 438
10 904 11
818 762 883
716 875 703
20 869 266
552 331 919
250 795 508
153 366 863
279 605 474
702 759 590
455 328 312
975 44 410
789 220 255
99 28 529
533 962 472
252 362 642
121 425 32
849 778 71
535 732 695
110 293 869
190 10 804
733 248 707
836 243 850
176 395 974
796 90 579
541 800 946
188 264 846
529 325 86
544 123 741
12 980 609
105 644 404
166 862 813
706 207 466
353 400 380
312 469 183
532 257 61
350 483 754
888 580 323
676 871 753
729 305 146
585 41 838
806 849 69
721 1000 869
880 847 811
951 197 430
323 748 201
516 54 188
421 751 165
745 714 715
323 562 950
594 322 773
42 521 983
342 165 939
535 144 497
951 748 393
947 184 947
443 671 328
821 127 421
827 574 937
67 120 289
796 402 652
376 59 956
992 702 58
258 35 280
757 682 979
489 213 202
829 749 143
342 329 580
985 647 140
848 325 454
678 808 363
190 758 728
810 815 925
366 809 621
673 41 220
803 904 63
628 529 693
453 81 507
949 175 932
465 619 828
196 317 387
343 539 443
446 795 324
890 150 971
818 386 146
6 87 989
116 782 935
839 610 333
540 288 646
757 275 47
821 869 406
556 416 950
968 198 982
844 242 939
124 246 677
928 799 390
764 534 554
736 534 398
538 40 182
655 620 836
80 566 178
450 727 89
852 107 981
943 287 145
474 954 285
303 565 914
723 943 307
419 222 705
472 149 624
630 126 547
45 122 1
891 152 226
960 854 678
263 792 135
508 468 948
832 208 201
290 795 969
486 183 473
191 250 432
17 808 926
135 183 96
589 495 974
25 67 635
366 471 73
947 721 215
15 805 261
708 291 520
659 390 305
129 26 760
13 903 669
832 666 347
504 338 473
582 612 347
554 87 667
582 351 770
625 801 339
50 186 877
510 941 80
283 430 756
546 41 158
585 879 478
68 651 224
716 23 150
178 370 394
925 989 625
847 467 173
115 421 872
357 523 978
385 464 613
17 207 569
97 504 621
569 549 308
687 79 446
494 691 656
86 271 305
552 36 413
693 905 566
424 668 607
573 365 585
458 449 659
872 136 640
129 580 651
418 465 109
526 639 435
190 981 182
127 88 471
736 812 189
907 460 522
562 432 750
485 94 871
598 217 815
565 388 44
406 968 576
342 725 977
118 74 802
193 310 334
640 544 758
174 428 758
102 525 589
70 889 697
95 167 243
811 669 992
704 689 494
472 374 301
862 283 877
313 327 682
354 39 759
63 336 467
642 254 132
40 573 424
659 232 9
375 565 654
540 46 317
174 104 930
243 449 84
97 985 141
35 57 950
172 905 873
627 580 150
627 836 56
687 869 717
429 758 57
942 754 228
752 661 521
642 11 987
905 441 813
871 902 562
534 392 672
834 732 664
730 936 672
265 955 331
837 245 618
498 923 317
128 12 964
367 66 935
177 472 415
781 664 527
335 154 564
214 807 341
32 872 315
198 545 535
279 477 84
580 660 420
422 711 408
287 997 438
696 729 527
64 388 493
682 322 875
420 446 707
306 191 653
469 252 34
867 715 923
367 768 824
340 867 333
973 769 525
675 146 865
463 319 593
877 576 60
787 190 140
187 439 117
699 527 739
277 617 651
560 622 311
581 431 480
165 815 784
827 975 838
703 962 509
382 468 713
158 335 255
7 148 9
886 918 537
684 169 539
543 794 264
987 253 440
984 537 902
897 555 770
506 956 536
896 837 558
886 480 963
808 501 745
51 725 746
260 471 665
196 664 588
695 12 909
327 368 280
659 242 835
134 128 500
197 512 558
58 803 544
938 597 825
491 285 500
180 690 687
736 181 839
396 163 865
551 307 376
435 415 234
863 699 467
406 43 595
786 79 536
856 701 265
819 979 149
367 638 492
224 869 839
306 861 490
910 459 88
287 777 571
959 286 753
883 8 60
240 249 264
53 639 384
71 495 427
304 861 494
900 606 259
845 729 736
583 597 248
827 665 361
585 786 284
6 809 945
949 967 402
506 301 940
846 466 634
365 251 778
729 795 169
65 211 105
458 593 31
579 354 999
419 866 220
939 933 922
327 664 350
199 141 841
478 536 845
205 207 254
820 755 873
450 857 639
306 213 864
888 452 899
775 913 621
660 88 44
811 513 381
858 112 921
928 803 438
902 271 981
966 681 129
139 483 879
985 937 168
65 348 329
188 42 237
519 288 80
31 525 350
10 334 862
277 930 87
694 688 588
508 553 441
134 204 677
667 412 795
913 186 587
48 900 838
987 488 650
597 509 954
625 907 850
733 314 608
396 401 975
287 260 143
979 895 463
819 462 809
660 541 722
399 53 354
631 532 123
736 457 263
117 820 356
60 835 601
446 444 620
251 868 28
414 307 100
520 744 849
254 363 977
507 261 465
555 273 4
434 305 470
170 245 54
380 345 856
834 290 776
587 197 580
137 770 352
591 818 190
458 719 465
36 345 756
24 771 110
673 843 511
451 904 948
609 866 624
96 704 486
526 847 142
530 389 972
207 254 847
840 666 217
738 590 284
232 903 532
416 368 470
594 318 93
90 727 740
194 574 500
483 807 874
712 916 643
330 594 602
628 344 979
318 691 449
729 778 907
537 264 37
586 527 722
348 67 205
121 721 37
230 433 244
719 648 478
604 952 355
789 379 963
166 749 679
44 834 673
296 346 186
424 60 207
883 543 903
708 906 435
886 124 422
218 436 720
287 915 34
124 903 637
995 249 96
790 282 71
4 896 415
672 71 598
84 602 85
980 664 186
942 37 548
161 799 208
799 769 188
410 942 66
400 798 428
598 406 619
384 44 591
573 156 270
71 219 462
252 801 340
392 422 486
631 114 266
667 734 741
811 840 865
466 145 861
500 953 301
362 657 601
455 850 691
654 547 923
40 663 94
27 737 377
361 573 791
876 86 115
439 438 259
426 609 898
350 607 30
219 614 117
555 208 330
627 355 938
647 804 467
313 507 939
508 151 804
691 337 544
521 819 527
917 934 878
131 902 429
664 697 691
627 378 811
785 600 687
50 496 181
694 291 999
318 787 527
297 201 56
475 549 920
503 935 477
396 369 642
676 371 33
828 37 979
861 198 975
246 424 159
717 84 800
809 144 587
556 621 499
124 813 969
110 232 362
603 759 181
478 717 989
257 347 860
894 682 260
668 370 471
379 817 538
552 88 80
634 60 883
834 871 284
806 100 597
433 528 592
326 238 143
966 221 367
481 636 218
158 897 797
246 866 998
780 627 919
775 837 647
435 532 91
720 465 441
455 543 93
920 800 867
102 777 851
211 48 377
338 747 63
560 238 829
294 8 631
707 473 231
85 387 746
725 4 795
157 33 877
676 1000 697
562 814 75
592 800 428
368 921 551
190 693 610
967 598 588
13 658 78
949 651 114
323 956 920
787 62 646
396 60 816
804 844 801
405 413 626
100 957 466
838 979 743
587 316 344
985 45 662
800 144 382
841 751 694
356 913 376
791 842 808
229 819 582
656 72 434
705 400 101
33 119 908
424 186 224
399 622 879
553 549 661
634 960 551
94 19 959
764 708 993
35 646 716
536 516 754
418 227 264
546 143 398
766 800 540
520 999 826
849 253 270
765 800 180
811 503 209
170 628 444
572 160 353
185 966 483
715 623 268
971 264 386
690 821 119
705 5 390
372 653 42
84 966 598
492 405 859
665 844 323
18 480 794
757 428 532
116 866 807
433 260 315
8 452 487
470 674 144
875 626 908
268 161 658
358 789 433
939 292 708
109 679 301
763 315 354
948 372 137
433 641 843
847 274 758
712 981 274
868 559 571
45 941 823
342 840 292
217 432 574
64 995 27
473 166 166
396 757 392
448 635 367
139 980 469
988 447 174
973 241 245
465 603 394
169 783 51
315 114 594
687 558 992
919 173 1
2 176 776
491 76 949
619 357 126
435 42 215
428 634 843
135 894 906
845 164 356
230 705 758
484 824 514
960 689 600
183 540 831
294 932 26
815 326 660
369 145 346
704 107 93
935 585 877
388 782 44
360 268 884
639 117 620
471 246 592
466 816 955
8 176 804
633 313 401
332 23 129
820 10 742
938 939 721
513 116 303
296 443 388
544 102 780
569 789 215
687 59 703
915 521 121
188 69 64
42 565 406
577 921 131
772 442 64
710 474 907
215 678 822
568 436 193
196 414 746
6 925 674
615 450 857
631 966 205
853 287 329
426 235 263
257 370 729
15 486 641
768 746 251
177 303 898
382 773 317
61 149 496
179 523 285
525 297 147
79 208 736
42 561 44
39 383 238
76 451 344
10 74 925
309 306 7
579 902 344
337 77 343
841 619 124
731 946 148
713 656 980
283 107 194
540 14 298
838 243 158
555 424 612
475 714 877
267 880 352
752 437 181
827 702 106
170 656 999
40 845 889
528 778 975
265 161 509
961 920 261
202 986 585
793 176 683
779 6 964
386 231 526
18 46 827
302 305 740
109 453 637
968 344 961
522 18 33
963 953 967
734 284 998
431 272 437
101 972 474
80 852 538
467 724 782
947 275 370
772 657 583
704 462 941
190 817 929
996 289 626
292 591 608
739 508 459
605 334 742
500 158 43
523 883 32
464 856 541
477 179 996
455 428 602
520 221 539
362 935 414
611 247 191
633 163 388
148 627 266
271 84 519
109 828 949
725 464 548
918 824 337
148 356 276
704 340 649
491 574 377
603 176 114
687 676 540
7 376 886
49 791 72
665 673 617
648 299 721
433 787 802
296 768 681
758 236 246
253 752 181
188 43 895
266 385 216
678 984 726
829 914 573
851 145 550
876 897 802
704 984 136
499 182 153
616 998 596
526 620 213
836 394 52
104 290 48
998 648 768
298 310 656
942 759 252
872 540 68
896 812 720
352 372 105
454 696 491
763 837 972
739 686 940
789 351 582
576 695 517
130 442 78
451 408 281
41 932 158
235 831 536
953 164 869
570 202 262
166 875 983
341 956 14
432 502 375
712 870 883
379 151 817
121 863 812
126 904 94
690 468 157
480 391 507
771 880 743
978 259 703
639 553 527
152 707 145
519 366 882
837 807 358
412 34 796
482 662 187
73 517 962
974 880 858
805 613 968
358 805 348
435 351 335
781 687 447
488 56 181
56 828 497
645 182 98
829 299 899
929 429 286
827 786 915
254 761 17
50 494 626
587 708 227
980 246 856
69 140 36
603 688 937
75 209 601
880 296 903
58 672 73
591 430 935
899 328 191
477 711 402
957 230 12
412 484 664
989 457 588
674 38 110
857 398 89
762 438 513
994 867 502
305 501 419
895 629 995
422 936 689
399 382 867
63 125 455
845 993 717
906 108 103
101 877 181
456 523 456
263 437 207
501 48 785
943 797 379
153 12 532
736 966 15
954 891 41
470 322 997
990 451 5
777 321 372
742 14 345
416 454 787
126 624 213
749 363 671
64 892 813
157 593 573
357 726 764
747 245 363
896 238 380
731 830 404
176 719 320
71 446 44
866 993 373
36 155 879
900 309 978
872 570 499
258 635 386
394 837 939
187 891 178
208 860 753
489 357 583
942 532 217
764 709 609
861 316 644
727 254 64
950 455 446
93 166 360
552 39 200
203 306 760
30 240 542
465 477 305
266 28 705
615 276 147
711 720 291
124 40 570
705 769 698
185 536 329
250 970 48
694 287 395
268 651 896
25 558 364
714 469 457
638 863 672
913 209 477
619 310 948
701 235 288
977 672 563
827 419 222
484 269 485
660 286 720
52 250 670
330 781 926
991 517 133
72 114 475
305 336 750
455 31 72
148 289 302
78 327 871
898 596 748
73 132 26
823 513 189
752 973 276
307 709 127
896 124 235
276 67 508
788 987 917
20 207 796
456 629 176
965 247 686
556 890 481
699 952 673
573 141 448
190 133 179
6 442 645
129 142 880
616 329 223
846 403 999
653 343 102
487 950 142
962 348 14
185 530 956
9 549 68
473 987 852
484 603 886
89 670 9
67 186 849
892 910 439
663 122 530
882 68 114
624 738 166
961 251 922
628 201 652
470 780 475
972 661 535
445 92 586
796 895 744
117 237 347
170 574 10
745 548 839
747 11 431
316 715 440
374 329 781
282 59 428
521 215 157
45 141 991
316 162 744
866 623 158
129 117 712
571 438 118
6 987 491
928 568 147
42 369 20
842 389 744
178 305 870
971 319 461
609 507 467
908 297 476
874 122 222
872 789 98
443 722 890
531 503 447
252 22 945
97 209 445
487 525 676
460 146 916
221 115 421
417 909 10
326 349 549
158 730 864
568 208 403
24 505 772
408 392 302
542 629 28
230 935 195
788 647 929
21 323 502
473 874 865
820 873 230
348 151 730
96 141 653
832 314 448
749 309 46
871 88 438
724 471 696
680 144 593
854 663 868
953 927 726
134 868 210
857 325 671
216 380 184
854 234 500
919 837 129
157 383 842
783 270 400
680 123 558
259 522 450
351 823 185
9 517 315
69 373 180
574 21 523
938 34 833
814 931 48
171 522 223
677 464 302
853 863 10
662 628 463
825 136 363
469 152 458
218 786 599
300 322 604
592 242 444
958 516 343
445 940 588
730 497 647
428 204 588
326 640 764
964 534 353
712 637 573
889 389 868
962 470 749
505 59 65
327 728 455
628 144 984
451 368 914
290 83 100
222 632 789
62 904 385
133 122 767
49 61 298
919 162 827
350 86 298
547 544 168
613 253 190
707 293 30
162 483 329
151 170 630
698 970 668
305 654 339
734 780 404
406 497 628
28 845 117
81 494 950
476 220 162
554 118 493
93 44 101
644 558 528
389 215 735
780 516 616
205 854 985
480 512 836
286 6 686
738 458 294
619 701 688
479 328 820
818 841 151
823 916 807
872 252 250
584 483 968
950 82 120
156 758 773
127 29 308
831 99 937
269 400 586
770 476 203
514 475 381
514 574 434
674 703 393
447 233 572
671 115 386
73 529 156
450 1000 844
756 827 218
288 755 531
2 691 504
321 465 22
299 400 395
469 282 597
581 721 138
342 42 497
56 592 785
516 202 507
39 966 889
938 987 853
337 818 976
1000 972 706
594 850 85
301 472 754
249 468 941
115 517 464
481 104 744
189 942 702
477 955 383
658 862 392
119 914 62
518 98 478
413 510 571
37 336 803
736 268 220
434 810 822
189 294 607
765 557 812
560 822 410
95 754 610
834 485 828
375 311 167
108 483 921
972 356 791
443 665 790
717 53 578
881 65 722
576 477 856
359 639 273
680 998 507
861 469 248
471 739 184
427 707 188
969 633 298
573 341 937
188 696 404
613 350 78
556 93 536
777 489 95
18 404 690
77 737 399
447 901 225
725 673 30
130 386 188
870 367 223
844 194 555
836 617 115
9 190 757
34 845 346
471 212 378
617 325 388
969 709 63
681 394 924
184 544 321
213 390 428
273 468 614
887 238 732
5 537 654
895 871 413
894 443 67
875 24 750
15 337 905
974 103 315
526 549 358
795 239 713
743 504 470
205 423 587
81 772 139
216 324 213
79 34 884
649 66 428
464 767 977
325 181 665
105 114 428
817 777 311
323 411 344
778 498 950
945 531 102
851 458 355
469 796 732
594 275 510
128 500 931
471 966 60
749 424 226
582 743 650
411 926 316
299 507 925
797 513 124
542 327 201
513 832 946
124 396 207
212 37 130
341 451 388
666 191 798
993 683 330
603 73 933
499 562 16
680 518 623
234 979 777
688 444 243
719 368 353
900 291 125
728 710 800
40 828 510
642 718 951
494 89 39
375 458 254
687 151 985
574 737 238
423 946 703
612 559 362
4 519 731
494 911 532
441 846 765
498 974 391
411 667 404
407 516 437
162 936 989
982 877 800
14 821 800
606 971 353
433 366 217
673 136 996
513 934 119
798 230 86
79 171 901
40 965 552
869 452 410
462 660 376
273 921 397
587 457 747
530 468 706
583 775 298
697 928 772
132 609 392
927 945 954
674 869 286
812 986 562
399 618 841
271 90 800
559 406 577
418 282 927
752 271 110
894 792 434
909 883 467
339 800 116
602 890 880
791 626 194
536 832 988
910 222 736
763 316 213
935 819 533
9 944 301
655 468 504
557 94 493
158 111 863
907 207 635
958 128 914
247 278 850
187 964 679
42 173 980
226 360 421
463 149 555
73 139 177
275 148 603
108 890 25
170 958 487
175 986 711
748 36 532
245 718 186
301 811 83
610 284 772
636 806 686
920 374 55
735 845 374
943 599 169
920 136 517
763 905 268
938 250 883
585 642 325
25 886 748
500 922 299
581 292 149
974 2 774
339 646 415
932 935 538
52 184 875
130 59 169
23 572 450
692 979 641
561 989 978
551 26 954
987 786 703
858 964 425
328 355 366
897 672 623
881 161 620
430 667 328
851 164 396
364 235 931
700 271 668
677 479 898
2 916 389
524 110 223
928 706 962
728 392 312
936 244 793
494 625 251
452 132 207
838 180 180
542 470 743
849 639 425
708 383 870
628 475 269
434 632 189
821 872 523
311 133 533
340 581 325
147 210 496
710 8 186
968 880 617
284 126 360
413 994 505
744 995 947
790 667 727
478 756 994
829 938 276
224 910 877
162 6 494
470 318 180
218 72 436
849 571 345
826 346 936
923 229 790
30 233 609
255 62 730
528 644 759
228 527 846
740 253 154
256 833 689
474 293 270
527 131 839
724 847 849
349 163 189
71 700 222
695 456 964
322 714 280
270 604 477
345 963 527
328 684 27
331 640 587
3 714 201
605 123 247
803 796 260
596 905 890
785 622 628
756 267 493
864 838 92
297 309 62
21 28 373
571 114 566
365 114 713
116 79 986
42 319 62
616 760 6
895 269 662
537 63 723
196 755 429
695 575 420
4 961 15
944 214 535
366 320 679
50 269 135
790 565 894
482 874 723
850 419 589
867 555 910
566 33 515
27 948 1000
522 394 561
899 620 830
838 223 529
296 991 428
970 80 135
844 334 305
873 839 40
196 761 270
232 53 759
343 151 623
478 868 504
535 21 369
646 145 216
169 113 447
850 625 67
486 328 186
259 547 528
481 118 533
255 185 119
928 752 89
368 49 720
534 348 163
273 527 123
150 606 954
604 517 773
218 642 190
717 23 412
624 607 201
64 502 266
600 930 206
974 394 101
388 215 70
724 990 104
411 704 973
648 424 608
947 347 882
155 59 192
389 966 946
331 181 8
98 277 80
148 515 647
862 689 768
257 659 608
713 46 482
684 984 21
37 854 378
274 156 127
933 402 776
698 768 133
354 309 336
213 41 743
2 815 160
2 804 778
12 175 115
39 226 58
768 430 792
310 18 522
540 146 237
787 886 472
102 412 294
698 271 890
931 485 843
445 545 668
263 498 464
465 962 800
623 100 359
885 101 398
877 404 14
950 243 398
28 334 225
113 261 555
476 868 693
204 734 588
667 57 501
137 264 567
531 569 240
220 221 637
891 531 90
440 822 419
852 620 847
429 967 304
457 394 779
710 211 246
700 160 37
47 502 841
488 99 725
634 151 401
962 205 124
335 366 379
609 236 709
975 838 519
975 707 617
58 914 304
257 592 608
637 602 966
82 342 797
913 800 334
287 864 54
689 48 276
661 823 904
294 919 621
863 940 221
141 737 77
514 72 478
607 555 325
165 525 853
847 885 471
440 526 779
613 582 254
591 894 697
664 909 700
527 725 195
170 404 841
563 598 531
48 691 750
918 642 241
822 981 89
866 1 358
326 341 13
105 504 130
418 306 805
322 270 740
883 644 28
61 587 377
184 403 719
928 89 649
192 901 772
628 697 547
84 842 615
16 783 75
154 862 650
634 492 804
323 967 6
69 484 936
532 922 893
244 797 168
892 555 772
752 591 502
852 918 226
99 954 288
515 565 214
15 552 529
777 566 611
587 629 508
733 729 331
566 433 214
340 777 217
282 886 688
891 370 564
868 660 719
720 654 526
549 345 491
996 989 501
991 492 27
258 253 172
748 969 721
785 635 95
26 369 169
111 953 218
766 589 786
310 930 707
758 313 705
458 865 465
474 33 666
932 22 13
159 746 1
110 997 493
758 283 275
841 650 883
440 290 295
729 745 780
978 326 972
663 318 637
479 600 53
826 982 484
288 625 540
683 598 834
307 87 157
293 948 680
192 22 57
236 788 661
895 912 329
761 68 1000
960 169 784
6 801 950
715 472 804
537 408 798
318 928 917
305 540 570
314 59 10
513 822 799
950 454 640
941 428 124
75 709 458
184 453 398
411 738 884
732 152 534
436 246 156
342 893 580
689 447 782
171 752 917
664 336 426
486 978 121
589 442 512
353 408 171
83 584 990
26 533 576
572 594 178
345 227 225
34 191 832
515 75 18
453 55 456
201 527 628
639 850 537
61 31 541
119 60 161
129 6 776
783 848 444
19 609 551
954 723 407
18 766 357
79 504 956
106 112 254
688 899 690
29 143 316
243 719 378
304 714 416
999 441 924
151 48 693
168 817 608
234 267 746
486 105 307
18 951 159
718 948 586
120 158 202
972 875 993
766 456 564
971 257 195
429 884 889
716 380 407
514 61 436
510 416 125
294 119 227
823 982 307
113 380 230
321 922 136
3 764 751
861 872 689
505 150 177
732 191 145
298 525 50
773 394 745
869 902 20
177 686 139
42 554 668
392 136 61
5 973 678
732 151 209
401 830 979
268 608 346
207 270 297
59 865 373
437 279 294
666 828 424
150 952 639
145 255 524
423 696 975
690 114 777
995 507 5
541 399 342
910 312 776
747 898 390
739 82 132
801 473 986
173 788 249
922 782 429
317 847 262
622 149 784
221 763 563
390 527 174
56 509 79
943 422 935
454 953 740
539 417 80
484 295 521
644 790 21
68 938 94
895 769 829
947 559 287
700 545 878
686 176 772
349 839 702
314 696 348
501 339 296
221 648 440
623 943 989
331 19 529
271 530 185
939 384 27
726 717 125
279 613 28
913 30 575
555 959 479
277 908 215
833 453 189
118 806 724
864 825 2
943 310 936
464 448 939
421 354 658
238 104 483
728 140 951
542 976 825
164 102 696
596 745 290
148 787 732
985 273 411
322 205 347
324 633 817
956 997 547
929 553 536
317 986 567
240 767 446
400 583 129
839 788 593
482 676 939
32 679 339
977 692 270
176 255 693
537 139 958
142 116 46
96 593 119
184 959 232
213 870 212
883 807 644
299 647 320
589 664 998
815 907 140
40 149 428
500 194 4
490 215 70
418 862 840
863 2 507
77 539 595
467 455 64
122 279 743
891 48 458
722 262 195
594 524 381
549 962 273
921 888 497
540 240 103
805 517 766
52 658 989
768 591 959
634 455 379
168 143 881
822 52 83
441 542 80
193 603 663
573 252 391
284 68 564
832 850 530
33 625 6
511 128 731
494 579 763
209 502 2
839 966 946
82 398 804
906 948 885
547 560 679
260 906 911
785 201 146
649 207 609
579 567 891
843 537 243
887 361 487
605 280 442
526 807 765
554 238 320
554 766 124
785 444 198
283 348 107
628 180 250
41 273 72
903 370 37
87 613 515
787 743 965
819 131 841
357 29 832
554 659 170
570 923 282
445 967 443
255 475 200
484 411 693
334 386 147
344 705 984
61 832 56
187 362 91
855 806 281
124 626 799
153 423 870
865 413 345
982 896 126
295 100 36
646 922 963
480 646 212
32 182 948
767 905 643
82 303 301
97 224 963
859 786 280
672 799 477
286 24 373
962 615 387
871 67 389
856 455 669
223 189 756
71 646 119
525 721 431
816 696 90
523 657 491
997 598 112
966 623 697
649 509 880
32 798 314
59 666 53
563 85 644
803 949 951
201 732 796
958 736 35
962 894 133
914 236 996
441 61 194
53 936 211
885 827 677
483 243 8
27 468 511
803 514 380
208 165 977
931 679 107
257 372 346
91 873 385
296 546 35
38 754 863
670 264 300
404 544 403
692 375 756
759 801 562
830 449 102
875 804 797
232 364 600
586 946 531
1000 796 173
27 711 345
653 465 14
862 559 398
986 772 730
954 932 246
671 217 972
406 449 153
497 668 399
218 216 366
887 602 650
452 129 498
349 30 370
990 666 282
982 385 519
581 684 440
867 471 761
378 530 876
400 915 177
9 586 507
321 365 308
367 168 15
264 394 623
225 710 236
861 897 311
983 871 343
658 230 877
149 282 721
922 970 351
61 286 388
112 309 166
318 768 557
132 110 946
758 564 553
881 418 449
356 425 165
635 495 666
523 806 523
634 258 167
344 982 146
776 668 916
48 479 588
467 916 849
66 817 842
234 432 677
347 440 977
352 516 997
965 10 156
294 820 548
745 1000 622
752 848 828
655 20 866
383 257 405
575 482 97
582 611 986
996 795 320
521 636 296
467 907 804
490 144 595
939 112 629
166 458 891
344 210 553
466 199 646
9 679 160
318 559 140
903 601 814
545 880 63
816 939 898
185 14 728
445 374 514
803 733 707
197 2 974
438 62 232
599 235 448
903 443 35
582 317 10
592 847 452
701 209 833
76 584 313
470 393 618
428 273 450
991 844 531
36 273 594
501 192 38
327 559 487
89 321 130
98 964 980
345 283 493
258 454 203
399 673 636
27 31 725
612 212 13
86 117 512
732 717 14
325 631 413
437 928 407
409 575 558
500 73 479
612 236 529
494 404 541
470 963 518
590 630 739
888 178 879
29 381 507
679 844 512
278 770 366
350 261 882
801 849 355
353 849 371
669 388 305
435 893 448
766 440 707
30 887 775
664 575 294
956 661 134
745 879 331
438 497 246
337 472 752
602 482 144
719 813 760
236 469 934
816 672 774
674 462 817
485 338 415
216 915 932
525 239 108
292 529 429
88 287 885
538 795 579
680 425 585
653 271 8
442 743 34
977 548 544
441 238 344
179 790 741
182 306 285
184 207 175
547 532 852
837 359 841
329 618 420
591 182 324
143 467 427
62 425 237
582 674 504
493 847 343
673 449 5
780 188 907
448 630 742
823 374 208
88 863 498
622 536 561
585 458 334
486 823 256
371 254 552
687 709 448
317 940 48
125 969 487
730 255 819
176 433 24
656 934 794
930 386 545
31 693 926
457 592 503
851 366 206
50 341 320
676 43 510
362 323 439
740 367 320
533 875 314
465 21 980
857 395 695
298 42 433
667 664 70
240 773 305
130 406 512
319 450 450
878 996 700
683 379 694
796 463 644
589 292 292
571 302 513
715 825 72
828 496 630
920 230 274
799 853 516
136 65 521
409 390 584
154 64 683
268 285 99
679 568 913
66 795 629
664 29 149
813 390 858
38 74 956
989 415 852
589 54 845
793 399 362
613 782 413
82 161 846
684 372 364
102 383 132
420 163 404
619 625 700
133 252 521
548 347 299
757 696 809
59 324 971
348 613 622
2 798 440
674 972 122
641 762 388
16 365 278
274 90 766
1 764 685
31 604 100
977 386 699
714 218 292
598 515 936
308 165 756
341 213 383
416 745 85
154 757 56
218 173 143
668 694 787
892 787 433
647 600 529
76 951 825
167 697 994
497 670 319
398 435 843
957 185 408
306 794 170
24 23 144
117 784 565
333 604 363
386 423 662
778 106 283
571 757 567
555 961 971
551 404 259
690 395 449
837 451 589
395 2 454
815 795 352
590 787 300
684 590 857
632 484 279
217 788 433
852 827 967
399 444 929
356 543 650
671 646 392
92 995 497
890 761 71
567 38 76
959 725 376
647 93 218
588 256 629
579 848 994
357 971 504
183 823 887
632 86 10
131 248 104
129 698 45
138 219 760
702 550 731
477 534 856
787 575 944
945 485 408
168 741 741
763 883 338
13 44 125
218 803 554
669 643 616
573 325 948
908 739 584
200 510 458
488 592 21
156 356 54
377 498 520
738 737 707
949 592 500
49 28 294
71 784 521
758 4 381
875 823 676
667 346 841
551 628 997
313 93 473
18 85 773
635 501 537
22 191 208
419 395 60
863 698 477
726 495 852
208 957 833
555 419 618
192 799 846
446 250 428
169 720 535
405 223 698
154 576 125
205 642 635
26 387 230
567 941 369
5 710 613
514 312 92
387 751 814
9 298 298
126 422 635
832 37 814
376 520 298
541 186 731
928 778 35
422 387 232
767 149 381
73 636 393
220 11 149
873 214 790
587 438 814
818 770 903
376 448 164
856 777 973
722 402 156
816 291 528
275 643 249
586 719 77
39 709 585
883 922 833
197 252 694
190 529 860
639 940 619
411 832 55
386 734 369
38 714 903
867 944 196
662 163 904
247 307 21
914 101 519
639 870 152
883 488 333
942 229 322
486 293 854
635 568 984
187 627 805
152 898 241
197 232 239
300 861 214
775 404 643
222 738 186
567 913 831
563 765 424
688 63 640
719 921 944
590 44 599
269 637 907
670 863 46
242 459 900
188 748 818
653 59 630
399 56 952
864 982 264
322 629 939
198 10 662
501 836 946
285 218 386
952 725 481
453 470 750
757 466 595
792 21 583
161 520 844
728 650 160
927 121 346
564 722 295
200 15 821
237 373 82
817 575 782
392 917 271
495 888 235
303 727 528
599 732 681
362 145 733
367 422 216
532 877 462
426 795 343
898 220 82
860 594 295
808 574 98
729 311 148
46 950 567
766 583 269
519 489 826
232 84 139
867 532 229
613 489 514
633 988 941
225 995 655
368 383 672
916 965 138
143 914 296
654 4 559
887 268 671
982 111 762
21 194 365
805 710 442
269 546 851
579 363 6
376 16 710
489 477 351
335 272 687
388 77 397
39 535 164
533 660 476
163 798 127
771 207 993
493 498 402
222 484 915
206 868 519
511 745 82
271 175 23
980 318 331
405 354 620
517 710 73
234 922 52
673 733 848
335 848 351
505 627 582
7 616 314
710 505 258
270 87 366
677 713 318
915 398 112
488 828 959
671 239 62
274 519 761
983 910 548
420 421 414
255 192 62
153 379 549
646 545 856
738 358 621
717 537 399
77 896 810
1 500 853
999 290 707
767 259 194
38 201 24
322 422 276
429 803 151
640 663 845
309 135 437
379 268 934
384 611 825
137 314 604
659 906 728
471 593 540
471 672 322
833 282 441
897 496 171
638 791 281
913 588 969
812 546 918
322 876 495
704 406 566
877 321 854
788 326 282
634 671 677
878 661 816
327 963 486
472 454 228
918 805 671
279 445 183
422 713 125
699 594 462
407 139 712
596 709 412
533 458 898
758 761 112
990 825 263
461 550 592
131 863 925
327 578 663
461 962 27
148 306 759
926 462 780
712 58 134
314 65 468
979 533 829
308 951 755
159 476 100
314 296 708
371 497 973
785 353 242
25 323 601
202 622 665
190 268 663
294 465 302
228 268 418
296 712 598
397 815 785
728 718 960
613 64 985
257 594 621
13 767 10
75 3 685
435 836 252
330 928 503
429 178 330
217 630 116
228 925 458
91 729 72
971 986 5
787 360 90
278 949 816
777 755 403
231 216 375
158 901 440
501 598 348
986 559 103
52 688 750
348 922 677
809 61 760
531 778 140
88 673 271
313 172 184
393 772 172
80 461 680
877 520 674
931 100 424
345 768 903
461 886 247
716 455 500
206 189 140
441 369 906
505 563 650
845 203 344
337 518 292
122 969 193
802 174 769
793 355 859
353 922 108
380 255 817
505 801 219
856 748 518
72 786 569
727 68 310
677 207 745
340 305 435
856 888 57
265 114 902
386 481 290
98 682 875
683 745 309
303 39 225
777 92 463
979 601 427
87 215 734
121 980 550
718 221 965
561 293 71
431 428 692
310 889 20
136 719 110
566 891 335
720 260 144
55 68 509
118 564 346
863 880 557
182 392 285
560 989 219
280 562 655
558 293 505
3 906 642
437 51 315
941 27 333
985 127 685
808 384 555
366 882 431
918 529 48
884 906 230
123 174 549
329 305 493
924 840 890
147 520 963
680 106 493
301 596 941
933 309 695
525 724 978
158 797 612
744 946 315
318 945 294
730 358 476
773 134 727
937 508 864
507 782 687
343 489 904
184 627 569
614 223 516
983 863 310
702 92 371
377 900 645
518 520 824
95 538 348
471 594 387
728 39 909
412 784 542
970 23 588
449 519 977
655 160 613
955 432 844
436 474 699
130 275 382
757 888 474
313 775 301
865 977 385
159 43 644
449 838 48
818 896 409
793 885 497
787 541 694
574 786 865
739 107 581
510 129 564
408 750 352
66 973 683
493 922 230
543 593 436
271 929 574
324 833 883
569 188 301
205 535 201
704 780 900
157 597 154
663 305 466
116 321 26
18 579 698
404 585 151
890 741 37
478 869 551
508 37 292
220 788 730
576 727 678
23 114 371
53 564 397
807 469 778
335 120 86
240 937 354
960 339 806
44 372 869
22 918 424
747 416 800
659 972 74
839 432 272
332 521 590
774 642 490
252 441 725
397 735 50
791 355 837
528 312 90
361 835 67
535 365 334
422 780 122
483 533 848
112 425 168
913 603 454
421 481 362
431 504 991
181 833 788
520 774 349
287 769 804
304 723 587
743 46 440
251 952 59
449 914 352
749 898 127
820 407 440
407 651 844
343 500 906
590 931 950
289 840 331
346 793 564
762 841 446
726 630 133
6 465 788
689 984 775
785 556 274
16 455 345
260 239 281
365 65 896
710 950 831
88 974 910
550 573 442
846 693 907
897 779 319
5 2 270
786 763 574
645 378 830
909 74 523
232 549 604
830 805 652
184 29 618
16 732 372
239 20 909
775 924 418
993 526 607
161 318 179
634 939 537
73 625 21
74 502 766
4 395 115
492 682 325
621 456 143
313 500 983
664 362 833
97 617 680
586 367 424
428 135 849
640 498 84
448 436 62
69 353 621
89 158 13
58 847 299
203 449 196
15 857 203
192 814 429
364 645 894
718 831 76
617 735 363
659 111 393
655 950 923
866 587 157
135 425 607
460 325 624
51 564 218
119 473 157
718 389 643
985 271 597
986 900 583
792 705 934
943 211 464
264 145 567
257 295 960
536 308 400
361 381 687
233 977 496
748 174 539
370 776 179
552 59 308
285 586 456
916 637 118
736 188 58
169 475 205
650 134 184
436 441 650
961 896 607
62 683 261
499 199 126
1000 604 30
373 242 598
89 423 106
244 260 624
65 322 487
34 691 815
6 180 285
222 642 679
586 809 605
349 266 214
923 109 454
165 210 242
89 866 625
238 269 714
937 906 54
292 361 848
651 516 928
753 807 857
296 728 974
651 495 91
183 723 558
706 61 403
550 452 506
440 354 663
49 211 604
124 432 232
113 387 485
794 654 184
188 778 70
738 980 303
899 812 461
411 852 697
647 424 727
591 594 793
342 814 232
465 843 684
262 359 244
443 488 462
532 47 522
576 330 625
451 506 505
769 3 391
125 667 779
343 354 727
574 72 344
461 978 78
73 384 625
212 443 706
189 53 358
373 489 219
206 963 155
370 961 612
356 488 387
146 389 59
138 574 255
434 180 372
838 976 891
118 714 726
813 235 422
189 903 873
270 188 400
903 599 424
874 899 646
525 818 787
542 378 312
594 937 273
539 617 283
423 987 627
789 653 842
683 494 594
775 167 291
758 999 264
893 688 849
713 883 717
728 307 24
546 112 314
352 506 477
201 290 509
23 830 855
597 345 275
668 659 999
576 957 220
881 639 530
784 518 997
162 379 561
704 404 771
703 866 64
595 879 518
975 720 49
608 636 145
590 753 426
743 818 290
655 296 456
142 538 25
220 49 10
358 337 770
320 417 205
995 119 818
862 747 903
347 29 739
356 685 489
30 241 499
846 80 777
105 853 355
378 824 685
232 333 259
84 785 827
886 106 461
956 240 482
576 617 421
597 190 558
995 176 725
636 466 824
453 414 828
581 961 837
423 177 422
657 995 149
826 879 772
521 19 906
434 484 68
820 424 827
794 327 713
903 786 527
666 330 547
887 974 653
578 522 318
626 354 422
543 967 718
652 86 189
536 489 457
469 873 227
772 100 946
149 246 229
259 766 152
729 484 14
331 629 143
238 465 597
708 476 480
719 441 398
174 662 30
259 554 62
385 267 572
14 35 502
60 321 947
751 759 23
101 721 195
760 623 701
941 732 999
287 24 706
22 802 124
34 683 136
750 965 593
953 303 882
871 937 420
225 635 510
732 136 735
5 641 335
385 757 507
90 181 416
847 658 861
559 516 39
716 405 161
376 717 614
902 93 50
397 845 432
615 585 953
216 755 328
421 734 498
888 949 269
520 660 649
179 353 698
839 76 469
94 798 681
34 491 532
661 827 626
734 487 499
802 926 975
359 80 861
336 106 728
577 295 47
484 336 80
701 772 915
261 443 27
142 77 209
313 114 258
822 322 895
363 112 922
678 648 999
934 462 924
868 32 675
29 676 493
707 29 959
746 379 482
419 749 646
733 383 615
353 739 395
734 344 159
991 942 700
541 650 638
771 783 786
669 271 29
391 889 80
233 300 671
885 819 890
568 444 141
575 571 334
30 664 4
316 196 472
116 378 791
304 985 472
394 155 65
856 58 476
974 359 807
743 571 279
974 160 758
538 888 925
860 830 415
660 464 846
246 175 846
42 76 844
901 503 445
89 864 882
21 288 708
283 252 914
688 224 403
960 154 827
299 514 966
547 77 958
58 459 312
622 905 120
36 588 169
852 569 327
488 902 564
900 794 681
357 714 839
489 47 660
427 383 795
636 274 425
965 542 547
875 223 693
51 997 765
500 643 700
225 478 814
474 551 409
72 189 539
723 520 41
752 953 200
595 173 376
695 206 294
692 817 228
55 830 450
701 749 89
948 436 724
146 256 670
923 209 825
187 207 77
894 904 785
410 438 98
127 265 105
921 112 898
562 171 96
32 999 110
709 134 843
755 956 313
585 801 767
833 785 428
538 856 654
589 133 546
181 319 403
59 835 283
119 869 577
190 546 259
188 342 365
970 912 19
458 451 148
902 685 442
170 651 27
800 391 481
109 965 850
694 846 542
898 867 935
136 203 779
73 876 582
493 317 302
460 275 873
482 544 722
316 613 711
103 109 936
415 463 403
232 311 880
245 957 958
846 651 404
76 616 45
939 698 312
820 175 809
185 130 890
753 146 894
70 843 548
42 974 659
637 512 974
391 584 181
361 413 993
502 910 600
746 731 478
199 591 459
333 692 430
132 555 815
409 460 397
415 709 768
604 925 298
639 474 670
427 202 135
762 546 18
295 622 68
578 605 536
120 221 567
755 286 663
250 194 572
715 833 768
917 725 931
263 127 502
740 401 913
458 853 392
445 653 877
303 297 754
963 796 324
397 298 741
210 456 30
508 730 617
77 368 46
298 385 184
543 271 239
149 918 487
776 698 694
978 267 44
792 155 283
731 504 181
773 593 231
88 457 109
783 141 429
96 758 482
306 119 697
689 651 122
68 918 768
657 484 917
858 670 637
108 878 791
716 946 186
196 801 20
617 606 802
818 514 672
350 834 208
649 731 206
92 823 889
360 867 388
453 895 838
425 923 101
725 426 774
895 790 621
4 308 628
887 932 395
755 682 335
533 163 599
102 172 990
196 463 170
905 114 56
295 843 97
386 60 399
454 695 119
573 892 398
288 808 609
506 647 178
264 685 100
287 991 763
906 750 622
496 396 322
570 797 459
411 918 840
322 25 146
565 761 647
268 139 754
406 45 21
443 56 958
854 803 708
550 902 164
716 268 42
48 903 577
55 698 133
139 504 979
808 916 534
539 49 85
509 262 904
832 527 869
333 539 563
792 179 890
112 36 316
313 491 106
912 762 720
394 448 331
490 20 880
274 289 371
897 915 563
383 900 23
19 207 963
77 329 253
702 804 612
910 313 672
469 969 197
110 179 131
656 281 930
256 484 562
53 719 792
998 256 624
302 471 17
414 550 631
835 272 929
691 167 726
532 864 808
747 621 870
759 842 379
233 895 389
88 260 746
195 806 852
816 80 712
868 418 870
61 644 27
792 81 809
162 364 731
196 703 460
992 757 779
578 681 667
665 920 581
601 359 885
986 819 954
149 182 224
883 262 52
487 288 525
521 830 430
362 581 773
691 305 546
682 882 741
989 522 743
289 138 508
409 314 472
64 483 730
22 966 839
685 365 297
99 11 702
518 241 936
503 623 126
553 241 172
508 415 829
541 938 909
453 823 716
760 520 747
644 636 416
84 628 240
925 899 688
584 823 746
574 603 9
426 886 629
179 700 540
112 152 179
42 221 272
515 559 146
647 49 970
194 514 969
953 708 865
789 794 69
84 133 500
699 313 819
798 581 648
46 179 149
810 366 713
190 670 556
316 657 619
170 75 29
608 2 786
724 781 953
321 152 81
734 891 533
552 635 164
435 690 280
792 582 894
97 489 513
307 46 751
17 263 389
973 188 70
788 671 254
700 945 911
714 593 914
726 133 87
926 933 414
102 916 84
500 98 48
229 186 537
518 132 477
454 564 646
713 670 766
170 539 631
938 547 253
245 820 85
126 235 760
919 494 823
584 921 234
185 176 309
64 126 989
818 985 756
671 134 272
909 933 153
745 322 153
589 820 433
479 442 637
254 891 564
388 198 769
202 714 769
99 525 401
130 528 776
332 344 108
915 101 146
248 895 85
527 357 803
250 626 900
145 764 234
45 292 305
301 426 129
795 855 428
64 262 143
863 677 700
689 332 35
276 277 530
819 412 133
761 514 82
740 14 946
687 903 45
118 587 576
677 32 234
334 595 109
746 357 993
710 301 166
705 421 960
310 800 244
37 436 208
564 671 855
908 585 312
277 519 392
357 140 76
328 474 463
56 663 506
771 85 570
551 118 868
237 346 938
239 452 659
40 650 617
484 477 749
230 860 993
258 339 255
521 383 458
765 18 740
495 514 699
702 819 362
72 276 190
532 691 328
852 719 465
150 410 273
102 666 847
737 461 162
711 494 432
93 685 193
322 882 521
128 856 131
666 839 79
376 778 347
517 801 743
174 944 877
740 724 734
543 939 652
199 262 448
363 961 886
815 8 395
802 101 701
595 151 876
247 761 604
25 33 565
683 720 665
488 228 92
931 101 398
458 631 761
937 988 79
631 775 291
155 674 13
252 822 228
338 258 480
792 522 364
661 756 965
764 211 219
620 759 796
661 663 447
169 178 155
152 73 863
460 492 843
292 338 615
1 856 597
108 487 644
843 278 460
625 977 462
304 543 326
194 203 539
110 701 525
925 408 189
83 999 165
793 960 352
869 109 188
116 210 795
522 179 233
579 851 580
227 708 137
586 868 607
224 656 472
853 183 423
450 915 849
359 993 54
838 39 511
397 886 871
29 943 184
56 39 111
542 798 506
405 566 578
52 978 406
446 252 183
769 208 22
647 751 61
374 449 337
697 576 763
522 849 485
397 220 509
792 426 490
705 563 787
662 342 476
19 314 902
120 314 578
901 880 199
588 373 604
592 469 952
421 874 667
136 354 318
688 250 199
41 100 838
547 97 949
973 430 631
828 705 78
635 990 788
84 256 609
525 328 249
239 883 821
68 976 320
543 65 24
852 315 367
948 481 334
459 140 741
952 622 259
135 793 367
230 190 684
325 926 572
948 625 778
122 107 166
483 678 173
464 471 175
25 595 256
371 873 853
574 217 161
896 751 601
355 458 548
884 333 480
295 500 384
457 995 40
63 520 720
412 436 320
70 996 796
989 840 861
352 953 592
760 581 953
30 702 470
693 341 794
493 358 230
23 439 652
117 267 684
427 87 281
868 752 16
902 560 8
345 309 553
764 943 551
983 864 333
436 493 55
686 96 825
240 11 26
309 172 231
282 252 604
806 749 258
261 963 873
637 658 205
972 797 639
154 379 884
35 254 665
691 415 93
833 766 185
805 226 646
544 556 494
776 215 256
242 625 634
139 85 52
998 563 11
748 494 587
50 403 541
27 124 59
41 70 350
435 146 458
558 551 693
360 238 369
281 179 106
450 879 828
978 362 739
217 746 867
916 619 512
909 298 564
392 418 577
953 162 468
823 951 199
306 927 272
600 235 885
820 585 406
508 474 969
706 982 580
814 382 509
766 886 102
905 647 464
724 518 597
914 9 444
458 145 576
793 469 18
852 532 774
117 776 784
51 181 884
156 628 378
746 286 810
246 701 694
747 493 845
789 557 954
970 751 695
149 985 816
569 205 49
556 680 765
736 989 307
19 31 79
961 519 744
731 860 3
659 931 328
338 786 916
119 521 977
267 706 460
376 55 654
198 754 899
199 468 277
366 348 688
665 284 180
528 841 521
378 523 57
615 495 405
976 958 808
711 423 714
206 97 352
922 357 682
883 378 860
502 127 805
463 992 301
509 972 395
700 949 839
937 398 718
26 126 488
658 71 292
755 659 458
330 203 749
629 896 822
778 286 305
244 355 838
172 850 454
872 426 972
785 595 399
641 905 446
153 902 105
875 818 36
980 931 322
127 957 323
358 132 135
266 561 371
269 814 652
8 929 780
250 962 470
352 963 19
338 674 89
679 412 51
627 827 416
668 131 291
938 206 143
677 559 329
194 927 249
648 978 554
588 690 491
337 613 202
870 53 877
89 56 348
607 220 454
347 773 463
831 556 248
606 706 807
350 858 587
363 1 683
710 30 4
338 276 150
833 826 594
159 475 477
540 672 911
710 551 492
919 897 437
730 939 162
977 676 544
88 655 119
662 370 383
661 988 63
983 317 861
157 607 217
448 550 771
980 781 919
456 280 468
636 832 848
700 476 255
191 928 624
750 99 898
334 641 418
46 510 655
454 645 782
754 636 21
553 613 380
404 563 697
40 712 852
611 244 220
400 306 871
297 49 3
245 279 411
505 105 921
157 37 790
909 979 498
979 689 159
384 983 71
935 387 178
46 416 42
161 806 475
297 757 667
392 692 662
564 108 743
15 941 816
962 369 377
54 239 314
990 94 614
786 21 4
714 572 844
994 779 340
245 671 638
430 535 137
332 333 692
157 109 31
646 440 681
166 417 555
6 313 179
152 292 126
346 140 527
297 247 771
645 324 594
20 491 18
206 981 488
398 965 63
887 999 580
639 37 464
752 935 561
226 522 117
559 451 199
150 377 716
319 997 724
312 777 387
559 337 794
491 11 589
118 704 276
877 249 20
926 722 793
754 608 233
24 384 96
147 227 879
826 338 289
433 187 982
101 420 499
945 69 199
928 35 565
778 109 813
152 844 970
190 525 901
740 755 268
227 820 96
546 382 288
344 866 61
428 813 594
257 523 794
847 943 427
402 777 953
130 265 281
675 789 973
950 980 325
407 700 304
631 427 406
117 592 450
215 778 797
540 737 296
330 235 549
554 561 307
180 656 715
289 741 489
378 53 499
943 142 834
686 691 139
96 700 88
395 406 827
497 327 588
888 499 899
862 693 247
181 612 894
304 327 2
136 160 212
587 109 688
176 493 86
9 98 374
887 359 855
25 362 749
106 654 140
777 768 530
847 174 110
353 14 618
831 106 957
423 972 337
868 893 494
985 229 615
141 547 595
161 355 996
887 28 836
549 395 372
704 849 762
150 66 517
171 50 208
533 440 999
368 378 219
995 637 739
423 526 161
963 695 196
52 452 997
932 353 450
327 349 307
549 984 585
608 298 2
32 30 180
510 858 841
90 502 769
574 709 902
936 731 159
782 251 514
691 831 68
462 265 190
679 954 10
245 318 690
827 7 498
701 711 890
495 246 457
75 580 160
335 260 250
608 229 227
100 366 933
127 907 972
574 410 977
626 724 611
612 282 200
686 809 581
72 193 804
65 861 4
474 615 806
154 451 646
792 501 402
13 780 999
875 840 479
212 263 42
601 368 663
282 995 69
465 210 835
793 946 910
265 823 794
87 495 182
320 595 195
691 67 808
179 850 73
899 249 190
484 4 357
245 485 18
857 863 884
226 599 13
60 103 293
395 530 860
950 518 979
195 224 553
400 346 317
106 138 75
93 856 76
557 194 415
117 535 363
993 87 772
639 482 625
940 33 421
50 922 489
675 101 184
240 657 950
698 419 20
857 125 192
666 291 191
118 630 108
301 255 398
292 968 941
87 69 603
710 890 127
675 385 915
726 557 332
219 641 427
381 994 192
463 889 749
569 46 553
711 567 498
26 536 737
211 444 793
386 353 254
54 908 150
122 233 94
85 701 192
187 638 222
623 244 858
600 36 745
244 557 134
758 365 140
393 318 86
820 510 861
408 46 980
141 610 753
422 670 879
37 867 477
756 652 900
104 192 954
368 976 445
584 714 301
756 673 471
992 581 791
570 306 336
250 713 189
128 460 716
687 490 202
106 431 758
185 115 512
936 451 777
786 570 576
145 478 91
181 639 456
737 47 338
165 152 590
164 770 434
823 709 321
138 578 206
749 148 678
799 104 924
7 448 811
693 584 756
100 727 380
46 68 309
2 389 455
307 385 229
213 813 865
907 683 248
976 396 457
699 618 451
225 604 315
889 108 507
204 921 588
518 689 490
152 569 571
734 751 433
333 893 985
918 38 461
625 157 681
456 687 322
938 724 997
588 360 289
662 105 875
193 639 610
727 483 74
34 361 840
60 151 847
426 141 493
494 138 871
184 700 621
306 113 50
466 467 857
20 342 760
137 768 845
54 986 389
130 302 988
809 624 1000
741 99 32
386 810 613
698 219 90
100 512 352
946 643 264
952 710 545
949 232 961
953 185 427
420 445 779
1000 366 440
23 117 942
782 829 556
847 318 357
671 285 379
642 782 12
64 599 885
328 675 408
903 951 597
300 484 353
275 273 550
753 748 117
698 11 234
893 27 681
538 650 7
192 284 173
401 212 896
397 117 186
695 457 299
877 402 874
189 686 245
248 395 285
543 501 103
181 460 304
903 824 6
210 26 861
290 998 341
852 541 349
883 17 880
614 677 488
594 166 70
951 85 56
612 440 39
67 183 982
884 185 175
148 159 536
632 110 254
74 984 409
681 652 237
540 88 939
742 986 455
200 163 276
756 561 789
709 491 271
263 950 202
854 820 663
50 548 882
508 506 896
66 411 707
149 984 561
42 528 415
598 917 723
577 727 325
171 144 192
715 915 465
321 195 886
900 923 955
148 495 626
442 285 15
509 787 649
588 923 129
10 992 554
14 38 34
59 437 58
752 620 182
207 566 356
1000 624 555
655 507 830
917 661 935
913 120 138
248 71 162
545 658 180
655 73 461
872 609 148
587 308 85
331 279 638
715 666 718
36 95 28
1000 718 963
232 486 406
504 917 355
679 49 176
574 2 218
17 588 540
429 936 289
237 79 74
483 42 479
608 125 52
325 51 250
157 88 772
676 906 574
652 84 507
697 325 282
742 209 329
140 552 957
408 494 270
81 787 869
239 249 50
784 904 711
285 124 159
950 647 731
739 196 778
145 75 538
589 441 889
139 644 527
625 261 324
894 667 770
221 771 77
574 53 561
625 510 307
335 196 744
564 499 723
726 669 489
826 946 650
487 969 145
307 733 477
584 362 502
847 799 408
880 552 829
436 71 333
852 749 264
310 976 908
207 915 204
831 221 272
594 962 274
997 672 21
217 531 70
417 102 575
429 447 51
263 356 712
294 553 718
88 452 475
398 658 725
829 236 652
149 196 625
718 734 494
423 168 992
830 774 243
267 826 331
14 531 664
331 961 935
306 742 446
611 813 527
414 753 414
598 976 89
32 88 286
331 501 617
615 438 210
21 1000 918
605 539 856
571 624 821
92 577 167
173 104 915
460 690 285
265 255 50
373 651 528
44 456 215
952 960 336
467 75 825
914 580 996
219 970 264
163 779 157
492 213 358
391 792 394
480 871 693
14 307 252
416 967 813
4 791 202
352 437 623
522 821 55
128 725 274
228 299 464
305 492 567
618 178 313
624 992 242
391 893 655
410 351 208
168 488 959
796 761 817
883 364 92
102 758 221
734 903 350
704 396 910
867 910 124
183 816 689
230 613 692
350 340 98
926 935 199
452 805 370
59 940 42
907 270 842
94 198 629
512 949 369
152 534 320
839 689 715
173 72 531
834 464 39
957 730 242
576 979 701
522 864 4
502 555 931
529 668 274
261 998 733
295 467 86
413 864 725
557 597 799
282 331 66
480 438 738
823 758 905
205 557 534
981 907 418
693 643 857
339 710 641
540 163 849
723 966 146
434 689 748
196 484 459
610 473 163
246 581 709
247 962 694
852 262 200
716 755 352
968 116 726
315 737 954
356 443 58
951 478 975
597 78 454
712 11 961
644 174 63
16 61 812
299 597 168
179 752 518
25 371 206
18 855 263
816 719 763
23 289 29
984 759 179
425 925 221
290 378 797
881 973 343
431 167 469
646 232 819
442 810 60
999 455 390
321 402 520
195 879 583
378 903 15
909 944 490
795 471 576
761 748 490
442 779 570
215 403 77
811 460 351
938 711 350
464 346 134
407 575 348
780 382 220
123 869 315
959 71 895
943 388 459
716 746 528
160 609 523
984 736 970
476 917 511
741 179 418
177 155 341
255 811 466
456 574 585
54 816 92
709 538 801
559 261 219
240 500 105
948 661 353
233 156 460
913 438 692
877 913 178
233 820 487
302 24 346
390 497 509
688 239 107
109 361 818
794 6 624
44 673 81
273 335 854
576 302 528
625 956 473
627 145 822
623 934 75
264 855 428
283 684 479
319 766 558
324 564 891
624 561 514
246 513 331
699 213 839
106 927 552
25 135 398
647 348 104
734 587 767
89 42 335
371 531 316
495 690 933
201 203 888
960 399 421
877 276 772
531 316 541
524 743 884
415 151 28
659 351 423
56 609 813
843 802 627
704 865 464
742 298 336
330 278 940
950 714 226
734 802 56
719 843 261
483 38 460
5 943 174
566 491 373
208 361 620
474 103 857
215 467 720
20 165 836
948 656 474
686 520 494
944 605 788
868 657 622
126 563 981
845 94 25
404 123 129
650 853 319
875 53 172
141 678 97
993 261 327
106 453 53
595 147 638
684 592 81
341 813 293
555 748 764
183 418 911
509 106 635
48 507 341
765 656 922
301 236 35
638 808 70
179 628 665
492 736 130
1 984 37
477 946 55
949 424 375
23 462 360
692 964 327
528 699 451
537 263 922
283 113 244
550 70 973
66 302 623
748 227 62
245 281 446
425 395 109
484 370 247
677 270 151
958 529 676
437 446 675
896 529 47
373 423 481
226 31 285
629 66 692
548 736 126
70 842 732
995 45 952
2 664 314
542 614 792
350 709 147
198 603 872
63 523 862
395 313 820
560 50 154
907 192 340
400 6 693
116 452 892
475 459 893
225 117 262
654 171 498
268 663 985
380 622 687
543 131 234
2 337 529
239 827 144
428 925 180
47 895 515
461 584 569
143 939 435
524 870 420
582 614 397
585 169 759
909 463 657
755 868 368
478 461 107
303 456 304
221 589 26
804 873 785
462 530 727
629 979 43
932 927 48
198 171 755
508 538 909
472 20 855
990 518 564
191 560 160
26 862 126
213 174 523
539 510 723
101 281 26
831 786 120
244 616 862
907 888 242
424 139 639
370 362 716
115 85 256
465 871 342
516 682 199
79 988 518
651 382 207
181 455 472
222 311 661
570 596 573
130 506 824
134 290 795
800 447 84
911 298 270
796 128 442
435 940 166
810 803 921
510 424 33
316 639 143
294 821 25
996 665 985
764 130 915
985 884 604
388 756 479
182 17 611
928 221 129
774 221 242
405 490 782
555 412 828
558 371 671
17 338 492
194 402 539
597 320 693
20 958 309
142 485 502
499 729 775
852 959 891
743 602 205
393 579 911
773 81 441
229 893 846
982 296 739
72 347 880
518 540 852
882 885 591
286 547 386
375 97 312
120 784 164
975 867 77
745 521 810
577 716 932
234 587 197
281 696 239
590 984 874
902 105 916
971 753 813
119 393 403
838 340 340
311 918 233
178 206 506
212 580 305
941 516 521
613 965 311
554 531 806
952 744 745
139 720 183
317 72 291
399 955 700
991 894 975
161 824 61
354 738 271
789 367 529
362 307 689
159 413 831
273 307 469
398 936 923
642 330 949
84 680 173
996 838 564
894 196 748
110 817 806
43 842 932
844 182 525
58 98 220
672 505 983
260 308 785
156 207 609
398 703 181
742 468 368
40 879 937
898 46 957
610 403 976
252 520 914
201 735 136
34 62 965
545 840 181
651 362 809
640 655 953
215 969 380
176 18 217
718 988 782
556 90 532
147 284 787
854 101 904
366 442 994
701 895 543
639 233 830
695 856 587
375 762 177
48 851 543
214 415 588
54 725 42
323 844 350
934 170 944
684 418 953
935 349 325
825 767 758
895 882 605
858 74 75
488 910 758
57 106 474
664 848 372
281 823 304
757 485 658
590 409 387
638 256 52
411 851 999
55 298 533
108 150 508
470 2 274
583 867 299
285 773 273
59 742 110
410 220 536
903 535 961
141 228 949
305 679 861
768 688 955
314 651 861
425 237 212
922 829 974
350 83 805
341 599 629
398 8 565
145 712 690
130 455 407
973 681 13
975 434 595
619 846 669
726 109 710
237 169 424
539 450 237
699 677 207
254 478 415
421 647 520
600 759 498
45 861 955
211 233 472
990 582 853
32 880 719
549 646 756
99 643 978
280 190 513
556 131 644
687 630 317
539 723 12
858 440 814
856 932 514
335 14 38
685 622 630
513 205 374
157 575 860
889 31 487
591 607 973
188 722 15
239 801 925
456 983 209
594 929 241
463 407 408
806 439 943
625 233 99
116 967 818
179 500 878
139 896 130
11 799 641
769 374 539
224 530 758
848 800 49
518 767 497
198 769 153
113 34 210
728 479 263
114 290 40
369 515 342
541 837 448
95 541 961
336 993 389
341 373 106
953 408 998
667 171 234
932 577 271
753 687 941
596 808 77
39 599 136
717 799 48
495 243 172
168 84 904
463 242 140
962 836 577
121 330 953
523 762 259
727 522 927
324 641 475
47 975 246
765 625 955
777 741 721
275 811 544
156 188 850
761 777 174
961 279 28
4 674 131
458 684 585
514 274 384
195 583 94
444 167 287
251 576 941
998 654 487
728 185 505
837 514 653
564 427 487
706 923 448
835 808 788
793 6 594
589 251 651
340 7 400
647 601 555
667 295 378
10 388 78
227 986 874
346 181 811
767 473 560
149 658 431
540 738 94
139 519 732
983 426 16
815 733 16
392 154 91
972 451 426
351 950 293
25 772 493
376 775 425
383 514 187
436 183 16
78 766 450
369 282 873
997 627 607
591 922 491
717 189 69
223 289 564
309 420 210
470 985 326
794 741 292
903 357 71
709 589 501
702 599 131
931 70 969
471 72 227
267 63 778
76 647 305
568 332 55
985 934 655
72 829 269
74 123 507
378 943 178
271 300 931
844 218 743
939 921 459
519 959 831
670 887 730
105 34 472
708 275 466
752 366 943
445 972 581
857 307 342
311 123 604
309 118 644
526 679 339
748 918 11
480 706 444
575 810 423
356 277 178
824 666 398
453 703 98
289 168 307
192 275 2
669 59 771
605 562 83
827 376 349
575 166 138
134 426 940
374 777 589
667 28 457
729 97 110
353 138 470
899 199 249
23 975 372
553 764 174
236 685 766
394 914 413
109 279 570
704 257 613
664 191 602
197 206 331
493 998 132
134 983 327
157 769 914
532 695 354
118 392 354
525 716 476
558 280 473
236 860 878
197 860 449
350 125 850
726 315 356
840 662 709
95 135 695
767 588 266
156 657 533
623 473 655
71 438 276
96 412 654
671 876 32
19 857 524
473 436 671
318 783 737
799 841 92
781 513 825
82 43 831
23 815 621
780 807 136
591 552 662
712 309 65
694 627 341
350 169 368
512 11 705
900 529 434
290 706 944
937 135 427
172 204 196
875 95 568
356 75 224
329 129 807
790 638 673
807 471 286
22 65 417
259 926 453
505 316 268
751 40 509
772 935 83
207 222 975
277 599 876
594 486 946
471 923 790
682 739 261
593 776 227
132 944 146
162 429 909
497 408 245
27 138 456
850 168 39
524 458 807
716 711 82
276 195 448
5 562 513
542 231 467
466 592 922
797 242 69
39 9 712
845 520 270
451 927 226
346 331 938
611 979 496
594 515 707
115 716 951
221 744 514
258 770 199
847 221 804
305 643 783
335 633 493
358 90 409
361 54 776
909 386 341
563 747 844
138 812 602
454 249 469
577 578 23
132 670 845
149 944 465
872 406 199
478 845 656
182 893 946
178 498 68
692 578 513
93 247 785
500 498 10
546 973 138
5 336 461
355 798 597
265 477 757
570 880 265
364 157 550
730 562 107
990 181 921
457 189 376
369 612 705
736 238 88
849 804 319
609 678 102
21 578 98
265 824 794
469 824 405
193 377 918
818 989 727
210 226 741
186 858 956
454 765 571
426 464 404
269 945 991
714 205 21
758 873 667
159 705 56
977 137 112
865 703 957
586 776 702
483 614 57
28 594 8
726 939 665
758 338 677
977 951 577
923 941 943
484 914 923
388 611 222
860 847 790
837 101 226
691 634 204
521 920 173
414 787 403
320 646 701
486 57 488
675 978 816
38 317 834
785 126 910
697 518 715
117 217 379
136 342 955
215 731 725
159 167 686
604 177 540
604 731 459
251 42 399
272 186 990
392 906 165
713 990 716
272 430 848
986 447 378
989 445 485
973 962 713
165 653 783
656 606 167
444 263 182
465 591 779
434 124 934
736 312 21
871 553 800
514 664 721
731 243 405
887 904 957
272 886 156
340 918 806
347 696 828
495 229 279
851 890 89
548 841 677
389 911 596
52 567 294
56 549 608
572 599 929
610 520 554
512 955 529
48 864 845
208 253 276
78 514 270
123 9 476
52 269 985
256 554 568
679 145 435
341 143 49
272 964 170
411 464 504
488 919 846
445 982 631
806 349 514
619 611 739
774 910 989
843 937 194
197 621 537
298 166 876
959 99 380
391 806 422
559 110 704
162 307 249
418 243 931
285 391 569
731 315 730
552 487 473
292 937 618
236 187 169
973 907 88
277 293 468
197 691 598
707 501 964
371 574 642
528 417 345
46 602 798
938 299 837
902 733 215
241 2 544
762 97 312
282 42 863
760 269 258
428 706 15
108 648 499
357 919 857
941 465 179
427 949 892
781 897 755
243 119 182
842 813 439
304 603 903
594 905 286
581 733 480
98 238 299
433 650 725
302 646 880
869 484 254
775 873 198
442 332 205
730 699 213
155 313 419
204 991 430
90 637 897
761 701 579
247 436 598
707 191 275
508 844 917
189 781 571
775 370 893
408 719 203
583 214 240
43 477 33
584 844 842
685 375 911
560 867 736
56 36 631
193 642 548
142 100 345
582 705 585
854 462 523
440 686 128
680 152 386
720 304 686
193 604 479
76 610 502
597 719 163
255 987 910
359 465 465
808 844 189
801 475 43
723 428 397
567 658 349
731 82 680
605 355 901
533 629 736
787 0.7096
925 0.3561
558 0.9790
740 0.7610
939 0.9595
915 1.0000
176 0.3648
987 0.4104
488 0.8467
739 0.4015
847 0.7145
79 0.0137
656 0.7470
382 1.0000
676 0.5634
551 0.9836
188 1.0000
630 0.1353
178 0.6731
504 0.8387
716 0.2092
171 0.9270
360 0.7029
192 1.0000
688 1.0000
700 0.3887
969 0.2035
322 0.2072
994 0.1650
789 0.5627
