20 46 7
1 4 8731
19 2 40045
20 5 24321
5 4 27876
1 15 3094
4 19 29952
1 12 5660
12 15 15141
15 10 22016
7 10 50929
10 11 36792
3 1 39953
16 20 11134
9 13 38329
16 18 37488
14 8 12034
18 19 48819
5 18 5698
3 2 50405
15 7 17017
3 5 56261
4 16 9531
5 19 7087
11 14 47947
3 4 35520
8 1 23631
4 18 33198
15 11 36911
2 4 7132
17 10 751
1 13 45092
19 13 46383
13 5 31073
1 18 55749
2 13 48762
16 9 45405
16 1 55096
8 11 42183
7 11 45564
6 17 27028
1 17 29463
3 9 29063
12 6 45458
10 6 23845
20 2 44575
10 14 16432
8 0.2528
12 0.3886
15 0.3856
7 0.6709
11 0.1004
17 0.0013
6 0.7858
