48
19
3 5 9 12 13 14 15 18 20 26 27 29 30 31 37 38 41 42 47
12
8 11 14 15 19 20 21 31 32 40 41 44
23
1 4 5 11 13 14 17 18 20 22 24 25 26 30 32 34 36 37 38 39 42 46 47
25
4 5 8 9 12 14 15 18 21 22 23 24 26 27 30 34 35 37 38 40 41 42 44 45 47
7
12 18 22 30 34 40 47
5
3 7 17 41 45
11
1 7 9 17 24 25 30 31 32 36 48
3
36 43 48
15
4 5 6 10 11 17 20 30 36 39 41 42 44 45 48
9
2 11 13 19 20 21 26 39 41
10
5 6 17 21 22 28 33 36 38 46
19
1 3 4 5 6 8 13 18 21 24 25 28 31 35 41 42 44 45 48
7
2 14 25 31 33 40 46
7
2 4 17 32 35 36 44
17
1 5 6 8 9 12 20 21 23 26 29 33 34 38 40 43 48
12
8 11 15 21 24 33 37 38 39 40 46 48
14
3 6 9 12 13 21 22 27 31 34 38 40 41 42
20
4 5 8 10 13 14 15 20 21 22 23 26 29 30 31 36 37 38 39 45
2
29 45
15
3 4 6 8 16 18 20 22 27 30 31 34 35 36 43
14
7 10 13 15 16 21 24 27 31 34 37 40 44 47
14
5 7 9 12 17 18 25 26 27 37 39 45 46 47
12
3 8 10 13 14 16 22 29 34 36 38 44
4
1 9 16 41
5
11 15 26 34 39
17
4 5 6 9 14 15 18 21 22 23 28 30 39 42 43 44 47
14
2 5 16 19 20 27 29 33 35 39 44 45 46 47
1
12
18
1 2 5 10 11 13 15 17 21 23 25 31 33 37 38 39 43 47
22
1 2 5 13 14 17 18 19 21 23 25 26 27 29 30 32 34 41 42 44 47 48
19
1 2 3 4 6 8 12 16 17 18 23 26 27 30 33 38 40 45 48
17
1 4 6 7 10 12 22 24 26 32 34 36 40 41 42 45 47
14
4 5 9 10 11 23 24 33 34 36 37 46 47 48
10
3 4 5 7 21 27 32 37 38 40
12
2 6 11 12 15 20 21 24 25 30 33 38
21
2 5 6 9 14 15 16 17 18 26 28 29 30 37 38 40 41 44 45 46 47
12
7 17 21 23 25 28 29 33 35 39 41 45
5
2 6 36 38 43
9
4 13 18 19 28 37 39 40 47
18
1 4 5 7 13 14 19 20 21 22 32 33 34 40 43 44 46 48
0

22
5 11 14 15 16 18 19 20 23 25 32 33 36 37 38 39 40 41 44 45 46 48
12
7 10 16 20 22 26 31 39 41 43 47 48
20
2 3 6 7 10 11 12 21 22 23 26 28 29 32 36 37 41 44 45 48
16
3 10 12 13 14 19 22 25 26 27 30 31 33 35 38 46
6
12 13 26 28 40 45
18
3 6 7 9 10 16 17 18 21 27 28 30 32 36 37 41 43 47
