37
8
3 4 8 9 14 15 30 33
5
3 24 32 36 37
7
15 19 22 24 26 31 37
6
3 5 9 12 13 16
29
2 3 4 5 6 7 8 9 10 11 12 14 16 17 18 19 21 22 23 25 26 27 28 32 33 34 35 36 37
10
8 9 15 16 24 26 27 31 35 37
28
1 3 4 5 6 9 11 12 13 14 15 17 18 19 20 21 22 23 24 25 27 29 30 32 34 35 36 37
23
3 6 7 8 11 13 14 15 16 17 18 19 20 21 22 23 24 27 30 32 33 34 36
15
2 3 4 6 7 11 16 19 20 24 27 30 33 34 36
7
2 5 7 17 26 31 32
20
1 4 6 7 8 10 14 15 17 18 20 23 24 28 31 32 34 35 36 37
1
26
21
1 2 4 6 9 10 11 13 14 15 17 18 20 25 28 29 30 33 35 36 37
15
4 7 8 10 11 12 14 17 22 27 29 32 34 36 37
11
6 10 13 17 19 20 21 22 26 30 31
26
1 2 3 5 6 7 8 9 10 11 12 14 16 17 18 21 22 23 24 27 28 30 32 33 36 37
19
1 3 4 5 8 10 11 13 16 20 24 25 26 28 31 33 34 35 36
24
1 3 6 8 9 10 12 13 16 19 20 21 22 23 24 26 27 29 30 31 32 33 34 36
20
1 5 6 7 9 12 15 16 18 19 21 23 25 27 28 30 33 34 35 36
20
2 4 5 7 10 11 12 16 18 19 20 21 27 28 29 30 31 34 35 37
4
4 8 25 28
33
1 3 5 6 7 8 9 10 11 12 13 16 17 18 19 20 21 22 23 24 25 26 27 28 29 30 31 32 33 34 35 36 37
27
1 3 5 6 7 12 13 14 15 17 18 19 20 21 22 23 24 25 26 27 28 30 32 34 35 36 37
3
16 31 35
30
1 2 4 5 6 7 8 9 10 11 12 14 15 16 17 22 23 24 25 26 27 28 29 30 31 32 34 35 36 37
23
2 5 6 8 9 11 12 13 17 18 20 21 23 25 26 27 29 30 31 33 34 35 36
5
1 4 7 9 27
10
3 8 14 17 18 25 28 29 34 36
29
1 3 4 5 6 7 8 9 11 12 13 14 15 16 17 21 22 23 24 25 26 27 28 29 30 32 33 35 37
30
1 2 3 5 6 7 9 10 11 12 15 16 17 18 19 21 22 23 24 25 26 27 29 30 31 32 33 34 35 37
5
9 24 26 27 35
20
1 3 5 6 7 8 9 12 13 19 20 24 25 26 27 30 31 33 34 37
4
12 13 20 35
27
1 2 3 4 5 6 7 9 10 12 14 15 16 18 19 21 22 23 24 25 26 27 29 30 31 33 36
20
1 5 7 8 11 15 17 18 19 22 23 25 28 29 31 32 33 34 35 37
26
3 4 6 7 8 10 11 12 13 15 16 18 19 20 21 22 23 25 26 27 28 32 33 35 36 37
