67
5
21 32 36 41 62
20
2 3 8 11 20 24 26 28 29 32 35 43 44 45 46 47 55 60 64 65
17
2 6 11 16 18 20 21 25 36 39 44 45 46 48 55 56 60
8
16 19 25 33 44 56 57 63
0

9
21 27 30 31 42 48 60 61 67
2
28 65
1
48
13
5 8 10 11 24 31 38 39 43 46 55 65 67
1
60
14
2 21 24 29 30 34 40 46 50 52 58 60 62 64
4
2 12 35 63
14
1 4 16 17 28 31 34 42 49 53 58 62 63 66
21
1 11 12 17 20 22 24 25 33 35 36 38 39 44 49 50 54 59 60 61 67
20
11 12 15 20 24 25 26 30 32 37 39 40 44 50 55 56 58 59 61 62
7
3 5 19 24 32 39 49
7
2 3 10 20 50 53 55
4
17 28 34 36
14
4 6 12 17 21 23 41 42 45 47 57 58 60 65
17
3 12 16 18 20 26 29 32 34 38 40 45 49 51 58 60 61
12
2 9 18 25 29 30 33 34 41 42 55 66
4
23 44 51 57
18
5 13 15 21 32 33 35 39 41 45 48 49 55 57 59 60 61 62
18
3 5 9 16 19 20 21 23 35 38 39 43 47 49 56 60 65 67
18
1 2 3 9 16 19 20 24 25 27 35 36 40 42 46 54 61 64
3
40 41 66
7
14 18 42 45 52 53 58
10
9 10 18 26 42 51 53 55 58 59
7
5 7 46 51 58 62 66
17
3 9 12 20 22 25 26 33 34 38 44 46 47 48 59 60 65
23
4 8 13 15 16 17 20 22 23 28 31 40 44 45 49 50 51 52 57 58 59 63 64
11
11 16 32 39 42 43 48 49 53 60 66
9
16 17 26 33 35 38 42 43 60
12
2 4 20 28 36 40 41 48 54 59 62 64
2
23 58
10
7 8 37 44 51 53 56 59 60 66
21
2 5 9 12 13 15 18 20 22 26 30 34 37 40 43 48 49 50 51 54 56
4
20 29 38 60
20
1 5 9 12 14 15 17 23 24 31 35 36 38 48 49 50 56 57 64 67
11
1 2 5 10 16 18 19 36 50 51 59
11
3 5 26 27 30 32 39 45 48 59 66
8
8 15 28 31 36 49 52 57
22
1 2 3 5 6 8 11 14 18 19 23 25 31 33 41 44 47 49 55 60 64 65
13
7 12 16 18 24 28 29 36 42 46 55 61 63
8
2 3 8 20 33 41 47 58
20
1 3 8 16 19 20 21 24 27 28 37 39 40 44 45 49 51 54 65 67
7
1 9 23 34 40 51 53
4
29 33 61 63
4
9 10 28 62
11
1 9 17 19 28 31 38 44 47 57 62
3
21 43 61
0

21
5 10 12 18 20 22 26 31 39 41 43 47 49 50 51 53 54 59 63 64 67
15
9 11 20 21 22 26 29 30 35 36 47 54 56 64 66
20
3 7 9 10 11 14 15 21 30 31 34 39 40 45 49 60 62 63 64 67
10
3 13 20 39 43 48 50 54 65 66
0

8
3 4 9 10 25 31 50 52
17
3 7 15 20 23 24 28 30 39 43 49 59 60 61 62 63 65
8
5 19 39 40 45 54 56 61
16
10 11 15 18 20 22 23 25 26 38 42 49 50 52 59 65
17
2 11 18 21 26 27 34 38 41 44 53 55 57 58 61 66 67
10
6 20 26 30 31 33 38 53 60 61
7
8 24 31 37 38 45 62
23
3 4 10 11 13 18 20 21 23 24 25 26 31 36 40 44 45 48 52 55 57 62 65
21
2 6 7 8 11 12 15 23 26 27 28 30 41 48 53 55 56 59 60 61 66
