26
23
1 2 3 5 6 7 8 9 10 11 12 13 14 15 16 18 19 21 22 23 24 25 26
4
10 13 16 25
14
1 2 3 5 6 7 8 9 14 15 19 20 22 26
15
2 4 5 7 8 9 10 12 17 18 19 20 23 25 26
22
1 2 3 4 5 6 7 8 10 11 12 14 15 16 17 18 19 20 22 23 24 26
25
1 2 3 4 5 6 7 8 9 10 11 12 13 14 15 16 17 18 19 20 22 23 24 25 26
12
1 2 6 8 13 14 15 17 18 20 21 25
17
2 3 4 5 6 9 10 12 13 15 17 18 22 23 24 25 26
15
1 3 5 6 7 8 9 10 11 13 14 19 20 24 25
24
2 3 4 5 7 8 9 10 11 12 13 14 15 16 17 18 19 20 21 22 23 24 25 26
24
1 2 3 4 5 7 8 9 10 11 13 14 15 16 17 18 19 20 21 22 23 24 25 26
19
1 3 4 5 6 7 9 10 12 14 15 16 17 18 20 21 24 25 26
22
1 2 3 4 6 8 9 10 12 13 14 15 16 17 18 19 20 21 23 24 25 26
16
2 3 4 5 6 7 10 12 15 16 17 18 20 21 22 26
22
1 2 3 4 5 7 8 9 10 11 12 13 14 15 16 18 19 20 23 24 25 26
20
1 3 4 5 6 7 9 10 12 13 15 17 18 19 20 21 22 23 24 26
22
1 2 3 4 5 7 8 9 11 13 14 15 17 18 19 20 21 22 23 24 25 26
22
1 2 3 5 6 8 9 10 11 12 14 15 16 17 18 19 20 21 22 23 25 26
21
1 3 4 6 7 8 9 10 11 12 13 14 15 16 17 20 21 23 24 25 26
24
1 2 3 4 5 6 7 8 9 10 11 12 13 15 16 17 18 19 20 21 22 23 24 25
15
1 5 6 7 9 10 11 13 14 17 19 21 23 25 26
21
1 3 4 5 6 7 8 9 11 14 15 16 17 18 19 21 22 23 24 25 26
18
1 3 5 6 7 9 10 12 13 15 16 17 18 21 22 24 25 26
24
1 2 3 4 5 6 7 8 9 10 11 14 15 16 17 18 19 20 21 22 23 24 25 26
17
1 2 3 4 5 9 10 11 12 13 14 16 18 19 20 22 25
