94
8
4 33 42 54 80 87 93 94
13
7 25 28 34 41 63 66 70 72 75 78 88 92
19
3 8 11 12 14 17 24 27 34 41 44 49 51 53 58 63 76 81 92
13
1 8 16 20 29 42 45 51 57 66 88 92 93
12
5 6 24 26 28 35 43 52 62 69 73 87
20
2 7 10 15 20 29 33 36 42 50 55 56 59 63 80 83 89 91 92 94
18
2 13 16 18 22 24 25 26 31 44 46 49 65 70 71 80 83 84
8
9 23 26 43 45 46 47 69
21
5 7 22 25 26 27 31 32 34 35 36 39 44 46 48 63 73 83 84 89 94
15
15 20 29 30 35 47 51 52 73 78 81 83 86 87 90
15
1 5 11 22 23 27 35 44 46 61 63 64 71 76 82
20
2 3 4 5 7 21 23 30 34 37 48 51 54 58 65 77 81 84 86 92
5
38 53 72 74 76
2
13 21
14
3 8 10 12 25 40 45 51 61 63 71 77 86 91
14
5 11 18 19 28 30 34 40 53 65 67 70 71 92
5
6 31 37 81 82
14
3 5 6 9 11 17 44 46 52 53 61 70 72 94
3
6 25 68
11
5 9 13 14 18 21 22 28 34 73 90
17
12 14 24 28 38 39 41 42 46 55 60 66 68 80 82 85 91
0

12
7 8 13 23 31 44 47 52 54 55 63 70
2
15 38
19
3 10 13 14 16 20 22 25 26 28 31 44 45 52 63 65 69 93 94
16
3 21 22 24 30 31 41 50 53 54 57 65 71 73 88 92
14
5 8 20 22 30 38 41 42 47 51 56 57 88 93
16
3 5 6 9 18 19 21 34 41 51 58 61 70 86 90 91
2
43 90
19
7 13 17 20 21 24 27 30 35 45 50 55 64 65 66 76 78 84 85
19
6 7 8 14 15 16 22 27 33 36 45 61 63 64 65 68 77 78 86
11
1 2 9 17 23 48 51 62 63 72 76
1
20
2
62 82
1
87
22
9 17 22 23 25 26 31 37 40 48 49 54 59 63 67 70 75 76 80 90 91 94
3
10 39 61
9
34 36 48 50 61 65 72 78 89
4
34 58 81 93
14
2 3 11 13 20 31 42 64 68 71 78 81 86 90
22
4 7 15 17 18 19 29 32 33 36 42 50 59 60 61 63 64 65 67 82 84 88
18
2 14 17 20 22 23 34 42 56 59 60 61 63 64 66 67 81 93
16
6 12 13 14 28 30 32 41 48 54 60 62 83 84 89 94
2
35 77
19
2 18 20 21 28 29 32 38 50 54 58 66 72 75 83 84 85 92 93
5
2 6 43 48 65
12
4 24 33 43 64 65 69 74 79 86 87 92
10
10 20 22 24 25 30 47 62 68 94
21
3 17 18 33 42 47 48 49 50 56 60 69 71 76 86 87 88 89 90 93 94
12
8 15 18 31 37 43 59 66 67 75 77 91
6
7 32 34 42 72 75
0

0

13
21 24 26 29 33 37 53 55 57 62 83 87 93
11
10 12 24 28 30 33 45 46 59 70 84
21
1 10 15 16 17 22 25 31 33 41 42 45 52 56 62 75 76 85 87 90 94
15
9 10 13 26 35 41 43 50 54 59 77 78 79 80 94
10
15 25 30 49 60 63 75 76 82 87
8
8 13 16 27 41 59 72 76
18
2 7 13 15 16 22 39 40 42 45 58 60 66 67 71 77 83 90
5
16 24 51 62 85
5
2 58 76 84 92
0

5
23 26 27 35 71
10
5 10 17 24 32 55 61 78 81 85
5
6 28 42 57 80
22
1 8 12 13 21 24 26 31 38 40 44 55 57 58 65 68 69 75 77 79 85 94
14
2 19 20 22 24 29 32 62 63 68 69 71 82 88
10
3 6 43 46 51 65 66 80 83 89
18
14 20 24 26 28 32 35 50 58 59 61 67 76 84 88 90 93 94
13
7 13 27 30 48 51 59 61 72 82 90 91 92
19
1 6 10 12 20 25 27 29 32 33 42 53 56 72 79 81 85 86 94
15
1 4 19 35 45 48 49 50 56 57 64 73 75 77 80
15
2 4 8 11 15 16 17 19 44 46 49 57 59 82 83
7
24 26 53 66 71 85 90
17
9 12 25 27 34 43 44 45 46 57 59 61 62 67 71 78 83
8
3 8 19 33 50 70 84 90
15
1 21 25 27 35 39 51 57 63 65 77 84 85 87 88
17
14 18 19 20 23 44 45 47 49 50 51 56 57 61 70 83 91
4
33 40 41 50
19
5 9 23 24 33 34 40 45 49 57 62 67 68 69 73 76 81 84 85
16
5 9 14 16 20 36 39 49 55 69 73 75 82 83 86 91
3
35 46 51
19
4 8 13 15 16 19 26 28 34 40 42 43 49 53 58 60 84 88 94
7
8 9 11 26 60 72 77
19
2 13 17 23 27 41 48 54 59 61 64 69 83 84 85 86 92 93 94
12
31 34 41 44 52 56 67 73 76 82 88 93
13
2 20 23 27 33 34 43 45 47 48 52 74 79
2
48 76
15
1 4 10 24 32 40 42 52 54 62 69 73 79 89 90
12
11 13 21 39 40 55 67 69 74 75 89 90
16
9 22 25 39 41 44 50 51 53 54 55 61 63 64 84 92
16
2 3 4 22 25 29 44 47 48 49 50 52 59 65 69 84
