75
24
2 11 12 13 14 15 17 19 21 24 27 38 39 44 47 52 57 58 59 60 62 69 70 72
0

5
16 51 53 54 57
10
6 18 27 30 48 53 59 60 61 74
26
1 2 4 8 9 15 18 19 20 21 22 28 34 36 46 48 49 52 54 55 56 60 64 65 72 75
12
4 5 17 22 24 41 47 54 59 67 69 74
7
11 23 26 29 36 49 72
7
1 28 36 37 42 54 75
3
18 40 50
7
11 23 28 34 40 63 74
12
9 10 16 17 20 27 37 38 45 47 66 72
2
28 34
15
3 5 6 13 17 24 30 34 38 49 53 62 65 67 75
0

19
25 26 27 35 37 39 42 49 52 53 57 58 59 63 64 65 67 73 75
2
12 70
3
26 57 64
8
24 25 31 33 57 60 67 70
5
15 41 61 63 65
11
3 11 16 20 27 32 35 44 59 67 73
15
2 3 9 10 19 36 49 50 51 57 65 66 70 71 74
21
5 6 12 16 18 21 34 36 37 39 42 43 47 48 51 52 59 62 66 67 71
25
1 9 10 12 15 17 21 27 29 32 37 39 41 43 46 51 54 55 57 61 63 66 67 70 73
24
3 5 10 12 14 17 20 21 22 23 27 29 30 31 33 36 46 47 48 56 65 69 71 73
12
3 5 13 14 23 33 34 35 47 50 64 72
1
42
22
6 14 22 24 29 31 32 36 38 39 45 52 54 58 60 62 64 67 69 70 74 75
21
1 2 4 26 28 30 33 39 40 42 44 49 56 62 63 64 65 66 67 72 75
8
10 12 16 19 21 37 47 69
23
8 18 19 20 21 23 25 27 28 33 34 36 41 44 49 51 52 56 59 63 68 69 72
11
6 7 9 14 27 30 37 44 64 68 73
6
16 30 49 65 66 73
16
4 12 13 19 21 22 25 29 44 45 52 54 55 57 64 74
10
12 19 38 46 50 63 66 69 72 75
23
4 7 9 11 13 20 23 25 29 30 35 38 39 49 50 54 58 59 64 66 69 70 74
16
5 9 10 11 22 28 30 31 39 49 54 58 64 65 67 71
21
2 3 11 12 16 21 24 28 36 38 49 53 55 56 58 61 63 65 66 69 71
13
3 14 26 28 30 33 37 42 48 49 51 74 75
18
11 18 20 21 24 26 28 30 38 42 45 46 50 51 60 63 67 73
13
4 7 17 21 36 42 43 52 61 63 65 67 75
13
2 3 10 11 22 25 30 32 36 39 43 44 61
20
8 9 11 12 15 25 26 30 31 32 37 40 48 50 53 57 65 70 72 74
4
21 41 46 75
27
3 5 8 11 17 21 22 24 31 33 35 37 41 42 43 45 46 47 52 54 55 58 62 65 66 68 74
19
11 16 18 19 23 25 26 27 29 36 37 39 44 54 57 63 67 70 75
1
51
8
11 32 36 46 57 65 68 72
9
2 4 9 14 22 42 57 63 75
9
8 22 29 31 32 38 42 47 57
3
31 49 75
15
2 3 17 20 26 31 34 38 42 43 44 58 63 69 70
21
1 5 7 8 10 12 14 20 21 22 27 30 35 36 37 42 52 55 65 67 68
6
4 26 43 46 48 63
12
1 6 7 11 15 19 33 38 40 47 59 71
19
2 9 10 12 17 18 19 21 25 26 27 30 46 48 59 60 61 73 74
23
1 12 15 16 18 26 27 31 38 40 45 46 48 49 54 55 57 64 65 69 70 71 74
24
1 6 13 17 23 26 28 30 33 39 41 42 43 46 47 51 59 63 68 69 70 71 73 75
15
6 15 21 24 27 37 38 40 41 52 53 55 59 63 66
17
1 4 11 13 19 22 33 34 36 39 43 45 48 57 58 59 75
16
5 11 19 20 30 37 38 46 49 51 54 61 63 65 72 75
21
5 10 12 16 19 23 27 30 36 39 44 46 47 48 57 59 62 63 64 65 71
19
3 4 10 14 16 23 25 27 40 42 43 45 46 50 60 63 66 68 74
20
2 9 14 18 24 29 32 34 35 39 41 42 44 48 50 54 60 65 71 75
1
5
6
26 27 29 41 62 68
21
7 9 10 11 15 24 25 27 33 38 40 41 42 45 59 61 62 65 67 69 71
0

23
2 4 12 19 22 26 28 30 32 40 43 44 45 47 48 51 54 55 58 70 71 72 74
8
8 13 22 30 38 69 74 75
24
2 3 6 7 10 12 14 18 20 21 23 24 31 34 36 41 48 54 59 63 64 67 69 73
23
9 12 15 17 18 19 20 24 25 27 30 42 43 53 56 57 59 63 67 68 71 72 75
20
4 5 7 9 11 14 22 35 37 38 41 42 50 58 66 68 69 70 73 74
10
3 4 8 9 20 28 41 68 73 74
16
1 3 8 15 20 25 35 38 45 50 52 59 61 66 68 72
