44
13
2 3 11 12 13 14 21 23 26 34 35 36 38
16
1 6 12 15 16 19 20 21 29 30 34 36 37 40 41 42
6
14 25 30 32 37 44
14
2 9 11 12 16 17 18 19 22 23 34 37 40 41
6
23 24 25 37 40 43
32
1 2 3 4 5 6 7 8 10 11 12 14 15 16 17 18 19 20 21 22 24 27 28 29 31 32 33 35 36 38 39 42
29
5 6 8 9 11 12 13 14 17 18 20 21 23 24 25 26 27 28 30 31 32 33 36 37 39 40 41 42 44
20
1 2 6 8 10 11 16 17 19 24 25 26 27 28 33 34 35 41 42 44
32
1 2 3 5 6 7 8 9 11 15 16 17 19 20 21 22 23 24 25 29 30 31 32 33 34 35 36 38 40 41 43 44
30
2 6 7 9 10 13 15 18 19 20 21 22 23 24 25 26 27 28 29 30 32 33 36 37 38 40 41 42 43 44
35
1 2 4 5 6 7 8 9 10 11 12 13 14 15 16 17 19 20 21 22 23 24 26 28 30 31 33 34 35 36 37 41 42 43 44
17
3 5 6 7 16 18 19 20 22 23 25 27 28 30 32 40 41
17
1 3 7 11 13 14 16 17 18 21 22 24 28 33 35 40 44
26
4 5 6 9 11 12 13 15 19 21 22 23 24 25 27 29 30 31 32 34 37 39 40 41 42 44
20
3 10 12 13 14 16 17 18 19 23 24 27 29 31 32 33 37 40 41 42
19
1 2 5 6 9 10 14 15 16 17 20 22 25 26 28 36 37 40 43
32
2 4 5 6 7 8 9 10 11 12 13 14 17 18 20 22 23 24 25 27 29 30 31 33 34 35 37 38 41 42 43 44
25
1 2 3 4 5 6 13 14 15 19 22 24 25 26 28 30 32 33 35 36 38 40 42 43 44
19
1 2 3 5 6 7 9 12 16 17 23 25 27 28 33 35 37 40 43
6
1 8 13 25 28 39
6
7 10 28 29 30 31
22
1 3 4 7 9 10 11 14 18 19 20 24 25 28 32 33 34 36 37 39 42 44
22
1 3 7 9 10 11 12 13 15 16 17 20 21 23 26 27 31 33 35 37 38 42
21
3 6 7 9 12 14 15 16 17 18 19 20 23 24 25 29 33 35 36 41 43
27
1 5 6 7 9 14 15 16 17 18 19 20 22 23 26 28 30 31 32 33 34 36 38 39 40 42 43
30
1 2 4 5 6 8 9 10 11 13 14 16 18 21 22 24 26 27 28 30 31 32 33 34 35 36 39 40 41 44
2
31 36
27
1 3 4 5 7 8 10 11 12 13 17 18 19 20 21 22 23 24 25 29 31 32 34 36 39 41 42
31
1 2 4 5 7 9 10 11 12 13 14 15 16 17 18 20 21 23 24 25 26 28 30 33 34 36 37 39 40 42 43
31
2 4 6 7 8 9 11 12 13 14 18 19 20 23 24 25 26 27 28 29 31 32 33 35 36 37 39 40 41 43 44
11
5 15 17 19 22 26 33 37 40 41 44
31
1 2 3 4 5 6 9 10 12 14 16 17 18 20 21 24 26 28 29 30 32 33 34 35 36 37 38 40 41 43 44
13
1 3 4 14 19 22 24 28 29 36 37 40 43
31
1 2 4 6 8 9 10 13 14 15 17 18 19 22 23 24 25 26 29 30 31 32 33 34 35 36 37 38 39 40 44
9
1 2 5 19 22 29 36 38 40
34
1 2 3 4 5 6 7 8 9 11 12 14 15 16 17 18 19 20 21 22 25 26 27 29 30 31 32 33 34 35 39 41 43 44
25
2 6 7 8 9 10 11 12 13 14 15 17 21 23 25 26 27 28 30 31 33 34 38 41 42
30
1 2 4 5 6 7 9 11 13 14 15 16 17 18 19 22 25 26 27 28 29 30 31 32 33 36 37 38 41 42
4
4 9 22 36
7
6 7 12 32 34 38 44
14
3 4 5 6 11 14 21 31 32 33 36 37 38 42
4
2 36 39 40
10
9 18 20 22 23 25 26 27 29 39
