500
999 285
997 356
996 377
995 395
994 405
992 422
991 430
987 461
985 475
984 481
983 486
981 496
975 524
973 533
969 550
968 554
965 566
962 578
960 585
954 606
949 622
948 625
945 633
939 648
934 660
924 682
921 688
919 692
912 705
906 716
892 736
889 740
870 765
859 778
848 790
843 795
823 815
819 819
812 826
805 832
792 843
782 851
778 854
762 866
751 874
745 878
742 880
731 887
724 891
711 898
703 902
701 903
697 905
679 914
665 921
652 927
638 933
619 941
607 946
573 958
570 959
567 960
545 967
538 969
534 970
522 973
512 975
489 979
476 981
462 983
440 986
432 987
396 991
387 992
376 993
365 994
351 995
319 997
297 998
271 999
259 999
256 999
254 999
247 999
246 999
230 999
206 999
200 999
187 999
178 999
173 999
163 999
162 999
151 999
119 999
114 999
113 999
112 999
106 999
98 999
94 999
78 999
60 999
48 999
44 999
42 999
35 999
32 999
23 999
21 999
16 999
6 998
-24 995
-63 990
-78 988
-92 986
-133 980
-146 978
-183 972
-195 970
-206 968
-250 959
-264 956
-273 954
-291 950
-295 949
-307 946
-311 945
-336 938
-343 936
-350 934
-367 929
-377 926
-389 922
-395 920
-401 918
-421 911
-453 898
-470 891
-482 886
-494 881
-501 878
-508 875
-547 858
-573 845
-579 842
-591 836
-597 833
-604 829
-609 826
-617 821
-620 819
-635 808
-639 805
-643 802
-652 795
-657 791
-662 787
-673 778
-675 776
-684 767
-698 753
-706 745
-707 744
-710 741
-714 737
-722 729
-729 722
-731 720
-737 714
-738 713
-751 699
-765 683
-770 677
-781 663
-787 655
-790 651
-793 647
-803 633
-808 626
-822 606
-824 603
-839 580
-852 560
-862 543
-866 536
-875 520
-893 487
-894 485
-895 483
-901 471
-902 469
-911 449
-920 428
-925 416
-927 411
-931 401
-939 381
-947 359
-948 356
-952 343
-955 333
-957 326
-963 303
-965 295
-966 291
-970 275
-972 266
-979 229
-985 196
-987 184
-989 172
-991 160
-995 135
-997 122
-998 110
-999 80
-999 74
-999 70
-999 67
-999 62
-999 59
-999 51
-999 25
-999 23
-999 19
-999 17
-999 14
-999 -38
-999 -46
-999 -59
-999 -60
-999 -66
-999 -72
-999 -94
-999 -95
-999 -99
-999 -100
-999 -102
-999 -119
-999 -129
-999 -139
-999 -141
-999 -145
-999 -151
-999 -153
-999 -154
-999 -157
-999 -161
-999 -163
-998 -184
-996 -221
-993 -275
-992 -291
-988 -322
-986 -335
-984 -348
-982 -360
-981 -366
-977 -385
-974 -399
-970 -417
-967 -428
-965 -435
-958 -457
-957 -460
-956 -463
-955 -466
-954 -469
-946 -492
-940 -509
-937 -517
-935 -522
-931 -532
-926 -544
-918 -561
-910 -577
-909 -579
-902 -593
-896 -604
-892 -611
-889 -616
-886 -621
-869 -649
-853 -674
-847 -683
-845 -686
-841 -692
-831 -706
-826 -713
-822 -718
-814 -728
-808 -735
-802 -741
-800 -743
-782 -761
-773 -770
-761 -780
-750 -789
-735 -801
-723 -810
-707 -821
-701 -825
-698 -827
-683 -837
-677 -841
-666 -848
-645 -861
-633 -868
-605 -884
-599 -887
-595 -889
-591 -891
-578 -897
-571 -900
-564 -903
-557 -906
-545 -911
-521 -921
-508 -926
-494 -931
-477 -937
-454 -945
-451 -946
-445 -948
-427 -954
-417 -957
-395 -963
-391 -964
-387 -965
-379 -967
-366 -970
-313 -982
-269 -987
-238 -990
-216 -992
-188 -994
-173 -995
-157 -996
-141 -997
-120 -998
-86 -999
-74 -999
-71 -999
-69 -999
-61 -999
-54 -999
-52 -999
-41 -999
-33 -999
-32 -999
-8 -999
1 -999
5 -999
7 -999
15 -999
18 -999
29 -999
37 -999
39 -999
40 -999
50 -999
52 -999
54 -999
57 -999
65 -999
74 -999
99 -999
109 -999
114 -999
115 -999
135 -998
172 -996
182 -995
202 -993
212 -992
231 -990
248 -988
255 -987
278 -983
298 -979
303 -978
313 -976
341 -970
357 -966
367 -963
380 -959
389 -956
392 -955
436 -940
458 -932
474 -926
482 -923
500 -916
514 -910
521 -907
530 -903
534 -901
555 -889
562 -885
571 -879
574 -877
583 -871
586 -869
592 -865
603 -857
611 -851
626 -839
631 -835
646 -823
651 -819
663 -809
670 -803
677 -797
678 -796
681 -793
684 -790
686 -788
698 -776
699 -775
700 -774
708 -765
715 -757
721 -750
726 -744
736 -732
751 -713
765 -695
770 -688
781 -672
783 -669
795 -651
805 -635
813 -622
824 -603
836 -582
853 -551
854 -549
857 -543
858 -541
863 -531
864 -529
877 -502
887 -481
895 -463
906 -438
914 -419
926 -389
931 -376
936 -362
941 -348
945 -336
946 -333
958 -293
960 -286
965 -265
970 -240
973 -224
976 -206
978 -194
980 -181
983 -159
987 -127
989 -111
994 -68
996 -48
997 -38
998 -27
999 -13
999 -12
999 -11
999 6
999 8
999 10
999 11
999 34
999 45
999 51
999 55
999 57
999 62
999 75
999 87
999 106
999 116
999 123
999 125
999 131
999 135
999 149
999 162
999 165
999 182
999 183
999 190
999 214
999 236
999 245
999 247
999 283
