500
999 174
998 195
997 205
993 245
992 254
991 262
987 293
985 308
984 315
982 328
980 340
976 362
974 373
971 387
969 396
960 430
958 437
945 479
944 482
942 488
941 491
934 511
929 524
927 529
925 534
922 541
918 550
914 559
902 585
901 587
899 591
893 603
891 607
888 613
878 631
873 640
863 658
859 665
854 673
849 681
837 700
830 711
826 717
819 727
804 748
789 769
786 773
780 781
774 789
767 798
758 809
744 826
738 833
737 834
727 842
723 845
719 848
703 860
684 874
675 880
672 882
660 890
657 892
628 911
623 914
619 916
617 917
608 921
603 923
585 930
566 937
560 939
554 941
551 942
548 943
535 947
525 950
515 953
508 955
493 959
470 965
458 968
454 969
423 975
412 977
406 978
387 981
374 983
367 984
360 985
338 988
316 991
290 994
279 995
268 996
227 998
198 999
191 999
188 999
166 999
155 999
151 999
127 999
101 999
99 999
98 999
96 999
89 999
80 999
71 999
44 999
43 999
35 999
28 999
-7 999
-10 999
-14 999
-25 999
-32 999
-33 999
-34 999
-46 999
-64 999
-68 999
-89 999
-100 999
-102 999
-134 999
-156 999
-157 999
-159 999
-207 998
-220 997
-239 995
-248 994
-257 993
-274 991
-291 989
-325 984
-331 983
-343 981
-354 979
-375 975
-401 970
-416 967
-421 966
-426 965
-434 963
-444 960
-454 957
-469 952
-477 949
-485 946
-498 941
-511 936
-516 934
-528 929
-535 926
-544 922
-550 919
-558 915
-565 911
-572 907
-579 903
-589 897
-592 895
-595 893
-615 879
-625 872
-636 864
-651 853
-671 838
-675 835
-679 832
-701 815
-706 811
-717 802
-723 797
-736 786
-765 761
-773 754
-796 732
-799 729
-803 725
-814 714
-815 713
-825 702
-833 693
-837 688
-840 684
-843 680
-851 668
-857 659
-867 642
-877 623
-880 617
-881 615
-885 607
-889 599
-892 593
-897 582
-901 573
-903 568
-915 536
-919 525
-920 522
-921 519
-923 513
-924 510
-927 500
-929 493
-937 463
-943 440
-949 417
-953 401
-955 393
-960 372
-963 359
-965 350
-966 345
-970 325
-974 304
-979 275
-980 269
-981 263
-986 232
-987 225
-988 218
-991 194
-992 185
-995 155
-998 125
-999 111
-999 100
-999 65
-999 62
-999 58
-999 53
-999 52
-999 43
-999 37
-999 35
-999 26
-999 22
-999 18
-999 13
-999 7
-999 -10
-999 -11
-999 -15
-999 -18
-999 -22
-999 -30
-999 -39
-999 -47
-999 -66
-999 -80
-999 -83
-999 -85
-999 -92
-999 -98
-999 -130
-999 -149
-999 -150
-998 -180
-997 -195
-995 -216
-994 -226
-992 -243
-990 -260
-989 -267
-988 -274
-986 -287
-984 -300
-983 -306
-979 -328
-975 -347
-973 -356
-969 -373
-960 -405
-956 -418
-953 -427
-948 -441
-936 -472
-933 -479
-924 -499
-919 -510
-913 -523
-912 -525
-909 -531
-899 -550
-894 -559
-891 -564
-886 -572
-879 -583
-877 -586
-865 -602
-862 -606
-855 -615
-847 -625
-843 -630
-827 -649
-799 -682
-793 -689
-785 -698
-777 -707
-766 -719
-764 -721
-760 -725
-759 -726
-753 -732
-749 -736
-747 -738
-736 -748
-729 -754
-724 -758
-716 -764
-708 -770
-704 -773
-696 -779
-684 -788
-670 -797
-647 -811
-637 -817
-615 -829
-549 -863
-543 -866
-525 -875
-510 -882
-497 -888
-476 -897
-443 -911
-438 -913
-433 -915
-420 -920
-409 -924
-395 -929
-386 -932
-377 -935
-370 -937
-363 -939
-320 -951
-298 -957
-283 -961
-275 -963
-246 -970
-193 -982
-188 -983
-183 -984
-162 -988
-145 -991
-139 -992
-120 -994
-107 -995
-94 -996
-73 -997
-47 -998
-16 -999
-15 -999
-14 -999
-8 -999
-7 -999
-4 -999
0 -999
6 -999
13 -999
19 -999
24 -999
30 -999
35 -999
41 -999
51 -999
59 -999
69 -999
83 -999
87 -999
93 -999
95 -999
97 -999
105 -999
116 -999
138 -999
153 -999
154 -999
155 -999
157 -999
168 -999
186 -999
194 -999
197 -999
209 -999
221 -999
247 -998
264 -997
275 -996
302 -993
351 -986
377 -982
402 -978
425 -974
436 -972
441 -971
455 -968
478 -963
500 -958
508 -956
521 -952
550 -943
553 -942
586 -930
605 -921
611 -918
627 -910
631 -908
652 -897
676 -884
685 -879
699 -871
702 -869
705 -867
719 -857
738 -843
746 -837
755 -830
765 -822
777 -812
780 -809
793 -796
797 -792
819 -770
826 -763
827 -762
828 -761
842 -745
848 -738
854 -730
865 -715
869 -709
873 -703
877 -697
884 -686
887 -681
897 -662
900 -656
902 -652
906 -644
910 -636
915 -625
922 -608
928 -593
934 -577
938 -566
943 -552
955 -517
958 -508
960 -502
961 -499
963 -492
965 -484
969 -467
971 -458
972 -453
973 -447
974 -441
976 -428
978 -413
981 -389
982 -381
984 -364
985 -355
987 -336
988 -326
990 -305
992 -283
993 -272
994 -261
996 -238
997 -222
998 -197
999 -141
999 -120
999 -117
999 -113
999 -96
999 -93
999 -74
999 -51
999 -44
999 -25
999 27
999 59
999 61
999 62
999 99
999 102
999 118
999 132
999 149
999 167
999 171
