312
99979 2055
99967 2571
99961 2797
99948 3212
99730 7344
99697 7774
99657 8276
99491 10073
98920 14658
98875 14957
98707 16031
97002 24303
96670 25591
96175 27394
96100 27654
94350 33136
93938 34289
91568 40190
91333 40723
89928 43737
88035 47432
87721 48011
87252 48857
85890 51215
85237 52295
81723 57632
79946 60072
73095 68243
73046 68296
72609 68760
71320 70097
70807 70614
69652 71754
69374 72023
68013 73309
67022 74216
66955 74277
65805 75298
64730 76223
63368 77359
62660 77934
62570 78006
60381 79713
56522 82494
56322 82631
52227 85278
51647 85630
50705 86192
48939 87207
48764 87304
44502 89552
42292 90617
41697 90892
40766 91314
40409 91472
38916 92117
38410 92329
37117 92857
34553 93841
34009 94039
31682 94849
31326 94967
30622 95196
29264 95622
28511 95849
27698 96087
25856 96600
24897 96851
23493 97201
22742 97380
22642 97403
20959 97779
17660 98428
15654 98767
14032 99011
13193 99126
10037 99495
7444 99723
6045 99817
4940 99878
-803 99997
-3052 99953
-5694 99838
-6508 99788
-10178 99481
-11375 99351
-11707 99312
-12539 99211
-16599 98613
-17043 98537
-20178 97943
-22092 97529
-35705 93409
-37409 92739
-39649 91804
-40666 91358
-44588 89509
-45512 89043
-48271 87578
-48802 87283
-52662 85010
-56457 82539
-56946 82202
-57351 81920
-57511 81808
-58459 81133
-59030 80718
-59195 80598
-59982 80013
-63173 77519
-63338 77384
-66330 74835
-66381 74790
-67453 73825
-68447 72905
-69704 71703
-69797 71613
-70806 70615
-70901 70520
-72830 68526
-75360 65733
-76078 64901
-76101 64874
-79564 60577
-80810 58905
-81730 57621
-81861 57434
-82857 55988
-83170 55523
-83397 55181
-83837 54510
-84093 54115
-84291 53805
-85258 52259
-86898 49485
-87369 48648
-87714 48024
-88154 47211
-90459 42628
-90790 41919
-91153 41122
-91954 39301
-92778 37312
-93509 35441
-94118 33792
-94333 33187
-94462 32817
-94637 32308
-94758 31953
-96834 24962
-96865 24844
-96892 24736
-97731 21181
-97956 20117
-98108 19359
-98442 17581
-98818 15327
-99302 11799
-99514 9848
-99866 5182
-99980 1998
-100000 7
-99999 -472
-99986 -1655
-99946 -3293
-99740 -7202
-99628 -8620
-99519 -9800
-99281 -11971
-99237 -12326
-99149 -13020
-99141 -13078
-98924 -14633
-98700 -16072
-98656 -16341
-98200 -18889
-97667 -21476
-97374 -22764
-97155 -23682
-96568 -25973
-96467 -26347
-96196 -27320
-94615 -32373
-94090 -33870
-91898 -39431
-91639 -40029
-91486 -40377
-91040 -41373
-89904 -43787
-89829 -43941
-89660 -44285
-88252 -47027
-88058 -47389
-87661 -48120
-87491 -48428
-86664 -49893
-86513 -50155
-85862 -51261
-85686 -51554
-83547 -54953
-82892 -55937
-81074 -58541
-80358 -59520
-79507 -60652
-76159 -64806
-75507 -65565
-73578 -67722
-72630 -68738
-67472 -73807
-63747 -77048
-57185 -82036
-56344 -82616
-55369 -83272
-51192 -85903
-49841 -86694
-47555 -87969
-47417 -88043
-45786 -88902
-44221 -89691
-43758 -89918
-39391 -91915
-38650 -92229
-38394 -92336
-34513 -93855
-33666 -94163
-31956 -94757
-30081 -95368
-28020 -95994
-26879 -96320
-25678 -96647
-25350 -96733
-24313 -96999
-23093 -97297
-17301 -98492
-17056 -98535
-16505 -98629
-14915 -98882
-14813 -98897
-12822 -99175
-11355 -99353
-10467 -99451
-5325 -99858
-87 -100000
245 -100000
2674 -99964
7527 -99716
7897 -99688
10334 -99465
11289 -99361
11937 -99285
12861 -99170
14557 -98935
17376 -98479
19929 -97994
20646 -97846
21750 -97606
23243 -97261
23875 -97108
25196 -96774
26099 -96534
28396 -95883
29275 -95619
32623 -94529
34733 -93774
38301 -92374
39979 -91661
42326 -90601
44535 -89536
45475 -89062
47575 -87958
48745 -87315
52181 -85306
55084 -83461
55154 -83415
55828 -82966
62162 -78332
64014 -76825
67998 -73323
68402 -72947
72296 -69089
74632 -66558
74975 -66172
74998 -66146
78237 -62281
81310 -58212
82425 -56623
83201 -55476
84033 -54208
84965 -52734
85014 -52656
85417 -52000
86343 -50447
86632 -49949
88094 -47323
89112 -45376
89386 -44834
91815 -39624
91988 -39221
93053 -36622
93900 -34391
94130 -33756
96483 -26288
96928 -24598
97076 -24004
97362 -22819
97408 -22619
97564 -21939
99079 -13540
99716 -7534
99807 -6204
99873 -5039
99968 -2549
