42
99863 5231
81324 58193
66063 75071
61052 79200
40066 91623
39256 91973
25917 96583
18572 98260
14998 98869
14854 98891
-1091 99994
-16228 98674
-24852 96863
-45008 89299
-51204 85896
-60428 79677
-67974 73345
-70968 70452
-91735 39809
-92232 38643
-94441 32877
-98401 17812
-99213 12522
-99397 10967
-99710 7607
-99777 6670
-99922 3961
-98680 -16197
-96195 -27323
-83278 -55360
-78992 -61321
-73295 -68029
-67916 -73399
-63738 -77055
-53118 -84726
-47979 -87738
-30847 -95123
-2645 -99965
70847 -70574
73100 -68238
98411 -17754
99098 -13398
