300
957927323 453401301
604003194 144086755
780115898 247952958
613750244 976613246
611365330 159491943
971698449 776466935
474998993 386183806
470667366 813626951
475493417 527159370
274072823 591764408
692381260 772868218
958369296 931703319
644305548 764432822
885417716 784520291
523329993 983861219
889130767 149000992
491652669 347017145
387503692 492207800
874142375 444144368
391878273 812619716
216136834 34068550
493455217 969139155
775813186 328096601
854736794 492130244
438134138 303177087
204934690 885158138
543268422 63438861
889511723 757593415
791489720 159827483
195749894 783430214
967121176 115961205
855130522 158790005
3981156 507546228
845503966 597209345
155484050 77648979
896270591 461472
400828550 654558298
493816149 318659585
818378380 251559521
93387920 708353929
140304821 131032905
640804268 469433717
964591878 182048411
118391119 871696309
130298717 652435687
884902671 220011354
569672195 65779880
831068325 683567082
411571451 565328132
282923446 409303006
823408438 403361835
604135945 516572701
661081326 762442113
808393084 963040777
2602493 860492454
315232657 137226901
959845793 780198579
271719822 405279633
849094421 483504470
851311779 267531257
910026738 873342602
949055677 8981998
596868482 428722740
733518123 277657301
463651335 147201713
607627058 771440442
389931549 557292738
936580315 670002097
229252710 230741570
84410861 600618609
299485283 273472519
689821258 487731923
892335891 688300052
987210419 221384758
724167050 584773718
233324756 406973499
718618154 180662742
156029182 470375931
960621695 646553896
683237120 632816216
494728608 610453595
468643545 205908489
828278403 586097385
850003 308085817
76681677 284758124
575999205 204543814
968270170 958911219
249283122 402274457
965490554 894579797
360994649 108750574
787440563 73598483
352044049 778766780
895851757 471735546
227411420 275029188
225036860 131549864
265783534 526697732
155133787 254823908
695875953 759964196
276161518 245611301
79487383 166846370
203219782 934331984
346539706 795238232
121250723 960291499
237905531 19311305
856649725 803549928
845793538 962502929
914592873 91108745
192325853 594243790
466912094 163982813
5888102 765319495
893152324 623744255
830416359 688890128
913661546 102139336
446524683 97251543
558717733 714816392
901334618 330866339
903667749 867194141
902721789 765872292
96479530 675662489
578775447 659226125
499236429 652905277
105699356 198654206
852772121 185121874
866795530 967195222
108933642 847523290
716233385 638222474
204179765 479360368
223171770 388478644
828416704 592346105
589159545 656470509
212651420 384716267
625605950 252258892
820637509 250212669
465751538 239156918
594014502 724524823
84678089 186295587
181312024 591279447
880066311 989301782
584985018 996765506
761669290 425502535
481220530 994340809
992992061 472870109
872096664 132205890
398600085 317707124
684369170 416388744
301397068 686356026
925250394 348245972
877220180 948244175
709985847 548559014
870901346 20410125
638100990 602885394
653720477 363304493
423757663 198925906
769280802 151911841
337907597 397941349
352480315 274614081
198698067 950941294
715402416 346918072
521685938 129491899
83120196 487384722
871488196 389082431
157555936 629160272
3972018 112149942
694687649 102539084
234774078 75205955
555016897 314504514
715769253 614081745
651821642 50180830
40995310 481185882
152529320 457698139
548899095 769517512
541141395 489258727
203203117 769331223
277389018 302924362
308207707 77827102
225205287 208785605
319849900 972996824
234312183 421722966
192575282 851620998
528273790 473432739
983985171 907282981
743948002 853008754
599397492 132200973
262310028 955159928
607599125 350703054
879228942 187117714
54711072 106940309
442141450 391370422
809129997 133690321
589341550 342915847
77687716 796779759
401072505 912038305
585386020 554231407
637553467 233915744
844049563 463215602
435569001 702013715
327077751 170021626
617461331 658240270
851140728 690694363
503574129 815187044
342685075 724594148
112077446 994629800
140089477 947859954
991427430 660034841
761819587 976135868
209636251 272784548
376845940 376094213
438972181 630061742
254926336 415125316
180900287 689809842
885045859 375861554
667238060 586651529
543608047 95270634
262466893 299267137
257770023 253734681
993290584 287087746
840621356 617981807
869805961 62764016
509532033 797833796
454211069 485364965
431161583 120500340
922952895 735592725
238197588 551619378
485852869 158017354
960312837 845329776
606166595 846555541
715113127 980112618
978304024 819618037
256095983 118384139
773597736 682865705
474712152 985015311
481504711 167300276
573001871 191287783
253755790 547281189
712136380 590125700
320425482 986280066
107357177 51850355
228350388 520188488
424602800 304112145
415389443 639462591
842267815 271738059
599094930 213311592
933320392 629647023
127527992 559921775
164950972 336078684
397064454 33823346
267247493 51792305
815913798 389737548
734256452 268859540
524647691 290938475
111533295 742679662
331048389 771983115
806527908 758924450
611828764 955851527
176727422 82667740
954791913 769218556
197351996 150790070
569625745 753628078
741480228 531008801
326648997 302889877
149586597 998675240
8661998 311220797
646618610 712551643
518333202 255019279
142192408 518825183
920784821 56010094
83982216 104498723
905835738 644196846
360409095 572051408
210167667 292289789
654760989 584461487
670540413 220578327
868364436 673583445
393265221 431874942
839667241 330811224
734384200 274529513
960978941 45807907
268190915 697381153
290783758 6622393
390072174 45914787
311099235 660804251
544490929 807374401
74028328 3001678
723103842 421061065
369834005 334550672
492892998 274326066
88031289 31996338
501139318 520778760
941156810 375141054
852651913 207371090
818158798 587272717
2965395 942366015
212852712 90525546
137517158 553143589
906769997 317800690
880842562 301969987
15396722 690699333
729140736 238471508
484586906 781111834
264396091 793544337
