300
628395465 802764026
334319943 527423459
168148885 760483902
361171471 186392110
543384623 105349720
650141427 562241432
68414558 452430286
644091376 723650510
42443460 92386601
944240990 759533950
109210926 44424033
912711506 75054332
205148898 895054551
345784168 340311956
370276701 120524476
437258835 451668463
794945322 116799593
105702513 608520592
572182229 649694969
142546160 362762927
481617341 571370943
886779254 804437474
766865936 533855479
932033121 325741263
327131055 794793714
446265407 825559685
152869103 455950652
210525382 828766931
816258470 377912074
332327970 675260373
412111354 988434648
489622625 585681766
41014070 168077665
822234875 309929620
532199770 601204921
182344281 459942271
163904116 677840486
482121169 960343272
971311490 947098121
690816301 433979524
925297987 17857565
891712257 349070783
94743698 187774223
211216560 27020133
30385663 366797758
646438201 547212327
641858011 174209562
140066877 938116226
182980524 640934635
895088409 507126246
872225372 922352062
813387822 585919427
208075903 477183834
515604743 362328671
319592827 624493224
601015509 625992967
860873318 954615775
962131538 31503614
146513218 748729458
702322814 31462896
582653937 361405299
162014829 665015454
436572638 77344687
206770293 54005686
157472453 347559259
456276999 729476489
890277619 226128806
967230168 788193110
421371244 924655442
918507483 687884822
611868318 254239535
508907501 141516302
655963794 57346539
440654430 306723014
815840451 977715521
750421953 146967500
47407289 179168999
483508352 383522952
925324672 721225653
549866193 443251708
901070025 801187538
378307962 699668206
847960666 296546284
564549843 158232653
462569317 387543876
937281350 824525879
600454886 129840297
509449809 541447121
513304682 473327355
307458318 378186194
861108657 437948620
359023201 157164263
598530250 129129032
928951798 52833458
614758680 470963641
896866911 777102828
563469697 86269218
245478274 554764611
849319008 513257230
826212378 380018360
613225333 890876730
319212928 26383593
477106103 772177721
868971382 692597333
202973952 312915352
276742875 755369068
194023982 348440084
951554107 134035113
727733060 198780808
352613557 232603780
616316305 841810731
643096279 815296085
762243248 98459263
633624184 550374688
721090167 283554680
26800647 141277045
246185741 178679691
5873744 789123976
156363388 937717815
964935001 993040412
585383553 234685858
450738125 372781239
137168574 911853189
934427813 216549228
896705348 664847007
680205566 195000297
584622222 885853535
476426917 346673304
869215400 598178433
419672853 941854849
82833973 631109272
394557781 36957473
535615022 730044223
769275092 343835221
23174771 648073081
104311125 376910749
889861973 765705521
78911964 681801553
422466954 572719953
520581458 360874468
442347885 545204485
189302857 704406078
769891198 266199588
440327763 127871515
377490370 175084034
214381490 362593521
313496615 981607604
16378332 314291553
454358664 376339309
886972287 650054461
489640145 519357053
658058356 431346773
921396200 546981905
842373061 209973681
89862433 763897132
488891153 979845331
198014226 5208175
675882068 779542438
617058203 932491254
293947450 784766385
886487818 523352089
149407358 485921273
746728590 773697903
934615888 541080867
401279941 875929676
533632221 830414338
47261031 432684265
371479375 1060112
232033050 279487869
900932444 317212503
215734620 141619990
922341214 331172469
283120075 916806850
676192394 983854379
807266569 346434312
967355894 437034279
821953236 525699536
231461351 329799959
938326346 697736453
47908553 805317417
90833407 690380697
609429918 788037378
374974852 735034029
297508111 340074561
672273197 39252873
568055266 754900844
844886107 171419538
954420762 311185807
475841057 98285355
88192819 412069127
47944299 457168315
264667451 306673080
830616371 486513231
87673759 339315552
568698866 471238492
757835784 267635626
578581381 747175090
2237144 988297769
375649308 926776509
637494222 251430531
455363796 925323112
955725611 159534892
996584811 167347390
270390843 684271349
615998864 805964711
132026638 564039671
532133391 222181508
248712490 621138484
237381471 742927185
264252238 930725576
104088293 880532399
270969189 492237624
325202565 841629732
356209978 267498099
350566995 892002492
643630274 93124846
42151490 293696820
751933750 794706603
341117864 239071499
685818755 722430942
91784683 162926399
483175173 530584638
686444884 998435212
483424459 72302406
726634704 764471059
563326576 132921468
360483035 836417616
550457995 102322623
52661236 602539944
340619034 245752113
664541635 731784609
42670083 599979602
34657909 178008043
606153066 946934232
597320725 335520020
692138798 832387443
514056188 200505761
879550277 978656562
115851959 918696885
18135993 23275994
382518031 37738698
802849059 139360875
274295548 778444002
193923001 326389102
641339253 487358671
751499387 247218485
969533499 110788718
252222689 66782823
596458310 924663892
770617823 712480566
43791669 721258348
850160769 392538870
401356591 836488736
895705882 824822308
576819424 791761756
338422315 984234038
67840368 23809792
583398392 954413954
734641137 718710162
844881287 999479237
811254084 655306628
882900168 789114141
419719803 585141249
487902262 128669085
84469645 655344464
180559607 947159055
596264444 903241814
238808196 225595560
621730105 417074368
481964139 398207632
891147566 547840787
120298052 969749846
773522573 583355360
83138334 928399779
167245802 914510899
838087001 19225840
42981438 492329847
884263803 695708975
462427443 137808192
883028197 636719570
538714960 297386234
866497426 281981100
165103513 711919396
537689185 214191399
446715180 43492079
618045309 422614650
954832438 568690605
676642580 216973766
247993837 140045921
309942383 663664469
177547522 512465315
832935637 762747699
70185214 92896337
204901144 781327446
300909915 447491891
433179770 239670380
298427133 599130620
844841032 727241931
142829428 891322674
940062435 973145512
