3000
163042213 163042213
802811934 802811934
471186168 471186168
237177759 237177759
936895360 936895360
727587835 727587835
404387592 404387592
510235352 510235352
110104134 110104134
347287985 347287985
886214878 886214878
331938425 331938425
138002479 138002479
206107919 206107919
851993231 851993231
49108592 49108592
543688111 543688111
274321907 274321907
391429433 391429433
456634450 456634450
111116765 111116765
913494300 913494300
198573258 198573258
647054778 647054778
50018534 50018534
543019457 543019457
189432240 189432240
895530936 895530936
62200727 62200727
173857477 173857477
537258021 537258021
66830717 66830717
96921126 96921126
611350074 611350074
215907698 215907698
233894943 233894943
706824367 706824367
340333636 340333636
358569118 358569118
667669483 667669483
102641849 102641849
576104298 576104298
162920247 162920247
146588146 146588146
307310490 307310490
819326183 819326183
833622597 833622597
939817235 939817235
384436324 384436324
662214435 662214435
811507048 811507048
403978021 403978021
253053158 253053158
265672220 265672220
580846237 580846237
150983032 150983032
949549107 949549107
548070436 548070436
397785629 397785629
2730214 2730214
209565522 209565522
435467198 435467198
702631151 702631151
430902579 430902579
936427895 936427895
948453783 948453783
479762036 479762036
460540909 460540909
184040924 184040924
299545331 299545331
627574501 627574501
569208517 569208517
235723881 235723881
443694030 443694030
655200768 655200768
643202302 643202302
256598110 256598110
361354031 361354031
18158388 18158388
550250818 550250818
806500096 806500096
582503193 582503193
389114621 389114621
662131706 662131706
496089737 496089737
154243016 154243016
681726436 681726436
83652391 83652391
327535011 327535011
308430066 308430066
694278293 694278293
658481326 658481326
869926327 869926327
431489948 431489948
255068932 255068932
285409671 285409671
496280466 496280466
56558162 56558162
882210659 882210659
324113576 324113576
481849549 481849549
43430115 43430115
420108734 420108734
843091154 843091154
201253102 201253102
124584388 124584388
181053401 181053401
646743408 646743408
97515079 97515079
344715598 344715598
824512120 824512120
468382397 468382397
634992658 634992658
191088571 191088571
503698283 503698283
691106341 691106341
364515487 364515487
700417297 700417297
830813218 830813218
84512959 84512959
616899016 616899016
194432709 194432709
763438546 763438546
465438672 465438672
551598575 551598575
67835484 67835484
985722297 985722297
674418691 674418691
429755278 429755278
133087935 133087935
151721260 151721260
282987467 282987467
993862687 993862687
151691793 151691793
267047269 267047269
761161431 761161431
137409400 137409400
8812984 8812984
186019575 186019575
828276792 828276792
661158941 661158941
611004017 611004017
134402943 134402943
11242388 11242388
968215734 968215734
411250543 411250543
623170818 623170818
35114464 35114464
598969545 598969545
279975495 279975495
199812844 199812844
554563100 554563100
990185772 990185772
793465131 793465131
95277647 95277647
140402498 140402498
18006876 18006876
70818846 70818846
160994960 160994960
662500668 662500668
329202292 329202292
204053924 204053924
481448236 481448236
447045373 447045373
631511893 631511893
370574249 370574249
695919690 695919690
353750555 353750555
807913129 807913129
611739571 611739571
598040463 598040463
424910568 424910568
850049369 850049369
47982746 47982746
286778214 286778214
959898809 959898809
915670802 915670802
196072518 196072518
214935415 214935415
6749967 6749967
937935744 937935744
928183889 928183889
545768105 545768105
901308741 901308741
29023359 29023359
949784399 949784399
380798404 380798404
540993050 540993050
71827427 71827427
758027853 758027853
489388773 489388773
471595565 471595565
924463744 924463744
657225107 657225107
240243486 240243486
743664011 743664011
733043078 733043078
213287504 213287504
772132673 772132673
599249718 599249718
802816413 802816413
608424024 608424024
964773501 964773501
505300819 505300819
7568724 7568724
164624991 164624991
167595639 167595639
260617377 260617377
205668481 205668481
342541953 342541953
894183655 894183655
605305938 605305938
222439891 222439891
3756192 3756192
350253521 350253521
500753091 500753091
768626196 768626196
861985662 861985662
732864466 732864466
349403289 349403289
244186351 244186351
588499643 588499643
557083118 557083118
221369774 221369774
548896244 548896244
891133664 891133664
338703683 338703683
659461585 659461585
22518250 22518250
733021413 733021413
881097416 881097416
991443505 991443505
419421258 419421258
546065006 546065006
83665161 83665161
340633997 340633997
372194990 372194990
898713707 898713707
835328595 835328595
362726960 362726960
998949193 998949193
661443105 661443105
624647393 624647393
760204791 760204791
484991026 484991026
770801551 770801551
211438117 211438117
860353617 860353617
199204034 199204034
920552277 920552277
624291990 624291990
208805257 208805257
771789383 771789383
25366081 25366081
688305111 688305111
303357373 303357373
622340439 622340439
309584608 309584608
9463914 9463914
593537186 593537186
275335662 275335662
651517846 651517846
583010529 583010529
860836812 860836812
433439055 433439055
371070501 371070501
662541362 662541362
604782247 604782247
266277616 266277616
869154080 869154080
627575764 627575764
683058771 683058771
67856588 67856588
515426290 515426290
46526959 46526959
662718015 662718015
118894808 118894808
253325412 253325412
290090189 290090189
127254416 127254416
15813442 15813442
949253499 949253499
441770862 441770862
30566618 30566618
132311148 132311148
851486626 851486626
992953755 992953755
625874790 625874790
477625911 477625911
200382688 200382688
667798145 667798145
832024180 832024180
375492366 375492366
552238982 552238982
721987591 721987591
261732466 261732466
247264410 247264410
259061013 259061013
983777838 983777838
309539705 309539705
145132812 145132812
70617290 70617290
26728842 26728842
398747363 398747363
245761493 245761493
102690508 102690508
948138253 948138253
404752089 404752089
423174782 423174782
720865943 720865943
913590375 913590375
662773598 662773598
107319062 107319062
996357514 996357514
724918056 724918056
860000248 860000248
47242093 47242093
509293687 509293687
703459125 703459125
369759498 369759498
299368249 299368249
147159033 147159033
688687792 688687792
978688670 978688670
367524362 367524362
515635061 515635061
206008813 206008813
410317650 410317650
898575824 898575824
791321478 791321478
314292279 314292279
650210552 650210552
710960385 710960385
337207193 337207193
314997269 314997269
63589668 63589668
740500907 740500907
525145158 525145158
298817183 298817183
164178963 164178963
50127014 50127014
332414041 332414041
956741350 956741350
989447551 989447551
514554673 514554673
734952268 734952268
864191337 864191337
132984150 132984150
110346979 110346979
950489275 950489275
342163961 342163961
854209997 854209997
454105734 454105734
336540618 336540618
967731578 967731578
503524016 503524016
210971727 210971727
654843625 654843625
404677654 404677654
120645993 120645993
551630616 551630616
231290194 231290194
285719648 285719648
829124330 829124330
684458289 684458289
326707287 326707287
903613201 903613201
536874179 536874179
927122219 927122219
142249709 142249709
16800663 16800663
699918649 699918649
7520450 7520450
995306011 995306011
203068787 203068787
902287856 902287856
523618992 523618992
140786612 140786612
331481397 331481397
889108267 889108267
592991026 592991026
381354933 381354933
864287856 864287856
104678341 104678341
945369448 945369448
359739242 359739242
232899777 232899777
218040916 218040916
110032812 110032812
77766706 77766706
216594216 216594216
834416080 834416080
863999878 863999878
868663071 868663071
632220510 632220510
598132337 598132337
912774249 912774249
469279123 469279123
888715614 888715614
204512448 204512448
6981993 6981993
944819681 944819681
126814938 126814938
480565672 480565672
887311401 887311401
285333009 285333009
13739792 13739792
753762991 753762991
364626142 364626142
151209833 151209833
498288444 498288444
172553338 172553338
205247844 205247844
690954848 690954848
703389356 703389356
473751333 473751333
679928133 679928133
527053464 527053464
218768044 218768044
666895751 666895751
323622511 323622511
610509109 610509109
190187448 190187448
565452878 565452878
29247756 29247756
284576945 284576945
83601372 83601372
867616788 867616788
261031985 261031985
468207143 468207143
240531485 240531485
791757230 791757230
208693156 208693156
723349539 723349539
461844792 461844792
240225716 240225716
876362957 876362957
904732186 904732186
822896365 822896365
89467775 89467775
585042742 585042742
251200546 251200546
508889267 508889267
88126883 88126883
600434232 600434232
494053975 494053975
832386021 832386021
942749520 942749520
134052150 134052150
627631333 627631333
14377271 14377271
621591025 621591025
564003669 564003669
81869621 81869621
624117889 624117889
708944871 708944871
858475849 858475849
915439046 915439046
435152776 435152776
831668441 831668441
521296072 521296072
38449674 38449674
687284719 687284719
906841089 906841089
374451041 374451041
603724006 603724006
656220166 656220166
830108841 830108841
648844964 648844964
707803218 707803218
825415661 825415661
772553748 772553748
358807603 358807603
678166489 678166489
984048129 984048129
915783334 915783334
51917540 51917540
105986422 105986422
652579047 652579047
483854578 483854578
414123416 414123416
868874332 868874332
796084461 796084461
794229828 794229828
541560626 541560626
755778205 755778205
618136171 618136171
547521561 547521561
419476812 419476812
278733513 278733513
19191753 19191753
495060549 495060549
997700240 997700240
586875802 586875802
734652226 734652226
587987504 587987504
579941000 579941000
334145395 334145395
798377640 798377640
991025279 991025279
355194436 355194436
296547545 296547545
594706943 594706943
143183431 143183431
762880786 762880786
748744001 748744001
93328623 93328623
528033308 528033308
373460881 373460881
478377424 478377424
587229332 587229332
218658791 218658791
765565973 765565973
465618073 465618073
410134091 410134091
66036604 66036604
271475160 271475160
580815221 580815221
942849664 942849664
362832379 362832379
248720981 248720981
212847005 212847005
513060264 513060264
916844437 916844437
224928112 224928112
381613376 381613376
219077976 219077976
386239682 386239682
622265523 622265523
556701264 556701264
680958602 680958602
184294227 184294227
790729890 790729890
472336068 472336068
684919659 684919659
60245568 60245568
858312391 858312391
285297101 285297101
177458439 177458439
565078287 565078287
487465320 487465320
710858583 710858583
229200021 229200021
317053614 317053614
20119405 20119405
598568292 598568292
434305211 434305211
166251662 166251662
33976531 33976531
810731360 810731360
969037235 969037235
21789724 21789724
704644724 704644724
631749889 631749889
350150494 350150494
216142870 216142870
830105670 830105670
720483570 720483570
273167426 273167426
875069990 875069990
162366966 162366966
465624515 465624515
573340830 573340830
720294536 720294536
140005326 140005326
185859512 185859512
504067603 504067603
25699194 25699194
765790288 765790288
453117447 453117447
986984078 986984078
302542457 302542457
951508783 951508783
506556399 506556399
825793731 825793731
32553304 32553304
421353536 421353536
146359864 146359864
101009123 101009123
188913496 188913496
80953171 80953171
421163542 421163542
37662886 37662886
332924627 332924627
286910328 286910328
636589589 636589589
755190673 755190673
732408454 732408454
351480379 351480379
485238897 485238897
153792636 153792636
426243383 426243383
940991177 940991177
156453188 156453188
755970595 755970595
393308854 393308854
490146766 490146766
123860541 123860541
64554285 64554285
2860582 2860582
503272047 503272047
971207608 971207608
992567840 992567840
715503329 715503329
580502376 580502376
590414725 590414725
629262263 629262263
455834089 455834089
489504837 489504837
174793666 174793666
150793618 150793618
8302550 8302550
345586999 345586999
850975466 850975466
138332224 138332224
386775636 386775636
182788239 182788239
54690274 54690274
70168788 70168788
741517963 741517963
778760100 778760100
68094877 68094877
443950551 443950551
260350678 260350678
359732192 359732192
142504885 142504885
42148544 42148544
51219983 51219983
903833770 903833770
560050759 560050759
838775863 838775863
126932981 126932981
354900404 354900404
740016597 740016597
475465444 475465444
605972457 605972457
784739188 784739188
183884651 183884651
319736489 319736489
897296628 897296628
290190569 290190569
166789640 166789640
80725737 80725737
259130369 259130369
901839012 901839012
343323292 343323292
812634177 812634177
378100774 378100774
972806082 972806082
566439018 566439018
765322812 765322812
7384623 7384623
439853761 439853761
870711795 870711795
709196943 709196943
914066301 914066301
863745613 863745613
23100215 23100215
665417239 665417239
599866308 599866308
631841686 631841686
362221097 362221097
544986741 544986741
907489392 907489392
602979100 602979100
834875173 834875173
724326697 724326697
344939191 344939191
355823657 355823657
286340288 286340288
857062502 857062502
691082748 691082748
681821357 681821357
520160728 520160728
30682425 30682425
156806937 156806937
107150436 107150436
875847076 875847076
658918532 658918532
755963824 755963824
431221624 431221624
915032100 915032100
424351680 424351680
449302331 449302331
51524459 51524459
632169045 632169045
121047471 121047471
159027862 159027862
717348918 717348918
251850822 251850822
163091361 163091361
38536269 38536269
220936687 220936687
641712660 641712660
669907880 669907880
488322100 488322100
287765877 287765877
888488338 888488338
193469093 193469093
354425189 354425189
606155190 606155190
59910421 59910421
375811196 375811196
920862681 920862681
929563974 929563974
325224514 325224514
228787404 228787404
868726656 868726656
660517305 660517305
243600089 243600089
154656627 154656627
735187297 735187297
141039937 141039937
600703277 600703277
431848548 431848548
604965541 604965541
530139968 530139968
487574121 487574121
913300163 913300163
58338116 58338116
375055620 375055620
295446567 295446567
716460338 716460338
901896513 901896513
232367929 232367929
216099583 216099583
759561497 759561497
701011635 701011635
430486351 430486351
538530486 538530486
572549292 572549292
471576742 471576742
576183970 576183970
586963558 586963558
846020712 846020712
47328917 47328917
254053381 254053381
494215582 494215582
444152116 444152116
546707852 546707852
545545823 545545823
22225372 22225372
678274499 678274499
982049009 982049009
602333735 602333735
872453681 872453681
660108058 660108058
460973690 460973690
285974552 285974552
703870612 703870612
969391461 969391461
611220751 611220751
261637936 261637936
704390032 704390032
327306108 327306108
59584336 59584336
589133736 589133736
919876130 919876130
119504890 119504890
162593522 162593522
417171190 417171190
744650517 744650517
631368203 631368203
103140195 103140195
447181440 447181440
150340193 150340193
738026517 738026517
558343885 558343885
415840878 415840878
116726234 116726234
993741293 993741293
444708655 444708655
305562198 305562198
115629996 115629996
893959725 893959725
457518482 457518482
706536661 706536661
247449843 247449843
169170982 169170982
301582319 301582319
398893157 398893157
637973669 637973669
373655176 373655176
498200015 498200015
865351730 865351730
942922025 942922025
472090259 472090259
982283290 982283290
38342225 38342225
889446636 889446636
575904394 575904394
776951239 776951239
368404565 368404565
558534685 558534685
27427061 27427061
48553616 48553616
392280378 392280378
63623960 63623960
826014057 826014057
592088137 592088137
20096040 20096040
64219694 64219694
35424663 35424663
52909690 52909690
512612801 512612801
453005025 453005025
394252190 394252190
321103968 321103968
805110364 805110364
86135904 86135904
782759019 782759019
781723873 781723873
900653678 900653678
668701729 668701729
504825662 504825662
66168871 66168871
875395122 875395122
765447032 765447032
519137322 519137322
412094421 412094421
877999596 877999596
27634485 27634485
38953888 38953888
969966855 969966855
699138739 699138739
353586481 353586481
914461456 914461456
617084277 617084277
431484261 431484261
458418339 458418339
668207203 668207203
454343626 454343626
781435685 781435685
389618452 389618452
209921908 209921908
388135055 388135055
53169717 53169717
614619741 614619741
214538952 214538952
151056830 151056830
622158173 622158173
532669865 532669865
547563055 547563055
816964704 816964704
948378851 948378851
764741652 764741652
636542162 636542162
356687747 356687747
564636287 564636287
312785934 312785934
882826822 882826822
494499841 494499841
51329822 51329822
930810432 930810432
649943641 649943641
209538326 209538326
219981099 219981099
19110032 19110032
748211186 748211186
670399759 670399759
964426363 964426363
819183970 819183970
777928999 777928999
860600072 860600072
129554300 129554300
675688729 675688729
678308122 678308122
392117163 392117163
150550942 150550942
377407199 377407199
580235077 580235077
496564067 496564067
343878826 343878826
937585897 937585897
918647478 918647478
721913971 721913971
360546883 360546883
917380205 917380205
164811800 164811800
269493163 269493163
555340809 555340809
187717815 187717815
664610167 664610167
373013580 373013580
77667793 77667793
164428732 164428732
719583037 719583037
294752380 294752380
512551991 512551991
853233348 853233348
88335392 88335392
960207713 960207713
66094102 66094102
157022958 157022958
632804887 632804887
280631724 280631724
567790553 567790553
379268888 379268888
308439496 308439496
847021647 847021647
290298865 290298865
431644029 431644029
406544085 406544085
322834615 322834615
991891597 991891597
367979240 367979240
9172307 9172307
282277406 282277406
541686000 541686000
149986980 149986980
499535205 499535205
966547731 966547731
372339520 372339520
539345905 539345905
697822639 697822639
940739982 940739982
955286776 955286776
844766276 844766276
600839003 600839003
626833508 626833508
481439381 481439381
41998491 41998491
486288596 486288596
381262135 381262135
666228934 666228934
901380113 901380113
548484183 548484183
168261981 168261981
13453586 13453586
455279160 455279160
969611791 969611791
141886831 141886831
232805307 232805307
748940734 748940734
978341880 978341880
243076370 243076370
172367813 172367813
839732399 839732399
270803945 270803945
217745518 217745518
179817662 179817662
980328554 980328554
242814630 242814630
859627119 859627119
580077491 580077491
215047867 215047867
78067113 78067113
761580970 761580970
593804877 593804877
227927490 227927490
604041512 604041512
921935196 921935196
362651425 362651425
453390901 453390901
74812929 74812929
594447526 594447526
54264784 54264784
802832676 802832676
407352550 407352550
641762795 641762795
16471078 16471078
536202548 536202548
675571754 675571754
387639126 387639126
233880655 233880655
269359512 269359512
248000593 248000593
90781641 90781641
157793388 157793388
862677857 862677857
918363574 918363574
933571525 933571525
559093550 559093550
437749868 437749868
338765189 338765189
361251030 361251030
267431314 267431314
947543985 947543985
81546148 81546148
456674852 456674852
754497783 754497783
219855222 219855222
606822602 606822602
203773930 203773930
838077350 838077350
317375229 317375229
425670907 425670907
956143258 956143258
978252952 978252952
272054983 272054983
181405237 181405237
174239454 174239454
853155994 853155994
598083830 598083830
340117991 340117991
592164559 592164559
212108702 212108702
556416341 556416341
245942007 245942007
307487776 307487776
897047974 897047974
778226776 778226776
417090662 417090662
411601498 411601498
338386325 338386325
821894904 821894904
673764927 673764927
980824642 980824642
325743557 325743557
963457362 963457362
925849302 925849302
318843018 318843018
658284074 658284074
956689235 956689235
19877889 19877889
880748638 880748638
922220655 922220655
996288618 996288618
131715143 131715143
801964323 801964323
609880933 609880933
705361025 705361025
562336491 562336491
376197405 376197405
171187524 171187524
642991942 642991942
690523267 690523267
881013732 881013732
958953005 958953005
110992951 110992951
910187447 910187447
569812953 569812953
729062181 729062181
855786994 855786994
68555497 68555497
508036034 508036034
17267652 17267652
509415280 509415280
498702891 498702891
115389112 115389112
210799356 210799356
529807756 529807756
93870725 93870725
963831990 963831990
516044934 516044934
399443045 399443045
566861529 566861529
202638019 202638019
171235279 171235279
891310560 891310560
84086198 84086198
399862385 399862385
8820450 8820450
597581629 597581629
108339105 108339105
996805754 996805754
810254259 810254259
386612296 386612296
76800050 76800050
711165311 711165311
959189582 959189582
417127684 417127684
697643836 697643836
674780365 674780365
307014358 307014358
32972964 32972964
190462159 190462159
925635518 925635518
232523552 232523552
218359366 218359366
836250524 836250524
158852633 158852633
688765186 688765186
418014590 418014590
311200945 311200945
576308202 576308202
66423116 66423116
297468181 297468181
365715923 365715923
618411389 618411389
33266517 33266517
544339347 544339347
839735886 839735886
392697870 392697870
914647820 914647820
533576551 533576551
548645883 548645883
754425101 754425101
948931654 948931654
967687559 967687559
241950542 241950542
391171752 391171752
572177037 572177037
394467629 394467629
868317507 868317507
439265254 439265254
172547707 172547707
660662734 660662734
420266552 420266552
969283139 969283139
380174646 380174646
948677749 948677749
739414788 739414788
15952499 15952499
847298989 847298989
554992487 554992487
781562163 781562163
379313190 379313190
48453338 48453338
869069645 869069645
466562890 466562890
510257548 510257548
935806552 935806552
985382672 985382672
297654459 297654459
600769624 600769624
613499947 613499947
893365236 893365236
257064803 257064803
341058183 341058183
964170041 964170041
87256034 87256034
947325171 947325171
246535450 246535450
584893905 584893905
690768489 690768489
902072481 902072481
6193533 6193533
382583551 382583551
238160203 238160203
437888820 437888820
718121814 718121814
753201291 753201291
532913050 532913050
490271601 490271601
194348643 194348643
764288928 764288928
492164123 492164123
533743604 533743604
617643664 617643664
419757641 419757641
932873679 932873679
267017082 267017082
185342284 185342284
992111403 992111403
423116163 423116163
175661525 175661525
420956482 420956482
398277126 398277126
537018527 537018527
978699638 978699638
213347105 213347105
505766597 505766597
651528087 651528087
442869652 442869652
892363226 892363226
319263514 319263514
587431643 587431643
830095599 830095599
459884971 459884971
203476604 203476604
830032267 830032267
368277732 368277732
25012846 25012846
265687825 265687825
600052021 600052021
833228120 833228120
100806268 100806268
792673274 792673274
437044902 437044902
499885671 499885671
138384925 138384925
505552901 505552901
318941806 318941806
871314935 871314935
235776423 235776423
178671924 178671924
111314656 111314656
713868932 713868932
446527938 446527938
3190580 3190580
192653175 192653175
790920375 790920375
767624451 767624451
589979618 589979618
217003363 217003363
553188738 553188738
295891166 295891166
720641413 720641413
610851097 610851097
806769679 806769679
173772232 173772232
530391633 530391633
572587106 572587106
841172060 841172060
283020541 283020541
843274004 843274004
188759325 188759325
91648317 91648317
6212448 6212448
946381553 946381553
926761143 926761143
800394146 800394146
353413389 353413389
807332676 807332676
219586718 219586718
530162888 530162888
242537341 242537341
665524746 665524746
400305183 400305183
334313394 334313394
540401468 540401468
21911734 21911734
260612692 260612692
173299842 173299842
566273574 566273574
329432368 329432368
357644437 357644437
136384050 136384050
410473699 410473699
333463931 333463931
283494025 283494025
470724161 470724161
509474883 509474883
248892486 248892486
950858122 950858122
750274092 750274092
323830874 323830874
60455770 60455770
191749671 191749671
803355062 803355062
166788520 166788520
800819274 800819274
819509220 819509220
165906470 165906470
46254459 46254459
237389747 237389747
44536773 44536773
446223768 446223768
347180179 347180179
868343603 868343603
676128936 676128936
315217506 315217506
766061677 766061677
272565415 272565415
552357297 552357297
428401727 428401727
564031119 564031119
964651886 964651886
347659511 347659511
733172118 733172118
705194462 705194462
603338444 603338444
668050603 668050603
701439467 701439467
951343217 951343217
707822957 707822957
739910205 739910205
780844672 780844672
440847518 440847518
203110223 203110223
955830256 955830256
409690572 409690572
284530475 284530475
739131971 739131971
829866363 829866363
673397367 673397367
808962256 808962256
438930386 438930386
408725959 408725959
879090636 879090636
860672501 860672501
641387417 641387417
723564636 723564636
858358514 858358514
798373834 798373834
573527886 573527886
332850810 332850810
359720751 359720751
475819324 475819324
473891963 473891963
996342517 996342517
876350960 876350960
837675729 837675729
389470107 389470107
322386188 322386188
468628650 468628650
709595486 709595486
793286140 793286140
574812105 574812105
298222752 298222752
306980497 306980497
575076351 575076351
986541670 986541670
736420988 736420988
133339126 133339126
425175157 425175157
215903232 215903232
20075817 20075817
874419122 874419122
920655337 920655337
998598026 998598026
710391389 710391389
507924953 507924953
785368998 785368998
124072711 124072711
597751759 597751759
4385468 4385468
599312437 599312437
680600023 680600023
936245056 936245056
789102116 789102116
65882541 65882541
809330363 809330363
39918980 39918980
123655645 123655645
493553527 493553527
826581130 826581130
227898949 227898949
623701851 623701851
34331383 34331383
664491675 664491675
424271673 424271673
650586520 650586520
462619629 462619629
513402432 513402432
259034792 259034792
398314080 398314080
291982477 291982477
939509660 939509660
520397835 520397835
724279237 724279237
552489187 552489187
51341084 51341084
810214378 810214378
456062367 456062367
690480617 690480617
659635958 659635958
862393213 862393213
589025808 589025808
774040147 774040147
857518394 857518394
480185911 480185911
819667908 819667908
612788433 612788433
514539087 514539087
331139760 331139760
695688320 695688320
730469891 730469891
839773122 839773122
277961213 277961213
856125256 856125256
212709240 212709240
860864257 860864257
291592477 291592477
941290909 941290909
193716182 193716182
210660210 210660210
295607491 295607491
294016454 294016454
12273637 12273637
668672795 668672795
518467578 518467578
363700518 363700518
452186783 452186783
735302433 735302433
732266195 732266195
379736755 379736755
784412470 784412470
972252984 972252984
724329481 724329481
911930948 911930948
537867901 537867901
896321432 896321432
761104957 761104957
570794601 570794601
866121530 866121530
508524013 508524013
512530667 512530667
481442284 481442284
385514680 385514680
347515981 347515981
904837733 904837733
363452285 363452285
955317539 955317539
976649675 976649675
803941730 803941730
530060187 530060187
1883320 1883320
533403488 533403488
404459177 404459177
612194876 612194876
587420668 587420668
717837173 717837173
523598466 523598466
747147585 747147585
150489901 150489901
10164396 10164396
9790903 9790903
512569884 512569884
611669898 611669898
161227858 161227858
312770823 312770823
180278494 180278494
853569382 853569382
471297855 471297855
179283628 179283628
509432452 509432452
815132349 815132349
854144866 854144866
880280104 880280104
326344117 326344117
865703881 865703881
764828022 764828022
462965554 462965554
439615315 439615315
251852215 251852215
279708320 279708320
762549079 762549079
724235657 724235657
712188161 712188161
811953161 811953161
584539960 584539960
534017662 534017662
924364637 924364637
741247738 741247738
124500128 124500128
613472548 613472548
96628130 96628130
731115285 731115285
563447407 563447407
188771178 188771178
502932695 502932695
115996060 115996060
699141184 699141184
682945875 682945875
709036688 709036688
18293169 18293169
81393753 81393753
67263900 67263900
45153338 45153338
390489898 390489898
950226391 950226391
33792047 33792047
549286241 549286241
390952932 390952932
661330047 661330047
68794598 68794598
498976587 498976587
418579162 418579162
555227210 555227210
717778013 717778013
885346151 885346151
196451485 196451485
608382391 608382391
240808494 240808494
896871504 896871504
32757417 32757417
233247587 233247587
974153392 974153392
118759858 118759858
588314493 588314493
632602930 632602930
169969664 169969664
256523884 256523884
48292375 48292375
252908503 252908503
43100191 43100191
584931678 584931678
707123803 707123803
263019074 263019074
19281538 19281538
946023442 946023442
59893658 59893658
674701258 674701258
952238721 952238721
549093106 549093106
732906304 732906304
848487624 848487624
446042004 446042004
120746114 120746114
928165390 928165390
935754010 935754010
542805140 542805140
339375678 339375678
87689973 87689973
455885889 455885889
786960663 786960663
644713792 644713792
289561666 289561666
16849731 16849731
300611530 300611530
901063121 901063121
22724604 22724604
165902069 165902069
483999807 483999807
389224514 389224514
9072768 9072768
602463535 602463535
706239265 706239265
225362529 225362529
367533040 367533040
629306187 629306187
710446650 710446650
47124573 47124573
751343630 751343630
72316430 72316430
469650247 469650247
922086997 922086997
56242782 56242782
147811286 147811286
972997945 972997945
529293695 529293695
218459479 218459479
768672203 768672203
122470608 122470608
999645662 999645662
592825449 592825449
556103794 556103794
177216271 177216271
92111437 92111437
875303446 875303446
60172987 60172987
581877825 581877825
163470694 163470694
556810518 556810518
435365116 435365116
632094821 632094821
446212520 446212520
477109878 477109878
364923199 364923199
516020205 516020205
415031847 415031847
352969036 352969036
966762709 966762709
373978470 373978470
694390984 694390984
436875958 436875958
760426779 760426779
85912094 85912094
864690389 864690389
554040824 554040824
15893434 15893434
835818985 835818985
165301792 165301792
447848807 447848807
984489794 984489794
559210841 559210841
710867989 710867989
399371029 399371029
34761942 34761942
182612215 182612215
271552235 271552235
84356304 84356304
654271815 654271815
701065202 701065202
584819137 584819137
100282584 100282584
395418979 395418979
350497325 350497325
94520929 94520929
161734085 161734085
842291630 842291630
244725393 244725393
342994733 342994733
264234188 264234188
905631545 905631545
144165652 144165652
140971619 140971619
457413128 457413128
613701452 613701452
427940027 427940027
92578407 92578407
523969484 523969484
761263080 761263080
264877062 264877062
618977864 618977864
250583845 250583845
425477398 425477398
802322881 802322881
953948441 953948441
492934783 492934783
565007922 565007922
49131799 49131799
397710618 397710618
175075771 175075771
824321983 824321983
150983696 150983696
682512830 682512830
147821141 147821141
710764396 710764396
87070962 87070962
516128288 516128288
728096552 728096552
706542116 706542116
267183700 267183700
394166396 394166396
707163415 707163415
304074935 304074935
476067585 476067585
89572469 89572469
263188718 263188718
948163444 948163444
262760412 262760412
874330054 874330054
859067062 859067062
567721280 567721280
77023196 77023196
868331196 868331196
793414634 793414634
991471017 991471017
626394705 626394705
788691027 788691027
933574505 933574505
336265543 336265543
387664477 387664477
965462893 965462893
473648891 473648891
985883722 985883722
184946276 184946276
283944055 283944055
872073338 872073338
835087135 835087135
341977457 341977457
395467003 395467003
65490651 65490651
412920841 412920841
113296693 113296693
563125902 563125902
725239695 725239695
178349680 178349680
707480607 707480607
32338894 32338894
234971251 234971251
66449420 66449420
980100385 980100385
817223692 817223692
888289039 888289039
113936570 113936570
318014861 318014861
109014778 109014778
32311019 32311019
416180583 416180583
75879854 75879854
887502034 887502034
603259479 603259479
173981620 173981620
66389431 66389431
846748370 846748370
92560581 92560581
643415925 643415925
638104138 638104138
176779994 176779994
444583293 444583293
708473757 708473757
779239645 779239645
153163182 153163182
693868912 693868912
806518277 806518277
475448048 475448048
169189207 169189207
191894832 191894832
440886121 440886121
454642452 454642452
976895639 976895639
48439931 48439931
103921790 103921790
119830621 119830621
362915417 362915417
719235657 719235657
925347053 925347053
251088937 251088937
765059001 765059001
852912182 852912182
909727510 909727510
658507638 658507638
79366556 79366556
44751539 44751539
758237751 758237751
331773076 331773076
902003012 902003012
165793628 165793628
115617430 115617430
207996128 207996128
768765390 768765390
414731292 414731292
358577952 358577952
935444188 935444188
953824423 953824423
970322161 970322161
284678810 284678810
763778198 763778198
408319974 408319974
233517854 233517854
365698901 365698901
518771920 518771920
895567454 895567454
916877034 916877034
546297275 546297275
270002698 270002698
562354062 562354062
451014870 451014870
858431497 858431497
778046657 778046657
56313950 56313950
340900322 340900322
709901291 709901291
900402611 900402611
10479178 10479178
37220638 37220638
496198139 496198139
800159968 800159968
864043290 864043290
354730968 354730968
326857511 326857511
454328711 454328711
936901753 936901753
782225720 782225720
685616466 685616466
58399990 58399990
325432654 325432654
436372185 436372185
291216302 291216302
47727417 47727417
921440999 921440999
169640473 169640473
188889110 188889110
41809517 41809517
883617091 883617091
720124993 720124993
53399394 53399394
982875721 982875721
537315073 537315073
953751509 953751509
262804561 262804561
45080223 45080223
732077650 732077650
406442221 406442221
841744159 841744159
624109712 624109712
946912061 946912061
175497915 175497915
728675185 728675185
382987498 382987498
416137082 416137082
704579068 704579068
855071146 855071146
52522444 52522444
593838428 593838428
5412055 5412055
516128541 516128541
462024023 462024023
686607945 686607945
675315195 675315195
575524638 575524638
231000199 231000199
194029975 194029975
234982191 234982191
243242891 243242891
576429351 576429351
248752049 248752049
740074701 740074701
33514726 33514726
488219533 488219533
341034836 341034836
286175298 286175298
51161442 51161442
896142702 896142702
347309387 347309387
773312186 773312186
863549660 863549660
424346188 424346188
250672442 250672442
243490097 243490097
136271396 136271396
949684380 949684380
381036638 381036638
395621284 395621284
18874838 18874838
890019366 890019366
532891231 532891231
405293236 405293236
702298128 702298128
540370553 540370553
462917172 462917172
580273124 580273124
609632278 609632278
987810907 987810907
773645755 773645755
521898994 521898994
497282049 497282049
956042036 956042036
30533531 30533531
738270423 738270423
31825488 31825488
538560389 538560389
260485589 260485589
606164754 606164754
80555557 80555557
107751910 107751910
909863481 909863481
614856262 614856262
940727109 940727109
607049951 607049951
983141799 983141799
657220924 657220924
505822333 505822333
667570428 667570428
425386878 425386878
694090268 694090268
393240638 393240638
970927268 970927268
898477072 898477072
122019842 122019842
655301996 655301996
48633366 48633366
77261189 77261189
548595572 548595572
320408382 320408382
438091535 438091535
641108914 641108914
184736250 184736250
182170530 182170530
910519439 910519439
989914742 989914742
956927738 956927738
131402124 131402124
101525696 101525696
534013177 534013177
753104252 753104252
627966846 627966846
279429164 279429164
841580973 841580973
769521434 769521434
792348086 792348086
311213427 311213427
757160528 757160528
407827367 407827367
542037459 542037459
453455648 453455648
698575801 698575801
950654569 950654569
602748463 602748463
974648804 974648804
878657214 878657214
12644077 12644077
459303944 459303944
587858764 587858764
251267002 251267002
26906693 26906693
179518497 179518497
550508420 550508420
972211721 972211721
928014839 928014839
513486994 513486994
745239726 745239726
450654611 450654611
111546707 111546707
608865458 608865458
793017292 793017292
664964280 664964280
674306545 674306545
665115347 665115347
552093026 552093026
501227424 501227424
563189661 563189661
237644357 237644357
153569789 153569789
576989571 576989571
943503935 943503935
76374753 76374753
935496106 935496106
425941517 425941517
266799348 266799348
884300470 884300470
45478421 45478421
934460100 934460100
349883608 349883608
507636120 507636120
366253621 366253621
735638809 735638809
459699390 459699390
312875149 312875149
440739154 440739154
992849416 992849416
613007780 613007780
330029749 330029749
737315110 737315110
525118628 525118628
636877767 636877767
543984599 543984599
792988895 792988895
419346722 419346722
592197854 592197854
130647826 130647826
641369784 641369784
8102507 8102507
312998850 312998850
768453899 768453899
463663475 463663475
788804611 788804611
233820048 233820048
665083742 665083742
331242904 331242904
406260099 406260099
20163307 20163307
178968300 178968300
165984783 165984783
774487204 774487204
24431333 24431333
728264723 728264723
942414999 942414999
336812501 336812501
135428416 135428416
898390208 898390208
976088644 976088644
394958147 394958147
911597705 911597705
75670927 75670927
393312462 393312462
438044059 438044059
691184345 691184345
457726401 457726401
689690059 689690059
112267459 112267459
744697036 744697036
593129513 593129513
805201598 805201598
484039709 484039709
713916804 713916804
337033069 337033069
78202696 78202696
10023955 10023955
920360423 920360423
904810993 904810993
681722027 681722027
620136536 620136536
411545657 411545657
551847697 551847697
540142678 540142678
1374681 1374681
664538952 664538952
882762920 882762920
647095637 647095637
347906850 347906850
100151962 100151962
311756896 311756896
752312746 752312746
289616851 289616851
65799383 65799383
34000104 34000104
659671206 659671206
249325673 249325673
49810781 49810781
455327199 455327199
93717440 93717440
80866856 80866856
458151320 458151320
479622470 479622470
911924299 911924299
757713646 757713646
194126085 194126085
271640345 271640345
827197678 827197678
104470310 104470310
26190480 26190480
895901813 895901813
823347120 823347120
924328426 924328426
216802954 216802954
761726930 761726930
862193786 862193786
59801207 59801207
56579386 56579386
994166496 994166496
993804109 993804109
384382246 384382246
559446442 559446442
798122810 798122810
161113384 161113384
394063347 394063347
935407610 935407610
245738413 245738413
11141719 11141719
405640594 405640594
149199231 149199231
892776175 892776175
262225668 262225668
993989603 993989603
793435100 793435100
128229373 128229373
597365673 597365673
833189453 833189453
236949085 236949085
206592484 206592484
926010672 926010672
474477437 474477437
730497831 730497831
345268832 345268832
166641014 166641014
896102332 896102332
629209431 629209431
305675775 305675775
944057230 944057230
533240859 533240859
127967026 127967026
499858606 499858606
922384481 922384481
33131987 33131987
956447206 956447206
245809937 245809937
731694907 731694907
928880769 928880769
292382460 292382460
926186527 926186527
775444022 775444022
647775660 647775660
600739882 600739882
114582787 114582787
32962001 32962001
843053787 843053787
628568044 628568044
592303803 592303803
757565792 757565792
829103031 829103031
565696819 565696819
907203900 907203900
383234166 383234166
203043295 203043295
842619222 842619222
64666978 64666978
805674758 805674758
98363527 98363527
572514064 572514064
417861626 417861626
404077800 404077800
278383481 278383481
933405339 933405339
998073694 998073694
554993125 554993125
321647961 321647961
659793557 659793557
637533626 637533626
734145600 734145600
529009394 529009394
364791125 364791125
53953701 53953701
293521135 293521135
140033844 140033844
366024873 366024873
516243253 516243253
128117372 128117372
628336574 628336574
707261351 707261351
427704626 427704626
934327579 934327579
119287424 119287424
421572999 421572999
383916612 383916612
231007287 231007287
467799162 467799162
54317551 54317551
949563394 949563394
710005912 710005912
392629487 392629487
464223437 464223437
978236875 978236875
217294431 217294431
641538162 641538162
386677243 386677243
502188130 502188130
796794227 796794227
9559924 9559924
590573506 590573506
4505115 4505115
786891931 786891931
958626438 958626438
45454980 45454980
477609946 477609946
597494338 597494338
331125063 331125063
204971482 204971482
644840872 644840872
377903488 377903488
698391329 698391329
514747274 514747274
480075204 480075204
256299455 256299455
229250835 229250835
225050332 225050332
467735315 467735315
551409917 551409917
933461621 933461621
399173201 399173201
413676861 413676861
662032971 662032971
342296160 342296160
51145181 51145181
197707373 197707373
657794950 657794950
226736581 226736581
90843003 90843003
328987440 328987440
870244535 870244535
663277616 663277616
827890438 827890438
990801293 990801293
132018261 132018261
619218622 619218622
809554926 809554926
694537349 694537349
335437753 335437753
407284664 407284664
586568063 586568063
716095494 716095494
635478533 635478533
306032912 306032912
90983265 90983265
435983861 435983861
623973466 623973466
202990329 202990329
51079881 51079881
286902035 286902035
328937320 328937320
46580672 46580672
681034964 681034964
797562053 797562053
571927499 571927499
413809498 413809498
300004215 300004215
819255419 819255419
462320517 462320517
992195398 992195398
96712425 96712425
830440324 830440324
851844646 851844646
120024179 120024179
466676258 466676258
70342995 70342995
28699296 28699296
103347995 103347995
130632242 130632242
161249890 161249890
854499583 854499583
462630903 462630903
104319321 104319321
176480750 176480750
202368999 202368999
887769824 887769824
224435588 224435588
159408784 159408784
945868200 945868200
269160950 269160950
258540059 258540059
267489946 267489946
173624339 173624339
336857814 336857814
526892499 526892499
402617648 402617648
79313226 79313226
71070619 71070619
940719556 940719556
79852966 79852966
563901212 563901212
136511929 136511929
31019932 31019932
198607343 198607343
746221930 746221930
481667662 481667662
642833138 642833138
779593967 779593967
332047580 332047580
712743517 712743517
524116839 524116839
671394335 671394335
662130312 662130312
847181985 847181985
502652856 502652856
451104091 451104091
660936261 660936261
142754609 142754609
302903437 302903437
792785305 792785305
268269867 268269867
507758863 507758863
662281917 662281917
712931032 712931032
14439918 14439918
533795251 533795251
285760113 285760113
6751273 6751273
555982904 555982904
986909270 986909270
374134352 374134352
391056931 391056931
600201851 600201851
569458447 569458447
757514093 757514093
740149228 740149228
552873939 552873939
854490346 854490346
499222102 499222102
15823844 15823844
541751799 541751799
672674651 672674651
950211251 950211251
791381515 791381515
505299299 505299299
837951842 837951842
883360974 883360974
919707361 919707361
2972990 2972990
541981302 541981302
554544391 554544391
433225189 433225189
927719213 927719213
410394684 410394684
407819680 407819680
922877149 922877149
275275904 275275904
331580602 331580602
963086340 963086340
442366178 442366178
952598868 952598868
108406281 108406281
397504416 397504416
331958059 331958059
41591458 41591458
561044383 561044383
365878179 365878179
310555980 310555980
744242947 744242947
500537101 500537101
14074438 14074438
12971312 12971312
229866328 229866328
887327297 887327297
800197798 800197798
542882382 542882382
684728337 684728337
800744353 800744353
246761117 246761117
609593882 609593882
880439457 880439457
638218257 638218257
49450197 49450197
536816728 536816728
421244729 421244729
357051555 357051555
533423682 533423682
835854566 835854566
508212901 508212901
330826062 330826062
221456391 221456391
864375408 864375408
361303736 361303736
973197676 973197676
250983203 250983203
907086359 907086359
962289946 962289946
664693077 664693077
441181672 441181672
375769221 375769221
434528175 434528175
435098673 435098673
375910259 375910259
312557502 312557502
883083978 883083978
288141633 288141633
735555528 735555528
435989369 435989369
586079098 586079098
927664716 927664716
479011861 479011861
548091917 548091917
346267509 346267509
375450132 375450132
669120885 669120885
784653929 784653929
487907918 487907918
600642717 600642717
11695126 11695126
767130910 767130910
161205863 161205863
450437060 450437060
361513366 361513366
818112542 818112542
778980706 778980706
463204592 463204592
789463614 789463614
190083869 190083869
749898018 749898018
164960819 164960819
195267874 195267874
650036913 650036913
201579677 201579677
922154422 922154422
830477320 830477320
947066919 947066919
65522028 65522028
75060690 75060690
799016880 799016880
168005103 168005103
18260776 18260776
95546866 95546866
484642143 484642143
386796608 386796608
748918569 748918569
600398259 600398259
591584506 591584506
641516786 641516786
102675319 102675319
733125999 733125999
845666571 845666571
78766402 78766402
701191613 701191613
856045909 856045909
472370101 472370101
141921149 141921149
180161272 180161272
791784236 791784236
334237416 334237416
386385101 386385101
703723652 703723652
81206151 81206151
989384599 989384599
254678521 254678521
263137432 263137432
529152652 529152652
762049734 762049734
457473311 457473311
298849055 298849055
440467717 440467717
146541471 146541471
727012010 727012010
842381818 842381818
541986555 541986555
767859248 767859248
434132915 434132915
161113807 161113807
379405784 379405784
763070097 763070097
674949048 674949048
664392444 664392444
523784210 523784210
719471443 719471443
532022951 532022951
587710096 587710096
291624837 291624837
809451678 809451678
439980920 439980920
407428391 407428391
302715276 302715276
931124056 931124056
711062797 711062797
404202184 404202184
238041083 238041083
271654221 271654221
607813322 607813322
201920900 201920900
24879500 24879500
270643564 270643564
100614601 100614601
185971985 185971985
744114635 744114635
272971074 272971074
430564429 430564429
137896240 137896240
33727843 33727843
746418034 746418034
948666367 948666367
765322578 765322578
257228108 257228108
561960590 561960590
364086649 364086649
94784982 94784982
182793774 182793774
753297571 753297571
336927183 336927183
198987072 198987072
158312009 158312009
591805257 591805257
442573525 442573525
519267410 519267410
819838777 819838777
298899568 298899568
291021199 291021199
803703537 803703537
818645839 818645839
507773238 507773238
763533428 763533428
665833221 665833221
98069419 98069419
245198098 245198098
708362005 708362005
971847889 971847889
922682148 922682148
956471094 956471094
553487060 553487060
538480730 538480730
409445973 409445973
684218930 684218930
698233426 698233426
198168925 198168925
357535240 357535240
751025346 751025346
77358358 77358358
5603270 5603270
176391855 176391855
705550877 705550877
697357335 697357335
990170092 990170092
158599899 158599899
708762562 708762562
769836976 769836976
50658635 50658635
884957401 884957401
910280492 910280492
350362946 350362946
583819875 583819875
885637300 885637300
232615163 232615163
773861865 773861865
757797454 757797454
601325780 601325780
134502518 134502518
709612561 709612561
588937546 588937546
776831858 776831858
527138403 527138403
257922664 257922664
739675059 739675059
627786697 627786697
616970592 616970592
973441776 973441776
733268972 733268972
382767585 382767585
540262810 540262810
62470172 62470172
4818359 4818359
525936897 525936897
301754398 301754398
974757181 974757181
285778518 285778518
118975914 118975914
363634675 363634675
944413614 944413614
606134383 606134383
336249740 336249740
856142716 856142716
691458571 691458571
188030942 188030942
386439216 386439216
616464344 616464344
744755304 744755304
560212058 560212058
975613053 975613053
300190921 300190921
610219357 610219357
406033444 406033444
542119845 542119845
110845990 110845990
997209337 997209337
416448125 416448125
172219790 172219790
34703759 34703759
925338410 925338410
967732467 967732467
101977028 101977028
455430915 455430915
260418057 260418057
490020250 490020250
259993254 259993254
638467231 638467231
71000246 71000246
367624942 367624942
832433651 832433651
991360930 991360930
445509410 445509410
189664258 189664258
716781646 716781646
570137429 570137429
533674748 533674748
702143165 702143165
713599508 713599508
921569019 921569019
981853847 981853847
955779443 955779443
682909219 682909219
13906065 13906065
998975991 998975991
335231495 335231495
8839099 8839099
445376109 445376109
417841550 417841550
969155662 969155662
365584589 365584589
482540566 482540566
681289171 681289171
196105011 196105011
536251774 536251774
107495042 107495042
949494225 949494225
964147477 964147477
444509754 444509754
879437067 879437067
555044429 555044429
506120615 506120615
719908580 719908580
219087322 219087322
509741191 509741191
344919374 344919374
924679072 924679072
757893677 757893677
490412997 490412997
376983710 376983710
581292754 581292754
357980472 357980472
275525534 275525534
842945374 842945374
64397603 64397603
192217832 192217832
73374044 73374044
569136044 569136044
81001006 81001006
335504720 335504720
721038080 721038080
898666369 898666369
218890792 218890792
826571504 826571504
841951650 841951650
434881081 434881081
844474103 844474103
502737322 502737322
137065527 137065527
491162022 491162022
592221192 592221192
407211385 407211385
522988620 522988620
688419258 688419258
969902751 969902751
831823943 831823943
669368219 669368219
104836986 104836986
153286632 153286632
300782403 300782403
169077886 169077886
858520108 858520108
755354872 755354872
823102252 823102252
466798661 466798661
458311983 458311983
484789431 484789431
322063028 322063028
251737956 251737956
515241177 515241177
538060847 538060847
684992649 684992649
367639110 367639110
56130820 56130820
283989013 283989013
508174258 508174258
25706288 25706288
31218822 31218822
517479400 517479400
856857654 856857654
629908874 629908874
69541121 69541121
915194454 915194454
904678367 904678367
272502139 272502139
28272971 28272971
491690950 491690950
233625535 233625535
880884381 880884381
407258230 407258230
17652128 17652128
303483958 303483958
154881330 154881330
244128189 244128189
318421070 318421070
446347949 446347949
243057274 243057274
452342518 452342518
660099717 660099717
717362016 717362016
400566778 400566778
264943723 264943723
562478659 562478659
982224913 982224913
899578145 899578145
570843239 570843239
569775503 569775503
794617742 794617742
721888568 721888568
554580312 554580312
84211956 84211956
831589923 831589923
576417727 576417727
219672643 219672643
208965023 208965023
525472460 525472460
511715684 511715684
63181797 63181797
74514949 74514949
698953854 698953854
425131695 425131695
304545679 304545679
705832 705832
47811787 47811787
472993381 472993381
304170903 304170903
892769626 892769626
127564570 127564570
56540454 56540454
314149581 314149581
931536697 931536697
915635781 915635781
768415808 768415808
36460936 36460936
399610289 399610289
531112955 531112955
405796815 405796815
245528070 245528070
572073309 572073309
256723504 256723504
659797013 659797013
553460746 553460746
997378521 997378521
947128759 947128759
378781493 378781493
786308005 786308005
342274304 342274304
463118248 463118248
184209528 184209528
604614214 604614214
709438272 709438272
441640096 441640096
223724987 223724987
574599282 574599282
548666961 548666961
243748299 243748299
883784102 883784102
782426531 782426531
826860495 826860495
875964861 875964861
167071254 167071254
847902576 847902576
307290151 307290151
144352165 144352165
847543174 847543174
546792616 546792616
452747343 452747343
699709869 699709869
240735615 240735615
554544664 554544664
894606543 894606543
363018490 363018490
690627292 690627292
52875457 52875457
120308447 120308447
314869610 314869610
144545110 144545110
644614312 644614312
434231416 434231416
827384426 827384426
705388172 705388172
59763552 59763552
343236122 343236122
455678657 455678657
387060005 387060005
83261124 83261124
506369687 506369687
791671398 791671398
267086592 267086592
780166647 780166647
522314897 522314897
633369953 633369953
31762666 31762666
183280327 183280327
179268199 179268199
39365376 39365376
194986458 194986458
78222862 78222862
237936739 237936739
113738771 113738771
456940395 456940395
414351387 414351387
352079404 352079404
790526833 790526833
650572551 650572551
443170709 443170709
233577995 233577995
678465290 678465290
469699838 469699838
898717196 898717196
676555136 676555136
199730760 199730760
385691648 385691648
133365876 133365876
822138451 822138451
159951456 159951456
417833777 417833777
757495350 757495350
458058899 458058899
157096253 157096253
861065281 861065281
700488375 700488375
40186604 40186604
274398551 274398551
191420597 191420597
675852628 675852628
20456024 20456024
655452406 655452406
785706319 785706319
56800452 56800452
424510826 424510826
906283868 906283868
691925329 691925329
838990075 838990075
599749648 599749648
767708595 767708595
576580896 576580896
433559351 433559351
939426602 939426602
833513563 833513563
271576087 271576087
120794677 120794677
537015876 537015876
965528449 965528449
681984388 681984388
376012699 376012699
419775342 419775342
356954261 356954261
585174296 585174296
645007960 645007960
108610808 108610808
613182822 613182822
172584100 172584100
241617064 241617064
919919951 919919951
434238125 434238125
256673108 256673108
220991355 220991355
649476527 649476527
494933442 494933442
513790457 513790457
441294762 441294762
511222874 511222874
478438338 478438338
814705992 814705992
341920623 341920623
932297815 932297815
176137644 176137644
894994117 894994117
287107600 287107600
518117024 518117024
491137328 491137328
485159830 485159830
743085562 743085562
324250398 324250398
718675284 718675284
802065815 802065815
351906289 351906289
614275332 614275332
946404562 946404562
310736060 310736060
194250174 194250174
53619150 53619150
744689886 744689886
128687883 128687883
812822233 812822233
652212117 652212117
762038626 762038626
674731641 674731641
677460577 677460577
688593746 688593746
807219970 807219970
61130817 61130817
446286543 446286543
220843395 220843395
483121320 483121320
433610776 433610776
548982119 548982119
659010965 659010965
738172044 738172044
133043575 133043575
418431622 418431622
101334245 101334245
941998055 941998055
910849983 910849983
990327281 990327281
689763016 689763016
774945814 774945814
972903767 972903767
271401198 271401198
574004839 574004839
659189841 659189841
636649366 636649366
547846454 547846454
527791189 527791189
878996881 878996881
128058194 128058194
653017633 653017633
814412459 814412459
695922285 695922285
456078170 456078170
522223461 522223461
270312272 270312272
261558112 261558112
803800402 803800402
522416128 522416128
377050696 377050696
148807731 148807731
733146589 733146589
942388428 942388428
74956926 74956926
838328734 838328734
67447987 67447987
524791181 524791181
514085149 514085149
596760406 596760406
321610980 321610980
196168476 196168476
132388006 132388006
248985325 248985325
370773256 370773256
43161689 43161689
21918536 21918536
262792225 262792225
542647998 542647998
512122826 512122826
525366194 525366194
315503529 315503529
830279114 830279114
547990012 547990012
358107932 358107932
173410812 173410812
586540182 586540182
856841480 856841480
66885788 66885788
916259906 916259906
118008877 118008877
803775270 803775270
987077349 987077349
758326259 758326259
350818867 350818867
941340766 941340766
763887350 763887350
219845980 219845980
411883610 411883610
43718432 43718432
705851821 705851821
622223607 622223607
767871829 767871829
639549197 639549197
935019906 935019906
889495520 889495520
976436312 976436312
223129341 223129341
284108603 284108603
824187286 824187286
207014688 207014688
268795682 268795682
942465013 942465013
405710045 405710045
65569013 65569013
362331342 362331342
627561503 627561503
837546627 837546627
720078623 720078623
793704193 793704193
241743547 241743547
795486244 795486244
58235522 58235522
389932091 389932091
575416204 575416204
56771781 56771781
560398568 560398568
604364383 604364383
843116171 843116171
974458557 974458557
555618122 555618122
366197931 366197931
791861767 791861767
985391959 985391959
90017258 90017258
331901571 331901571
797720913 797720913
762774875 762774875
4756633 4756633
878763618 878763618
871695453 871695453
32891502 32891502
161121177 161121177
796626488 796626488
696324884 696324884
488062399 488062399
674166861 674166861
97261861 97261861
856008947 856008947
256174483 256174483
172709611 172709611
973282372 973282372
569239604 569239604
287086674 287086674
212899740 212899740
285675866 285675866
875632628 875632628
762224171 762224171
51747056 51747056
254269186 254269186
769190868 769190868
996127762 996127762
309426064 309426064
209308563 209308563
141108117 141108117
683152301 683152301
643946533 643946533
451799327 451799327
457325135 457325135
142733953 142733953
48413237 48413237
900785395 900785395
992856142 992856142
322740740 322740740
726807924 726807924
72755319 72755319
73421663 73421663
635572958 635572958
784348943 784348943
873980356 873980356
325635489 325635489
326642472 326642472
792682710 792682710
363077392 363077392
725517406 725517406
842769828 842769828
374495925 374495925
66796907 66796907
932954023 932954023
132471339 132471339
125667352 125667352
301725469 301725469
842675652 842675652
735213385 735213385
590142145 590142145
632025985 632025985
976602109 976602109
912273670 912273670
942736727 942736727
339552 339552
266929206 266929206
920088669 920088669
774977510 774977510
550199497 550199497
321543489 321543489
719463291 719463291
367441205 367441205
97916759 97916759
169603120 169603120
416763312 416763312
596179340 596179340
802825601 802825601
864898472 864898472
65694926 65694926
388445887 388445887
409181124 409181124
896949414 896949414
984655518 984655518
160885695 160885695
305147549 305147549
301457572 301457572
91337941 91337941
913327313 913327313
328203505 328203505
943279904 943279904
683083243 683083243
641425503 641425503
332485099 332485099
325702123 325702123
464515860 464515860
768666545 768666545
826328822 826328822
122810093 122810093
381950048 381950048
444845091 444845091
160509263 160509263
654893135 654893135
678821586 678821586
656119780 656119780
988726809 988726809
192024379 192024379
2098893 2098893
209953425 209953425
355136573 355136573
413146794 413146794
391110424 391110424
297599250 297599250
886234090 886234090
