3000
289837816 210119520
23341877 410556695
836834451 93689226
976609084 620592405
74123588 148484167
644008311 228284426
566613726 559693302
634544496 677349753
18095369 667874295
433897477 307477416
229457748 633167268
101848411 640011253
704545020 823640086
203681763 960902568
80273532 599428052
55663013 652009798
471170862 985507823
200042558 893429555
242127445 381180939
681393033 13381258
147636008 234840609
969052217 562074180
110994321 157533845
944490243 17731479
987497395 475832548
855584992 366956215
115198847 720335589
169776716 56916829
46615918 555870999
365845169 331910195
992819788 42268573
532933743 917713849
525728278 961056077
818099043 243287804
986682546 809932985
494650041 168973870
764140202 678158738
751426887 668548671
204741441 470996570
233589584 878813974
873262867 463875610
361120864 187675683
581307928 961653547
70871886 542884415
537245888 554795605
281858090 506835317
523246461 993029767
812659072 18763457
214991057 830308976
475511398 366723634
241268845 363198861
852046729 826667106
514457533 267546228
181895697 504123925
397021715 927262895
856412323 12885259
639536589 649584371
990209226 44538365
629367896 494274609
915264945 84205798
972740926 379497918
719045924 908935660
498621606 151579817
764988824 936626288
783003698 808752505
834124627 759960060
726909960 509056398
403370392 389690804
878169795 666406405
735648359 891070547
788672928 815847669
954631376 187475769
657523221 927744187
386646682 506475834
30122727 359475463
900630047 145594644
443051026 954109158
642709759 961039238
562088538 394221597
389882160 315689388
364067696 537721268
235074471 370554661
279766 196396405
195583887 676260844
119437768 597372050
604379034 917344153
850536756 841442491
841338534 236995013
795263031 341793309
209259942 703930458
4446813 212316348
609476764 344301852
301368750 10592229
903908312 685975097
135054327 551590631
987875634 580325841
173835614 659344442
884555553 963123828
873692063 155795431
972688796 508446317
776582136 460134114
814066752 346664015
191776888 655870048
837064921 227608343
244132750 467727462
729810621 642872152
202393527 5947332
639544033 93727241
630328623 779646458
293597065 658952369
527935938 281473901
419949552 814089674
225215910 456429098
42182219 428406154
28620098 161999405
192963801 405156074
731797430 203878980
516859727 329764182
671084892 169347547
183951557 626553463
242205586 876181656
624253352 200427760
443981828 452853861
196045537 320528501
162823126 805405255
140340450 879020426
504306515 86994931
808372888 693243045
321233281 660600043
241211530 132072885
479620526 822746634
922422416 917966291
895610879 38498621
428631604 214913250
982478194 63396206
514959853 958528493
989224120 324000664
996481807 847734818
532569509 410972932
176294395 34047385
543699179 727405274
37727105 19312875
922984796 421252913
738848675 589098946
262468037 655942451
663717572 184406782
844444881 294212296
433634256 631557676
405025936 846778976
939525988 98483262
839249883 745866332
3504301 285013710
85182002 661420944
478955967 768331294
374410205 91800616
929935553 647969719
920082152 161483718
22806 539030976
915273255 961986225
340041929 382734295
60592474 744234066
121606844 884845965
24088575 70411457
449612595 288589806
570675383 472033724
222942440 282519934
48858246 472912302
973828612 44856038
559077792 564436353
88879332 517324374
747409564 97648497
325324042 608530002
490350688 917801611
138855018 948722969
126885596 834781341
502871305 17594022
112649347 138703221
172719277 393364810
614917004 34061893
664274277 84097948
770795010 912608950
977834101 646525075
337893054 869072195
975276030 982366268
579665586 477233585
239804663 79479589
587654177 244679725
953834825 539274956
589485296 469582531
974291360 17182320
631538934 549050936
624204502 312093821
995536720 430868456
415182617 287988159
952446333 271468352
301665369 573833752
93748247 256545059
581917805 362896540
921134143 171547909
404110958 23249929
613607202 441447908
615946432 662643054
178050671 692581404
51883332 343205770
390751979 464804947
721664523 455054123
567481851 375244039
753042922 766362169
654249914 87811824
462642160 264859859
486707352 226854883
732098963 516075379
406412713 269491464
316319864 711500281
188196463 518485909
345177600 445353393
40727241 925435840
228518436 453568928
156299461 382283399
928352510 783668129
44264934 455910615
790868925 284379613
297622505 819810961
934539566 708062792
104187247 102206030
812160564 946267211
783506126 623828060
756209048 439968921
687808029 693931904
829186234 851154610
711509026 660884867
521254053 616172659
294898173 872730324
428800393 375364932
842010233 395643551
436774390 158934847
546642194 502390506
700501781 363964074
198191727 706422186
335939638 993638768
807616379 983215945
602055896 6044872
422187774 863570070
40396670 614827113
59254783 275915779
503216616 145878390
697181945 303915960
756963589 999679622
164336369 654556500
414290175 254200666
306156844 416631769
890934064 691599797
303837275 609316700
66062440 103384104
809635479 654196141
863734292 102860670
159031664 145652047
392252331 362293442
130930472 643985224
990486819 895176442
404340930 629629383
483790474 735310810
529021832 631288707
844134564 717110054
459490961 327967335
475159582 864584980
482099942 181603373
83138461 774671355
302397850 994158941
906238861 132857627
330439768 369224958
213257214 508632521
951367491 703341009
419591058 37406770
930842458 601827873
995664712 595128625
716886146 606456983
622797984 578935325
479354324 599301716
385094721 761673175
219663104 698631470
434067155 661644075
226922989 80139517
318585261 823699475
940252943 103724768
989358926 95247708
219666266 985866591
792408326 915461872
132899756 627079200
32566916 567874430
166731306 949158440
887684230 743189079
569755766 323543165
654019511 70696791
877404482 398908104
297078137 981012353
688282249 938468402
729167704 595714310
676421309 739516958
43147396 164566445
345521539 421339198
736539562 981209467
924496810 845653834
390114096 39315914
756479882 38027824
936619532 762195198
200170492 635793860
499201036 124144315
524203605 194563752
478740486 73203041
326327274 135021307
321494070 652270915
780372342 674352677
725281857 334005380
553261800 607601062
345827715 536755418
106499544 377276898
680113390 873924566
953687750 199761910
506740499 292661773
703028129 46338499
298631935 406156936
418056247 267218994
597811691 408609694
500006017 756308712
136587862 674318732
517068547 637341984
377775252 738099205
511170546 737570935
364717236 625633666
480275199 106330793
537681673 249582258
226550692 537457023
101606050 531865521
283292110 854760008
535820422 651058511
89234017 352848457
85693782 28164320
280443110 416863209
297261673 339534329
379922259 571271389
327204172 550822645
562414830 66554665
167001059 294927146
240802169 81242459
816600949 871797537
345365019 341840774
651209529 290467914
946929597 977614390
476340203 697376464
192490348 76609021
580836983 529570176
942309188 935295818
314655019 953346680
813491897 500729828
188154199 855042473
446596041 728601692
137199384 364882970
68648642 453211754
701711552 321498319
805260393 56938157
357318796 657236898
831327951 174605076
867612120 712311332
302524830 651919816
799396078 999919095
527949939 643644747
225789494 617440568
564023221 260128243
661612121 913420048
335200158 565912694
834973982 714665296
165900297 203493833
428340235 752611087
518220317 615430795
542377746 820690181
570426458 966303672
3926159 672513768
556265681 847150326
156302448 32053359
183334476 40582
491738003 182582001
384713699 427554111
308977118 468615126
864004919 732677662
649484281 638858086
244574718 538382406
521757702 386999685
600769896 808376035
850532687 415063477
706577172 390372913
877447784 902882987
532974799 387180825
119176509 714530484
534566557 84705386
982783368 950913330
923698828 864535440
804286488 560301128
719655001 518578088
79754912 747394243
311065468 812616998
13401084 884346046
740433107 668171532
920995818 456486215
962069247 824272175
381806312 988927673
266818041 970665763
382492430 837213659
869137710 582491122
631548857 900787663
857096797 133655119
623673242 943431169
673492661 873831324
941872580 804529879
763191533 921298660
197093873 580638552
6491262 544936250
380294756 958514844
839247551 36462510
538746864 76018287
843236414 391711498
30548429 306733827
963377046 971046763
94747296 216819847
857740991 694687339
73706601 938682812
540508065 858738315
285572260 948723153
88473269 646842732
115665480 101143803
986764425 369515804
868455653 865464557
308063874 55082185
236439279 36380888
665209715 584169017
668245907 516811998
494211637 856421481
455368702 759636115
298224787 391681273
671854589 879841360
284611075 984874604
181432735 516208989
780171254 692057608
722626288 801469919
110353659 611085383
153777822 492075064
310912916 299078940
751598775 106807783
239424671 106881509
720123992 62782041
925890374 849206571
727987603 688172654
342961109 813617418
576152077 560589607
67160070 553477306
816836255 513919649
147270337 417907081
342218312 58073421
973765038 625279975
964885604 47931818
724422017 988534034
637013842 467634336
204515523 818514895
526711519 262797358
967596576 450861855
686078185 217857060
595071512 791400424
342799042 888749997
935600451 417513234
832553996 568128475
642094429 792266527
842376365 665127127
184439721 610232518
24630853 709794976
522215953 671295702
969457028 17954870
635386407 296481588
919574959 374415036
169070204 882889879
468442099 288785835
794916417 599050212
158559246 757597913
532211285 577555375
842689121 609174061
91485785 869060820
325472090 757972903
782774829 990616550
550896331 823168478
102826692 445859095
806554312 983770953
418871560 149738491
834309050 807614406
380599187 497710443
852154789 468843849
797182225 216870329
239315407 24818155
313542494 664929216
403159521 949635553
567482484 659859587
548697845 405528989
505859926 317240321
463899473 628263375
609000581 431845379
998286475 362557643
587587923 726262301
293562850 496721540
253403969 595541275
799151482 349339517
879110514 431993566
691168810 741575145
29307345 7014977
110548635 375758384
450873208 938099342
148767740 648342348
708862243 4545386
492824382 683535587
31431396 647622247
689963358 54789611
337786290 206527061
944990457 506864838
15990998 380101525
291339524 362748570
8651167 335548038
645958212 599730920
683105952 446930839
106476729 283585742
154070364 178016371
873283375 797996698
111222963 484280217
392755011 748530514
278828898 943301358
558496840 215002142
639279017 94219936
11359676 654711458
325946461 912933207
366329503 804006656
873889022 319422901
788470602 129785207
879720768 477482520
115553672 441504859
431594573 195674014
359941736 106303965
307200092 580156844
909623099 309862767
895725257 14802595
892778122 37537845
309080616 501929634
50579544 672098060
95178674 894159825
366782014 77887304
703831090 730358882
438486410 926335120
199943839 596821
392863209 755860565
383559819 880869366
27385711 788935874
398786100 336289680
592978934 344701315
410808322 515709680
227864768 325947519
534861773 666476411
561503373 304253886
572905316 39504327
805228796 142125733
920283530 131278251
833000504 170425513
318490030 345414048
942616101 244976775
850160305 486343924
825108820 997207
408838354 441176948
324951503 931997917
885943988 694699965
949099282 531992928
388924094 918520007
530338366 847271739
383600777 612435177
160227604 437396978
105282630 521844765
353876233 416824964
456748031 461380362
189674708 58716516
565658549 224559156
364221000 855473703
774396759 419944801
729573796 325890234
413091479 256240327
591797957 701103902
760180165 929188891
608035397 408164048
868395396 108258242
300066248 131448893
323279231 849729781
76581982 507392653
3574618 718464928
698399677 889253856
829591201 503544731
936370028 899672462
543730681 203030853
663165203 201006866
237343079 825612309
204242801 145499846
255313157 498404177
746831650 17993467
69015288 46079554
853392957 209732787
428497057 396355920
588282527 397960315
984172570 182243652
563766907 901731174
948086637 111261488
239069233 85166713
977620643 15946957
193323421 232714076
525987255 275315646
122533488 263486753
914053199 736784645
195718474 73797870
320105777 365351384
891455788 800378604
697341821 597626611
880120207 754855430
866298558 343742636
778681929 232796059
656643086 807635627
646377658 42620919
381121766 347965652
834497223 797921502
237511400 962324586
984718167 563356453
627619252 226273525
438242546 955625761
279864762 520198334
621872797 442521936
944085318 590905464
763321384 791311696
70678669 670167948
444085285 667100266
409282607 102125721
11261401 22018547
286436462 891229820
456019859 403213705
4275542 876398880
999915543 76868626
859337306 387711651
884525708 663520099
801125756 797472047
929158830 435922515
682107733 555117230
98014762 274052971
973078446 942365048
753440265 555175639
913222270 612199718
759104350 903817024
262504676 705993065
699718135 622210471
904870356 730671579
614494144 492374282
3216864 489883572
834873049 603363966
479945953 118891134
521751612 116066765
800175667 219713463
341609742 972014962
38688671 532398423
915000812 443713724
951958052 410623675
966006883 794978738
619315150 48885136
399536801 667228094
701075057 920051681
730109542 127382825
879944701 28848362
738234846 898874788
85140341 474070310
590302530 277494971
518674424 190390271
364118782 747703489
479070047 113725214
107288929 880171840
144568319 676191063
809216080 342742509
522486691 419829730
92548596 506401943
897270425 742287986
479273924 231722627
142628712 124134981
527663862 605308168
960031651 459358003
822102425 247409538
520735504 82226674
193130483 237722630
42191750 14960643
502166450 643429308
735493061 396003189
659658961 591286358
704106642 81570287
40657033 433745465
709404425 624088243
754451754 191959892
908917872 144043433
493658872 427315247
117940757 78517631
909875364 915457750
790883273 760538277
207967587 809046130
134248318 134594070
508916906 409300542
477646936 652098274
219496285 738008419
886353994 762665006
17358272 127256175
839340620 85011087
542452876 236482387
494563142 916505216
840480283 763221981
649397964 902825207
357635478 955249464
237885026 197753925
605471645 610234767
873454166 315720317
385977633 411769973
784378296 412349836
830462623 828871662
284231853 786292852
845415725 521997537
130476285 455775381
819256219 759541273
56945673 842463732
826349477 517506316
264519424 398894476
63533049 943407234
562243265 333708689
301421650 257923671
450513722 418307026
299329596 399030007
931495182 33200865
999821992 94689061
141979123 520824898
898786805 352016667
376573416 964060027
764099125 927844633
987253095 559834613
724003173 680218351
282475207 126447797
700989494 624574094
250495018 37420207
371000528 152479097
327032936 918026220
279089978 348681137
431554169 487356888
573026573 257222616
500978765 838506827
270944636 981134471
534598646 886843135
32993947 138667671
182051258 234273883
380999111 298427606
126173182 918422268
559409882 284961087
456170572 324607335
553013555 478249811
979592944 822753508
12964996 130127569
153394950 479781855
733725761 304345613
66304780 246551970
627237453 784559431
253929108 812972896
401051496 44135499
622309417 493690326
653484957 666172806
893431566 491576446
674708519 662765593
296867669 700795396
375818477 396790884
323832105 453006152
634892914 588264709
324359496 138501387
118811826 208579202
226048646 13564580
448423859 597083985
372598343 727733693
272254020 332853392
559292102 489776714
819355448 431900974
786339318 4492777
693625415 267376872
435223695 170333974
288063011 656095342
235501876 188710382
262861158 192865064
280977927 925148078
428400232 36783897
481018456 589151856
567372883 942110333
767104880 805183470
844451450 339392634
916705487 79613814
560274814 363049681
364608868 307489017
840359208 360158231
881504987 605840138
644877268 37489686
31914745 536773421
924847232 775355312
205275840 713882351
189433900 940885161
263862910 132721308
226899694 741160539
122734096 279212651
447729689 843444379
73976976 829612073
326075059 755520508
933140020 614665563
368662561 683894645
529767354 406924573
147564273 914569121
113928343 58239659
588189578 791322336
859849797 304864709
177756691 185449304
501917514 770302773
293787248 219264517
817136429 785136405
257890756 62422548
860425915 651214729
416781216 814112370
679727790 628706400
232582029 402901622
742794256 848713937
959274106 622342823
195471861 563243932
957923708 61112713
281037005 494174254
371098207 414397699
220952339 830540263
883918298 215017833
797303037 556860739
552799439 109137082
611929715 103477322
515360584 983630293
910653327 204657675
727691143 4989568
219030815 126530197
236178628 40298721
806125135 870510348
435963348 713029335
402154815 15532048
339764041 21955485
702384978 962156629
88232112 222691141
618283408 336988341
232808731 334382142
161731983 306625294
242470127 75573051
215564729 339358932
430873656 542412162
670143353 516886573
233237975 792395084
946615200 835663713
776688320 526527156
187262100 929489883
522059547 516437536
287586303 14273013
886475952 879331618
283876861 297984508
146789893 38912951
236583944 751945064
440631230 452221989
393934598 227835409
599515638 727164793
516766189 742511588
363001094 549611756
98545078 992983289
389472443 78844881
431152676 560484721
596151675 443923934
480125134 772358614
950241146 963678238
821949064 369043044
729926346 478991208
482722616 593160673
659406437 156337885
370827401 987411525
658441880 603037748
57175749 151201387
298979338 454788832
453300818 742537825
637934807 152157790
416308580 699943280
6315208 272567253
721196374 902967460
805254028 396649490
309911248 320551937
177365311 196949720
988557193 246849348
176225484 489889724
910064695 238331936
56987199 14346500
749825530 18572762
458458312 901668291
136587696 66095341
357461773 137627929
757359872 71295783
435955238 919785866
839470017 35745951
217373953 103871612
556542820 622967437
659410946 191475842
255146023 67457622
543748274 146941848
509206348 577636044
304562055 766296769
594937454 953706620
541257337 726577463
854941525 638445256
874372189 887012375
500828222 261459953
408012073 234407832
455749165 432386674
801844771 944952245
68033433 54754004
820378382 270683709
536742948 399719065
104620532 524252479
667697952 512861658
233530128 163129626
232194857 753153914
196968350 87252259
504163634 946384872
248790978 578107715
83320366 8082945
342171031 582934760
723833027 776915510
322115847 418905957
119764528 81407963
706677867 643241602
452928505 149868303
776220583 990502366
632880163 554249339
496242480 2744118
210031535 20616049
454545571 945372715
76437639 92361829
641647856 202524406
25868424 205079599
286879006 249904759
613324322 633733989
532358645 184130440
877016508 860488183
74165916 999914001
973746678 894359394
756791978 326042860
649282989 340067806
104230791 966474415
337583551 588359173
155441344 441136763
790049406 52737614
412854261 742106657
726110465 41110517
621390777 700857333
385727165 194422987
994800168 122059805
572990432 792901817
104400186 959543933
272716208 980533379
480502873 393870715
458653120 513355339
870125134 285688122
797402783 225573223
392736527 675248972
569511810 272113527
824319638 531738996
691865012 224293818
740919894 717815137
122308111 915002763
617174960 413684255
673664882 910327531
718066485 75379103
317104785 531256573
301266349 944085575
661750714 240829821
433894933 894840923
392056586 131139642
379158565 532118724
878124508 71177361
142932542 338350541
212945407 141930222
529128017 256213628
592246370 679277856
685767170 656950621
128511092 458553177
41463194 608916485
614107547 13456603
503741299 256416842
11771883 598054866
132922230 12966606
50003786 353257323
238872049 303016892
364574772 698640893
922218012 98992641
548639343 641868915
66040136 545917936
740865419 157092554
537949408 961879612
217351136 122542191
270184248 706328403
274221698 468164997
752502117 491139061
765733397 257069410
831464064 141075665
61758790 91949658
95848598 801633271
704868299 73077952
57553791 75927483
538130060 252775248
290081817 891431980
807918198 703737544
137446079 872000002
765438577 610516083
367491053 202408880
563648458 842844241
780417981 566403853
628381216 10481950
307730193 239595631
623410514 265246441
545186770 204723900
103660901 70404175
656370791 903410685
59877064 115825614
940090880 681526896
34449247 631217688
601948536 63950167
133883119 792906319
892501472 975434826
300041892 52020038
426695462 181740312
716490627 848153450
942137832 535127330
31702527 563812463
655868538 639724311
879622141 718367336
900072197 131405394
405315617 489048649
157871543 917594947
763238987 184161599
50584618 861450495
910988479 121648631
616263341 623617076
863404675 817294963
100108780 920738600
200365368 90476246
437276586 347054579
438363164 794890057
614449337 194859893
590017456 427589145
53946973 844537993
137051993 184426945
672309609 722441621
822901068 495482642
23148130 194512002
375028919 621712602
693639010 447031701
71124085 850143223
756758379 908572875
503479812 413084758
983039717 550819365
949441447 204541501
219605486 521774061
327061924 153903544
798635826 668027847
404300139 470947340
146555350 950556022
4385480 728686
558514297 873166606
975668232 269584029
952464191 246500310
872377285 741116827
601339861 892126498
702779990 739166734
666880392 117848869
183775969 294730752
219353510 213285114
581927270 233371153
925307250 479009568
688799593 824820166
785580040 150495053
260661907 146476391
145320447 697200940
783632102 314513994
13256456 968565526
464465093 626561615
624839986 463522786
617428697 801631090
475656411 590440731
59353420 999234267
709208004 456643386
547843126 918313888
782035691 368793686
428404234 431120804
433188592 519280916
5476007 263805358
274081772 581219558
45741229 652065128
541077294 60457027
684852449 774223671
631715632 70655877
173563393 187495518
167532600 565327555
717136519 296355918
899363165 255245335
541983337 779529055
20827402 542047573
188771130 874630897
333050067 197689589
250661580 222756144
710954209 291357917
948843627 897367719
140307711 274262663
246090817 33677656
792543363 596379765
311125586 211948981
677120333 608152959
877257495 327946534
125422880 997135500
51580598 769449578
348537868 175502021
34720592 392736214
201282078 161019576
432430691 730906319
350333821 544381595
778359299 981703187
557391438 896792187
425966049 874288500
5398422 417989246
811094095 595803628
244484044 850048169
193663279 863629878
40877980 925007726
473849567 196056570
867770478 590013014
49148646 392149311
59975684 404655901
597327018 418318187
436271821 782161081
291827216 930386331
803959872 209543613
246196576 412148421
826024236 176376168
342013763 10857872
570536265 554374299
721509498 501906225
755850932 879916993
462185852 973019062
472637573 760039110
957007510 162802483
673653534 338056886
102641184 464638798
933313271 792814524
21840373 350663667
648067872 873643513
698171154 999469226
405936097 43368076
723147208 136203964
305874676 977862900
715703247 920482883
382436524 372656115
203721919 496913537
791023215 896275961
843596206 410466827
276546704 865103823
608487281 22256373
635741171 441638991
286790148 694588208
593048014 572126115
567157615 732305358
135649767 780904273
476784368 913785656
250311049 447858306
232604372 453583863
621453167 55903745
362079697 639520316
235847850 141245442
516887640 659669164
743294251 288079222
753203332 400252118
729854005 869716565
289365179 301434764
954862738 862377086
250523097 404409205
963609640 30212662
725391733 535799554
333564619 480223249
289366251 799175030
613376962 656534978
86189736 700300623
905109772 18139261
564538907 897039097
21066529 534743131
502929230 889594654
346499093 989556192
804393546 319672597
680170575 127616877
536728335 28472304
673542203 557460810
244678468 570643627
328359663 382251392
479710271 639440772
257583789 138982175
663460882 737856933
458044692 770000260
284198005 756921090
549308119 403453052
65161652 465974003
45309840 48877526
79806705 675663945
709561972 428506093
134286633 310273012
224294826 360326271
151216243 891060794
570277790 557892273
844096942 174322443
646042283 700547646
65313530 263965823
485100510 260092426
973106233 697681796
811221231 165573891
14988797 377180105
235731483 205397443
705998232 374805956
313405553 596259183
104273452 690713255
161848677 761435890
479038924 553951365
873153416 197786563
404571845 360105086
827286632 426215195
823510438 88054407
540407165 923115172
210748576 411820866
901191940 750982922
251782906 471288378
640921925 522382896
949401577 600719712
647405879 928728786
21144979 667766723
721108392 72132875
203196144 311380663
218804351 156745026
421412970 202386723
492725583 81718801
192362865 480894582
192198964 800055174
920970425 175205108
402673308 581922595
775604075 2199072
20216233 326071184
800280171 196568512
212706723 302066394
863890416 326055887
956276916 83557979
33933689 358378781
243651493 15885494
136818427 361373947
508520396 30752498
206506085 366279400
469845864 810081747
64196834 790711400
606771858 200256496
181350105 352330538
926349185 249997463
824845733 639965293
199879485 605300600
374830956 814632414
621801650 670847163
166708934 169779683
6647155 557127451
937490633 264712878
246727258 101524257
687940315 692672769
237361000 614622410
219628028 412158174
179776955 608081844
739615237 977554036
760104015 231996784
263506723 470596873
434486413 215847421
987161475 367562327
934336644 72445110
799794190 908478477
385648327 644605485
209061696 398747715
427975515 173409923
514371151 291055288
27812605 44384203
570345546 683631183
604493234 996067109
230212339 101806133
597318049 965636985
463341969 375380927
299306881 871662436
439954419 957937965
760477847 564544417
835352873 865892180
203524444 804384693
849671877 322447911
323430294 423682924
760716236 148051276
108837206 84506861
194353319 393862800
872150534 784563095
240423997 417658489
704604853 218103098
325636979 609629405
7815473 519444316
63267513 277380344
947758263 965263721
502837346 931267250
278744368 137395970
579231429 611584701
963622558 946600806
265209357 14941650
665458836 925895564
33194184 809208630
499785012 559051622
13058670 805862020
523762223 703055565
583929619 598321732
557550984 795800177
408685679 558171357
580705586 710388264
288311272 298008119
667509086 463953915
407082340 620972130
665084327 509991278
927504345 392740091
335856479 517789787
2237552 703401754
473892974 445660515
458442088 302265658
637846468 194918146
386411256 486475398
619284546 273623777
582284005 941572053
383461584 801846474
391290359 9166529
813720523 620242654
479731932 661126684
814709180 850647054
822310569 731544314
132982799 211350580
568460664 15354499
559638379 654433000
500480686 842147191
103970832 657254319
53863900 431858345
954980217 475480156
324714096 253062133
313368272 346564601
236974785 78326451
695535722 318411209
640970067 80619026
115039831 17890342
289869697 891104602
928011963 859186603
156405898 687390818
9653291 254113739
873024414 919749461
173120522 821388509
609785523 141084302
735079761 771380642
25417048 204527245
151411836 909109393
516436399 243003984
63934548 230037438
800085258 731531568
306247911 743744294
43397269 612281004
902736975 585423187
476409898 769642427
129859853 242778104
470242309 962066107
523416897 511154508
283048200 475538706
606344258 366094167
888149539 201753990
248731838 729269582
853136726 715150061
453312875 510118024
299401665 22644128
234376037 589779809
348738466 84591421
564769294 348466102
693854693 526656795
576417385 182618841
761431875 218056028
263917401 737785033
50474947 524081861
332464171 635346579
219071412 473361625
473887881 834383651
408994204 434835414
641186981 581518514
206782066 690311754
899647775 140255586
254809138 133715864
545639291 401931012
545994430 195093891
518088623 688531395
190030437 978211782
500300173 538781322
418644059 787341370
514189019 689916876
162234184 86235132
92737952 940913425
511920980 133483618
856768915 134770610
464661253 690217039
833191533 799821901
548072323 478752268
264960066 341235966
945860702 495298098
855883409 342796282
986817649 244062569
134671100 944724233
600511740 521047167
233584922 281583707
575755657 794629882
708391301 74926030
911145614 812753407
717890714 285658063
373048504 249472476
239168617 123976069
134384267 334350073
713647455 746452323
228239940 639422115
194476855 135467716
673557571 404525055
312395211 694727981
669649778 625003346
8347928 834076819
665924954 202546163
187231277 102142816
571760944 887596166
48650194 751834998
548327535 814079301
536879368 819175989
891377987 732135846
681524530 167297428
114794476 303789413
117762774 840934412
765052575 252139905
993380491 784233755
537707362 712407477
952122797 27695360
904763012 740255720
335241312 18955823
777743125 656011
998545210 147790312
991885486 491767110
985665183 804132241
15816863 762287852
610491561 661236886
80537196 945629048
936300910 103644200
454692273 361570688
696303491 50171504
61683172 55654181
219821540 463761662
364754179 887677990
939931699 341891505
516810659 139159268
808258602 827532314
349390801 155154747
216460856 475553163
57536805 199547799
18054222 141879674
15192918 92757985
663335088 883653409
476328166 120251525
673362365 655046853
740609137 253174736
239681548 661018740
139300448 514825063
739297730 319170191
631481073 257709539
375121884 247414095
618115676 470482581
735875532 653958377
358812663 270499546
274021962 157481957
33394497 839645242
459505521 757978732
827447308 239558602
657351079 659994506
638142996 419099315
680381100 878430364
546313462 251742952
76413017 401852555
378386890 404133239
352154062 382644469
154345021 473904073
959363404 43828464
117613894 126977711
459772037 82073450
924728824 78961029
608250008 707892232
80688743 697672557
24800587 412111536
283370961 980577190
376949872 640957304
97178028 482208828
233426917 565551411
801492318 309746123
454997647 477063302
614749771 341613920
425257735 49404147
260715951 603202706
206357285 616193769
84624075 767535871
33480687 944195586
243348719 708198054
683521696 417477888
774561315 295796861
982022511 262578304
48058791 943567605
542459197 328014307
566405267 397123129
791998880 256384370
464991668 84276231
117405442 537449975
415229401 858670111
417117885 755766435
57100263 884168583
911554037 599938586
335637408 967500106
286505046 921018331
974233779 793708586
673247977 487904614
819499857 3212434
725221054 205790424
624070864 928330380
759113742 426681430
786779075 51434429
991637216 964855838
658721218 551762
783049447 570279481
829196182 303703121
223871205 664027587
579322661 493839507
341983851 752218422
105386310 918664447
332249464 293590109
903600481 52598846
523467280 766993916
26684852 293035089
361965051 515444804
171330181 935937874
567958980 595820909
229381176 803960496
29812195 390181431
747646453 980345809
701848857 188344464
454162528 701596095
482255017 689674216
164484448 8970313
843505852 561631108
479172566 711136392
717076494 580710999
998791008 492574280
642112994 736897648
877003661 901186784
303621608 837598253
617809517 612893899
391703211 927801688
406199785 834794179
469044866 73578390
11797444 318848256
552174621 584357651
106655624 830583493
530068277 552874487
701145111 599549913
789910198 604626293
344023609 11149533
845926766 415879801
55674155 900266913
145598351 990748594
167516539 110362758
890651079 96856417
52156133 586333809
255088610 650546764
830133675 154139008
731521362 385226886
544704942 443716883
864636956 813286864
76208754 965964398
703810600 776051183
606768442 430370885
120024246 44181559
683784032 972399825
802662833 261061278
453957083 312477963
377300973 936258244
964648833 88542958
644392625 937814889
263350891 78104509
368021146 532018085
822084875 252686599
793889904 42923390
277341811 416558563
822596970 79017877
280021650 308515728
34038760 379063039
526039159 552098802
839376488 798490150
728125979 681788006
743019602 109645532
3231607 531915519
394276625 414928296
516210588 789223920
108673688 400612112
633193924 80062018
664893928 162435737
496703599 44818471
25125737 75957363
677139131 834851516
779631566 690004037
95341072 949319457
596016351 276135282
514644072 173069793
642582548 877793852
336125115 769302027
814663213 325434043
126028536 775533284
975497874 107381152
905781189 396427781
301360151 219599859
158399416 130375318
275783475 824887722
665135879 214524563
271046295 889017495
3115523 616783747
721643260 82182263
475071051 408142529
760190955 168531117
494381383 911740492
965418284 328981912
504813124 462695372
125432125 477015285
806800665 241789192
580494261 712688278
13921585 833047636
890617017 14345479
455079028 973674939
502680094 636443686
960331884 103347843
828402349 583636682
428546418 683591077
673878802 671409872
758038508 862764943
457016967 184704572
144848055 653677295
744953085 643223995
699156195 967610406
511167426 585162615
359097773 816013184
397970584 211707051
584180653 802453364
852128116 265667616
438394495 992952035
508622619 453005373
116530118 211146569
933026063 676356708
980007269 346210880
615076330 572726457
897189177 185317292
829862010 919364056
556974865 594927391
130454739 434584664
80997686 600431976
519634764 95342097
49822866 816669580
191845654 182552553
253607364 76813818
970308530 537586830
312758921 581691639
553959961 319622197
121269463 125531395
716428600 635333416
811370292 470215087
900339777 174057811
290809379 375965067
219041868 934777010
199152906 366580911
636354230 975280188
255496474 181892637
526968890 376675073
813238247 965324521
70472812 827668961
935121018 15272235
841543697 389028381
253442639 414239708
190995601 239835027
634735282 794438660
238591557 660195620
868999303 28454371
674316212 694226710
907144847 669901035
486351867 683822246
254306338 39704831
118261806 50770300
860117234 596544335
231718019 224703315
108339841 147664858
437606818 95369458
358519033 607168459
625053789 894179925
562512748 168982357
238835586 607457161
578127023 480802039
654346996 698756216
198928242 327640401
320164009 508277741
642880339 730643165
40384441 343740695
490119869 27752265
482828556 208396238
995493253 192355986
166721665 387124165
919189789 167825043
970702754 607359543
821165180 918785112
460916673 360517148
396048452 559753612
523512226 515125124
354280371 685482932
992349969 43698102
543109102 729848001
652744489 727647289
30107242 754166611
100845040 735042729
44648010 528471705
144439388 791309608
948745513 593970492
614008255 847922335
103859006 315088144
551103654 802533213
992538862 424254626
710625380 131138037
980396494 161076829
93478154 261623259
783646794 865190872
538320845 450803795
638153605 545946977
906839162 923355435
151230702 622090158
167129367 522897696
328223002 664922531
594984643 449403001
823617093 867839030
90123258 369325878
307934521 998411479
114277835 379412668
252057678 227769514
140129219 247532362
717808118 929375985
31517686 752189644
830813992 502498621
24115631 778029962
231925041 292472492
68920096 855030543
206970672 636502198
833754391 541009339
469117243 763200153
819506628 401843807
70438576 485126934
274408716 874449603
667725511 133978965
679724885 213048688
205082956 675766954
259650896 978679623
527453406 512449456
19680612 162278663
872645737 432507747
555789997 309359580
649042452 218873180
477219369 68834079
653802879 758711815
50918028 20057274
494635470 382478736
571662156 244029621
64053550 277758209
471054046 864473831
188185550 597252623
397145745 597714878
481479411 563185022
278538903 374705734
183992141 147177182
513518680 76082770
479017724 128537469
834369129 364271305
158851668 852757367
881784628 181268261
302990840 520172776
289493772 884805245
536126899 39245655
997689308 407238558
945736143 887164508
703692737 241699619
201267154 560791735
705850044 650172754
595015410 778771302
271295540 494090330
155041010 749781925
784452494 122501658
177171702 287912152
381665252 516107348
606202220 843271420
379601173 627721575
852039515 576657382
32790110 205224098
194688789 124353283
383746436 598736153
408632917 352291430
536602457 267025729
697579944 341566643
998016937 572682963
125853968 168731328
624130544 277763068
251783397 710519656
873864638 356748979
527320725 724622645
444796736 503789812
726756466 146871579
466232753 876028680
771321755 106202626
25885130 576823034
92300912 769061434
886021149 370745937
781426904 358652734
885105471 844593553
559030535 687046970
842771719 449193626
267122553 480080240
594276570 157236948
495970948 127616767
82290508 403474655
817112219 489068842
827729328 581522628
523818298 408789024
145868160 519761940
621343802 923643093
181435936 917181548
974016576 500541166
237685566 98414240
835661993 802490711
858589717 467480856
800661665 186765799
465839238 448087806
567241975 294790678
272293710 451804467
644100608 674906071
734940358 355617291
552061037 606719761
698876197 817033379
654254864 309980157
826269588 772453874
425319130 627508598
422361530 755536295
74773248 802904903
529327048 682945578
430752263 347060952
14287339 249002017
573696944 886763356
609116714 365832394
419936891 853444255
828045047 711962958
924361155 149359849
789684925 626841977
770975016 526378430
965854023 643061421
866578171 929460565
61942524 968086567
85737441 862694932
225641834 811332022
834032139 684217851
482050929 430923805
609309425 15670586
472964069 872007161
310492249 739083103
72766647 350900993
990245943 169280881
70438989 892845287
122294302 759500743
729861160 449985148
477997564 129871877
702876850 371829906
326669982 474356464
382629835 196252255
257132599 40762363
37659327 445691072
993723246 653936712
138127359 937336131
89126505 550537889
176436432 478839756
334011736 961554597
42429828 575600036
207781760 244678159
904820458 413941015
410393288 724139978
590278864 168396761
544673442 151085990
422500432 915863503
8480245 815827776
411486441 747853744
491860162 874132406
897228547 526791475
201901667 106435171
867043828 487970758
655849401 247680389
805391163 623248687
486919340 192252529
802040288 31115193
218494910 173750084
774990381 497116557
430643988 285626605
681648479 362010556
346469457 145917628
377443580 894125134
131755574 263228321
210381195 153120681
560480400 244392129
807519856 752820042
744972671 593465444
882777389 235051280
899704780 893678656
480249205 456165735
327872215 678428133
468138153 363308501
770096418 265159484
561679862 761405893
726256625 933006936
943004889 731521182
729583879 243756670
253250175 34826524
390383831 609704234
203656571 670428195
240191443 184465734
179477390 323821213
382851722 592901352
777060788 818855665
533339390 716411841
772866400 720137253
228557369 242721003
496968926 217890809
165220347 760001037
40105355 443218118
935026359 612462493
398814809 133323402
368846385 608210049
805158275 775259964
627358713 709565277
17780624 921627556
651998147 81545324
36867108 675564323
596697706 6438747
905421287 51453857
626052611 673100483
978554356 867722591
617930244 8042512
826438584 839524723
644356084 791256692
39550810 482090590
320636326 217846702
198461450 881021256
86034694 530962802
289957218 800153824
754823116 733169850
363243328 703688083
603717718 854327019
163082531 717055787
136082626 290727946
91282046 535037450
118425644 598425018
458546093 576025629
450908639 202152223
518142009 162709984
682590889 136020943
910356918 784947689
609138164 835429410
911119554 625591261
774031262 293680196
952276702 454553787
100284443 857240826
493141033 325504101
21040479 287116408
49462022 486063794
885211572 962306823
649235389 935387831
551014041 946700315
626379787 658493992
921503956 863552659
334638231 375147867
686662328 32024857
908075699 936919103
153468239 266556289
362864447 149137157
755621481 194844195
636265027 861167628
960055655 161197661
312436069 520011978
939245276 843671200
76179399 502132774
54322764 411801819
174374562 352699330
456544726 972381493
173195282 933265388
430657185 137448757
4856324 403732546
374356368 524438389
250821210 407498213
574573018 656391309
518789855 451655640
540089943 215668105
481813576 88641301
623729376 444101080
486046895 633895701
692335441 448814833
255767897 482515224
84785322 98113032
871583074 927904343
40139262 694729975
913540943 754220276
1842954 263954661
694025095 97916165
812540772 278891355
762718005 159374320
192846763 218996868
916589543 209175653
306333380 896099401
350110473 65156150
774509439 238597010
749614669 357981990
14945427 372475546
318476965 981730020
722627947 925946155
988366747 554550735
961749550 297447391
328751752 934331875
342467806 455752317
824255788 414560415
159465179 664432618
913314044 100259605
87365189 378979185
795038308 392394089
609087923 44803824
918416261 648915823
234514251 723785599
979162155 496411664
256943033 652106416
750232071 748055009
3659551 128566389
262327556 167351323
752628064 425854959
879733330 85173865
678555332 984882370
246784844 742528055
762379250 650406570
136116093 796885226
118648275 566144157
713035084 157148372
956001294 507478259
247635518 637860328
537695949 126398087
856040400 679385125
753764626 439124948
144236918 551399463
636919758 767321519
881896690 539675092
769766246 257068230
268842276 624954919
26330255 704012406
44672960 834141570
735164825 926731016
535177 114194452
22596371 198699208
63816328 568756224
610258796 615844422
894633332 543220043
639236986 685904265
994762706 414790767
753679544 648265368
52390912 886045366
515227783 768490214
421876376 395381897
385217568 536425446
660764329 748471679
802440964 103632481
326660285 269875204
169188319 835479566
469981650 852927036
476112341 14902877
813962595 532900135
891904422 951709049
386255425 121877398
726647674 990206189
207100454 175125443
892333769 122577568
753075501 140539019
427319303 325089322
516829993 271297794
441719214 3664175
819810525 299231587
26110377 370503809
623045982 713192499
471729636 742955851
283133709 444539917
364715834 867661612
524150552 455037345
399562470 867384946
518208757 138767333
514086778 22564244
580418321 214090316
709995980 272648210
602426648 686797037
978514249 695969993
447248297 702922953
21437662 897701662
967721991 69870663
817948612 117607269
402616830 572222924
505644634 328753029
301890686 839335634
413121965 403239154
349167864 203984338
951922481 752337137
688538729 335647204
591741319 612983280
875411421 117696021
301965634 308280550
948161130 253347904
379076267 886975091
615091096 103386101
246483250 697665700
933173192 742115650
525082434 404677911
197382265 928713996
539509782 167319893
809510892 268027243
645692875 992383194
858777954 748395522
448930227 186612257
662877639 242824890
638181367 357555222
396870576 648263315
10835826 671868101
584731721 598650142
454938579 182795571
872463986 178188704
438817139 971207081
86165680 819849869
961935233 154570488
398825174 12925698
697581224 989864383
903981108 60928880
863643073 335433877
191487399 763659073
181312566 281935973
523023065 697257061
784296221 482297248
773287323 968292706
175891012 300705404
947105499 517662410
786729916 756930221
725423381 346010750
564850128 225323519
508911096 231927939
447990281 417262396
421208085 491767279
393846988 580524483
585896497 592066265
551997464 96810131
905770041 584990162
595365464 73531761
82720011 242790410
413538316 195867891
771428058 35864285
130673106 89499656
621775827 871927544
326739405 932810751
311993598 583933831
74314933 863341676
361316096 748098688
522308640 998271014
430294863 986999602
732793831 419509942
344393267 779845647
232671189 127660652
251425406 787591212
676635113 997207
663069846 760980144
413409357 168581456
23205849 685387295
165197971 499827702
236603023 115560703
875742177 227740731
702739485 966371754
632262965 732042142
687666740 597136226
639765934 870998096
449643180 21453594
277276508 673531492
808933519 987226819
371491334 145531836
98295076 22079420
750953859 933318990
447253679 341011187
325993115 606082445
146791242 360571950
238764089 210771429
57307858 879945676
988360473 799138745
700555797 772022123
65210962 269914385
486191842 578790133
222003534 107033034
156994412 470634635
145535050 312319048
30704042 43113558
840743022 550200268
286173116 590031466
415975364 152376485
841483035 626268442
802268852 409221230
325462168 430425625
370559753 524799028
409731132 105419512
768708543 634110559
537947346 985899251
519204949 304083471
672191230 708590966
247672616 944348731
23831427 641702708
145213547 325784996
133192300 323181790
402326362 75435003
72333546 175824146
306988266 956841911
652873546 263342674
452751598 725265957
903751988 9772553
609899477 673329484
485342034 177306952
929776758 973197133
976504262 252551177
659070536 403608571
861371478 488531985
906914906 300847390
15432103 345842634
405617990 685557921
471023305 265251230
895473284 232291446
527412959 592377237
347976954 6866603
907211258 905051238
740628215 855839341
880233810 391615112
468569367 744296102
121331410 1266785
632233295 404891396
858705049 545516644
543608747 796493988
400119972 287083450
332359001 413201161
772129056 269319343
452834445 718592662
534431513 412945035
802642257 456620365
158883645 795238721
410539076 500739176
674747015 862929414
305972605 585669828
376766271 261096719
555583727 745752161
729233854 361323478
12310435 531180232
179248235 937528544
818280857 92939308
261418002 786368031
998433911 742253358
806394089 527514796
912297847 46179334
954450586 990584566
780649103 356985587
749040125 684555182
11376046 133600704
821349755 984326850
555751296 557015762
832864867 635340191
269015251 826298401
301000669 156562879
441635315 32232272
27990266 657810105
863851943 522424335
15805744 579371447
878488579 269652262
2369046 436495216
572854603 938668611
394805000 450993316
497118702 167323180
100462161 373029931
10223905 211247130
11763576 678522606
585970315 884694955
408439160 356932981
957369904 621860906
192499272 764550373
135979364 812370229
112179549 176734895
666307651 625571431
734570659 152872150
29903303 310086677
42099017 459343911
402391094 445759319
901580357 346688094
706703979 840056914
663810985 410433333
914869234 353667676
70887705 115884887
908817616 582647509
375732858 683418922
865061135 861777314
906814706 533605496
712050985 20828700
304423742 178196049
467932630 822184586
216563271 801739983
442101893 667557436
624295875 415071871
785967001 706040931
674461757 194519624
986176822 87780207
30009804 852809785
919160516 553728818
101022237 372751578
92800556 264367998
254618823 746795979
203670135 630170034
64934046 178815027
433468037 326003436
595563820 745057830
263344194 924201206
500847585 668599760
188517364 210191234
20399806 213799881
771177860 522395855
278203883 716205055
745382136 285616793
67223074 261104030
434564202 288990720
254049751 464224668
244944671 506828728
606422982 455656842
725335532 414146939
491390667 306257222
235822853 857935048
44790505 280842084
487169375 549582783
801894853 836245707
712863711 463118970
651706144 427938235
486588283 813045156
653106044 190978577
788750091 639391538
500993714 842173928
873465009 94617859
736160384 489379657
332738150 650200944
631871924 796892122
875884878 980035800
85964612 116239510
800043257 39831460
584492528 923592948
257581824 168358579
848423467 432162554
314715685 659437915
580014917 460519273
909057424 128158742
586963680 187598302
200156705 949659334
840229780 441872071
158614022 181110851
938881064 592252909
750471471 204550768
115990121 563071022
59930330 961073418
178853133 285341638
599392535 867469826
419660594 386557317
327901942 218689697
936391556 117283142
776197194 643493731
917846341 176907174
612017151 332210453
643274558 64145479
525462937 637066015
561537893 504932926
520249450 600998335
838176401 352302568
731874524 509251439
15762629 991177274
12255832 16290698
913717066 351511033
53451769 556354336
528681961 260137047
431028172 630480055
38867683 309138930
860510623 236450115
907720511 906935593
703265353 860869426
335709566 956126511
391053604 15605029
255787046 259064041
39488058 134776784
304706831 202491409
432473048 979922476
745410163 696200138
501567598 220750106
855837048 511781860
193540468 47812071
419912990 386175128
495809288 346837947
517734563 872344179
563832642 526114826
95315892 827993439
775834955 382828017
788483932 983404044
563443457 830421457
967023994 462054893
733112845 452261526
491896046 430769434
397324433 943297065
407679187 28640346
484404030 729167395
73145178 421922664
97575605 988150471
92339687 722381601
201763065 952034143
594194655 321198267
731240185 861439931
255162200 282929939
605021635 172588386
416711762 959108955
533072677 802749438
926808477 779091890
420111160 508705021
655741423 298816881
40506866 876131155
955700243 175514643
149890777 735409747
73756936 551711626
757262258 633620320
122069023 465458401
334746906 468718562
30102329 958256495
828432678 641241800
105111442 95522595
911117667 391496575
839860040 769663792
793926996 534808533
735581608 352088698
544441223 957442600
500784377 344643186
26179793 545707641
357412901 233160219
455477697 216821457
990823191 835534141
158374381 185768392
750059939 671822495
869275589 368541801
144971737 377320778
919760816 338142408
397133072 51885142
874711429 370064336
835929388 885740875
628377132 249041599
88274473 537766116
11584181 894722232
49266558 599714652
791915193 528747309
513777813 170589773
661858145 891045218
221135841 531455472
710490713 892208965
51873463 860100781
886530814 647774147
603874424 635897044
468314228 332208839
693410802 953639
613186290 149953766
30683135 493617595
851590800 726031245
573662690 130818894
618366464 768450877
199132028 291163769
271073116 192811412
766372209 598461629
12046824 575985961
371668789 568390112
785342209 34930318
376598116 998641025
178502204 637326254
777113769 85128648
883708561 449276362
844785990 704795109
962798017 254967430
652991532 143005209
817514133 515250994
856332096 546930119
794536137 966421929
729042670 575666361
491542000 37848972
780287944 562439781
73122861 574029662
581388407 325516853
618409795 683504031
135039893 284886032
360526345 592831090
153718951 316176914
453019599 279088033
708000554 872368473
798914580 916508853
595901060 475120217
186986412 236933783
680649218 322504004
970002154 535793581
360556400 967166100
532669043 813250139
739440474 8457767
519014395 74425544
710664564 136636492
289229351 927971776
139829475 694215650
395288390 729361657
177006763 585947826
571200804 275722691
403796409 590439488
607233715 354810191
292353721 380310105
483206977 864836512
881005480 188496545
201174308 287851299
411150245 211323179
600809239 904488460
12543127 266805254
244587820 534553037
512299071 762770823
599960384 420936633
73271733 110475259
670081543 34944860
303632969 574333516
987194797 830518957
57076777 205594382
251229737 653474302
98773796 120815158
471205429 619082462
530036462 469644513
99855343 343006488
321863556 153705378
140913652 474917612
235789309 493455929
752359984 803051052
207418863 555999685
85609358 66993619
352881495 685088811
263388961 37464729
19688841 105134117
904050382 104419770
985761786 632668316
350421216 830030740
485782879 822931521
740540957 16922456
235331915 345049375
274586209 658297174
958669883 993342280
536659468 997297301
415597601 58951552
626168824 894920790
808661838 136901205
508655591 529686607
378260409 846804380
533806585 728785794
976134095 469324562
155888712 564945404
640590102 554650169
477282567 445257644
174562974 608241331
748925964 450105750
948444665 42861823
850646212 965473851
796044455 698802065
4300400 320461189
248797222 833034291
694700212 126451765
919839477 599848060
604851489 454892841
983731445 684025728
941543458 822612907
222297493 221181891
351722314 513356501
920053770 18735803
789051577 703192539
660269189 588339120
130749093 635186597
236485630 320229969
484953920 792113098
440087171 711686014
35620392 189737664
923829718 97122076
3246040 437106932
205039282 597790666
644057296 799018184
404081022 195037987
22986164 626569636
652070706 854189478
622644963 22170395
459073745 81651964
267530570 664906096
944534700 530145201
305658634 314890867
267196413 284438829
276529606 178047254
371078094 184678654
774976025 129629401
960757328 978370433
259332093 445104244
364685819 894739279
94222825 681570881
128081600 431855619
348739150 543903694
186920173 26960061
645611785 966830022
540475145 475339275
30427448 337658033
47701463 518821168
646859371 742658522
914029904 913349699
743150568 21294161
931975205 925728958
645130455 958455868
403982488 17837499
997943714 609852465
447897410 842045518
886005382 255114106
536154783 837973111
829958850 929661709
719488639 841938852
42071035 292945569
605981107 112551720
143538004 215803200
292133088 951466596
624298717 927436685
742091088 765547229
506636189 512778861
738203100 524924725
26483826 676856158
845160884 372107262
41133343 961789615
141530140 354609896
679845831 565249306
357304539 628120148
483266842 915477582
400503251 694540030
367107254 668573730
114761433 424126707
707245656 789261858
348609693 412269412
73607997 843948107
625467736 34373497
674822598 350025378
881212027 551375708
327223944 477050903
184570144 245195595
667136665 804514391
421441039 783221421
980908164 381436936
617314942 26758585
959366573 784376258
164704160 4747123
971955713 635851832
949630798 786164623
635561616 198971390
829338397 609702698
727468073 666961770
313967935 13641841
557080406 101214905
298028323 269430119
390082070 127745077
296997157 979870137
276375608 302970571
917596515 332924487
920437576 565558144
867118067 973640576
772001254 197208364
520149228 982809698
153182358 878931623
667087915 285858310
612462617 84451338
599448014 447543517
353381990 787552110
859583976 116438265
879339455 295560801
691408439 73563633
348480214 517212838
89488462 923307364
257527143 741057444
9846370 35975760
554515634 58911844
362066352 244024914
936979519 809203575
613340075 42901441
725326482 716335841
329257195 378976809
179264484 706093434
654195560 214857985
197897452 71917367
219172810 886103431
345796912 393443944
281300682 475613133
183048433 995272893
667069629 424620411
416163872 39975067
943373268 118623198
866427858 861374077
933903577 647017890
260690966 613929843
367200064 118663642
162315630 708765701
920900962 69332370
210004312 148123279
733054726 768909442
530427067 151334287
885404753 324049051
96018361 566097264
363216341 943726074
301724021 757777501
763265246 18506834
975795057 58066744
799396266 70442515
37338847 270401201
215470765 366983120
65269543 387718281
361882257 490986111
321968616 484563085
212660521 512325901
43005158 339550107
725536348 834226709
274043330 362487233
716015884 789846902
588016576 589646412
883504878 551606274
751080149 659139540
920339272 40351355
976157880 626007134
694816669 745704588
955964317 455322857
677443487 320572055
927779242 54658238
537385022 322841382
558641972 50611716
764129676 36626297
542461727 293863188
494756976 415013594
580828897 978723482
279514500 322315138
928842295 470675255
419861775 460781500
528378882 665758644
895733176 612964381
772880910 860665414
578827095 343738909
940891147 232222683
577221150 495602666
186234931 968799744
108704983 117398401
813874753 569916036
279409531 637402739
942806843 328354674
91407602 618236200
46384517 89955922
403911212 348490507
546809957 573164463
880402080 705077265
306946197 389586610
352284987 698597268
976599315 585942780
128979714 48285906
485466478 773435206
21699198 809416763
138067446 181015527
202958376 529287917
737977519 84738296
52607884 329376876
740082016 685368092
731348909 4889739
704332226 493375368
374888944 728910268
718109089 150562703
487942666 221324358
602634605 82690916
131441112 772831109
103713807 759486888
464765450 33154859
431130637 27750750
44169024 38500548
52380408 885303438
743661278 16384673
246670582 771905979
20401448 979364230
347319530 477013692
328453484 69774417
837178415 420814245
863903856 338638393
253565340 191534593
771240399 127371457
191049649 178040341
654084994 983021867
783173195 906419892
924887581 631101145
372860050 169983705
236381431 263377252
333551743 628643998
434114595 222521649
134096833 405302347
761839263 979571173
578930074 311322908
417271546 428713389
119621697 345092727
779906172 560839245
463888688 111050010
534659255 118351982
371136584 584082374
519685356 94079782
475921478 141387873
21980081 676911540
109274155 657624495
213978732 783435728
689563522 709989215
756788155 685699026
179327173 295306807
920569404 481129902
480135628 357853239
804509416 903414236
986633004 433450237
696945797 940093368
342275472 210453790
148682404 682641280
195421628 556687723
565405206 803302364
485298546 743585407
368752161 609406414
636713050 465075633
980211388 755366534
962569227 598723564
857243307 86101373
264274329 245797902
935118934 400812697
371224846 660320723
150842234 747087535
692671684 361137524
423167049 888993429
744084830 642246586
994366357 301238368
297637884 136385674
871545365 570754696
984787814 350583154
870211278 888187008
125768799 746696576
596674400 51064543
929935347 23008345
274993009 735017104
453678732 386416010
777104026 865440074
220548934 123675518
30775311 362527563
621495052 657926727
758935952 830527818
304828300 409557749
228737465 376117792
9093761 229426835
732589851 443219352
108955916 641474416
304895369 534526272
731396711 967407267
957821 972307710
927803466 233178170
481940221 424971704
727489354 750302504
534263184 749883613
454762194 950693645
363144205 752208684
226292611 887947790
123385522 636749815
193880012 983073626
765675230 286318831
604063709 218970017
31593136 370163009
575324361 512712810
304830823 353039521
345240839 918981326
633383542 665600698
926504809 259402121
219221093 597195965
599746277 194544310
714913644 448504459
213099295 475915541
556444657 1082758
257560304 15292644
664838704 858459086
38194104 626210645
14336600 435041527
935812941 553682295
171609487 443307949
615737531 18460025
819620515 538852969
183700726 875696823
303811964 609335478
908738160 893493716
376411855 17996768
354338944 611070736
506860985 298251519
349446631 625695420
718152379 774798841
338492293 959933645
124028742 672283403
85075531 740095907
921934084 556560899
359358504 427861633
898485699 572312345
792892109 459562534
241805774 783513569
845528996 940999336
392230579 779257913
292674018 876483486
210469904 150577578
796674953 751707597
694922766 61850987
185366294 513826798
56028077 611267173
319803989 485996644
900214025 120196365
667354168 364924062
963170502 253799014
694255795 369946259
51855585 157916638
837839332 961571585
107677537 243715564
674520310 973010720
171515061 918400565
730828109 614426463
625935246 733696679
564020359 499267369
454116992 404743331
700450386 16047490
536516083 532149113
152702932 264498117
806906584 713051920
241978793 724759493
953658586 871382638
362984809 657774925
292380725 324146588
154258508 777040654
278440988 169577052
380936 530318724
278764515 783953834
355673903 243943246
758540279 223702303
840508673 988225029
724266584 10097884
703060297 622839652
578752377 438608000
296749134 713808031
4721226 403800411
341732460 990240058
766028546 41524113
897243163 513598766
136875728 573436239
885498766 793359888
164197003 901606186
994935495 837714416
296467042 587189664
67446545 789291626
276596169 421011638
118280957 965252657
626785642 123763747
218430684 156312665
253708408 94223344
547079126 666881237
808561374 494168870
