3000
384542945 762242059
97786317 994609612
429936902 980039015
986925725 866274862
643226213 122834143
107561771 310033139
531783834 645581407
636566718 346689447
455031649 647745554
131312643 577834577
73717980 605231117
99621468 253142947
362997858 109687870
14200471 869203895
108578471 534871402
353038184 379827706
619247748 413549159
850854529 344316195
533241578 714255645
774626515 379162411
113449481 40306340
262253676 639833766
688736902 790556337
626915541 288187169
487764383 177231915
957430402 543933371
905631705 217343571
342982815 345191760
811529425 362500873
236971919 149566245
104900176 192368201
566996588 425497363
920833400 760021090
354144348 72567686
242227190 741772018
298347797 392001131
764633900 746077012
86861364 623788422
106566107 340194870
763935916 535859150
531645767 752325510
452399268 519071968
599839752 791355235
771260070 769355391
582556767 477009653
853352340 351150409
742426671 86979082
680698868 309767956
633959656 199806334
357143135 595066075
760135072 859643102
198652554 856532856
286800407 748825823
710542248 576974906
899451010 631938811
220756213 385693767
814413753 685929803
562520592 468711971
405390637 351277769
770494059 27600177
478592642 983621610
164853451 198715349
32157792 401974688
635857876 697316132
373281291 714399526
304976161 338009103
822125314 641629774
983216735 156542671
110774683 280481278
717443993 171093583
778542384 396449452
736061843 615437338
178320277 873519055
84083967 491710339
549529252 818349935
680129767 551254951
522797764 529916826
529821034 901710956
572125249 586236500
810098357 909514529
195895213 170371986
15149591 852882064
6632261 875985025
35645462 760469194
776993345 741130215
808081444 725982158
413453862 626615489
531805956 516947456
83001912 571084200
966199481 964970440
237397930 729682066
862835459 292736843
3966521 759665934
978634183 931998513
428761798 216956697
786596670 899948556
567678323 98420286
804454189 36581143
954251090 978634749
202821588 211026014
901863221 892675754
539425612 531189782
358133409 293596767
466001117 932970783
532581093 351871032
299823985 598478707
734505557 622703958
99981357 893314352
564546969 241488905
579415226 334459254
155116402 875078284
903365670 693387656
352577973 688921098
787515134 819578621
508364454 930119527
90480138 823886259
247842722 452746977
118950979 218257545
554518365 584386797
171361622 785249385
956824714 141998145
925519117 925776400
845631367 555535834
554145653 315166286
785881653 324914541
742471529 300414782
512137955 335709594
607336432 319683523
761950324 381076173
200108243 223501000
630376560 97468265
863858908 419169474
670595835 146513410
708237376 901203980
904028346 904912350
599386731 28812563
407321955 252509722
768867145 328041028
455409190 126222324
252775814 433748149
657872989 13841839
552222760 375490516
983321685 151144191
275220144 991410884
826179676 2227256
933115942 497135197
404720397 399238751
304315361 612878982
742801506 320647343
790410603 373692200
314911570 205640702
475511677 267152170
345626267 526314317
667991387 476374150
738890426 541692437
106635790 816629008
721048515 929196048
402855483 53607081
485400950 390539053
810934607 247526843
308759798 774641101
31005700 981034816
729260751 942799262
840867335 941197220
70533311 486418866
534158293 461694012
928866359 589946968
851352326 499195570
504282716 943246095
649728296 215953024
463508985 560223427
772815336 753146906
825887292 694906406
969619800 866522800
478642699 144511516
401514732 297932652
708126179 745196665
339243188 98212045
729612699 924170196
333331801 963292845
300834021 433377890
76655188 9934149
672718787 296951801
536124195 569863785
572756845 102314432
593240814 438629198
464486733 934322274
418685291 948923068
289139953 512739878
422539653 371840147
854581149 776629226
115002311 517416981
909423413 264931334
384928943 844137735
998441418 691176518
515801214 432357279
448048018 572088802
533503056 467463434
100847178 650585312
943434076 601492387
205904234 456007415
387987411 227820601
190528481 516025521
415800882 701222280
997514931 965729315
439024293 440661239
233005395 781880526
770792325 332709437
605835098 852525289
387674838 542050265
951063810 540189140
419736830 3098677
373598394 670373686
561566247 323866914
874763519 909023077
831503611 94189436
439657135 63979194
991047057 522616948
322012646 624757361
708119907 329629979
176457670 319076318
377837287 171825075
729228808 403093138
386615924 582080154
556158340 92940871
353623533 36003028
952877283 845906084
699397508 148252016
353500624 878691492
593588212 767076813
587537889 401170549
504770407 34941577
916231854 172966396
360381324 628749766
363984736 354596729
234317660 135339710
768823042 55615156
652560349 412296942
60569610 318875875
808321366 935087032
715496561 71613098
587813143 272850548
527985063 970547536
80790268 355778682
196208319 212854115
371074827 493120889
270867295 286936339
647293270 208889964
717407422 958145791
964781247 372246944
457320533 169636765
306095204 70602992
502538012 79811042
291463039 503066129
395364623 648838030
905995419 271760881
662359656 945837356
866577848 858041592
71676889 61936995
929185385 712800339
727746698 615536001
36867909 240262796
100939288 223679849
130555693 941970205
563678297 158830859
473369651 691259451
406037707 848982615
618648312 355432046
643823447 952955580
621911752 813719046
978995723 791968326
631066024 346680190
375384268 417786377
202279574 163428639
758126623 857856318
481059323 997867519
543800700 156236508
693374224 505093706
701189005 238251668
723081742 986206860
3744829 26743082
781535881 171299526
280746496 141785407
84324472 105128465
438760006 632422550
145391455 987393201
43643160 41844822
715169289 301725705
537558934 649226788
765153469 502806371
784893174 590303824
277675124 787289078
614789587 409098622
89708615 876831191
984626729 700910578
172523670 132155384
755701963 443505611
877968094 790601071
629796121 356275955
186381315 303084435
827798270 643599598
964050986 849171878
138049651 405156607
540642173 780495878
468874568 308848061
979663495 587740443
563124148 237791986
584156075 265492395
787006756 677917911
275638661 567184662
336673872 52961531
749848317 187873845
122045141 563824024
599638616 941831942
156272819 307489934
681752613 773975050
321657378 683574680
838638037 526872469
447176024 224476142
107205514 573650533
588323119 296668784
706567694 751193972
47345205 36452547
374445776 933654852
665999000 260766822
47714749 716288856
25564493 906580203
594957931 791847432
766037018 998538301
623281348 943148468
123418659 907709958
63153073 697538331
521261748 764981992
930617690 756885042
883112048 727147622
574258380 95350721
118157939 167651144
578866875 765751158
871475907 284262550
133781758 489097218
718393039 982653212
855745988 788984757
525352707 769753000
323142434 194941756
474216852 718139219
990006125 341868651
50393369 431502495
619447532 322744413
16513664 683906021
310363434 961240960
640026644 426754263
805917553 410214237
490655006 966330306
79406709 452846514
873242298 661232063
569279402 546873629
466333745 17130372
31979093 943087898
537965888 458363953
983232632 150223150
381959502 592128877
135805459 580449186
76867542 588728245
61778028 120370093
901017593 495690992
952013212 919840494
991121327 246096673
407963673 408709217
522524997 994074786
442031468 346786023
544225407 3895869
430538657 965244330
34044672 750048387
840312769 516198709
364563211 349374676
777367176 216661086
867140375 451991817
65039691 46247439
630148159 968253275
891255125 230388602
948408562 394899438
423832250 860635098
601727074 140293285
251745559 614590261
569024754 784879883
849385964 333098273
233324849 796082032
383956788 34739067
100031126 725752637
812091678 150919199
782865884 941352559
320270413 392452695
228509623 761531878
131149835 929103930
814439940 834299723
333142187 575645840
387199740 251947716
20213420 824857546
938090829 94037957
588777171 866890230
293581847 856144340
563244322 775009809
102481629 748200511
103947523 596087891
666048639 863884564
175845281 394417375
897204394 844252798
584989035 377790850
763115271 725067779
523109148 680857235
297571371 865666890
106934227 156896541
789995590 922410144
407409405 962172721
907852616 437548779
239625560 472004720
14062183 59636420
812039800 718669587
603667068 616866609
272624310 242079745
442476711 844433804
408188924 627834616
850952108 599402199
847251245 706508492
516959241 111129838
42111817 969627736
481959065 594900204
572247561 720125409
360432125 461270166
703135996 877127015
910438821 207415270
992810891 963220175
660116804 899186304
822076657 379619527
236412806 42782697
958090597 93038422
615498426 998194217
734159753 526929548
152305607 366825029
377902947 453972942
965211006 400209133
313899890 465607406
722480193 978992996
902877210 664074327
294607827 403157271
959499655 369011976
41493109 696520735
362116896 726047451
251385394 722044792
579555086 283388353
884282461 721803029
735490064 468287011
928756405 901278760
727329315 394855570
784170279 319237096
446609293 142233033
629933580 888792017
419601718 851475893
529104788 945458471
558876421 524474078
69785611 374882375
595361943 859383981
687458902 20067948
571665529 597393055
15415719 810585009
707437004 126222410
67092607 173756405
348939345 746887830
419407156 732609454
281087531 557790851
659825099 772631006
296236312 613672291
435483979 476886010
100781400 238255083
768986259 341323942
711915496 174436999
207671576 402244206
586127966 625543954
750677012 486871825
345798981 731823559
521859573 670684277
214904328 119718552
376179669 247913421
93210588 138082088
305045455 683739061
744024760 929496207
510678732 729086285
315147689 230814373
101862398 817563434
56742826 594115758
975139858 549531334
314578279 799672725
359703847 317008427
323045209 687829106
246179546 981675036
782451359 155015180
451672313 447534551
485581393 272347834
821804686 35416136
80475109 368513752
602772771 94337576
399722152 454321536
652901885 314928186
854985260 458303978
169931907 1859428
471163461 469771284
261968611 21516916
733324239 861063329
545753061 82584312
132471737 301413676
566996810 615874050
723586059 245554984
959322913 564660680
411072478 425946094
935083830 152638582
326538968 180263630
85005161 318541805
3952368 344427048
801306823 61516037
801756236 572225595
206254406 502965873
504671137 464402893
465118555 150161744
393601494 747451492
465571810 136707905
314268202 869526055
574518151 356105060
957792184 490430045
738091794 488513034
488573853 715087273
270910297 481491497
686853353 991529760
239623341 26085637
441883734 681816574
881952356 763032557
26278761 146610031
204064925 312031116
64136668 905092989
357690309 385433896
47956767 403253534
696175977 275498601
341490849 429985341
69790383 976039241
684358032 865009166
528032082 249312948
735463237 789017184
747497341 210833291
120976667 890137235
394927798 580798734
446372717 309442529
697838808 347584603
753148575 836205411
511570296 580428022
665237122 886696193
944929143 215128741
403118870 168524623
192426215 869974577
505911154 12366391
936954126 776641521
804394738 664133587
236118662 630674099
464971358 188085461
368090548 601681410
375212368 849191811
777741386 552540661
64305773 650193686
932337162 139515955
39005612 669144615
676698521 90097026
31027589 80049313
329846032 477881282
506466449 296143775
442825028 429041605
761317224 875596499
874850379 346532078
308079763 238066577
674487531 249452756
497686375 608417324
817967681 279594882
270587122 135899463
253746129 464565895
369237712 922372152
470945528 293732007
588007092 995059683
28230268 317622173
719268268 589111898
359010275 738128087
763480691 140356130
439610304 12520555
870637559 214172343
791979528 101181752
339669194 202221567
447575545 129344913
340227483 620036310
822440914 429264734
378894304 674149974
381143957 463554074
371838382 904235735
146853734 987561137
725671520 547313347
738540947 732709960
562434138 934209082
211605377 859109264
882391860 10198961
34600207 62175772
152849408 374825527
542301779 328523498
918194970 996664288
594562662 900775151
913649268 720295329
428974074 622675796
918042105 226684689
682552399 7463196
459911221 457703137
248542621 76584028
972729289 136294861
17297085 447544102
461094041 87411340
969977889 168531266
648142267 410915371
938842677 602134795
94608977 706498668
496839847 470587560
311196411 724888908
400953959 711216261
643036650 450705834
96922884 197773326
863227543 892753506
210579304 405245989
524952313 807631222
502677578 946145342
30314420 44836281
329086112 321687869
649652727 446637745
341920538 367199658
158134812 338057870
786125287 785635557
291911052 212302405
207901624 552686458
90972196 547099926
486021109 686692792
790107397 588767086
610438790 793209310
694981681 973090212
778866079 259729429
965709502 164956155
788753237 552786322
630372478 85171349
18242090 38584844
403205958 353754591
993057568 613885682
117999992 4717236
536219832 546012906
77028006 319449793
488529128 144984917
490719517 918965551
915211718 699196912
16330004 796060653
449491099 693546448
977248934 250117220
587397812 238264014
837750667 586177809
633304584 15017720
562694236 988340617
6624885 969996979
528758874 679638789
553586004 841093212
29403767 928756608
403688702 964520604
623504895 44460393
91845410 990975272
890189914 849408696
13218341 25334920
198117826 111263073
246534556 433334682
428522303 840520525
481154279 264796858
678475617 438256004
169078908 396570487
627622404 870076200
461233871 765495970
282651881 322295895
415285437 362562738
898959119 524262251
735409852 272306728
926157906 662676096
520092942 835747877
668059055 402918302
705154332 520297306
799597376 60624712
106930151 664164835
716633588 493767745
151269039 912124465
187984502 823626556
855026450 340522966
50198115 621361742
561271654 281174772
850578016 840123196
882934867 748740498
138904715 342123801
601921977 407087439
76806772 607413568
338246584 447636480
382381641 384549701
225218559 322462429
869709520 576697533
521330978 113546909
547435869 331801122
346479270 957670557
532912483 568961425
318385548 507868807
822018408 153305668
762373993 548730115
332815589 654188595
761638970 496762009
205871692 904208444
385418235 975861725
528319037 59436294
639690873 231390107
474390179 351038150
95181038 17907555
603486941 767516654
622019151 419105775
289586268 643422854
666214309 604707629
338660740 797184014
133690381 333761380
518849129 593125718
624143825 490551709
469871211 906629941
661515564 495822296
137804254 880448475
214874083 512557959
285225995 914586728
818152992 663836338
838225299 355652763
899596493 508203671
755940240 479556892
697112316 924587515
542020494 651018814
407050671 746433450
356354788 813298430
348587791 786651070
221347193 684615412
442243120 448787578
898869934 53556966
226215355 966610940
611125560 303830428
48154243 262701161
525967657 139594073
823086033 707280313
571672400 585494403
712552416 233689866
497212080 778456971
684883360 735431831
865903591 716992401
70211444 736823846
100492830 5078253
92361615 40978804
835540213 180919445
148617816 358318590
857642057 252175814
368754890 127791865
760720968 78601802
634506565 173164714
61115150 529589184
25244252 555979698
770893350 236457085
728001974 135364098
646993334 506673551
949502668 829396650
955920587 11800354
229722724 368649478
704441096 470562231
9928012 470867925
928185798 292949963
974827418 265231049
451117628 778529527
509687232 378014128
375720859 85391605
784847389 670849857
294681436 569807753
939172841 924444217
644326866 905181299
577995866 625497457
546505620 34994907
580257037 643134494
563130965 448482974
129396297 684672597
250350141 787347960
986592325 981708526
930051919 99026806
291959485 824361945
464837894 353031432
866899937 788395607
132483232 506104435
857370952 749588955
910460864 808271818
548848766 563271526
108032630 198103893
201138183 372892037
212820737 134856371
487490482 971673471
419010084 633652962
462698323 69664259
969275055 214742085
85367632 747993350
98819069 893304244
808249674 39600890
814073543 420751243
887668382 160939350
977844646 802171344
644175659 237843109
385298986 132982913
444539040 491986518
528601486 973873174
823094477 592264343
911999441 224067129
350342166 810293983
866454093 89597702
342500592 466569849
255503107 605785208
3658841 958786557
815479390 115156288
786476133 410646957
270166714 742728351
479536451 749142620
60609878 493564345
616105269 158663461
414605987 87101048
205585196 268623393
218821185 67694745
426807073 280666151
215875562 835382883
597439848 23837402
590508139 618962171
831986541 977226422
444691852 199403775
883889038 245708630
254187937 838912444
107017785 552514708
666814591 921190314
635472623 32219638
787212630 992942836
187493603 83191517
407349749 419718439
409168025 8785938
135162860 135696779
750342471 930709090
405490709 699542204
772049211 767609186
511331501 677211915
285683136 796419302
158563859 531890272
795480693 801769531
563737978 743696829
291125036 82137124
448499676 149302164
459630673 638117373
85777167 222737464
609505005 556815537
913282950 30365952
79638101 104668098
688139197 531994480
900027127 605003628
214057170 329966762
415059285 838999951
690047138 766492532
361456959 881876721
401981275 942330630
414675693 672417358
107253535 368562122
839159849 584768443
811581866 116725039
706083884 855669250
504078155 576580770
799112908 648986292
986960960 850551833
853791218 532017861
193487748 161919365
357892240 852090275
346782436 977945676
490398396 876566658
936180358 644964766
699622890 319297382
281957088 700243822
629283372 715198448
466267539 631768335
596042407 614211226
281498154 567428981
368248605 114614344
131389417 259301340
66748405 165592301
803982905 753180944
989579024 573029050
487294658 20695587
300218974 183150009
153935249 983927738
86156986 862749923
918413334 958518428
558516094 884506901
443040417 582140350
310194448 555534186
670900553 602787295
330374593 438936653
816853959 689197636
590206573 175869031
233656803 649775623
976655918 651350573
539674130 392071327
242696913 134463360
784043419 42433793
397600438 677969509
487908438 741660998
395658756 477335205
334312877 950921977
351184573 626665693
704785849 181243235
306194563 277992352
446820984 159545888
385991540 279326696
984378577 700045082
342633669 997322396
661097047 567694657
117743839 850283394
767284201 703268907
316186082 588170583
771280942 669991217
416119640 202568411
131316958 56775524
356043593 486688648
343927309 940642237
855149271 563220185
516076657 877579168
909753758 349240451
233432229 535897279
532388934 83991043
970207965 401955647
940648432 67093208
954681587 15797708
472446479 44665845
887950345 173825117
785048552 44499969
408379980 914351129
292699489 85155347
868052557 123028400
67444039 381987442
620869543 592886813
691981211 629488510
24804194 199100963
27905585 734447222
585747070 503356286
101834828 834954344
84020063 585766999
958015719 779490505
656806629 908355796
221746285 452297703
718926580 526944446
288898406 120452365
844981611 51231119
314678262 207638105
359616139 131454186
711831387 126305521
133232992 854530967
777724626 887529215
280851407 428904010
665437842 535673690
921168362 311489568
230897458 887563848
856286902 107137739
62017962 957904921
768648869 68767576
884254643 408358729
25189832 897583602
540199132 704286501
167475871 892626857
708113124 726362341
371989770 663126262
2279658 365423951
770740240 653675027
533152626 823783345
815817316 623173379
679281126 181653121
150024112 163376518
195677600 298851158
619123514 49162470
630716519 70760921
792236156 200652256
152232802 335731241
751097863 888898421
147192595 576916693
861344420 775455692
430901450 239450633
950193285 659694676
995100883 704301092
395411738 794331308
455299727 66673917
704259588 784588286
522691567 671556171
554166683 323386790
282907574 491632651
520857545 557411612
175620033 151886535
541494833 413010801
772675088 817056153
99873376 515187363
558543578 722069274
85321925 116916277
125465506 22954580
953298523 940896892
996060162 210189711
119130089 63999033
694855608 903772976
128778761 748985203
956818938 7692741
559827505 425245269
290859370 163012528
882464048 541592619
326989646 382485956
539491869 898139568
589113186 104974700
350639747 576820769
723634266 332263682
494967979 841879061
370020516 180943817
490175447 408807784
997076520 770512392
424545658 768390955
289702632 176692047
384847955 491586074
568566686 223333307
147415337 187471328
371202700 942967985
298048522 225500248
610019813 242293671
75696145 367066799
920281811 529517624
386753513 184735800
885043474 239093894
683050134 678503339
938444866 886946122
947491771 298417585
238961429 907246813
338708952 110948600
238477878 907895948
776115661 505887113
969111353 897738463
751240113 270156124
665453347 360238166
938501429 188232540
947929108 333460381
393357454 696948599
664230879 771304521
679002214 215426241
795718187 343460806
808247878 623248795
301834714 192626676
180937824 200856457
368645385 753801412
219203781 338737317
990156083 177060570
570041551 51347629
997395185 509010588
763022631 46342168
886080122 166922654
552066758 130442985
513456706 491199404
887874056 91322469
913734534 42219265
496396362 718720422
586411675 582988436
663643587 866200861
422952055 851301959
233430893 867190946
79724713 334975116
490530838 432741811
923772098 63471511
918275642 631607031
159251929 365304603
591930854 475247339
94040950 734805352
854339873 44440192
266425413 808421986
736364281 655138434
701451682 778266997
856964033 751183663
803794146 849255813
866566132 345432221
637211472 735130204
4075689 362697453
167854731 357900677
88618961 86548741
768400153 157416541
550857385 813055108
640941837 16090148
346550967 772505906
668897880 337911885
92307129 745487633
799724031 988471982
823798333 832011471
793569030 730154865
495757552 417145857
291443186 568882740
531678614 159790981
250779701 529777134
607993902 862370915
608388431 870475665
736218557 160763539
984992941 973120982
339952214 219997314
613878044 892725034
914843609 931714260
508731512 804672983
275990780 403423435
736605305 429145993
742334711 57024271
704600380 541042937
730232863 208419281
42270437 432659278
884008033 358896207
111237661 605311793
186762860 96227999
216818175 247463291
319464845 497718696
863259864 594798650
869765418 903157665
546959943 29195315
903090066 557848704
754914750 82841568
262465584 576904382
176537302 400017787
419957961 518399847
204783814 430116528
480958126 666070020
391943098 505220414
935941161 45730691
6878881 838094668
309523238 77960058
507658070 758461067
202044560 906211067
112335796 278635907
372240934 725918355
355435367 544628404
411027667 869124028
213785482 595240598
77877930 348381509
325297117 620101741
599446526 385869460
883427500 242412925
128169669 467200193
210769637 681618805
126972099 835947748
12856124 250847794
658645542 748026137
951502905 312655953
391793851 155277611
312128675 875690293
927004870 522623499
36550409 478080345
205889776 320400241
26535494 649889721
501712706 686128265
818427845 337613106
141239220 25939400
284700588 773499780
15002321 79808419
234617560 44378155
323766903 199234492
199400535 135227116
57327364 737545908
897432122 92023415
639292915 736981096
142185070 471263401
97748996 736804282
212532454 988366914
946683260 826720218
437609541 50367113
258457497 724195352
626754419 115180833
600677465 182435190
788732615 190403246
669155841 136991444
871534832 185946533
721224716 837221140
703152111 56726266
375738198 761731115
773469222 135000615
950154555 802786906
4267445 717060158
33046989 696238551
157040211 166992191
219177396 72797085
895150319 191937025
336305940 585371270
711903828 140883651
170212606 660713508
669110617 258070177
426706320 967503839
346265166 168809119
273281290 766140189
749790688 398951309
270422192 172445852
520158980 209760753
491492835 732408138
882992686 757099295
396448769 74148322
371886314 498934748
36963023 249252036
383024597 295703483
697595704 331964803
285546208 648264232
118885874 367681425
648747400 994289322
305169597 685384565
233436863 695276340
778096717 959409421
825027061 690168402
7388977 938955134
243325566 867862519
359535243 61201069
367868918 483902998
807646932 796607503
827810617 382827158
481538763 514298311
473739410 942977313
356560920 401462288
79773735 598260990
727405448 698015641
528861229 875355016
161044345 951034170
340748404 307081176
910230921 859249764
173633900 471169415
164699136 229818915
723683627 680275138
162186312 241888913
313736005 784873496
590590808 549690597
421287152 293896139
109319764 512943694
282491509 60154865
552720099 257922446
184993924 941802154
517171348 672927756
450005009 317190572
157351885 713566828
480028288 814310162
721905572 114312725
876713149 632978376
797803683 987286428
813783990 589935935
760268431 468321168
383045682 863632828
899542921 602972492
789513088 649709518
474189897 152808855
431462298 329255555
596207310 6212742
391165427 690441363
708427908 637980769
228472262 887362926
314254975 703755534
995834049 864416359
572773863 95642903
356924995 887010846
430051885 764843964
289705277 659577918
299570864 251973179
279392737 350712001
690016228 987800587
66237878 55140783
571806576 909347509
752958452 39085628
640361381 939589093
467715925 885125234
781689932 451366593
640307268 15384618
692974077 67214938
25340650 590489762
556958732 9378084
130580264 926498558
651336728 921053090
269132404 878223273
622849216 18152192
572341859 246224411
648644395 41329166
708569500 119944797
854458036 977997987
246029288 628713367
865112067 973045961
514641658 623703964
121053929 193680193
327766080 979220105
387719468 223840007
466446042 567604917
355422013 457029577
587752884 748302891
183842993 293450592
869167277 8371868
897293400 114319858
763560748 858572041
197735454 893158744
155288284 641162916
817788232 496856858
585564602 679943223
921970381 288879671
490911318 671511645
571787298 874926011
857589831 50969341
996856591 169703912
20621375 234309461
185012272 532437811
568925403 663166935
669990614 970587706
910150884 987675550
860221607 130114955
142182017 282684802
480386438 113492837
333951858 545130488
927632660 80434548
66415607 554753731
929577510 114397008
192379392 628518558
26941313 931862241
251573088 150786624
500456255 917889871
974972124 951120008
222696292 21561308
358198570 833274342
74265374 401916806
494358317 377235790
774489151 304393542
163089016 143411676
370579514 318171455
448955202 937202618
734416643 685439381
249812152 123786337
454209899 667300868
154978559 197121631
903825179 49576749
557404440 209796510
651499530 377265891
90090712 247720117
806938933 524667571
749768434 187561386
870530199 523325851
937482190 386850517
123920728 16324429
849234741 295679582
241567173 647129486
738106838 711118738
954862108 247463765
186814310 990605397
120003942 142724046
886700993 691980077
188905733 135386741
36804823 279999784
841328114 39062573
606334069 903822510
827276306 13729004
94776094 966488615
983357080 235411235
839979177 990340384
59229864 9780823
484715324 776278071
820784337 252223363
594242791 808663333
800529764 546187075
540088103 541376656
858734931 827354264
720539966 159849115
636769859 19881044
599068368 13883155
282364390 313158112
304911534 117709090
318249098 236580866
92336746 494777779
322327778 623305537
65330792 971387463
882498233 929603209
495322737 174223621
614766602 749069378
8469885 173382471
195906742 879509306
761169247 571762584
751513439 994319729
825879370 220238215
135423202 35502592
746953753 743460849
622815198 274294960
691360423 731530557
221670837 204640848
568854913 473054966
343392989 532027609
642867832 339707508
907639754 979592768
287795022 106006896
436409113 162494293
874266268 969197168
944467496 145483217
312532017 586146235
502688345 943986393
774785110 549138482
333913253 104518775
3294352 567929747
38213886 26883735
139977413 939536352
132632184 812438042
703411263 78019071
112583881 644643323
585083970 691524863
614830480 550365262
211196104 20495003
192072313 905796630
229622896 64600875
9793605 596919376
955217197 274280197
452486804 947091830
250067411 337040146
716997159 167095682
233611719 813611910
643873116 372953039
666677442 935253765
763011613 27672830
441927932 784784987
263811999 185014271
131232490 283595538
737756357 7405725
726458915 225533761
52835176 600082062
328994965 827524810
7274532 471139311
657409146 920833684
40029581 8293694
170586613 642242929
149282857 769320045
674407728 915107604
730806650 639221343
906161395 267248937
366035038 102605895
150874629 199318015
114951102 985719920
258338815 716109845
531726233 693043769
568967932 190327969
663325759 816886302
265637011 133977969
142307378 511523293
897513388 739624746
464698585 271178797
473328387 127601718
392760426 5130015
318586406 565073547
266365693 907008831
102088653 361442938
290347188 980152619
969650064 662504911
329605993 16668209
418322483 174950264
929042344 4517789
612067817 167052253
141553890 883015436
171485857 146302766
16461941 53812794
258007878 6359067
542571030 779868403
271428076 972644364
629020647 52917293
212879775 918607824
299418670 895397587
931238874 988615528
737526014 811009613
478431977 236511391
532679803 283500860
535447003 927881535
866682028 928464151
172322887 868111372
426068867 270157227
251808001 565266431
213117379 13194304
343198509 857907423
59336406 964381692
642360900 241742556
316846603 178701366
68522938 707139395
814090840 651987046
14990686 780896820
912108368 199496429
11677265 568043052
846676123 787796518
66106781 862771715
597121017 66467490
528277643 854916301
268502941 330461689
154095695 144110534
698081313 730758700
82591276 140380319
443678727 323738324
184982961 447137560
935198000 452238087
617757982 438453956
984671304 78697331
574714297 545977977
388780114 64210945
719254508 97329588
203739014 32358083
877229411 753733722
626976465 94649733
1462613 899739058
972563963 763601941
883659292 200990931
510403841 462113996
648810789 334869292
421737828 305047770
311668713 80617030
633001351 449394928
912527458 168007376
605156597 139348358
162149752 259087481
697936390 368259174
663307024 486603941
904553277 953189345
723517021 730187610
848410257 809610444
549690251 614022318
706320143 136919762
655235745 776134153
68626711 19673941
711462757 385856913
258314932 990331697
422793724 239641044
569585594 715448394
775251586 998854489
948507652 581888546
281291053 937286590
907887885 228664547
14699381 100201369
643501919 294951944
923417296 478775827
990548387 796756699
418159808 814359411
385158190 934893769
645892510 134968221
949156650 209319114
163409042 344245693
144501030 552798669
248785493 798712847
597596166 917127176
962646123 374722931
75462174 266957826
330564862 682339970
909962449 405983865
404396115 605015600
240777978 282003161
955310071 37937515
398199778 21575039
722226068 44211455
334952067 618970286
742220705 233778129
711602427 34164412
406984084 491293322
584375896 109649777
94002188 479446246
708230620 986827549
961135084 941263823
916496144 314654656
960303284 440741521
311893510 851464464
440379909 887401653
780563930 204206734
791867457 372320384
985568175 858607186
417338399 156738110
545277891 396323637
505221688 769410038
463596554 535581563
287236668 920261312
63499357 75827992
514983185 706667532
108777064 210165089
531716529 650381740
673185039 476484265
344787746 789644499
961997495 406706075
86607293 54491246
897729315 691171718
93201538 360200647
171408285 277523832
671640753 406858943
459266542 157701144
580445971 644874653
927638902 129775626
591779012 809683635
6162521 212900398
568289707 643639557
695293076 730413007
834227070 350021281
802590894 605489872
725978841 184031361
783658561 297345498
864666375 456354874
636395765 132033650
848968791 397968308
602185289 97705247
564911605 460287302
270251759 240109528
457101768 154288376
14477383 917508334
224825688 860771788
693008307 143893621
553682904 959338034
464379974 440730629
366282659 311857669
972860707 752147699
410087248 365560399
344058557 59791212
427527750 226050831
170298815 778897130
944322374 873981898
831527349 210015997
378866780 457243518
671927144 974178617
10501329 407171818
424249861 884719319
508995088 230187404
423246751 121582105
501967648 571343439
230671531 712857934
488191768 351312245
517655107 496956962
569868928 62814853
968667915 83738548
126943700 844494632
867451543 971958318
529279862 998511061
408348984 229684027
401198878 834649761
34835094 371582377
292120365 228420558
851935057 348743460
850436364 933593353
255161726 708839692
530947424 445820602
67143873 524492129
925493185 935103963
732819135 935758287
429832529 706617768
594343844 122976211
103751194 729281041
559974042 92725837
450334871 355435026
840745599 279097126
177029243 880079704
481899191 647834966
957808467 528894526
126077070 444399943
873533511 712351038
833931219 35028047
897415549 618204664
75813217 929066531
799078136 805023018
227838720 594609912
661495836 635501477
45964802 386454448
715727548 876260659
833958967 994938948
544368690 802151159
789026197 420902054
980364599 997091765
267510781 534243593
498960557 996551571
379750531 319391529
884146982 996033727
580957467 790352588
652943034 111799064
944565262 208183037
478961331 362188073
360072472 8067743
702166869 880838349
556009552 803809885
843277875 374067860
965266270 58556491
117357599 859823805
91788973 452897114
539522224 568883866
20972143 605120102
653823327 977766635
525032228 312932788
458537009 916677496
856930153 279564647
219645390 582646591
264327142 534060038
604520472 340599769
29900562 512149504
251420633 776540470
312191403 145262079
303775424 648907302
686818300 313639668
745023526 101198159
617830528 373885214
261647523 991826075
216618149 169961079
583955388 673241334
41677901 406712571
493692067 286672951
513462072 853510217
950490321 730195850
34319981 597339669
766154203 556736770
984052163 289222071
139000908 306059460
223273053 671911296
997762734 703844993
691344513 705930080
352616624 486169555
576510966 120935185
896239981 499400930
801762533 443968512
824885176 788201115
794649437 564992631
477046097 499103609
232652558 419032464
506071372 432662377
819587068 596019607
336394878 440824408
645799566 513766990
4218472 302770722
206692955 420150759
691397083 663264906
406545618 972539560
145459386 818645499
345347434 161738411
162364586 297055768
751125176 577003046
808422287 489658381
860097790 929779311
242636467 670165412
585274237 328799409
882931344 477074426
820724883 949747848
429903103 554295400
826435270 164202407
829693895 681162126
681237483 724380105
478025650 771636047
988130380 607714366
363040543 400953417
31039540 875249116
323564439 483087537
94416429 886555254
791843678 379174212
380343634 543881049
159973696 861913063
873319288 198955223
105740592 27308176
314603881 866631787
421815179 583420662
698232380 858109423
577350532 367612522
630009655 918460102
120822395 64835746
955254952 743519360
267866199 128542127
429098373 205866772
807907540 244716478
304035093 826390847
486889402 985190521
861129797 137716434
387077574 892589994
495494806 356263355
174735174 780326220
254978865 357898038
737597917 604537987
433653305 621684603
272263170 24780508
340155680 587290166
884409057 689033732
688810011 460462761
51182528 500449571
176169000 665306392
812617407 280180568
34412963 857528644
599978766 170918649
698075831 40656337
63623969 213328876
846312660 346445016
863789636 339821402
820479692 570040993
12740634 641661792
245884016 994058893
137203570 926320193
683834690 45354124
427000556 35902234
37120981 439149046
284754438 340378056
576775359 136582373
339510052 950468197
570455498 941689153
978549957 962809419
875097225 96875092
414355493 102856038
898059651 685220395
982827221 124702593
578789778 256572684
107231495 230516050
560285489 300466499
116877616 321648200
820823013 320310800
496598303 584796097
980973051 331673045
961487043 464257257
476913738 460621084
625933911 303684148
38909492 665741767
417198846 627655307
714075411 535051266
598058895 145504926
214566717 506871073
715578569 105984843
104470365 844923392
746192223 729599282
168320490 848453539
854156223 851496357
361952577 521666486
888997722 716429945
712253326 257085385
553854396 835118362
899055297 254135004
755245884 180550263
413405470 334257016
787925527 40801518
234276270 523318762
739204367 976836605
230872779 140682339
587980616 641588797
602644335 120877746
156350259 558972863
903776033 365674040
228108294 761142022
770096156 262136469
12256569 775649527
314125881 812906206
822022729 560658654
755459568 158147477
256179593 65462774
719592570 398279601
39534341 583344474
514172295 934657886
182111861 743570486
79968926 928561375
973661292 795589918
178429175 555419709
781253859 720743309
916611148 174208740
439147553 1026273
975614645 402898071
423587874 336363631
150131907 154294726
907396038 629630081
896219735 378819644
796374619 97445991
381134970 40859391
853807748 464952083
418561184 507941716
607626637 276754518
905374567 597695022
707153497 534843494
61899542 484116851
366780412 230510956
143422270 159606560
187942407 302341986
764852016 645949653
757637007 665705266
36152564 79471301
498324121 15752739
283184861 882218337
36636972 663676941
630367286 488466256
611571933 18702554
866713919 449958918
619607180 219493095
732029963 976817868
328084983 634027561
108992569 414968378
551265585 879390955
476852824 240086665
613672519 622805318
846163406 960907213
387325626 119034481
308761363 768359051
992404422 528014592
508192646 351957044
907895287 33777215
320772444 911431134
292460941 172798914
486095628 336226354
882915733 694803432
214380918 244493838
927664945 544355285
110459337 241025684
152271027 935938743
583157292 127290008
338806365 953485864
737594370 712462749
725822570 84548597
768476993 366652723
827076114 862879379
425967547 912444286
827508229 494380231
163109577 535362076
258109752 425177840
916815000 81659541
692671652 931157026
527447874 672397309
574565687 499715670
231223100 58477176
223986535 504735544
775081516 761522181
406227345 938883557
280917598 745462843
764717526 233548322
497482873 826844392
651725638 866691521
259257387 669689427
109167124 452564013
605448823 283318609
794018317 879181143
697888117 674797658
46753202 930860451
199377565 131410013
968593592 251227456
623149196 120238255
77581838 351173204
394552499 562692955
336666498 99334600
266597073 467537340
511457839 990307715
187970598 831297837
9786184 232799652
347912312 27543440
297675146 784933531
319342851 207679317
836173448 129476757
260281590 168543388
819385573 771301988
854133904 568339431
52402142 56175222
425711307 573720383
61135744 496125442
525749175 398279798
195794521 946079909
261175488 650135394
151228102 723617819
788277050 611376030
321524091 340128485
765853194 818552174
431251325 398167573
591687058 329298240
294292923 470230854
788958640 61973291
836091711 939510109
46165630 758780666
145367218 426144727
364598193 209254766
871685157 269012618
982016091 380735750
16501290 324825099
240424312 276580232
322342399 183300237
674174183 110756043
207201533 442085718
485066090 1733234
421694675 889938354
587515031 609765740
316420159 447481735
349420421 459802194
164382487 97544434
339539538 275087480
479088087 623822858
928312272 609187099
627219191 614555166
271173744 194052042
957358647 476767523
41072561 211256681
796452597 285017126
364957485 588386974
938917368 846669111
148752435 242460163
607015021 198133325
972585935 76624497
985345396 675859198
41138667 280043831
838500232 331645734
907528733 407589709
313897008 906710409
168399646 105724105
523816096 288073859
861729864 313412647
6060471 307070901
537461117 13485352
632350470 794335872
159195738 927813959
95510409 232709564
139331412 436632912
94870529 587259685
15340923 318906471
348636204 237899591
835681647 654926798
156283438 254802514
198542011 786754299
482135941 485300121
463569989 406500161
458597314 577853792
817215767 45346341
121613495 412922923
807922763 346936202
528594060 883869777
816130026 16384027
883549704 261914755
179255866 218057500
113725921 854548631
471135328 964373263
871077527 560006342
221147376 551103441
969684797 569095561
840277344 80534689
233879328 538894285
495530851 168636176
839483449 329227113
522804434 506061627
886323652 892539966
381666986 109412442
842676666 387790144
228959218 892748678
832170130 865262457
124204571 486352104
299416430 9890171
47283317 392040112
485250851 730267178
554028664 49646577
352943753 591724232
986822200 886998300
999826142 552484553
125353054 709632938
372956202 353827300
123246422 137006280
659668567 185070966
103818508 233880661
194091202 691611805
431460475 130145972
932192041 781347743
312233444 538032152
414980363 708122383
788813631 147023282
870571741 930206545
651661028 224342431
33260934 967561542
882691773 651054624
794598483 939640675
525266534 386722987
560084816 807280913
322766629 698312702
634451462 11719361
319283688 28057013
35909233 240309250
526187777 836832769
1638317 583453523
435105359 349200582
346655927 140077041
233030014 609300997
581808108 416360063
186919269 987241722
229055679 643402110
571366065 822948596
267912923 294930910
474497590 721746224
522571554 818003819
478858362 94119397
605053659 323409112
884395727 71332368
143131438 510725354
344889133 115269212
441905491 796603035
874850702 324297023
91091035 350039583
431864764 390009556
930521958 39384504
684575250 560812299
515816755 543392753
710636473 414369410
261372354 799487241
295628361 298776978
249467360 215382984
50920477 575615788
914260167 505372490
814081559 192987152
76024304 909843758
201137243 62891004
436694555 293337806
36899391 643059362
290958648 195219040
328850161 93380180
728514436 569640546
709582722 615377880
973467113 57266406
757232002 63487744
729142135 928021184
16939091 316342192
505257257 325810243
672503264 270277886
405012543 637310288
713819805 496830013
61350177 337060888
971478691 620032573
592338161 378043460
88492838 145719777
153364907 941286848
143865265 337675673
204874440 170857665
672748106 788557276
173445951 522985980
793582825 85521115
991621178 646629896
31608364 756367639
735734216 296150695
755897320 587184299
738787704 355127516
747641360 635377431
979171096 401093953
834955377 995296161
634709918 855570827
672340334 969089975
493229587 423244648
613770425 705091805
87057308 765121048
903359621 127055841
456323255 312278727
215659960 394210579
520478750 952979125
691765932 141813024
101366742 279429587
462006366 286505778
559965978 332452360
761226682 705272359
41130327 550295656
160573010 612748746
358261560 98580725
467590561 842547867
383305947 526231501
255791667 562742208
818570920 610629600
656856500 994374850
74094214 707477775
878968588 604854357
293671539 976300308
401863098 868015915
418721991 739207284
498104417 897440333
360443427 736545211
792715759 368649862
881829202 868093388
920548213 883038473
662751771 837024068
14264948 947018410
582669729 147429427
287554640 902484525
362176317 29080537
72076424 664078454
848305308 963063319
75142297 272162565
731845678 225794379
139720999 247229828
570602179 137976889
356619347 190722112
209346480 930704464
500861742 957907009
139038386 88111468
967577042 308258545
579486475 335568603
485115868 463848518
15981694 319673250
831604111 145175783
242197503 729679889
246845102 245303569
69589436 476956077
103174938 570324897
672526325 582022829
889157404 400096248
60220087 123896146
35868340 665854932
38196838 375783823
168788040 635798286
789429268 628162600
383464630 951328313
86286188 622159387
441193701 534357088
211639741 825079475
623757924 669893304
632592309 792291788
703608389 887600052
432976469 396870620
812433328 745185216
316312784 540427720
770331844 857697732
948850773 867501933
806828946 634022103
906599457 528402123
93030497 792059076
624239850 658804040
117163775 160014234
727947242 459557957
901814338 246777629
108595211 990875792
326384065 140560285
763520252 173551394
263678846 423688975
182493520 315896928
765461592 732762639
361202973 321872328
229561161 979065691
520882288 606038250
888842777 109260278
759196402 951099401
22576268 389841076
691039480 549791486
637284499 745883541
63484926 583918668
856110577 219292649
822223499 30653167
650414370 477056077
997019186 523050641
809387368 981658003
907783696 495770241
263620935 66903977
695636245 694230378
821642072 617661619
456641476 970930371
118609502 365625883
698635982 747807410
15165379 499402671
959041493 459784180
664433608 425681034
308517929 742253367
396131238 202486645
481644909 750940723
845381721 927741540
793355679 913018691
161542606 921720423
433139884 299662720
45044939 447038070
267876534 935809348
250347247 578231336
784322107 681188935
512802574 978902750
864680192 68706323
932036785 149244735
702371510 481078919
304298163 580770797
418725916 467634019
730315938 619861082
35763844 42823711
942383138 433509407
549285521 108410868
449188085 383902869
979713364 488865457
565428718 157867759
870237461 383957790
453826077 733196496
750265135 870556330
190735050 687761781
32141396 822638029
863408938 989651896
801994625 248318946
588979794 856582286
206529526 735343428
87713919 989382998
723034731 972733137
383612851 975797545
762104048 649219400
984953831 144458555
102028626 215587529
358732688 836940354
689947155 568713075
888801918 450960992
118635679 282083655
312085043 329796613
438558630 476458629
122830166 802098536
644775864 807967212
743925781 410851176
959677401 592917901
938418493 89621941
271918894 247134722
865145078 660810363
277165350 135940751
611184661 86642817
729628779 240973618
625292161 338486977
703514832 564884656
72963858 673167956
527904883 18411819
853532760 174495198
248598784 805193047
385680644 843258993
119952109 205348897
189025937 74495891
94732903 34679100
312293804 791071099
223646742 604778921
888924922 328140527
339447903 817347541
679334608 606545954
168769383 208209474
822204678 466985123
502654684 750444848
3988591 330374886
957280636 851496108
517491382 32176679
946387078 723118787
255716833 623683317
33118729 794042622
831364710 387790535
960001338 47682945
33768400 854742963
940916351 455497840
617442921 187067045
904135515 626918024
497912912 48106697
736061601 667092034
717897542 424264410
78557341 432457196
262961312 348425863
981990847 417399288
847477166 669760357
98879049 899671420
54735245 801227714
946329247 524035919
482445948 398691833
302482588 220040806
899577776 756689638
546468514 851683453
438614477 802816412
726316555 257558428
20098070 992483922
623089745 212038529
339693673 642044400
902909004 912220882
619418496 456256580
142097825 390187207
533161224 532472088
788107364 805496288
513918424 151967180
816605109 268201223
647382424 824790916
824967017 977136869
291890125 556802045
372862820 406787139
673274131 368132199
414207371 42049040
46786292 306198518
439554557 836388361
269882722 487486768
943037251 15341816
741072013 466437541
769021117 631993070
637428170 266674159
34607414 443922807
685910074 430970827
950645693 932724413
780858692 908090773
589066205 853708886
429091026 480933221
683068030 231543359
685278742 546603894
392892356 31018784
826609123 562986483
280145880 459080102
156418954 234305954
502158788 768275943
161371454 990919059
760114657 705265735
957198634 938757443
941548445 180258050
852635330 718647826
672950195 253500686
945470499 702035927
130411798 917415864
180073545 846596864
425674276 365563959
767177755 970975604
253058266 161579755
257034268 337893052
839047887 496885574
94837527 271836078
694805105 883934115
542089445 898390488
986522473 646215078
958027087 292335312
810585992 792497915
714309551 791830547
708503510 419347881
499099508 948571712
144257480 155317640
926729913 700286749
571710063 349703970
782603631 352670513
611561360 634376275
94129490 942992263
24793987 434407645
727576943 168345368
628713806 709731494
515853204 531601488
172679852 23579997
211273766 209512429
858176637 281807640
463415251 475441913
509112083 914189024
951803550 567364236
791553903 934009424
49616231 416831349
581225135 768913843
380528137 372951246
732587558 978536853
734160691 315195959
605011613 530121057
395546340 476730225
892222126 107169469
943535114 329513641
749204661 103523112
147435829 959445520
231604743 831620369
892070079 575810476
144330597 215869757
234650652 29073292
798681654 749290162
290695992 428097087
834975956 672299712
763650509 393294100
953205122 848965049
443860259 908777814
233010529 580216264
715375900 744194071
594397875 121975549
127776213 950716994
493050721 690751001
270056469 929765254
684819718 392172816
399301727 396156030
42099940 867973992
618888463 411023041
232746682 752116695
431816197 191181781
555541396 325987628
770937847 921597748
960603371 627098329
272041118 925473677
838470756 113144790
613256944 642688165
397437640 865135667
904016685 170740781
118460693 724918136
579983597 329210419
522213733 106207997
987927931 172600420
530175336 952742807
128572167 528163523
668348120 71480879
832211605 113630386
281981272 675768077
733878728 905932453
490894688 26199963
645571215 663592343
500174486 295229166
251125084 684070556
40657596 136381239
820669997 947833405
602879024 823464027
728639814 941405338
620025340 354189018
734046664 332831904
177079844 965202329
590511293 78826102
375916754 255108920
229411229 931680765
510606768 428266333
221890988 464815641
818677498 579186224
278926507 528946953
396997513 459486245
664177885 118807768
246626893 995321789
618152527 89278383
652175852 742907212
612284832 926806328
993522053 665560176
740909799 769779805
803931322 412023676
816092908 835350428
781085342 473122836
364352190 341470824
159828710 885529009
260952414 119158496
136064653 851487391
293614438 738124899
662371129 457259032
412402669 76351609
745052532 493781500
194438916 593662236
977985812 707724812
319016201 228217702
29356872 216297144
874235216 233768285
236946700 168795698
911905593 997870389
343276637 132838448
488535459 118955774
7232414 237193704
485673758 826424023
277969042 982809778
581835470 717406698
72125336 705508495
421663664 812123772
547547961 820200121
273828246 967721798
264405637 353838530
519430990 527979971
63547213 466259294
397623475 696875590
33747779 239724665
221840328 69202722
708982447 969552236
713319381 597463830
370151365 92412683
1597111 557965399
748774507 740893643
394023191 933897996
644221167 139346736
208708087 302024895
987472482 821544830
583082841 352122433
328313090 498733450
91365006 886797255
139593724 576999063
187592549 568494554
606464281 157780271
553394187 522758699
206166705 449870311
961529879 298714360
385809005 183786701
977990955 820564209
840820463 558568360
909955315 801188427
725834401 302076649
474370855 511155512
935602989 937592513
313208676 377517549
611587841 505356278
472240239 882360866
700763086 752281526
368143894 860072993
46415663 353668675
913536191 922727757
523847965 955442738
474732580 503651934
966146213 358457786
695798401 668790533
592312733 924454707
521889938 895331975
163053334 941655040
387063381 546733789
975941303 892593886
68770531 533096620
853759216 915307539
616429199 328687800
246985611 639807711
966678723 19132225
857586024 336339522
969342108 950460968
474212208 71999475
708320271 17812345
816266396 410479827
306998872 381250405
162964084 297819196
101731295 851657143
201366922 61366180
4824739 295553567
865881889 229116492
807344286 756599677
514302731 566110399
234789011 958309513
106434419 509889644
782171103 53017651
277871561 617796918
604503752 746247809
874139361 480825499
473055669 618120427
950303285 605522348
248579513 495073382
153061600 145892611
179263644 23416832
648869330 40743877
253110853 134045633
926070190 121361684
21121717 896512683
687435191 481821626
720893178 106773691
997746595 439011995
659676333 832041043
832613810 830856062
234543062 222998023
708562972 548497451
219768862 648169006
34898079 552621207
506625962 639124790
429102669 226605961
697074676 582275008
752859530 369339649
52870491 352796545
819003942 23732951
649773789 965175901
627521327 563393377
467155260 371814448
861048671 768908759
11755827 737176184
51924825 890064514
768741160 625824342
822843291 893313359
628512100 185447274
291523717 775866785
438627312 79965543
20219324 447051421
352033562 962094861
686320522 811316299
556161983 32120214
356283401 707242749
916116645 324759717
751013918 666069222
938420039 48743542
774478775 638578040
936842753 86728958
356812237 417269877
362395840 318301467
131962960 465644544
703096638 930068256
206280099 613448479
282784042 598131414
402019943 173019368
546607066 856399060
599038928 825709049
869218183 355650700
975373602 343465690
960902336 724226115
455215449 455194953
441114464 505104464
163698927 11165168
16659164 631811541
213860469 70031290
869734343 739336073
493428636 386360217
715187483 610908067
644946911 263192286
665980250 286978975
538833283 684712723
460297940 674129469
41043900 382381774
238425968 821509811
907421172 494730346
476975095 131253500
413729256 26849085
194285260 110420967
525828859 599399947
920487644 494522458
164298134 409975995
901495221 286168299
921328209 3760953
455880386 327684046
177454233 755818752
419169853 926632971
719274674 995826915
136060374 233749635
350583530 721669389
259442730 762378738
413088964 654277759
488961709 908401670
787234639 695278133
840796949 529776250
395640861 61982300
522566993 838408948
320717963 476468253
56255113 297406148
793483731 215731098
101870998 107736647
83410980 131930642
8201778 976823796
292072173 89163983
450722254 503687666
325927858 831245515
424841619 282648964
299877792 734915972
52515057 229583578
839193944 260000504
401954386 964736130
75798214 281473972
996917624 796647209
23529065 304240645
763056636 729174815
302399142 975513450
312669541 449611967
682623022 864766855
763479311 909086293
899651668 252012718
308719299 318657818
129004428 697224928
565355140 364293211
551224205 864011283
969193525 98350098
616243476 289592345
446927866 931965128
682409470 541794440
802113077 165788039
799875966 392208970
545246686 413750785
157409251 281320739
319051910 663648132
897646821 678996622
235552653 798747694
524517697 112080958
263720647 448919627
493258664 251089930
229818617 611481097
314183902 830304947
839434384 621006553
173598315 118983452
888251401 339223888
465273526 762371300
207674999 580764896
322540319 859753750
949131775 883671363
910200669 498003945
872186193 403820779
85412149 264678581
763092042 949875197
203543489 881959879
556840359 352291161
875232430 294233425
467924096 755447174
781413989 542826378
711007795 207515591
579965833 28682777
896858684 48816350
568128930 242356059
99404917 360388828
730932206 841243771
969099130 10396973
17243156 356518961
253897676 540750114
745977391 337860569
243731674 483168104
889508177 259732671
605832308 682492464
83715998 834168403
785407255 581053432
520291652 360955954
221677652 538456239
159618598 579720716
169663411 41215975
20437938 804916183
711138331 171965695
834988580 561748872
660763980 830651180
146042810 392303803
378475093 241664302
111262117 551679810
750195064 855982675
896037686 893779217
201113130 821841315
191842240 752157800
30551597 651609144
909660208 766274383
385169537 29246670
387183022 981163758
29860298 485122777
980781836 98173196
168486912 934415023
940796796 272390678
364109779 42937490
662391697 970940960
694925661 44050680
270568513 856456308
613231492 130341349
240280693 759403677
224446248 221941360
208221742 325284776
575751179 792174938
639439814 417134963
302243183 700883136
121371628 293953726
48058601 277347742
891251635 386202848
201356442 996989308
172019727 538782401
213912219 776270060
796788554 131709969
526519782 768478575
14082656 883565977
144664314 32683671
322394964 595355606
834061871 874494264
559283173 792332687
181344390 657006801
707480261 858549974
21015547 65938320
688728694 119137600
947139848 397922109
154019464 692779567
310297603 739983385
600257362 60014955
984892194 770797511
852211720 320073736
250282956 569820943
63955248 257981634
733784375 501389421
95370966 486760387
751869144 45379047
797970218 94669712
669718278 742380340
583458767 4525042
979700970 737575567
618686140 311923103
866168122 222552399
393273055 822856988
81128155 246478550
448680380 862684741
229401733 518570742
638724457 728192200
735312312 592851822
212235298 719705741
885264690 117941836
322590923 666130321
444562649 987095590
603935307 475278574
211226250 342687147
861893305 293846615
573624660 477184272
13920362 351887623
371883180 248744754
384887077 436396901
343252037 803912957
886365576 5954105
581714053 297870665
749874942 768498196
34273979 199443344
283833590 737586442
256374711 915898244
661148490 775660696
633192712 490231554
823813627 313896772
737543060 671658840
178385349 50872416
726825611 961776536
757043887 381300720
734007980 747863789
627696572 944596072
172956105 690229874
267646525 113898034
55722312 818782739
663123139 658786816
95101387 373886225
618043392 432167013
533536960 727485613
322324656 521698100
221946911 217995114
921600387 272980698
7271880 200234786
735823340 707322170
10999601 38667552
977349253 868741989
391653612 929934199
701819686 93667183
696673147 557340304
443051638 863627168
138619559 983929872
580047198 247577634
762233564 363106534
383065322 328256688
864661972 286027344
840467316 637205778
830008971 431158026
246064933 479646954
912060745 397787457
119486387 8969965
191994833 120980148
190475559 688752802
890804033 810882878
937535647 288623956
737259746 758342995
819949518 822639463
836991672 230272934
812014420 79593172
64660360 596983706
277437940 806998615
388950312 823080486
899377731 510337046
896644105 759461744
127706775 637250184
529779406 807748303
813151405 160696101
634783586 354306955
709744342 384843334
422446775 491595485
677336263 256628884
161153142 279728881
688627289 275420314
188964864 489211417
596430505 229117432
87789357 188301270
305252486 188816945
151617262 916115675
713678873 419829703
898872093 122231651
493092606 375745157
780818319 471937766
370558478 311971910
34154944 990709681
673933383 989707677
868245360 385479850
93258015 25754519
388357945 25930611
90413379 942906290
531095512 68939544
631416544 794306463
991683524 154180905
968465279 457259248
794551225 264548636
943083481 325112836
101111677 881969375
301827581 512240829
96320419 92542869
468383570 301496712
553229933 220024724
895900464 827262398
407096022 476623973
204936827 355837659
167548446 76994479
951806569 910704189
44937232 319652439
715248321 451913101
357574433 597097615
906812426 273304150
391121840 862035586
255232198 149885529
392003554 239189959
610872780 581928735
368148650 668707705
658966796 114277484
992343359 242254671
177597122 104795547
31491491 89690832
45041141 385915675
291118702 405355504
220775871 450479728
295894152 194520851
533346083 610587713
902990375 829560878
17428036 997090727
799490630 841848925
361754355 989441153
750383757 308275431
467047335 557568236
357878303 219107515
924563204 177975737
410791748 392674585
760855325 941071374
424979142 798960768
965579384 291040339
747492688 165796779
443849664 515276202
652925541 717615398
706437684 802149381
757032367 855497384
904817503 758409496
880348683 478063869
557453114 529973195
632769617 237109446
876903850 871791609
146265795 571742234
56571452 275432163
917659978 381379996
973353839 73213277
207623418 27290448
771369745 424577970
460791050 929857585
990704237 307693651
655644255 982616376
721473029 226279260
111277398 943633915
465451942 100627237
559786930 314020925
137634724 293859639
528233092 238253114
