3000
687163956 772400504
916877563 283951115
49042182 702983340
303705153 488766354
695140076 919582478
642673694 906387096
440019155 326052576
430621083 858238389
633717416 407486498
234977988 241841684
917926058 641535107
561889320 226664531
67539252 384622239
202022929 999281172
31366118 798112279
883345920 845236843
439887357 47477625
504351629 462668351
365732749 167462357
732493348 236236514
428680117 76010160
435923087 78358862
924404421 621670199
507961088 923317087
542287249 376201699
547351428 838593906
529328136 101326935
948504266 474132877
161597902 658859756
351822106 178026013
478737498 581665779
611202023 566924945
511550242 340967063
176420993 812655352
271373052 153005571
658616529 43567498
924942858 756811750
216717205 302579787
826824552 440256163
517630136 524904881
215473344 968798508
832957120 564405953
171075572 583840391
379488142 801661663
447603153 286722122
457118258 443112636
867017526 187214428
93292917 835936676
31912245 221601048
412575903 240151417
898013571 819587360
377789282 110189568
546131015 561176182
895555588 800052379
357271152 760324220
678019686 127428238
791231321 11316002
332860347 71205292
43652278 836714790
864781702 849217945
144694941 663374060
818665380 407441804
402523224 415031522
76436313 816965625
852209547 451013400
898808666 210807024
545437396 990692172
36016842 807383403
180273523 118266826
120725719 964973793
896125363 945469594
176851196 278197270
197379675 767908734
889941700 360692130
811672106 518683463
341773362 833635603
474011741 959598617
406490110 42007883
619583409 906880855
488184578 317745515
734810349 665707997
593703183 297153748
776279386 118362941
704554131 958797935
241473951 354671536
644948838 815934460
771667498 788869938
99293089 229167981
271280921 636712744
5555248 553059277
9442633 302876401
338275718 710123080
430812059 665459863
13171128 523494549
279357837 210122922
492265037 227856350
858003622 941832148
802833673 507955628
445244340 229586562
782274636 865069291
674413324 747542444
491627435 91073712
680123689 983949019
625693558 54044216
579255749 516864181
477698194 111889900
235262495 446537347
545760448 673688772
455926088 144465860
997188762 813370664
687251221 337183680
603094452 643512780
1424012 838822809
835768960 448081215
549125554 943046282
926622266 17962054
122594916 961212036
663424653 544324988
70841417 269320743
619938813 723499540
934442530 150851504
663728061 273686973
245974023 653225725
213866396 135191632
805733910 388434184
265307062 557023673
758251220 971284409
238796159 76500228
4028392 44446470
289669644 990988043
387057808 72385769
284832131 361809465
378519731 179240795
976520610 439690828
747428872 23010089
853609529 163573198
495371376 230579476
551440623 573914993
132320471 635680236
426302731 567595708
717013833 974661628
368416220 659248945
517030188 196381114
494473653 688765616
32491486 42509973
923691824 538672276
162890037 824567362
190763126 793758092
559084642 219379917
982430016 51636228
470163293 40486438
140287336 931328464
335800289 681161347
307477785 680565298
840840957 620105525
379777137 372396712
266831569 471762531
907255147 880359953
115450573 671412927
277017297 435732093
72862462 418676928
447570483 970405302
52737479 428953638
765735959 773627683
152736356 370914230
443588816 324967475
22110181 883486971
850164064 791908193
995564071 306603658
667276096 983391394
105166136 811219871
874637830 45150041
772017839 615650756
273948826 778792648
334178634 493487958
346774183 289633544
924231356 244954685
968562236 928174522
87469871 852510833
228273256 788623706
862349545 576732726
982083406 123310016
532757449 912099928
370301015 244912759
305573865 666170581
274837413 55734369
931123811 502502375
606136739 451963427
632574724 255359627
431092647 465476137
366098688 847628124
412645645 10079465
840408296 866937454
796937138 943931923
236614229 623943602
903718047 838304026
925384720 731128772
325668799 683068229
804343400 792956067
474170560 902695511
994733511 133234582
389497282 558801384
918297156 139608083
453079607 98104333
795459136 45602254
905923086 203266266
555915883 387341000
398876682 881408533
291730132 85985353
424628292 871412321
586794479 176031083
901422174 375686916
671398232 449430663
839458438 939792994
713259423 109939337
62286551 101604494
367992416 793202097
39035966 853362868
181793662 406891081
708907465 266126438
932410807 940783751
495801682 199020345
844315015 177729901
279202014 222504040
181943474 674317155
993674116 504216060
186608681 307793601
203476129 920664577
112504240 617056587
39680603 136903214
706080692 908561719
455872717 889889824
916813279 963973812
210481963 314427144
145475776 443167486
603304410 871487033
974355571 960620377
269599015 795253550
492837565 719207337
62093983 990913134
863532613 265599510
139064372 544508496
165081247 363837844
590874458 861549865
973435779 952733490
91596032 833966342
457925137 577762378
481286469 64756432
804012688 567399563
153466817 228199218
529468210 906538313
345296530 194244372
209019856 296564018
112021948 906358533
390762399 484895402
564186991 311936433
20805582 301635466
732958511 262442862
727705752 60166448
978407858 791621208
926472186 569819187
426129734 44249298
942781806 142243991
641813415 153383651
529060357 84141396
311791634 357079010
40652951 860704674
839571931 567035679
874878671 817830358
851163602 588003421
179669037 869274426
273918424 535469801
123865893 524770015
632876767 407605220
476886897 452623784
285651305 559708461
308977806 499133885
904399183 774193651
804263832 10370562
699576198 362213266
730077794 317292484
784482392 581324954
415520484 374556558
369277378 101715522
32326 407924801
592413129 6628620
176453247 878019639
470408042 940267215
814580229 157031104
249801581 113989533
457344855 469688769
761783639 605188167
500242384 666710080
304423088 348007989
735039199 648819160
361019589 119417198
93355221 155890737
666049592 130528621
155145118 71952631
963229017 474654076
859611769 790734424
840338836 774897429
677594711 166529788
938101945 197099066
761492663 354090782
7793041 900731238
590568742 129522239
60961716 255219455
790811287 844429027
181136668 952662161
660810797 511620637
501475610 46669880
700039145 481071758
609688563 608989394
985407019 275632161
307898165 862064360
320542624 860075232
354003791 534940980
793858034 805792284
985702593 5058023
676504114 215058796
947308647 936416885
991109696 300385625
960039135 56796147
781044860 234875707
129459760 376910409
46060757 351320053
688689561 616904322
182967906 446225142
348262856 667329744
286682462 197517058
3789647 8039925
756960214 832770912
675197058 87046162
877139292 846478992
495382383 435380738
54750165 393230398
343238704 76412188
184274021 890669948
598272078 14962484
152407208 268851033
935253792 464486617
92123093 16830619
36431538 642451437
907218807 788251925
232520912 855751963
58124311 255485127
783284877 316517182
528706257 912518942
891071997 821170497
368422820 195987055
706871592 402474553
322878506 445515571
600618274 411305065
266717196 491121634
504079272 391278995
236188264 429430713
985374265 212707959
999081360 40541688
915476115 213847771
319121602 428654279
402804160 317534551
231878649 136707677
343613828 323477902
173948339 488550806
28043385 589434788
799665900 857709976
855417007 403135275
210084431 973733359
178619210 125564807
74967755 644915730
553022559 848911790
521503706 57370828
631546622 300187328
488141923 342034386
519376174 649308968
222781665 312658169
474722571 979045682
773609273 572625803
890663795 235872404
828964746 890456512
615179047 199924737
259467173 285978419
568107249 396725437
276898593 780649409
105255992 505898227
18479612 491113185
238042573 24064185
975296080 778893799
213996481 675329268
281345625 394768480
40626197 431514200
981081651 99604211
511063265 762759678
22671103 763287556
613000362 429938017
554442427 284473296
180799746 397597612
148751954 993095623
739131888 36242394
348873482 453584039
750817024 26686442
456580076 76913065
442570210 885040773
319528283 619999775
51858312 305801955
399645236 864874375
586459459 959871516
686419005 124955207
374995441 864118979
764505 286353807
820003568 248834955
888565133 104517402
139348281 678525880
167997026 488839390
821209342 259351074
482727828 192614095
846847331 840741424
38212737 983055261
92863258 776239552
489180262 599722815
596250757 871860146
892664967 276831107
961540986 891563552
188497421 610266058
346533244 557631234
202864835 867906803
945924140 297508394
554153298 242601791
611988314 956818514
549192814 726050390
652912377 268758512
743190173 305274419
896244954 800007064
259546449 982072209
676422144 226451546
292080539 792783333
380042070 249430895
260577343 929709779
837578110 37222870
550235987 954584227
280729676 699367685
577502775 315402438
147948397 773237140
251706703 908004190
345570388 658937261
459356611 409417542
999956871 600648959
929686308 864347061
261094720 84298218
579483621 807845570
327978960 716655734
295406604 286339779
582171163 481335751
113159794 267143691
176043824 953898181
631033876 105241393
877198871 628885254
230876819 458368902
859367695 118343250
870573765 978683848
703575335 852223625
427496615 178510061
512627741 539245106
146818992 486698688
841191172 887571160
118418272 702587374
148023544 323316392
541966441 941217413
344630965 12356948
900618721 592650831
10549475 8792275
250572397 225797890
882664561 622832090
193222382 186659022
580227352 543451018
203538765 826115477
89430239 878146104
590744239 878316558
954285564 607718355
710201397 84574900
729013312 288239198
978420616 599357058
395366825 897778934
934399502 391236278
677671959 357827525
305645039 976796963
831907131 975776412
257789378 989960044
12946770 833499730
691904988 510284757
837925311 318716847
730129840 793563032
106495690 256689610
185238259 340246365
500909988 578752169
332429807 450636029
996206560 628167571
57862575 261173080
154419053 699310874
556176445 84160066
899559374 906069604
764359271 257945903
930816811 865506063
236300276 740103933
739760766 328626839
724565628 126028398
553613189 609536442
270004787 500901127
163542964 226444356
681423579 95738
694045095 537465335
910157514 7140501
515375718 752287353
742352620 873975908
769780120 575906933
438101674 759834781
669035096 273295901
146728821 747385728
558891949 394934161
684548548 666326688
479455149 964064519
314156938 325106036
990635939 236209802
686384087 758206491
37669703 62222994
184057696 135600091
502161630 247073854
189216039 47840932
856624098 143309679
131414551 872240174
860678968 497720778
927369349 258238110
732952561 976341980
527835254 304506628
491200449 852397706
420390988 177508033
119287907 140866895
49318814 115408077
415741215 987669063
70722276 966467131
262475784 868228924
861941114 25943268
430407934 334443957
461148532 457554003
48557828 897173477
270734062 135347082
761291444 48410572
908415625 469927807
25969711 640852906
75654508 38608519
787536229 705323215
984521490 456514852
856699415 729174501
67468390 86899958
452341757 142754011
640380567 138279314
974287020 325865810
84308557 662721015
276963388 857722481
327446473 218717291
498714335 422296087
19339621 779122419
513677326 779610829
57819506 725726394
842983069 885511513
466926 895484585
980933818 795507642
922435160 397317407
294104246 504030022
528202547 904186886
398149674 515310405
207688418 847690029
765207553 724944535
913106551 494543768
624368274 244247067
768689813 994104137
241197588 576026633
566436198 356951965
88281947 20074764
528113129 634007968
833062184 73589148
455271653 924660073
51318496 814093023
719164880 538105141
169362173 40870394
491775242 976428047
418291661 778286055
647591785 667062005
544411410 123942889
376313165 64046498
589581020 572321347
674512174 659579084
619626706 510000767
703383351 984603689
198042169 797832197
176347390 329806848
802850308 282702824
237512804 346615398
378498024 491145894
420870574 935175675
282611672 359563403
522065994 465396771
917650362 841169084
259018412 40618307
769572266 621850320
561564894 475879201
734768674 583256394
872753032 914973749
916530445 497025188
923393011 985221138
274068185 739159972
402665037 105692722
893519044 59981208
441207357 905745978
145067357 969112374
125836117 915483123
997886706 866521784
772249960 178633460
69645229 664817401
903207710 935076822
935686712 566783672
497027641 267787394
476651368 641592731
196261536 387081243
277548830 486170062
634518452 745430961
100937116 100292006
749312181 438219185
757954435 753324897
80738216 595369951
188312135 496007135
555002638 657929714
92412035 546064307
896512923 664593743
871856341 971206329
975632241 416845100
242498022 973236455
110153579 471642836
949644510 811556432
983544442 669060954
485467706 23076704
342628270 736423869
677060999 674550872
558736089 380204031
517076012 158683163
531361376 260454104
371940612 850447726
934594194 825714362
383935289 176199846
431862208 428825935
769482043 915479005
187770403 410963900
516704976 713026159
895125200 241394909
565206407 885441275
66245757 297075377
97792707 401848873
827126286 733956627
98052806 886965178
900225882 159996607
592728345 816815561
474046821 221343303
56305893 734328503
236785326 502686662
30057467 727177520
840411591 690017857
268886151 808642877
46255720 39893452
726049305 180527981
962732540 89329046
853515741 475590236
623339877 808030419
729883978 708818535
20882906 304091488
770487457 861342802
348634687 177739096
166733337 22944684
597481260 76630718
267197578 47255578
404872810 362429838
941266397 737031856
505956743 485721203
168774519 733629177
624563681 151055226
395645782 129033645
341962154 362936036
442084004 927542172
919378271 279813571
825554150 961182087
161653674 480587153
695180544 120830971
367257783 764705333
546482204 198935179
15918530 456957684
93150968 337245741
973151526 214491791
254480278 17623047
574776146 871360396
676607438 776847987
282961511 181073734
432836275 591751880
278068908 865131139
936127623 330073697
73648722 553297939
703180370 382764017
523651635 9812870
19194691 787780464
385331704 124697826
333006961 412994163
24359343 310341776
500251954 620172774
571299598 822436126
620124490 781690592
202619549 761232793
337326530 425581365
473858669 43747931
64582242 757550267
297502211 295995673
957310088 598692096
834029108 469516180
811198749 210640946
431100099 142245680
717546279 691564978
48489213 762253440
514926552 407884472
754511094 23998880
41456626 875947034
569359554 78079594
97255673 272772815
229718470 714107613
144198382 737536462
185039337 472922469
273532151 935315107
194540393 589481278
348588343 718515129
120785906 336508547
421220537 276421800
308083712 244855612
363115868 627409997
525249478 932164069
878841837 870444867
784768232 251847902
343319445 47006616
614272925 222436668
254287881 999790380
395251347 324220156
686336311 943409736
449929107 559118919
836143006 47351863
180637595 452899272
862266356 854021106
814231845 552643155
828518900 604724994
438920983 557774739
501074117 209351209
827582581 430831203
486015562 815635486
795661249 272567026
89463244 742510912
569197433 765553086
198197966 613929128
629347314 421237923
245069019 788771621
354041258 552646931
708313045 148335528
238647154 278851190
25546772 151777441
817117756 328860484
977774073 606972273
497268826 958686779
880337792 560085718
674015464 641110023
717285177 263663081
739357207 483888210
436823352 238356879
689901295 647907182
591456861 851456894
851509475 537707570
391310873 175078532
401475304 761262616
50212054 776214642
91003990 729278998
496490706 644154444
972872947 644408345
869586716 826670899
34806700 580119867
105844067 365796696
81799712 6673259
607310929 95600641
791163038 345011132
237728635 302358206
727802735 945564094
823448082 29341293
336011276 952337907
892716740 292729443
232852738 473872425
1293450 404771750
861844426 618052680
823696169 3048635
492304726 446959577
358312131 948481028
757292931 552418507
243976114 928977205
47388028 984872032
750178924 618690105
817423163 947908671
455200955 929574385
247378199 474676707
598873920 13526773
208642087 767990683
690661941 710126994
752939474 208384639
594798099 109082964
765784140 418453798
731897222 501524215
957379505 380295932
333242529 787849674
138369515 360572804
834664535 229754363
13295144 624054559
742300039 329305779
565906725 7466711
369806917 768169213
851679268 805146301
613805406 239008248
875594479 460914192
627658753 41881835
526513996 129956271
914743808 449501549
793987183 231869227
195894745 813249172
42354582 98198407
180431755 565625346
892120487 901369284
972410154 795211183
112453176 320326946
751234016 481925661
296771061 565550984
165385476 437666631
451076981 698984443
405268957 156889406
448459991 681200887
384551165 494609412
7164908 937398985
691322611 394445862
464709862 126320985
536965148 435100039
37011231 922477848
594642783 938993655
192182457 194771850
969815437 597215229
175985248 996292366
67758553 478218818
586635847 386082446
958210489 341006663
31012347 969576999
52112216 855299045
201606251 345903564
802281115 828010323
647894800 96965157
360056084 904521664
8695740 740242176
365161728 807784382
673260112 613188333
840714862 49871789
975132509 54929413
595436537 385017876
699484483 594938070
374424328 483413513
82044256 591770255
733459705 502416291
971513407 767890943
605302481 513262832
331404107 538888901
326338033 436228913
327500485 907256387
37994880 380851214
33641417 278000552
281724879 796585005
855660185 896183282
703668821 453272273
248466108 687167119
794423811 428877628
637194676 979155180
307741685 857720406
37216680 142330405
657118053 364754483
72171308 94474042
303807659 653819941
284174963 299033024
272133797 502627752
516543786 24755058
631547096 154149844
702552940 570579018
997203867 310667784
239536139 582998366
599555371 488664140
226838648 645621257
100972141 606188912
401038176 950233733
125546695 224910066
88340663 460520153
189294789 413260818
976001561 398882088
263426526 15696644
273710909 143222498
641180303 411507693
721041550 758509600
143307446 626285644
205016464 392836807
588781576 284630738
114374127 385285288
552705111 482419012
989500409 818068512
541322987 90878717
87504696 262548169
613921409 578046442
918757920 621475563
57065253 400127469
102393918 108828108
620535502 198394343
785496250 879888617
258425366 229662618
171188488 103389759
173804397 918688790
35126923 838389538
881741748 388762637
664216817 420916940
964935732 172635756
144522925 504517684
343806277 138781255
287771402 977066023
873084591 626745386
46318155 637008750
148116961 157093411
178584023 529944382
989049157 508389532
319245024 753867101
182822115 423575616
175597815 622828234
597971358 25832545
57815543 252427931
719868025 448921319
881489885 290652329
50056835 95307177
211133899 928563949
45099642 182841701
553636141 222182661
969583221 575636544
397585232 837780301
382360505 749654468
493273268 701690914
193647798 988655403
22841046 217690641
60121895 536657393
881144408 170379410
531193337 160048908
131426789 811037365
285940010 724390097
930628383 184166156
942273663 258052865
699631866 163496867
333538992 664333956
482998966 274015922
404154355 55036136
696726046 480931948
790223820 61937376
586301204 421592054
113320304 971968657
538595812 117742949
242058380 993219650
880332171 649071828
432049998 562449974
892632665 981830501
869829803 140762284
506298141 380398379
335356882 291958461
831866257 514776352
393957583 443014362
430145527 181985755
694861114 817760934
907050586 670992972
674545329 683415148
814911572 2811779
355324975 969149045
781760440 981555035
857195693 53440724
689604954 24500521
366677843 228237627
643465282 382738110
553231560 188371442
45636862 98418885
774316722 528314151
264812097 317435430
537253653 540046821
558893058 67933479
54892375 305570975
924332082 498414333
853525408 211206343
586280114 617590283
476182911 342875229
534140844 751297849
80094109 543953711
950800472 666648558
315216167 28386584
459201369 909009294
749476647 661984140
13693397 728415516
286427689 30948902
229770905 758714898
277153070 746579824
166616712 513420963
428854470 827965691
520755967 599871674
366621212 390624920
504246704 572326121
533928390 700134028
919772347 114454757
75086433 350276031
646482970 821789022
921796384 184229564
435610723 875006198
167662770 196727930
120781131 428822685
386393296 389588518
556096132 114498674
628652512 793603520
306512768 608730933
979304435 305046001
593992337 605283018
84405302 388516097
465501840 293268750
283084301 829122228
929098359 528127127
411359023 17027422
900194631 45352266
38810366 923726317
848788345 124980327
826999589 883040240
522659241 686285998
743231274 99816706
839200075 245573133
737537102 491441151
338324393 507725459
234761779 272418907
742560890 315097822
305538537 309829781
458399228 921421772
959276870 474869492
817425412 95063663
874254727 621623366
829646802 51677385
446474181 316700628
615759691 141704721
929574875 589582567
522775064 769997778
166285264 191802984
531342862 43504792
664890007 887456109
244805667 690833088
35867250 148318350
315961621 704215634
850912099 779588872
982242665 182407020
406771262 85243889
41375218 199271094
12683879 721993087
845572519 69402708
545084570 522385026
994629326 31771122
203679833 598959292
236794376 491236130
981609667 413867745
58751724 200344203
842943938 638781579
791239655 952981356
382383742 392581068
532971952 238220994
616635206 214334969
316624242 115361442
972542241 330220337
744015844 288332827
680406715 797730838
695516663 424603615
858684812 503943801
720466999 7485102
404179316 338564404
307773302 358741123
336692695 932384071
444926557 689382524
972553305 931404009
450398391 49317640
755843959 851554545
176786906 822578865
127934353 709208895
924080786 760063894
784354119 505195060
897725465 413404966
595912576 949862117
718577912 896355833
336311714 805751482
492713465 312096541
346181463 996244452
579714169 51122694
499942228 470710665
262041739 992220164
61174442 109493985
969240913 609347380
232430428 606527029
238349044 656158720
725135225 721497651
741836942 385646247
138229181 761071479
772156869 468302193
57815408 491094108
313343526 663020847
341103854 795234512
424051724 618080402
274792715 241176362
196986993 106165980
54780568 606829577
251881469 650485016
266898508 391141114
58668213 307896712
49725306 58709930
443559169 82590031
49352600 59068011
864053249 945068919
236259606 739960098
276182963 225422659
466075412 252157789
424014903 162075228
328871251 374195132
800412105 94898609
305272692 508150360
608638004 142213856
295969490 200960051
75949869 463220270
428923597 779750025
586620643 802697514
456651602 497104164
510056889 846066715
272743643 688019713
319790889 526079541
369197061 411604634
868687911 326523120
25228956 800907518
114479042 27663179
297431287 265381776
165698984 765064898
893827631 180304948
706178318 538990022
46750361 604531865
859132270 763582733
211393181 757108988
887596532 481736127
814690854 504611285
859503881 599938562
608963348 507082427
701369089 967493675
498394680 769187172
829272597 858891397
429496588 750118538
610331647 663533848
353586557 887590171
888286139 113446315
468607623 976587784
969499536 562440569
668052720 850580731
703683884 584029920
884400112 200946917
888855324 351545808
89893298 43022596
593769373 147798319
411111954 569766454
251622597 864852514
974968123 80793851
484942941 876542396
122002881 465317070
94767867 648377271
481809365 437525679
251359628 520924789
390344483 592732006
124215110 510721556
934696377 101975470
20015567 362785281
228681417 2683211
920232394 695456082
250791447 813089732
439273134 266223762
659894214 638005734
799432329 286384538
808455838 520902425
132385812 692610699
606673199 613746587
568611397 273116176
117468915 275555190
416219690 697876502
825882217 253057509
406214814 148887293
540196524 583129866
152192018 984173542
764839 733098130
670669199 937905430
250270151 450437615
670762700 51240231
65914550 50709480
242561210 78690707
823023531 255285488
912955732 444728241
308688990 205901643
155709078 906605284
834939333 375747932
538673927 241330179
134178125 751606031
991288672 958061983
792324008 693947222
91388015 794726149
326140930 883073910
122914229 781192129
454589986 879786074
484524991 598885085
189525056 797705582
469414218 383766801
115944230 751588724
967519811 868269782
243693748 586191303
334877172 314001885
151675706 855830654
534766496 644765094
573501716 211592107
689821990 560535172
812498210 43036278
755803081 133750215
641610906 817664182
762373589 594182612
564665527 219472852
282657705 117979424
831500798 688327363
213813517 717356521
317880948 383227950
395909663 647531271
222663905 828676552
692593199 573971624
374488437 512796973
581388528 533528716
896982668 741835799
710595002 659447052
799064854 985377454
124587872 935040602
899419888 445017347
945043257 270920019
234742037 929152949
503189344 896178826
789059293 194056772
903626001 934000761
918123701 919466793
998172415 784813007
99575447 311421068
305032569 534126054
55076697 556652419
305090841 405102821
930549877 900272799
952041568 700153766
324148432 160229233
467784384 383997459
657745084 552388135
839116285 100662914
818079551 404866627
52086377 166577788
83194773 673254637
961147104 697076017
1107416 466308022
503171132 490947421
590770038 383610552
387543199 272273938
958260631 720908408
803818291 800696654
556480342 497348638
236228616 169892751
959612698 986722766
60366943 328070863
143516955 516680187
174883841 938972387
118781624 472775294
987389530 5681204
511708720 958834185
926003788 414039104
179735617 56663063
533913560 147621960
21934793 955256240
425097832 333124939
586684879 93062400
666901529 181600841
977526217 208537717
156683152 735800873
122669316 474946735
211359464 25568209
678048603 454413669
700652342 13137043
652549988 796243086
961121145 748066086
9378220 227760135
635167557 815619977
100704597 281470335
912088003 37011009
480404329 827195989
193424472 780898091
279661953 950797385
664369553 180802625
657149218 108301004
705752434 119442565
941232393 788492543
393209271 877707482
154259705 69183907
719708344 399520658
735895970 498736825
339895463 69811273
987967788 17148564
966222099 886933395
276607141 198627208
376250213 66418119
582884407 281446189
149809629 494239608
483954574 549935861
167030232 139145969
59020053 515798320
416682029 301212388
694971468 199628493
481845387 443115024
98418515 649414432
560759622 941878406
542124532 165416494
903678986 267807107
73520184 82246909
472997134 266037920
455490295 432271071
153866595 248965520
811030538 529051515
865966013 270901437
4134770 92151236
434207427 273347356
313175584 384374579
501393046 37802602
832294922 713693894
191632938 862200665
981659610 300481980
96227347 794038031
124841186 562402136
237595805 574169891
842559639 576240520
150938081 44669490
503381839 861957674
213595120 367832783
400232548 715523948
774817832 222964071
709355936 266735996
750500965 734393531
217909273 101708781
554424072 612333144
351855202 831849868
352940121 185563436
976728239 499127881
64377289 37574188
99674649 994197660
951994617 565054263
897053143 277776379
763970746 390329766
124009152 919121884
421383760 769320694
708754395 14633472
812591107 164508991
137910527 995366187
909850688 869912174
672973636 615660781
265620085 866921269
303854204 688216125
80409807 213158763
495484289 694973462
560392813 630358831
438623018 369462919
328695337 200911793
815075110 656670463
244091495 549456043
366974004 91316189
156201978 554125932
165406704 42135535
305953688 463199878
942619053 420114978
340177496 388935169
325477987 487910838
267407160 257653527
935936371 577430236
807386072 201633458
923265308 65625866
918351916 268927194
162924201 110044174
230062415 478510656
308633343 41119360
157959015 284372137
530993968 741608584
5714239 386231377
640316814 216134577
453102405 985114243
424286766 627666404
764420089 358510755
979958932 721330992
830172260 52276523
894089986 153574435
475130233 932588693
203826813 435637328
307943663 114160733
682785316 334503448
137338595 212451912
54338641 576577015
373909302 147866910
623987920 420333172
243510210 639320933
975870636 822206943
822800381 578045089
996044976 691318025
795545508 899495805
570808982 219486900
304323737 90547127
345175251 447336876
114132292 608117923
69024909 585151307
599083708 78007743
98941638 159703317
705409726 729713389
681278429 366982198
914101644 882723119
262623140 776904127
820633286 646345302
861113177 53713614
85013810 136434513
405913030 493875531
778364218 555992330
466892695 312746767
47494028 348778627
657961649 11257655
415242861 758129580
693904049 515991918
745958447 259655085
33066054 264187153
778731606 500689106
177338159 389331485
876713011 751193425
423845038 578073818
57993616 313205519
263638505 246357281
298772644 594471343
613656548 951673715
242682601 551503574
896782180 57627205
976649119 970782036
237537888 594471332
133522699 369186677
817398935 70690446
494980758 96511608
484348299 791552218
474051686 824011637
260942283 172752433
309106462 641346715
722984319 728472791
632510653 412781823
961846897 141720825
735570671 692762628
312292794 46160087
675320905 901099633
781494536 252349453
946560974 493102799
300992416 239302982
588531296 645937706
906417269 497367741
108202820 777606159
472034584 747211933
701337410 289054163
312420266 883389163
192761312 699575892
268476463 334388490
805802843 545742575
651501896 259982011
806095397 88916561
567085113 59491526
222494159 42222386
431809291 810389075
471069383 998134434
233883631 897488839
118994718 8934827
53050854 159834588
29699975 235157720
890552604 154331560
437271136 191787797
412159723 41216407
903277244 40561241
875353138 770075452
568334216 833032605
4758084 444969750
384113322 128273976
485091493 927328854
817073957 911695579
279153096 631950252
733530158 758993524
417141705 681957787
118150811 56595087
897838713 926932896
67564889 908470066
902224328 643381705
443119928 631976947
560885994 184429345
568907334 532488745
93455025 41480995
169864987 169740020
888493154 235122934
193219205 881658859
293173242 288877944
438352435 492050981
335216347 416422119
179448790 662087249
876115104 640999505
155771339 615467572
452835580 375692982
365911051 480718392
281222347 221598271
171639214 932949613
426239406 369498005
954372752 678164407
386091817 12110919
209440212 367608011
780590327 189428375
727167530 432388465
703065935 877520222
39125092 986363016
981330984 143201499
643806665 752071811
320852663 652156882
831331360 69352360
180440618 897043591
298940007 143284884
794899233 237329672
980604524 936610413
635650905 168053209
594273841 268470271
320466719 484411514
489751988 706244141
777757757 99562922
864407587 36353415
509418785 863973244
528468348 251355437
774393156 470287036
296103770 13788570
710564576 285642348
9545457 235529825
893945856 460731130
407882901 946078247
904662301 15038821
655485765 780315137
917405139 901782344
975608503 683826849
298651449 210750534
712092789 807009668
786822383 764168990
185413307 633770824
380125233 198670649
58612071 784035739
192071763 921016893
356671256 352259465
604518914 457529650
398183011 265045536
93802975 856220273
58101946 587348335
127948311 24972019
282233990 760393712
94847453 438355199
177413011 802184210
974171011 641881877
339504878 554675416
705916173 291377882
327270124 916909709
772559350 115258221
322903088 657699782
189946664 147116074
524163315 72198764
351579162 586280627
807976100 109087480
308369966 886440145
263987305 753537500
535611 771179274
615427992 398166367
997293785 297524395
859897753 554735362
761720624 477814892
216021447 426806455
956939583 697357222
969088130 928783577
880755664 464023660
610371795 387505540
154008405 331587576
661536868 67190599
343877495 797045218
574307952 289984801
459667613 455464071
879635896 965267509
854030916 513976225
367548517 110166119
337816579 180779701
631637255 774971564
772105800 144753299
731182210 351773398
72041552 273739556
882602941 291523813
630043828 915434628
163670270 462403574
276105857 372236277
450193429 61835689
768276455 597093236
25750619 239929543
950999927 9057010
21457528 450497491
912686512 185989171
893583676 505733327
684210902 760104881
697648852 745325473
895767955 773873537
874331703 492228519
327097724 570091738
430596114 936136816
45108318 257120725
904579247 413145232
600728810 315223575
464774306 111005356
107514609 115651906
191822493 797740634
625674178 334111179
514090998 382756816
242006676 632519154
796782624 107577528
493083959 992026372
952897205 595063416
947081676 253572586
369378572 29476486
736725007 592198859
517160920 615346897
264609734 741665965
445744750 466142621
349643301 796754611
541408243 849750403
543650803 859287020
473737570 136645099
992173895 113842963
564256232 197980140
676012504 330834170
848851075 686942979
500751436 365927440
799239888 539879476
980499174 546957423
525529288 530010097
2179519 101853754
274376485 164924150
55480121 719269235
366649579 446275210
370451073 230115096
36948875 655693906
438525103 934537638
231445362 111063511
583826681 526835749
776946395 411112428
118385296 475176931
406084971 900942876
721455336 855240106
426733805 97724068
28019117 540639642
974749909 614506612
276782845 531678524
963684594 527925160
448283518 156340816
558085224 304226112
438829840 134451103
421612951 535540819
422177444 835705901
318301677 576533518
700149862 316556286
323526971 843374583
750247672 531809761
401239567 338003044
402202795 394749323
632568264 512187474
826202633 534701792
785997054 947657248
646516345 952398699
659717578 819689687
691945480 265627872
36965189 69731452
624080303 389095426
374239161 824687744
158354422 252073487
424793167 655929945
223305511 150585297
193503550 623756011
271281678 483299595
958832166 675437788
523208695 682654561
286819838 423113289
475452596 497059881
523539603 217145780
369799025 110983871
764722449 973507210
908597325 659414419
946659417 687305896
936868834 678964009
998608445 473252788
447561424 642315813
688850531 294479082
502579540 408267408
515902595 688745758
766230285 169824078
132038621 449662774
942317444 966428438
629200873 862109915
243806988 174566623
195401809 434791836
778323361 411957626
86175099 134601026
323921743 555776619
329337152 53751397
826769390 462031802
680564628 724994652
763688948 13359577
132563946 108147517
537110840 337808213
818305654 185184033
311324589 137085352
387967872 417612491
126833133 90178830
49728230 191791839
940172517 74019090
685173298 67772576
827666451 241973866
873067296 108133022
925950989 627526868
184968183 525952985
529951220 216722735
868308808 799922317
823969608 146556238
806343985 986796506
565706097 305016775
376520445 394871721
99909522 836909879
243477442 758759966
199561980 594924509
187750562 703179306
707847897 143171080
199065832 666561228
537053297 771898660
660595751 194085353
75230255 233386942
108542024 139622501
485929144 821519242
303291703 911150851
258060736 946524390
797451499 522975202
201134730 936841340
809271739 265508574
207698307 675020438
464561675 474238092
402439107 106181778
908631552 981515867
974041512 602020843
5538850 657527662
334109994 759493083
854814841 816203998
183930776 363795576
126064314 542782446
278072120 329806028
315388634 111986019
562748609 178950819
555402605 483848302
117488174 906389385
260068865 739904755
818507079 710656415
77013577 736422750
413495168 285848659
765403700 240429846
935619348 19320408
252885244 801367133
955248706 85321935
278099166 240255986
641274746 623667778
774171002 224540993
77548678 732120991
305267686 140822396
558603086 942570856
671081291 338159324
651678260 968632144
34258898 454370598
143579080 843366119
196745350 923337375
209212338 34970831
455414850 681197710
621156518 848819953
131674063 308618319
530836484 910305606
15321602 295191070
579213652 475547604
13472450 112231866
667892367 525880687
469926198 943936732
388466870 688230566
931648494 387842451
503472372 743456677
30700123 110661286
829088891 501289744
589208241 256554029
73018537 546873324
573415797 880642784
301411306 464237558
917576649 439024508
417187668 608253425
519931524 703628605
918370455 388034476
292521273 467445809
446892048 917221261
235126855 961315215
876347536 531546533
366155170 164613171
383406379 217903493
739231180 923771167
958717233 210469967
344334483 247477951
49034668 304772267
491796964 967617376
77295014 366324982
280268884 79792955
969546939 227608825
980802250 285401210
789278254 596830275
757913414 180642368
914263266 429480994
717228321 641950300
554331815 422304708
388265700 592581233
277530729 313192019
680023689 455650927
590414263 2048972
140879963 911254511
562289454 362655556
548520823 689497516
979982427 599314547
92759913 212629613
477048549 376193190
496519230 539312829
653061925 118022930
30911937 648426646
654321877 278996423
907823986 231253660
707776649 230257701
602273762 673064100
828609259 371725467
782928369 379553779
87649766 928958355
565090116 388702909
944689539 802662600
889889238 409277406
804715531 408327604
946492286 427581957
53930749 660605715
945681180 794624987
715287054 316896671
813703556 368334052
172011015 784848791
648045375 718190376
910125126 328073074
653527684 839109248
922362744 243709275
135815221 457956549
599188173 517098753
298198723 254392911
914609623 984531319
221528504 779511567
249384576 803480933
106443515 603748646
69854088 861549503
901131363 112054350
268588340 872732028
158632466 65319611
438227540 884879194
323078762 577534764
428126103 367136285
788881147 278258897
459202001 176077105
554937425 825528
15970605 642783229
220154259 924360288
533665843 397071284
640556451 216253899
600799226 110926389
296208335 584001066
429704956 419370834
763406066 83345497
240910527 823648203
520091079 922212556
971208229 877273754
522202126 620061118
829592507 411756818
100978092 289216101
723831023 383112022
26014176 617617227
916971810 8693171
632766346 604516524
75409192 739818269
475948428 269017088
788818228 925408784
640440095 459786443
158281697 964161109
244161717 977841376
142542741 293787442
327146952 309204957
504673280 330543607
348659140 17192865
267032002 402327195
945163994 664064687
175807929 267220442
180559187 232481377
24861593 107605631
763132606 234104499
585838138 597599584
876790729 98933613
845889572 778163731
982579734 837022834
511909375 442503556
66164018 863487425
176093611 368396787
83478468 128223742
346249140 440461876
154422025 101606022
888628463 362709841
246949857 260889360
905127280 395780128
376190380 597417552
892387034 866275308
779216284 181020817
118315092 208584431
452540426 414471984
788591693 397093303
326059996 192524212
626288111 674227349
890611714 377394515
944389433 43792649
586234330 568759013
283376494 352527196
584000197 906375843
291857342 612306967
455968943 625181209
141871118 815429313
863625856 853758039
431881867 224249718
218566496 582600337
598959013 530056249
882103152 745770972
15948810 510226238
98970316 372605170
213563857 785282929
12014999 534183791
546514158 599771448
739030524 820927088
412721048 485212501
561746024 526300416
447828980 289458782
847896401 574181774
366038822 108846985
723672625 54822541
707245313 259731188
307071848 389878502
839484177 87703985
795731412 820553296
987637453 962551188
427178726 315579251
967573219 117640392
480015498 761812855
607093506 926538901
378601900 401811414
867033642 677229385
854833502 712176933
403689780 318134287
368223629 539389279
2004991 890406236
824028230 491906251
924187951 387293047
125199796 849617394
533811549 223572434
510054783 558201894
325215352 651191368
268612474 663706003
190052471 224058133
754629578 557527028
676544853 139742414
829729675 499544840
292060155 650538702
139885177 642789291
74862409 714001749
621635618 235896982
647078913 166409221
523946907 396184237
841458303 149705356
724465050 127185435
377053378 551293950
385895915 899639408
141981397 270661635
660694359 104253275
297644918 767028359
726851715 658136480
743332264 326858690
570223072 660595639
771222340 456678142
903942334 862643251
646530352 552743443
342576699 88528202
81595171 483391891
873930920 663808847
484747132 645915249
605919641 931019299
900915992 972085785
562830286 958630484
835050248 316236489
336555164 38020603
621364766 362570917
10092650 743004763
372831074 670644589
819336777 227756478
115917596 473892039
274899182 85194963
188848605 401720292
937766797 220424777
606029691 774741642
170199001 111522712
374811231 235961482
459265790 403753857
484332377 902327034
317839336 401134989
741521267 373501480
547555204 947520100
746992289 758769808
895220826 705897475
435283894 610502607
778539508 933814114
844045577 863732497
661188689 57468677
493329856 405415814
376164194 911818
36551982 558136220
490523610 504413968
326975739 874919581
233527504 900726371
670941127 721366839
38918411 117217641
727850113 843798780
826905409 810519493
971391492 876871899
437212176 336688414
172021015 787330906
455557050 651086614
73896250 954449655
995053990 5254711
711793377 537806805
358239307 332779145
637418150 606780705
756073896 533514504
622675928 674672713
612744756 784730204
457621018 546328104
332544744 935374244
472887589 157778248
855523016 876083955
432062124 108744299
802042617 110879934
346309932 862869530
55422968 420463424
551943390 802606749
352585932 304359326
933164218 906874327
279189730 25282034
576203254 476116046
784217156 402035778
480747698 253318878
318859149 515020070
401040875 430873326
38039472 289790853
10980292 465808489
68190577 929615855
263448816 967677622
14192100 578102712
741807025 221262077
473140888 906935392
328049856 722155670
992377045 825550845
53154219 438114373
208286254 113976209
152366930 53858565
127424892 748025095
325753569 512444094
775678118 729759385
855426631 316759926
617927888 910374729
170428277 325512389
234665985 723486983
902059427 653188263
804648785 675844871
947761514 356350201
423591705 903907637
3878768 204135767
616491604 726818606
404755986 562080193
904689507 666979758
763819380 776650996
589946923 796689334
728249614 832697429
400748197 774243547
691511668 221622683
283554479 656847136
571149296 175567714
163917971 493624445
168967162 828879361
107213843 325999602
870989837 722553169
200941529 635852294
770244883 168826379
119364382 295295323
606716032 251638509
829238478 410996841
726539288 599913376
236227773 819532464
780982774 685603705
788279027 202432433
420865213 273523054
252891050 524070476
146327512 948066969
557803281 442455888
503134140 615085096
651921618 396177011
498383856 151194280
342869009 676542018
984754299 887655995
675658944 295460715
715441651 772533474
351856475 115099364
166839868 23935882
735695485 265903309
107745377 725480309
189797112 672291824
185175235 120598355
932423742 21252620
37287872 77117444
278219730 757169999
218618546 543848979
460527058 675328282
628442955 323038565
302313965 295918059
54308557 536715211
172785147 416865243
767657040 256359642
562606132 674630726
311829485 835065245
643401959 191813369
588943403 490663127
995653393 157762391
886773142 325657076
781461011 651501250
29455227 873119841
799941861 230901967
293271005 534084294
673758860 329511285
976164983 253147894
295211370 79592479
566184261 727654430
557599858 784186478
420549152 633277185
356532339 721380891
62548112 840662296
128509307 711827
138495838 551553575
421958325 162666528
900549036 251922736
842154386 701405496
338100004 331182653
945113149 489124066
810164118 194547916
599795969 554483455
12089017 599653057
939130766 356284634
188966104 971029269
599754961 452482245
3063141 554978607
92749831 373396715
182934720 677010852
441383979 738328174
701248542 642496842
980557261 698160563
451997568 861642248
162990082 323044028
466706804 670426079
873553503 33673336
390932765 651163073
917115573 30378085
77237482 14047492
547184556 61340096
812811037 122829115
13039491 459653382
70240288 403700667
898768388 312693961
61870466 106397334
100250702 465013671
497726607 699767178
300685292 935522160
387872044 297562440
840258860 236586102
565554440 372999884
773960430 776743960
147971309 14890519
417868755 69255564
541757339 836585133
877284156 905087910
362162157 702103355
23694421 877732748
323364952 135477815
754120578 244655050
764256237 83833621
761919287 67237095
705631321 888328852
189741179 927692807
890778332 114748110
419865793 913401653
452121668 559745721
747933924 340070971
644702525 767984660
706576805 169860335
322044260 346142234
452234724 552046782
437511974 959231718
804942069 857802651
161717366 911713406
110322156 662900269
496049106 275511486
992912191 483316076
721898521 993634923
696920612 825322021
557472807 352910362
66906875 388395059
775622817 244378660
676578894 504237960
96258762 729164681
129740506 628049448
505897584 268753955
38548191 693928537
836932540 643609533
912709066 26890510
231172299 496592132
709565425 98274928
916931874 505289277
719878029 120059153
530344758 920337780
743484365 155321654
903677281 69239228
555687540 440576780
646828697 241639670
330416666 524811989
326750984 202382849
438586235 21655240
744531238 143815754
34455304 197170780
98234573 192203570
522367518 283258304
271956440 717155607
679140946 214826481
943603074 383240779
112211607 620462149
152179142 189491870
861447005 135596395
608834011 878930501
548576697 665045303
477137025 144839661
21422436 900105346
731203514 353374487
19526764 700609448
956945394 976569603
503653432 554593249
107548511 105525880
274117253 580034982
132203503 12513792
80111444 243047338
346556595 159586117
222690121 415098014
738289335 427187663
138829024 937492481
504162185 633775887
712878261 51318466
278324622 427472514
717520815 232379979
310839853 428507347
982813901 447556581
304167068 521000290
560216554 637078501
638871561 616888471
722795378 889989824
418763065 865064525
447929248 220122829
276375437 701695242
549827652 836225167
15732501 203163199
268294692 41450304
561781127 904860059
70957332 683044983
510572145 671760947
960750741 419434588
805083617 803014867
486006745 262661002
790994696 307810555
880424589 751487719
905432310 649125167
587938035 796227712
967386739 985723505
78439380 400146504
63260585 855693502
941558828 810677944
130794708 585505
63245166 625119626
666347311 452625910
57480248 365742057
689804885 33770755
383580052 666134026
681005442 478121253
65615681 466549366
335958249 729743137
297508982 560381844
675055112 598209568
54947491 658237873
73250009 109865728
977618760 528647707
990638566 956338552
448275026 608392164
964641583 294447418
972713318 545003041
89643547 566735654
645112887 75253519
815120421 42320759
16535278 22701262
754326921 532593431
895395129 435042227
703538262 46230295
976584792 71239684
434158844 339568745
878274207 516576637
63061662 62594790
674427984 725827328
517821785 489674860
625379755 748364863
117166804 462763113
603994115 55885958
368750966 532228227
954732222 641999418
890449531 207526174
220601371 967507186
507091388 77367297
464376384 868951427
758674763 364654674
515904112 482266486
180780785 682713970
608707885 463715122
915514638 790467276
276838531 467590443
803611820 357919099
655652784 717537551
318206452 578885738
756124108 425962331
552948066 375255276
338499578 951321856
805184483 735947246
992870814 940650132
121175063 655471453
65455914 21648011
852737949 641288239
894297029 186785783
611949614 98838257
476881275 477525319
299825005 809779455
642064892 835870315
64356268 361183457
681771064 228381214
464220945 207857959
756914456 152691887
984664294 321464289
417365418 298318667
502168896 330674718
283623235 173774704
878414266 385571073
742237322 412152642
530644663 427942441
585244008 51901354
570660899 271718236
39233255 103263706
393039202 771481885
41239139 29848086
230715396 276219646
112202515 127753391
6106516 400041107
307778525 836999058
732179062 971717423
490555464 515300464
242756735 906203097
797763004 11801647
56567031 578533246
100242107 907946795
982187456 187332807
824961230 822240375
247332056 612275994
60714870 748258710
247045445 533003335
387251459 644376746
313698207 533884869
237231452 484308595
703934069 617736509
766651161 923190526
490527161 747107106
967726359 178615682
304688591 430712632
607511389 836968741
992370626 926762021
106491708 775262095
29512263 320720732
75541493 65263198
476860901 118873291
919434601 730469036
574042262 796991190
41952367 717078322
199954934 156352400
390474309 835069249
979356605 710627362
250180481 221441465
572899325 71741689
825723214 984693128
966405700 94656148
406247765 265615265
389471730 295063836
886987986 725030611
728577715 16688740
178797070 758256556
106089050 226759959
480005485 357859270
867886732 413262590
952573609 971840144
275374301 337391475
159834754 953613160
39549055 968521446
5281573 898252263
401169866 283705636
240397101 880631842
583788615 282075239
510807891 901072761
78271124 863779080
388094142 203664067
796457881 214714374
913188295 79363965
177505964 327737758
451523926 43851573
664568550 916594837
849436800 36709087
627924014 399247572
13102725 199065204
656701329 530058514
318245124 504184384
727105011 193222857
430070409 642174205
881668205 662169592
993065880 619375027
674662950 371205960
509503282 697266166
619503949 567232822
215174822 555435209
402900907 868206025
48023645 102995860
815552987 382807654
419119286 631757035
918055803 929804689
692551235 402424147
705314328 179873173
333717541 843584574
567977591 667591479
10721227 471897592
726816709 445375429
130095803 86943068
771934161 378645670
753419444 115859293
89003029 298276793
407582448 894964013
963805620 523377228
84748179 14192271
190423537 477370808
599167976 461427686
837864680 414247602
643260229 38578395
490658595 157276946
306387675 551306062
162453572 90035596
217297173 521151234
877439079 923668087
782442554 411152797
822402602 564632392
501655764 330527341
531649695 773258740
256695411 329460397
783732606 208816695
509706176 281260448
836495015 476358491
349932001 950769204
373644795 562872027
404492106 218063937
942586896 401050822
560958751 249263143
159359112 321705106
720420020 995343949
454420308 516184309
541066225 445661746
47111477 411063027
89839665 61988201
959568632 430222619
55129364 156237428
336071909 591663517
44455029 633486557
392109637 456660316
785102433 390922698
240569145 212182793
493409059 641735547
988876699 993475400
833986144 749600196
852812528 383589927
409420424 293000758
5762490 434105572
309064508 249301272
796604934 330572642
500280996 551743209
230814705 676127069
942036754 217080148
602551073 994315783
929696205 362240319
267309596 509428440
454877633 220482635
170875156 335098695
898583228 909641046
904979934 526291161
216554019 406270060
970312390 591167029
626969411 914944599
642639504 177096387
681402427 514274164
213127181 438575131
602132915 514119469
424449083 639630222
27058418 548837569
952906420 783797839
500552954 835554303
299621896 239549229
855190712 125669410
748654589 725685025
154522304 397960921
639803870 426534418
180452432 205607428
374015305 894982306
396861348 849659209
672267826 201320996
318026260 787890020
190048233 935950661
745727989 395583197
773104179 482537342
889895921 867347603
430140755 920135922
300332974 556435129
276907667 327285886
275340064 563280543
614870316 548303162
122890958 905277098
732665795 401286853
91366373 74539361
993654328 823697475
48236217 1366749
100850223 171901300
326426140 928047040
9907436 710160850
705807356 660243288
761977143 540755129
365143767 977643032
129976192 650652163
184327397 755185004
854710119 42542745
486324768 415190950
576812882 987809612
699729135 297395197
502950248 206009213
346106286 789391178
48730753 359669416
112046019 493775185
281392054 108703028
590740343 424332239
931760640 560686041
860540691 339407479
158466576 459408191
316185351 421433827
972427517 936163577
162200099 253387319
918971086 444584973
442192951 717370553
239719404 586304820
689007539 615736792
316455973 713207555
939815666 528211383
923852723 277630958
321148318 519778700
415333202 84005014
776193471 49763260
493061437 294396426
681736607 606340696
15142551 448411735
930959573 672471647
13094736 955840864
552110043 479672065
746699396 60444968
236853920 62961302
710403194 172505476
373774536 752527860
563112006 980289059
994199962 93908573
35198641 177744334
176368294 730556188
602317841 222604160
850003816 816565668
185214313 795615165
200152801 581170292
882290913 181239449
716422624 674610878
275187410 862841804
88019866 716899584
612338516 94975508
571972771 851303713
361275620 914015020
182315564 791980837
742128596 902371215
251978446 405744321
888212995 336560784
146004210 348813790
208607097 13261008
91147503 280416622
957771774 353450481
269374962 323501722
658420094 439853563
346228411 511880258
306284033 317652303
637088088 471552149
719160840 902392487
610485154 255091214
486658697 515612909
321136921 188355067
398102137 276563863
203458200 287442801
981056434 888470833
294436686 525759914
365549646 227263896
9901762 314148258
132758345 429399844
650557008 469882185
560595208 375842803
124116462 194167881
372256482 942381121
847578581 779953620
180010035 543574697
848816800 20862815
606063247 861191727
826099581 545122661
300758580 929715155
729999625 636786606
485154824 802491639
533490704 191920820
759749091 732627920
157838467 288248452
477729079 548238053
981258155 942638741
84607017 409858187
376706837 801698406
655858587 297230377
794635391 616475102
47899763 68395158
566774488 220440333
131395660 397859665
198195916 34407502
707701394 883604951
501333791 888739614
949793046 973698035
42235127 791394924
903745100 415572105
536883905 948574389
40528686 366703511
654123055 5313862
403885470 162029380
521117081 897241383
654433875 57948763
55926176 733213636
550283192 346445494
950570608 140205659
196010179 348901811
802367782 655307177
72302450 431638976
12655048 437436086
941844621 212457714
415787021 565745209
188094796 304589873
445430209 925977971
448272026 709597318
981620120 893124056
538286890 454009767
863429417 245051421
89587483 680220018
504225548 526937124
112385421 283095106
596396510 839843833
906024657 730625741
626928036 499790034
342579855 962953330
742958522 951671094
195750965 815697297
408733036 624881706
889199225 360701107
381626957 91366668
319348328 982307845
871285738 74031272
483157664 465832570
455411383 567363710
744496363 879042709
882548778 385042568
344612596 314907283
195843836 199915009
666211880 342656179
440578579 608072044
582698347 768580629
525457637 949646814
974667264 648387836
241949548 190174853
718761218 427714892
489376943 552880737
131731701 215685142
492113912 751789984
412174626 320560103
753873340 183350769
304785130 497344260
893532727 697555879
808171548 884691636
232444087 499277043
850691916 24595858
984357258 249557692
611726757 615485563
925613118 456083290
770098027 780337933
334748426 473804643
405270268 273024157
757702846 987141145
786273696 187080358
115650376 85550653
611408566 17372447
818364268 393788124
102955817 202924788
982864920 675498296
624415500 423939884
205752550 568608696
209382960 73195972
712838491 211857978
314463394 844801045
202838698 823727644
268616092 918459110
198577698 710694825
317172992 473651401
831589726 188527471
281139066 85829569
162911493 245197357
224407455 855671310
97226635 204259034
142072764 886393173
112623357 915751445
506237226 216915103
662063385 684287429
295327184 159516552
431571694 31597200
189909777 786208318
860767063 561243292
791407646 322198301
75683950 900755140
472125785 751832893
197831990 777123557
628388045 279065493
953258051 500116486
417355813 409118737
308557696 389508733
139257204 550121128
377655020 333612172
340699712 700042434
717425292 365972404
663661421 611515744
750235136 454820486
777641322 267757285
500917688 612946998
456254046 772715263
163578815 424788233
577020674 712807171
730974811 748128857
457095364 707714583
397737301 550143438
348392121 426849218
813705122 119476721
825660887 910643461
592062432 317854702
865314836 157703036
445467266 948340712
649977147 2370592
734446557 152731591
619566598 636760895
561715691 176150588
731707280 687924180
214289790 495094086
791517803 43472778
352261861 146439577
195251727 59391248
120738505 26407595
455989402 707142932
222890283 535357140
498856116 150921952
362645073 749871142
888282582 361826344
646498229 123558192
298207386 998779163
86959483 532975470
39912948 343351019
716547504 823060990
461195547 625618633
877456535 826823974
22581849 311141902
618518135 641517818
646749075 20819136
414044785 181032294
262972274 475592427
908064524 476171970
661626828 921740155
488232915 238897980
818642816 524881380
22236713 761984158
399640187 764349833
898824857 932819580
370675251 485496693
646504040 813433005
163029410 37538243
956842874 508356558
720593214 516909188
760403789 469758489
866664679 981433772
602477903 4857465
209708626 344767097
953114578 684757154
696406622 374001412
754352438 304437507
875666113 194024270
291075948 236425402
582862198 571286939
385177309 117142498
626141516 937724364
723712765 135384689
103677868 947921138
959184875 84526153
81254829 166177802
516829053 704553909
429201459 781563651
217912064 734334828
516662679 2563766
572354885 811919533
855554398 90622381
537122256 143797966
786875099 968494844
102434503 954113341
307677289 352218240
710174500 301853497
230610435 85396563
460038528 164103706
26292903 720165519
431731817 827055586
256630734 349411035
81886726 995249151
501401208 635390936
650559441 628526866
422672595 968859692
71935277 374940672
372100941 679652101
436816498 910747791
105630149 53780228
684904372 479360456
811405545 235753020
465422524 384433143
979757035 599463800
256804477 247628261
4294027 760250238
829772516 87389298
794082058 179629166
496739830 968405055
358696809 84455139
678892242 56812484
646167330 483139264
977966601 462478581
457942068 30331100
403606754 208314362
699879777 955951548
893971906 177257462
189609915 431621273
493321208 640437222
619322829 28876102
667862435 735479172
190023296 194364969
784816608 463905574
89134878 967149389
923698178 248365388
627448226 514293930
619794831 307974750
399925966 386034193
166474279 864786056
663103048 595692062
24405380 545041579
603149860 206689436
572671107 385653051
637090518 282078079
37519896 907572269
976008508 695430996
181860016 232529542
589650016 229370102
73928142 143892279
570872743 210344441
427082175 868616587
299850207 940209826
489608385 943738837
108108539 253615190
407969062 577190011
484462131 691831865
200673872 97556276
295822867 811515908
358141242 160931628
550168049 454309081
952418617 695238784
739220620 566159714
886542589 970501729
989719879 785606576
736157766 9088793
828580735 192192405
871315556 265786084
227034086 138280870
106068176 167020978
488599113 987984749
746881744 611428200
248526008 70897064
506224594 609505099
843683886 573062922
540525177 961608846
666177867 833439063
444481168 582972245
735440299 289065725
768793624 437729479
218819838 140751218
891555896 43690348
851674651 834677308
196745523 727357404
101575933 156780520
878374545 214075945
851950159 761187446
424249279 339015270
45201089 517784133
939414194 610466208
726797802 991858997
742132994 87616375
267784529 766358933
866698460 571278245
283999167 383098601
91718178 728652831
687850527 927614276
586104343 444650069
662308834 333676508
239622361 560622862
185340751 209672516
406318389 948061351
31232397 572437268
668941833 123077185
63787787 749846606
881649528 782136108
575297018 214685390
499973049 626037041
579903023 919224495
425975708 515199942
741311089 734989894
700798545 330709708
833666200 497546978
