3000
349181027 891947221
543053210 543324273
159423240 159459691
98301783 98808678
101798242 966404656
415716489 871631900
394301363 878253611
523315276 839753167
308076641 902013756
300454210 904582226
29741244 29748581
476429427 851597220
404918941 405216994
621772306 621994399
194978729 936704809
300948467 904511172
236062041 926742782
266791064 915498221
489547463 489614649
605014334 811386439
480405631 851251700
294535666 905774045
567101885 825058338
645952579 646061122
729223858 729249605
42906675 986053949
749620643 749719936
514772879 514776206
351661221 891346368
438062714 438352224
389886657 389923952
286779852 286856018
705017905 705109807
260240242 260271743
252802778 920124259
9569901 995859709
208067482 933919081
18145611 18336683
401742120 875443786
401952660 875310019
117573787 962339870
579837985 820016173
488483884 850052656
118645527 961568437
513536099 842877518
393485806 878767914
390505347 879572898
501664009 501796898
460763988 460767671
168295793 168360709
565203775 565331303
85413582 85575264
317498228 317531697
337666257 337818840
558893817 559037508
388913679 880174901
128909980 958781243
177839050 942839135
709772001 710104325
320664276 320711286
403569220 403580683
200953350 935621209
263825921 916375805
613051578 808203202
375824757 884172179
575958297 575976575
664976259 787618531
243724225 243787416
570704522 822714221
685451223 778662528
191559063 191614735
195414455 195438015
242214691 242240818
700963550 772885790
195889442 195953717
698145333 774218491
599882621 813690191
693910678 694235399
380998747 882496965
260381868 260693886
147451418 147491260
505833782 505991966
725876727 764733448
742877360 743130055
583897183 584067730
25301548 25410821
303924837 303974226
61383070 979729922
696127924 696138062
47634951 48373945
221047183 221244365
638697401 638792287
341168450 894610421
706167307 707148355
655804022 656120481
632588900 632656159
17207168 17380060
160041371 948510020
678275761 678357711
17794542 17879171
533860830 836988901
454890391 858054849
341507054 893991227
578214264 820829191
158149134 949055963
376342150 884005391
392139402 392343926
483510911 483596930
341116135 341144333
265959771 266479309
363987629 364008313
122898548 122957669
568749857 569040772
744135145 758597487
685516605 685822006
546005688 831977036
518463121 841033872
716533356 716545656
643089398 796970542
123271947 960514796
677365756 782220443
172864973 173094095
51881256 51986041
312976340 901207924
580294934 819898348
146373754 952397794
632480152 801258171
219341884 930767102
727529700 727602459
161231300 161256666
564052352 826043067
472087676 472265884
67575434 67716174
739137911 739592654
127862656 959428304
641053756 797729427
133492034 956570171
168982084 945547463
244218219 244475005
453252462 453335959
310737320 310778948
142819946 142911899
377601864 883740629
377952064 378087135
91646859 969866084
595704135 815296466
564238730 825990871
575110443 575225505
71078763 71090245
238450122 238502508
489106185 850008320
384491627 881682417
269134464 915126801
220535967 930549040
618327129 618402079
699310024 773731831
5750000 6000955
639269947 639595262
28582970 989869039
129497381 129783650
626311742 626385227
728631576 728657344
80502475 974498073
481363223 481460301
321740800 899484295
263147199 916555410
455184280 857595160
362833589 362993861
738662777 760224452
392684283 878891991
544528588 832748434
735525888 760974419
441430976 862844736
570016044 570114542
258282350 918210649
428272259 868425814
68330328 68362951
596544108 596551883
494704893 494802716
340746826 894621389
235137962 235558557
692516446 775890203
267750436 267792624
510859518 843819271
492406532 849689565
480860292 851216856
89485105 89508782
399888466 876340157
387837717 881021311
393515686 393526677
114522954 962806328
421178980 421254359
740391313 740451601
104822720 104823358
498276667 498567171
305342837 902581661
699814670 773010390
640799433 798089068
137374899 137785891
373324681 884558050
96991254 968751173
14277115 994447432
25781737 25925165
736895312 760395415
344404839 344629036
691439278 691468716
35097167 35201948
691502710 776387974
311783019 311814182
474597392 474821308
232826819 232904467
331805568 331874946
292680139 293040400
192500736 937442265
149011126 951716903
510545964 844294820
89094580 89102729
564896541 564907792
469050187 469282037
191396060 937708410
93158447 969402469
204545749 934922309
263155546 263167987
689215124 689228140
261721266 917349675
634322315 634587453
375060563 375195649
395776605 877640727
234192896 234357940
569353472 569420246
200121011 935651558
316682662 317102821
137139253 955569391
389008332 389070657
208664051 933668849
502276239 846221477
254823812 254972078
75376446 75554956
537034803 835745485
57400912 980961130
347001752 347071784
234990422 927456015
115151230 962695145
747635120 756582946
25130722 25245198
722447386 722701150
97904229 98053588
230703286 230796479
612226695 808410935
332420239 332645461
139085413 955175302
594347127 594360554
467338590 467684359
712727312 712775547
131735347 957471350
286384210 907842917
251273045 920467903
313697563 314030556
26161321 26714530
724976954 725174842
301615499 301664007
692240055 692398930
485946220 850294444
742157587 742609072
369734738 886300953
570267736 823714888
635804318 799574362
176446863 943217395
515523596 515543894
621770896 804316583
721441739 766506966
541947069 542055086
424205803 424369243
152661428 152884471
596742379 596793859
489761948 849909223
88290581 970954887
136804569 136919474
142913721 954099146
50972072 50984722
412064954 412209128
398246350 876754923
75756968 976217338
67862439 978307541
581838627 582341857
719001899 767706578
142248424 954513034
189483920 189502635
442305960 442622999
282157555 910087054
511316049 511945415
157082984 157475660
347691394 892017202
13326502 994884312
102352041 966234449
382163046 882192595
709758326 771302888
475578426 852386967
174296795 943782877
414789398 414835674
399107493 399291231
45096109 45132378
257411056 918670998
4272528 998442774
306337146 306366764
169577031 945517148
331120657 331346172
81928704 973979618
464296625 464391156
647270229 647305600
5213396 997510695
207434661 934064481
365086279 888079230
368310524 368527212
518905838 519551735
309495947 901709204
497029098 848016587
341317003 341460661
497814063 498090829
133743995 133761536
535203896 535397273
430994555 866687583
607184160 810065025
538385905 538388650
120923937 121136584
21572158 21967731
79849296 79904474
173369259 173419204
73365076 976861388
663640017 663879145
429067834 868142219
436303719 864846862
217401933 217685525
398438308 398884349
646903855 646962772
20398138 20456795
189568381 938568125
406623912 406627721
345721488 345797545
183650406 940155051
142934061 143118741
281548604 281995357
693399979 693405919
745683930 756893061
259277036 259278489
148626551 148657874
247188417 922241045
493644401 849380283
649397783 795141804
633421435 633503959
420533955 420606173
441978716 862820728
502310477 502349710
462050936 462057995
150006500 951294921
528889352 528979185
403410249 874839582
101295666 966580523
436564917 436836427
81574670 974106359
334539069 335179136
519874123 520222182
62627799 62813156
8701 999689172
519728824 519732531
647078416 647189910
589427790 589503937
359742665 889433250
470484731 470487075
677234005 782244860
10290271 995636817
732950885 762440695
579417271 579488206
679360662 679515555
14657167 994275343
709436449 709442427
522653180 522846289
606865728 810160391
62014067 979668047
666021261 787509335
187167695 187191618
56652230 981345206
45859001 46202218
133103418 133249268
488913336 488938814
129153940 958540982
104270489 965433664
700533351 772943562
86755896 972007029
62503218 979561412
731834310 762791567
604914208 604977757
173714341 943882377
618504971 805378411
442623516 862564147
223411544 224068615
75821074 76439518
51006061 984137707
312493958 312675085
226876235 227029415
26155910 990882328
246067006 922782503
472290433 853001574
459233101 459310063
492830556 849637496
308499342 901950727
661291606 789283922
711225288 770687136
340222253 894864759
100849334 101266694
135488905 135786474
114992864 115111477
293072764 906190848
499409078 846983951
695886123 775253156
441221240 441226457
35753202 35809226
674002541 674261597
374509022 374955708
254801245 919283282
53446553 53796263
359267768 359694568
99769033 967700789
546899445 547716278
626662613 626798232
163429085 946939290
248380045 248614719
457123819 457666316
151821500 950035444
210308699 210330782
251852663 920317296
53808191 983131504
421727608 421752829
269898532 914441609
10988497 995560261
188593415 188737509
604636884 604670234
110376912 964186695
497732184 847848693
636321694 637270340
330912550 897682329
212181038 212186599
239394747 239465628
531922072 837373422
104618200 965264956
496051804 848560111
324967133 325171532
115561254 115565272
448686947 860483116
533766123 837100488
659949647 660337308
411580545 411728222
752624462 755122968
152621274 949685761
544620037 544747037
155491265 949395532
601256818 601434499
639684355 798749612
356208422 356330818
173208015 944019297
254578708 254718654
476978797 477031405
231903908 231948313
641969210 797384665
337949295 895589813
144593288 953445093
164379444 946650628
249647483 250056506
11486084 995356351
74052101 976670141
350938586 350961529
322062210 322121850
130185858 130265075
335670812 895866637
531843698 531887880
533234712 837157480
336483535 337333814
659930424 790561458
521213474 840782339
56983337 981306258
160674344 160781888
587899428 817889896
55895043 55905318
449123426 859851922
743307856 758876524
741173916 741218426
350826444 891741562
707729174 771432086
408672672 408810881
394460899 394566089
563339782 826219883
265367413 265585349
466400911 854713942
116519974 116576923
741456541 741570478
732027845 732093332
132270984 132449060
68021422 68041468
607755942 810025555
338780146 338817443
560839685 827265040
270566280 270666932
514757538 842462074
120628116 120783777
564058437 564119700
449552643 449793387
42491767 42853581
291135348 291143617
147021246 952333194
372436569 372460333
491737778 491864783
101452693 101691606
261988680 917226827
193132690 937016209
225337053 225602882
151459608 950177821
315048289 900844027
386261202 881367104
92593010 969687513
647254010 795951833
546270455 546625737
275497717 275711483
13611621 13771825
334185988 334393294
446011781 861097871
614461319 807478393
342337016 893803012
298713589 298952735
596798774 814668556
745748843 745786603
197824011 935866170
108670823 108848299
741948842 759282044
556267668 556282455
114615726 114733932
727411242 727413320
572279496 572442763
96144947 96450715
626060429 626101988
130617453 130711361
512082102 843306773
351280140 891454139
677247966 677294635
401402008 401514654
232062468 232345172
185476549 939587473
704350657 771978300
109988527 110217700
677741319 677904306
171876486 944258411
48415521 984770610
477116402 851556294
154294455 949542406
726956936 727068917
331560815 331758511
305811529 305829675
701127878 701163625
148204486 952056969
711328942 711504511
235584218 927369135
674851424 675074582
100332333 967663305
186977114 939345189
439436859 863662315
216196231 216455902
675608993 782559003
625708532 625719424
222596347 222969232
247865446 921783061
325294412 325301886
350266792 891838893
21989333 992251946
511963636 843339410
210206518 933171152
219847380 219918214
586786799 818020661
106600650 965139163
728854374 728935319
293946257 293966855
55267171 55388634
189760945 190107373
570427102 570527068
648520282 795321983
416163200 416206073
74353919 74369861
277101152 911260327
585900434 585934217
464447910 855099148
358866156 358916424
48602694 49125442
618982048 619444790
592740116 592745524
15090016 993785155
183181340 940239085
288409673 288455547
140613336 954969243
162115665 162177717
191159831 937892494
413311793 872176161
717219244 717426433
307342980 307475129
626169366 802991548
509700155 844299863
213847166 932571774
411370553 872563253
605233792 605557964
319492124 900356875
25604682 25663767
244500045 923328639
128925846 128947210
716789743 717130474
538697253 538928593
179213741 942467099
323224544 899089569
300117209 300400193
60427287 980076366
658460604 790618395
485716267 850300220
456989671 857357248
613083290 613312673
596679078 814880176
20632963 20965588
690603317 691073112
353125921 890909926
156843352 949136944
245500086 922882401
92674918 969517977
672603351 673273056
140636851 140772373
86734732 86744463
574371373 822001778
495412485 848706660
402017513 402277873
222589792 930288292
203821611 204083307
360948607 361013362
627457514 802455623
206894631 934168498
657481717 657533672
35865751 988435198
17634511 17718410
285947482 908277182
503891864 845775237
518254774 841040476
214822258 932547755
729635311 763309371
381027311 381093174
366318069 887726113
329921709 897762984
134884487 956436471
615496974 806261852
657117321 657239446
253127935 919787412
269600583 915048526
664929958 664970428
238669943 925119955
429508947 429715764
227727360 929223343
259991525 917953445
710351431 771042114
234725673 927503360
356878099 890345501
115157436 115442819
585645690 585791036
89009280 970514345
121813027 960749211
479032933 851371594
554339182 829513679
622363984 623001439
249237694 921276975
517021977 841858745
32316046 32513528
508523236 845469165
259717812 259945079
631592290 801442357
492319652 849779193
332313510 896610477
666666095 666692599
725628400 764826231
58596401 980761053
273049108 912183650
275179846 275383023
217876584 218024630
529609005 529754767
189181744 938613265
291306171 906449129
139914683 954990849
30847205 31043306
407004261 873189044
407280362 407377456
598229607 814055251
483319108 850591502
119285362 120152794
225032567 929925088
512631432 512691281
241352075 241703311
284369415 909041077
159650145 159907077
410088510 410295662
291026059 906530418
727984751 728055812
724898982 765714954
738114895 760348563
320810102 899867262
86996871 971717550
475183998 852536150
141407963 954556828
279775860 280060333
253290591 253427399
257384054 257384552
15791937 15905338
454122819 858290841
268141297 915266214
226387408 929388963
668295930 786428668
452880701 859051064
699863415 700528906
92634726 92672072
16731747 16851256
299667157 299774186
488020484 850056798
676126489 782333185
738876726 739069287
191693624 937479275
377257495 377377174
319494688 319959081
122226596 122306508
260214915 917744469
6988595 7030418
65806782 65875728
500000093 846631978
681633680 681694339
168873622 945648924
729839869 763298125
56170135 56429460
149332605 149679069
178573432 178634763
386762730 881244385
702061148 702066072
573698641 822258898
191812686 192005590
210846923 933064647
498194191 847750472
514996954 515123140
55697884 55876956
225745391 929471907
740081559 759754698
589700664 589703801
43173176 43313096
677907442 781727977
354731576 890776417
692522532 692639181
540417372 540483909
615363294 615382569
421522495 870306031
346001715 346092307
664550497 664783022
387177934 881159594
299985798 904632125
134983375 135141847
396635434 877364292
650324929 650385786
54581722 54770725
553101374 830127909
198856151 199393660
724318178 765867263
208427660 208609509
316197509 316329844
528433488 837960528
2961225 998530368
253916980 254309165
299014987 299113819
32619492 989242185
363565946 888318994
553633754 829695726
530800508 837546019
396227851 877471590
370846368 886152164
32056505 989334139
206287843 934387239
702836359 703090858
92146406 969713771
536294666 536475948
278907714 279110478
67218248 67237581
213460324 932658980
649919978 795096204
381934519 382055280
581663868 581779051
653736275 653773989
166702169 946509449
180454242 941861853
183796334 184135431
716297452 768918784
44469112 985688503
682978742 683057990
18482845 18788950
579399734 820324081
397950993 398216835
537892149 835506337
721267616 766727658
740631535 759542563
7731634 996696377
382464732 382550522
204851578 204999550
397294644 397305832
478887028 478911151
752875709 753016646
569668335 823983634
618074471 805537272
607822135 607831227
274599501 911959279
341646010 341651619
580439587 580840756
185235159 939909291
323429597 899056081
462636896 855834511
562461868 826461939
105642409 965247487
441460493 441890045
431899651 866105775
306069666 902570087
50372682 50790493
634204324 800255724
349944785 350096435
595312316 815487135
250384491 250653334
522999257 523235962
130739171 957825211
753583626 754634311
751412383 751494454
273298893 273495589
270025841 270198782
745442067 745589806
115817378 116277674
140937734 954607306
671217393 785692593
439354852 439415547
99435042 967744762
652680841 793124710
132121255 132208817
488074221 488474118
644645130 796492972
506079185 845561118
419651101 420021614
242260065 924116316
633011892 633237584
237350701 238326608
494138195 849307432
265752231 265867461
147186150 952303179
23412992 23529092
375350834 375605263
112606118 112836979
92883863 93005820
721588064 721742058
133554138 133558339
526828888 838784320
47437743 984827872
245536830 245652534
209344718 933217436
659210501 790576515
77339756 77575729
329411275 329845292
529157422 529221298
739640871 739908120
74072430 74173728
216468894 931839475
170462386 944610799
18451743 992765167
571172977 822688923
636320861 799424080
298565544 905481629
102583995 102686090
282111240 282151797
185533281 185623026
214910295 215191349
629392841 629463056
99058196 968007613
8064118 996611036
32850922 33134793
637455094 799399593
716754681 768641076
234895665 234927553
420616208 420823801
68270682 978202478
130076372 958387202
589209720 817832194
141767388 141962996
361387074 361741431
167195620 946383173
684790564 684864247
84368993 84429038
249441065 921170396
458232978 458324493
158234679 158676818
205042789 934618088
569112688 824285373
667091897 667169059
166329657 166356727
672316944 785254136
532892948 532938466
720895286 767164338
86190322 972197249
100635536 967581813
153186731 949641784
411825690 872557158
416920964 417357193
521513809 521630581
338289922 338449506
236930072 926373633
393990719 394061076
728389956 728507867
290445095 907052535
352972431 353092358
58135395 58268257
566027625 566745215
50262739 50286404
247191022 247218401
180944470 181003497
14333439 14333928
450428117 450990738
223309910 930100589
180716254 941741127
383057926 882048840
207683280 207819884
579932403 580166047
526592856 526643065
247872611 247898573
211837495 932951978
486350144 486584256
585797266 818428377
42067640 42082767
202746695 202866955
144288699 953964848
402872309 875074686
520476717 521160995
318964703 319339657
193004361 193086294
233921411 233992521
582720332 582940824
15933373 993651609
568616634 568628507
330838513 330910194
2238482 2258065
25712573 990901398
209572479 209856843
682348242 682357718
165759782 166097122
670172277 670495384
587959130 588547721
721792244 766364972
635429398 799694714
403646538 874698439
118102798 961975326
393657861 878320171
698837226 699219217
720410940 720860251
341302971 894217316
82174899 973861428
403893746 874520355
522043465 840235379
148139279 148176048
687724369 778099376
103919048 965744458
507417312 845512411
730755567 762931884
673936602 784191206
446677430 446893489
549909789 549974218
649922173 649984099
231017580 928488327
472012271 853397189
494350260 494370926
593058642 816460600
475625455 475867978
304561855 903027569
12574579 12935294
744863787 745189546
728976592 763548559
403453089 403488959
333794700 895901467
440380530 863426217
180011484 180452636
726298141 726463743
313146654 313258139
647374393 795892255
219786277 930664179
401082115 876205951
34381402 988594937
346235031 892786886
679046453 780492567
18871875 18955078
277752242 911175469
458856139 458931960
734800500 761085324
39175373 987632245
474596821 852589660
556296895 828729194
147340869 952096517
493888813 493986196
267156920 267656851
640500000 640720712
518353370 518392993
3071526 3487027
600607328 813522771
194778549 194938979
12512040 994934701
601553738 813312597
363720902 363752872
661723643 661748857
54014338 983106021
657348284 791057155
28805220 29140936
753798828 754521221
556453921 556727745
403508184 874771523
674565957 784166384
649505831 649910295
262876039 263129355
680951048 681202888
231768379 928449935
178795479 942794882
744402999 758483760
671063028 671072774
348862717 891977608
158892136 159151590
575303425 821460058
313592817 901207923
1641372 1673478
449883765 859502331
503709788 503840754
373679765 373953556
107951469 107960245
392351678 879005612
165419281 946626481
314358112 314502937
715130821 769425402
430928056 430969952
443849199 861963672
206817644 206861976
345935187 892920227
595425381 595623399
110951930 963791219
341225139 341237452
616504327 805999312
654042042 654179359
184281275 184710215
371996660 372063066
677422099 677509431
143691749 143966808
321307059 899539492
661069181 661156736
713362358 713538967
658586467 658929349
327107274 327337885
649361771 649370142
412814476 413054077
638066823 799324213
122726137 960584001
249325412 249374796
15226706 15278629
103973321 104066860
434417267 865483100
420196589 870765969
219413002 930664341
238527653 926051528
62816074 979392974
576482027 576735499
617215272 805908066
584562380 584697704
664121186 664161636
517103454 517371383
85832416 86100065
496909609 496971550
635081562 799863606
526365688 838862351
425660127 869303642
134187139 134489511
546769312 831459305
265602523 915620961
448902307 448987800
113516369 962880833
557810794 828533814
342819438 893487259
357976125 889969334
369893503 369940557
400148782 400324483
738398980 738591710
87579281 971326517
126589384 126606602
462919814 855779848
587426151 817899837
657602902 790980343
107172006 107291824
304243677 304283303
42143271 42432226
370718547 370766036
37436395 37898367
531983797 532152226
543817083 543994400
464190399 464210901
227958221 227967182
730470355 763118889
192879827 937170608
361907886 889121781
529251157 837669670
686328299 778503081
527353707 527355591
333032353 333426521
565858866 565912680
654742644 655242129
45517623 985494265
352469586 352669356
734567661 734784100
710947686 770708554
514524441 514569006
306953533 307054424
460315198 856773637
408008423 873064915
223079414 223137554
49702386 49824301
439232830 439305677
19067496 992583173
606423057 810539791
453890716 858701821
498989732 499248825
16185819 993613203
261271920 917487820
437127727 864255321
127455026 959475967
214168739 214614156
443913558 444251302
173558518 944016594
197329134 197422607
170638862 171141692
267748970 915321417
33276054 33387214
455806478 456023928
256337417 256412663
721958703 722020335
173777705 173863395
142492734 142526582
262027840 262170921
504530657 845615623
582493994 819333681
205765059 206028747
339121621 339310539
128649006 959423155
658240767 658246595
510571260 510677340
265341868 915633239
704035531 704054491
624556406 803558059
664062439 787873569
591939742 591952112
481531187 481889241
465227466 465427983
578847886 578867932
168220489 946074618
633395710 800699216
182799454 940246018
458726566 458767103
78254575 78580804
462002679 856320809
393041376 393119324
322529740 899168887
326367389 326443787
576945356 821008610
670586971 785855457
473534589 473540452
320623498 900140459
628631343 628742669
733780344 762232590
367740509 367748604
168017568 946207535
293636773 293762976
637806044 799372941
490498516 849871487
179218233 179219015
40009013 40644566
705444867 771901607
63080495 63144803
164523260 164831833
666217642 666277051
177940848 178002294
134678972 134837205
71293365 977383127
197967565 197972458
25254350 991118709
555792265 828882454
199430093 935729734
689705201 776937478
218919085 218945679
695676568 695705026
560344182 560539062
153696343 949636452
496510041 848262951
396383452 396536793
427043928 869154218
380401629 882599145
46607777 47207826
11525065 11683829
29218035 989671777
37331297 988013845
104436027 104505121
461282847 461290114
369547489 886648424
287707289 907726369
287256262 907762168
379553347 379712780
701619031 772736036
256687043 257037519
26778665 26813971
78586775 975465155
476745513 476831494
667182157 786475735
320002881 320138481
403685561 403810039
749964177 755844498
524899333 839013555
167050848 167174898
536243199 836339419
727516803 764270835
752501296 752580328
359904413 359925984
235674024 235826660
294198561 905824949
318614736 318630411
726503550 764463299
361918024 362014276
431619575 866266011
425402087 425493674
99244359 99324797
108169044 108228447
260063521 260181902
604225071 811686429
677731400 781868280
458117255 857280576
194287221 194381086
325427628 325443588
560256922 827734071
276698388 911571229
594931423 815605396
608547815 608744159
56470363 981499198
436548179 864435868
301472848 904072395
6895695 997087742
376509715 377047874
525493463 838982602
621213874 621330872
541551577 541724747
441260264 863078021
394861260 394996703
414836649 871777522
502388049 846066734
640729028 640746255
80539607 80726122
177203991 177592278
753152618 754942381
591171351 817385898
107908938 964733513
564688911 825962210
684192460 684313430
753252887 753438201
564911121 825742709
592891799 593027234
118104187 118560692
687857675 687869947
433428198 433603776
383324150 383770806
287934223 907646052
300488442 300602141
225652274 929784794
382648803 882186002
74481465 976511324
342089997 893847205
138433156 955347821
414682139 414742134
597857686 598204497
275869780 275994984
290520610 290555360
346401317 346641530
483266849 483290388
302655559 904002939
487007723 850136426
465542050 854950702
729443774 729587526
643496290 643712645
516930110 841889003
22674605 991910462
407785441 407798719
561081039 561107674
693162418 775557079
594613212 594826780
115678856 962594521
49946408 50121202
56855466 56856717
5242787 997380797
247358413 922123102
358128007 358183995
473518608 852935440
732804360 732868216
554187887 554254277
367996040 887398629
145390172 145527444
160888918 161035618
622245575 804234577
379516645 882778209
644018351 796742152
161577319 947439574
161891757 947334640
481473232 851038496
394733858 878108050
229772174 229861311
732516009 732615947
275176299 911918708
722917739 766147939
600074064 600466852
611585268 808568865
149045697 149123729
593233453 593442613
446261705 446319462
39272154 39354516
2055014 998880317
59393380 59664930
525899097 525946939
83025160 973855412
259420527 918021415
287609752 287671909
303443005 303753526
255868554 918977409
694702545 775385098
533786097 533828422
120920964 960891841
719798677 719805099
51754096 983948707
597615647 597813646
723810136 765949115
406090637 406520726
588560431 817872063
492331449 492348241
603671422 603948472
599090648 814021826
30703351 989486979
128697003 128864863
643342017 796825928
596359756 815240757
354083836 354193694
54111436 54388777
351859420 351921830
276289677 911857871
672121557 785296566
221881503 222037714
688272331 688273487
696606706 774995793
295217952 905710108
76631621 976096777
142641461 142666806
530010169 837620969
154242843 154254148
729207188 763529681
14048545 14082843
7595336 7648411
578259454 578436920
150369634 150567499
618784393 805211888
524653053 524889097
24269097 991403875
60108850 60174164
666971938 666983297
385966764 386103411
486679664 850165368
252907747 253031343
179352080 942344003
496146304 496149433
456582891 456782553
533274307 533597259
315123670 315334882
364094079 888117493
83619898 973783280
530255970 530494164
216658393 931762293
731218486 762798157
638867777 798896364
319963982 900184939
660844635 790130608
664314647 787788621
362828161 888589326
592731552 816731039
452367807 452385069
426037302 869284977
565576407 825211414
519557534 840996712
324347240 898851379
357223116 890202320
555634896 555658420
680923330 780340402
141235102 141315726
179659504 179703986
149332213 951637075
16615619 993471492
691726852 776142838
12030997 12166993
7172495 996861279
123696307 960338053
216506831 216646135
271852765 271996459
134497685 956449997
139255334 139649660
178089012 178155275
44780125 44852890
143522208 953999372
611656881 808566355
150962826 151267532
360037770 360527731
611612705 611631673
218094757 931534265
599463107 813886256
389549447 389639589
678666833 678783695
404385486 404713953
469576872 853676553
735562706 736216704
285493682 908359165
633932275 634087840
240699823 240828296
170167978 945008805
306882254 902189067
190862095 190865703
453706069 453862584
711827840 770519739
362127930 888807886
409550362 872728445
339596069 339649648
648604973 648760227
64481929 979026844
74349467 976648375
432850566 433040204
715823723 716155937
684870833 779016760
374462435 884380048
516962191 517005087
506192544 506221184
535429025 536014238
593578010 816055744
331063861 897627085
442996382 443134742
602230198 602412244
715724473 769116037
697294310 697384158
492525034 492608674
122118587 960745162
747936127 755978564
39203554 987630818
462741199 462764326
599285262 599459428
314163570 901022951
38791908 987652391
515800292 842135301
736425206 736745990
85330888 85359404
647524403 647586032
42134051 986586877
115464801 962672203
67816839 67859237
349833167 891913754
369108522 886716824
473669799 474128548
330943377 331001474
162862720 947024677
164207067 164358290
705663575 771853371
686852070 778381231
748468314 748671206
113206458 113465178
126511460 959904485
71671266 977360134
342956985 343225779
567758082 824818645
238417785 926180794
419597176 870844869
563465265 563537913
386352798 386691287
423561757 423569304
38927481 38976231
623353400 623423572
124780979 960244454
651362860 793506799
293602947 906032412
348102319 348711117
633562375 800604579
627981653 628284386
179813776 941996323
454915608 454946975
270765109 913928700
641512356 641907662
717172280 768162821
442014711 442041217
604245937 604327579
148241356 148304044
330225943 897712169
404252791 874334158
614792309 807296572
344828695 892982555
503670010 845913346
45001611 985496139
2513260 998809694
398901438 876590448
611781077 611833565
136349051 955945066
204389751 204397956
614883130 614889115
541926775 834190332
126714798 126868849
458818155 857106454
103178545 103313658
551298904 551325251
242508162 923831016
322182325 899171011
323303706 323382538
629543193 801759608
169775113 169838052
605646110 811105678
652426045 793223686
147291586 147330769
732976474 733255749
511050481 511224744
97020130 97059845
501286830 846275573
539558239 834639430
512873734 512979739
95436803 968985292
36513431 36599104
85784965 972587733
512980395 842949429
494146214 494196697
83994077 973747167
446631778 860951338
473649723 852860910
586760749 586761800
62259318 62429648
514297709 842831382
675455067 675477185
176820381 943204107
225928363 225930150
353179703 353636775
643198168 643235944
541305411 834237909
127107706 127169230
553450291 553504049
378874893 882838953
159623804 948592301
347323671 347405364
207118076 207223111
182890913 183108930
476012676 476204428
203556253 935012784
105455896 105556903
89525328 969868413
682178102 779969338
145974293 146150190
678611451 780645830
66291783 66485945
466837828 854652025
425395601 869584990
390091411 390108965
697488753 697553055
652569376 652603204
538194508 835284340
447498709 860905697
55186877 982279721
739618914 760199353
94204306 94639121
43421877 985782157
746408947 756651706
257523701 257556080
420934640 870541606
122004798 122013521
39884561 987203942
389933342 389947416
613494106 807796643
93595175 93873974
289290826 907425305
218458375 931303804
250952085 251250465
722926186 723593097
745398806 757579735
280193250 280409159
581584891 819504825
661900984 788911910
524153946 524540757
79429149 974600588
331363788 897626181
15317405 993702758
296154547 296845701
36995419 988259170
479327284 851347640
342415114 342492037
41028338 41607207
27879997 28040382
4008102 998511494
274049445 912068140
24184379 24189435
301296762 904203310
525017839 525040329
557354319 557625435
152425523 152548680
423139439 870232329
447340567 447446542
500780327 846391364
579597843 820055262
4061844 4085714
695302858 775328452
208831306 933409335
11084197 11360425
375199633 884224406
642880100 642915951
131534259 131641038
355675518 890453889
120295823 961335615
664900563 787668678
542935693 833818588
462396263 462611065
127868687 128092991
77613991 975624624
522851310 840069118
747334528 747371281
499555848 499577466
434754886 434920499
92280929 92407451
246935247 246996040
220664759 220999946
109818822 964255840
584275147 818868658
340230462 340690889
572973920 573110914
553423566 830061347
200661117 200716144
217397183 931586335
116733564 962408427
538029853 538032833
444407986 444641771
87795776 88051759
567495314 567539883
417614602 418165174
51144162 51392982
728346774 763677344
475274341 475410761
748069125 748372769
564489143 564663797
692131713 776100561
442974789 862460524
741644218 741931721
55927604 981518408
370334801 886209679
426693896 426763854
191023860 937957491
294201541 294334379
281104672 281267810
627472848 627564242
163049732 163204024
169645176 169678878
371495073 371577720
236742922 236914384
521695647 840413059
657685865 657936609
126609384 959595236
304619259 304683238
373388582 373555095
647893396 647934284
179259739 942461470
392366987 392392294
466277968 466370889
434089020 865790076
195460542 195548186
328586466 328715745
460994834 856669817
743789714 744004259
604410801 811522300
41684473 987018808
141487235 954529580
182289019 182631869
640721015 798398598
395002026 878101097
486902724 487002809
627672134 802179146
232787129 927881451
585307139 585444879
324474780 324604593
310949248 311167190
449353951 859641581
175231802 943313394
479869420 480370691
650288637 794838906
210499295 933079482
191064870 191081978
593833816 815964480
79708510 79747835
544015002 832831721
271371413 912913466
234162199 927622704
310836099 901643087
144786234 144812506
22359154 991953209
125952329 960111014
655418572 791217375
620669630 621003875
151526906 151793322
23054017 23291252
728779595 763568755
271563694 912419855
146239158 146268719
292281432 906238221
168941580 168956449
242541793 243042922
429721379 868141464
439331478 863855989
605085974 605090116
17491644 993267504
34579042 34607130
509173378 845236996
145666494 953190490
460505603 460517185
170206965 170216587
474925713 475071040
688334102 777938796
323581300 324298451
146237043 953184667
86270310 86424998
272891307 272993692
650817399 651164826
358320313 358530505
4547326 998140139
509443840 509591811
68522674 978149390
489265877 489285595
681337063 780315997
195721634 936175338
181320633 941031884
52946457 53310616
339973976 339983752
69210556 69269801
725689959 725740006
240665378 924797289
275857855 911886938
604786811 811411468
30211323 989558379
178038672 942825753
527234400 838389545
308123722 308441889
102084546 102210114
499804971 499870634
615040945 806879707
18045054 992913444
615204859 615281270
570633583 570662362
601978141 812558229
363169252 888430373
651806801 652081314
287878212 287913267
305214183 305217308
434742393 864959211
630734235 631031062
284667127 908672705
712812035 770377988
277103048 277421855
494469269 848949895
478039686 478810070
231958143 928348861
609832212 610203234
125355046 125549236
479274870 479304211
712486153 770509028
229168098 928897174
661281819 661290187
544055014 544421286
683203913 683499734
559652412 827764575
125816136 960158771
203383130 203507088
694618195 694669334
303873788 903502255
63636012 64476573
236661298 926563998
114882590 962798320
445345736 861141854
209228899 209238024
16016786 16065427
504781289 505244616
441301597 441343365
6153278 997308694
723712451 766100150
110824093 110871592
116453016 962498774
271405819 271504835
204107901 934945018
458329793 857234758
677920159 678122057
164166282 946722212
245047512 245407370
43788892 44300440
225111283 225136298
397176865 876973513
61636981 61833122
81824517 81830004
680027008 780437849
729342347 763413526
8884690 996080904
246294175 922367043
682975194 779924941
515851905 516006716
732794295 762542397
475873171 852246091
721040139 721142838
109490385 964292777
5232265 5242336
210705576 210762635
255007303 919189404
264210289 264542055
594605403 815836750
236182995 236641300
691829928 691958913
517465554 841545866
616598213 616786626
694501098 775497610
521977916 521994248
744224374 744364806
554994871 829024831
513228185 513233732
171930499 172199098
201484979 935501235
633579978 633597060
344856097 344887293
600641601 600779918
688815511 688872631
561954233 562085167
718456842 718540999
488528276 488557950
534739364 534890291
354343148 354387120
331896555 332084753
597018838 814261299
381289903 882375135
513752544 513802029
593714364 593815810
339552387 895027937
322213756 322437380
221793557 930361925
583117602 819283165
387665671 387699701
244176349 923388693
293285493 293599317
656272172 791188409
31129684 989342430
649237917 795196990
132230776 957315330
228234011 929105376
335843204 336017352
451834049 451989824
140556145 140608919
149729522 149984239
400414808 876303054
108023838 964711572
653067530 653109260
600811097 813492734
281497333 910581768
228852762 229075496
529150001 837715283
53379919 983628551
297709548 297926779
388295455 388359888
693009186 693091025
730549326 730665432
743762675 758637266
305211550 902787173
69832712 977712142
161043925 947732842
373201389 373218574
83940718 83962418
206785801 934342532
653890511 791912039
103070408 966138710
663108818 663213238
469717534 470220130
595738234 595994433
78890675 79333927
612246334 612634477
545475424 832034625
636035481 636199060
366951466 887467511
350318376 350656625
635331088 635354218
40692494 987196073
453554748 858971154
470942071 853477873
113028478 962888068
748725952 755879456
374161927 374251108
439150967 863876268
697970419 697979522
24982465 991234556
233880641 927656677
442246006 862625341
294812623 294987101
587158524 587317847
559038906 828134269
395176820 395736751
196597244 196829532
244587123 244740400
40957764 987046658
37149060 37162197
561118035 827245058
613522144 613552201
430311735 867878353
614924505 807179419
153240737 153662947
154531362 154819288
606177699 810813663
618618143 618634306
632967252 800981233
43051278 43053389
499661541 846877565
474257627 852660518
743438109 743486356
72145531 977359118
89473981 970270997
445022853 445284017
592835795 816490816
497044616 497702914
330447653 897704448
4890372 998104117
719158256 719380395
637570828 637603570
540846514 834400858
744585717 744685222
379800525 882607723
566992240 567094364
184236708 940089868
571181683 571373268
744847201 758137146
55885010 981655329
318962084 900501691
568021331 568161759
698777057 774167400
459395860 856887859
80737714 974242198
270516277 914051493
443345436 861969979
58413722 980941987
174305608 174315747
389705343 879881476
410694209 410938734
554777917 829349212
325912767 325999561
408592793 872902505
290697411 290868499
322618695 322888742
459764535 856876814
246375951 246861697
482166840 851037895
8287064 8424394
156664590 156825459
601680404 813259346
563906584 563943066
364221023 364427473
135397430 956304328
29586326 989656411
725311874 765594263
262543434 917083110
230113183 230172948
598356346 598433301
602901601 603373950
126986554 959563954
484150338 484855634
366928252 366929324
133682274 956493245
334486025 895899602
601758778 601947220
250939550 920839803
645005685 645008008
229967704 928657261
607051970 607114643
339758190 894884510
137356559 955348582
539208695 834877508
438434563 864223939
43076760 985960587
613373968 613486108
613730858 807553956
27831098 990189856
463298811 855721285
144361059 144565923
654203708 791426623
438565268 438725743
253890497 919776071
585599574 818741487
306514236 306750562
710959584 711000833
574180560 574226825
550033292 830668800
571824709 822602646
327075272 897887117
336375114 895722855
131002976 131087574
371809981 885663010
595078303 595307505
138609780 138906918
492879245 493134191
701260551 701588031
410429665 872588847
297321109 297520654
107435353 107801340
703581678 703878370
348918888 349021715
628378229 801933212
219059455 219271355
248990015 249135454
99978743 100195608
177093030 943186649
314641830 900922756
423795993 869867093
752058263 752094684
387509221 387578726
220377556 220535440
730164922 730244050
459412716 459484708
222212553 930332482
96510766 968879473
699310831 699481412
208697630 208811728
220053688 930649314
702197547 772656522
276805879 277054550
596837496 596885744
127712751 127846634
11788176 995277618
453915950 454056601
215237844 932073945
745870973 756863228
4277560 4537511
41745175 41757045
17771576 992940265
742722765 758966393
382719983 382884538
257057959 918734681
222227233 222532272
272239700 272754133
136011263 956295081
349557562 349667677
52530283 52783764
648470026 648508750
567155818 567212415
307254087 902040596
21066094 992263780
591172889 591265897
310097281 310145648
155874011 155916357
179114639 179192928
754155863 754335237
623880279 803681710
268238407 268636593
185088963 185161199
666708259 786608305
670589248 670770117
428274742 428381401
275493304 911900608
224270065 930084193
85377642 972653798
723725368 723778108
623667183 623727713
163483938 163622160
702816808 772537904
483619775 850561218
416595867 871276445
71493104 71526211
683505731 779207333
191178753 191284211
345243895 892928555
425171531 425364489
328744043 897786266
136686671 955655695
654714800 654723899
124533928 124621589
420614333 870568951
166781424 166918719
87349747 87519067
508537842 508562771
247583623 922095937
308660715 309206586
533007471 837159390
91751941 91907954
261911652 261985319
105999430 106449575
473153787 473404803
134074425 956474806
387636489 881032142
565984294 825201945
53867356 53902923
328568464 897805291
343357362 893482847
385644126 881567865
467767991 854514955
291671103 292219217
539780488 539863370
623207047 804189718
505297669 845563400
9353105 9372997
186012345 939556289
126334898 960088125
601582176 601586041
676714375 676878819
4987316 5113651
168111205 168165874
449152906 449283611
448567194 448626528
14029604 994601655
366503688 366617141
65250306 978938830
507613815 508463542
547879320 831417735
293897394 905868884
246925957 922242031
195020783 195050326
261274702 261412069
589603890 817480891
354267262 890841111
420442153 870717575
619638161 805086157
625891408 803113392
212916697 213194483
751402519 755714125
269352377 915099320
704498413 704770718
431016489 431497539
174461276 175007628
750614535 750698508
494210063 849254714
645860447 796297847
140018305 140021855
617400588 617539245
440796196 441023919
213544399 213801157
75133247 976324498
435218811 864950698
619888021 620212167
559707558 559958448
166315290 946593024
493678458 493696689
575943880 821091894
343496209 343594515
638119984 638199280
485289239 485379071
748436428 755958857
543433040 833094903
227172218 929245938
675285087 784000180
227181920 227624396
581779650 819405072
226237424 226292684
528858452 837884280
516076177 842018992
377823728 883177816
280547564 910997051
279241651 279526854
181391499 181864839
16949239 993448301
81073989 974205807
545618721 545628769
9250610 996078507
550091568 550603333
88779157 970776298
423639144 870171615
399425603 876340986
297523257 905621514
196012993 936158958
243646041 923683699
159260311 948681015
656402714 656626600
663319352 788485409
176850300 177019175
534561266 836798618
734426798 761544435
728591631 763673038
193162015 194089858
189137600 189171558
218097129 218292432
527427033 838168039
476862279 851589134
226196545 929469498
661280704 789423839
445860670 445991335
520450069 840829908
306501360 902253262
109650820 109746290
447171660 860927644
79351943 79396534
384598525 384856990
24194271 991495724
168375409 946009868
158813700 948770757
126044420 126319183
639750706 639787334
145027661 953379632
528524480 528639568
498874744 847724438
264064702 915812710
555805495 556027154
591773809 817382232
186110845 186786604
88581061 88738473
608888938 809555723
172810894 944129389
248830136 921630715
377085282 883921522
439579150 439878056
297220372 905648521
638621470 798976601
409555786 409973473
747642496 747851054
467996970 468745346
13530752 994665087
270218070 914187244
593991249 815839427
212194468 932949289
533016474 533172537
87332429 971460615
577112648 577610288
665343904 665426894
66723729 978864761
240968923 924427205
730857085 730926866
108294271 964620244
68797041 977756533
37955794 987695648
246104097 246117791
603375400 811895037
545726057 831987202
219354919 219408157
96687675 96702366
251420707 251635455
110765025 963947526
166938927 946451184
751811631 755409791
452644490 859096610
174424715 943562222
289416763 290032327
654730888 791335615
16265257 16321301
444307398 861438021
427560632 427761594
129280813 129295115
71843837 71929908
600817563 600891361
705665052 705724657
568396762 824508616
269159006 269192570
1814791 2019767
468836266 853845648
180458155 180549675
703115948 772092730
545742321 545770732
363455291 363484239
711892056 711932360
403911642 404071155
741069131 759523366
282198763 283319502
626878239 802519288
459962759 460188378
604456782 604524142
708143111 709018912
142528581 954220975
651496094 651603483
563791650 826070184
651787679 793393197
168689525 945721468
150949872 950789589
72320764 72522688
694705539 695086443
337507789 895678285
720113341 767258326
685185337 685199865
147051370 147152526
448174983 860849253
753663471 753760846
279214903 911094765
535424910 836435464
78650225 78740446
142740250 954200755
661919527 662199750
188423089 939146035
415420553 415632299
647966530 795658640
474552978 474593416
651209650 793617439
60432218 61183490
196832192 935885618
283995293 284193654
428181633 428218719
507046293 507248566
610369385 610649237
375783290 375802693
671256197 671428303
573251606 822450158
141414259 141455049
670849781 785796154
347502279 347624117
192512316 192527930
351942517 891301011
581212061 581501992
358599911 889721683
701182111 772773214
322982101 323126637
651266754 651352220
79844719 974578839
515313616 842257454
395810243 395968163
722148467 722198937
54473809 982842497
524617659 839248102
624578782 625175298
669302586 785988503
354791459 354820477
614963716 615002737
710698815 710867142
199477909 199783219
179074478 942492952
401528188 875746599
378494052 378667029
180896462 180900783
216175832 932016758
736389518 760919197
402981780 403133050
697943013 774227369
422293373 423121274
645677815 645710231
724836261 724859592
376178087 376275487
570572736 822940679
325607704 898227908
310472092 901653731
536825838 537024564
406539925 873349982
613339834 807812179
321555828 321557790
601059267 813437509
330335785 330438126
194417088 936901714
669338207 669846039
683652320 683667505
526918493 527005891
94044587 969170780
167790502 167950456
26778372 990512029
363872711 888168277
615285635 806838524
409336601 409422533
274115360 274196451
724383403 724402559
606678751 606825807
672565713 784650748
6574353 6716683
581134248 819781227
407652565 873185730
542657499 833897787
485807362 485928464
723966230 723978232
597837147 814162771
111344770 963574143
9783005 9886611
264937944 915748207
614287582 614362592
176522755 176621132
429997839 868108224
373999862 884428667
642783654 797153809
588669894 589099181
383930010 882039239
347149578 892500980
58451776 58539853
427235083 427379286
22123653 22144701
254352014 919554768
22605726 22624378
272060762 912363577
54827763 982303230
78762105 975342655
729772625 729830817
735081965 735083311
198709863 935864125
713087086 770317290
640372691 798666877
35096316 988489991
255513621 255625155
592371449 592622206
284473500 284484218
168553917 168661718
84696413 84722139
429796122 429955307
236036368 236041087
1637408 999163195
557018528 828607510
49307804 984556086
463170146 463264181
290556953 906772673
612029284 612081431
731318358 731506614
235912484 926880811
112083931 112251812
257706050 257843805
9953920 995667142
470241269 853649785
95914587 96128882
644197429 796685438
464128792 855395180
396836114 396950415
434161143 434258839
59303892 980637599
705464006 705522827
169765643 945036960
331776982 897053230
315931058 900778627
263907410 263912798
203353647 935482105
433286947 865949107
491569573 849781921
688238923 778062261
717651734 718002168
93349836 93358838
456792087 857391207
463748264 463785561
436209881 436224790
599759781 599798337
73507592 73937456
459039598 857066298
750211384 750220792
386941626 387031574
77988482 975528576
724671220 765753445
34760326 988567824
13345608 13353696
690003507 690283991
326073566 897980631
360028602 889381888
98205067 968253953
562699539 562886859
444649618 861258069
302934428 303089885
566819858 825119105
88788657 88910570
125850626 125923489
592224754 817346698
64954659 65097400
285573758 285659832
669990736 785874354
709595165 771362794
532575526 837339838
124524676 960300157
40753753 40853167
554443484 554645337
269370603 269425034
7752555 8009271
256623062 918954278
430183025 430247466
39182327 39193059
508738587 508877860
550981450 830660375
274279258 274369384
412745437 872475849
702202914 702219442
750295404 755832244
52812341 983678855
181871365 940601280
509921418 509955494
745215789 757643508
625260218 803493976
333487549 895942264
397337750 876796930
245033032 922935021
393129876 878805938
117605339 117936200
229754827 928881676
74746401 75123989
442783107 442890570
233643731 233674076
38013597 38704848
722140683 766267768
667371935 667526549
462187223 856188601
247532301 247562592
502530382 503440878
272878354 912317304
666998177 786514067
252082476 252170368
107383765 964850440
460763322 856680529
586248742 586387974
86788405 86914294
427409978 868600469
80780538 81057372
477739061 851495768
274644965 274921535
59806766 980154290
629096167 801816491
206480901 206657858
8969184 9058572
311278964 901625501
637857581 637951597
352937947 891277728
741277383 759393874
10301359 10687919
369049906 369098708
640891103 641053119
93433798 969217049
536513539 836250493
201704 421251
46524685 985040626
456463605 857524488
36316423 988274330
284697176 285089575
243237287 923701680
67812062 978372193
332901318 896168993
265281104 265336322
83172481 83606816
732470444 762785907
156400649 949343429
320978415 899774259
561692865 826503158
548747724 548807618
81102384 81400472
161705739 161891386
615674401 615885294
366706902 887586901
747227144 756607272
27095866 27266996
517649787 517747034
614554778 614756416
422062254 870260558
195303844 936692386
493179652 849535619
554880478 554943080
561392767 561439548
727616841 764050641
373643703 884485999
485125191 850392352
714965331 715033094
495526068 495940789
500328859 500753019
658142454 790891827
423742104 423758534
590285278 817453031
66161368 978867206
537200291 537310166
318095339 900570518
314824939 314850614
692806168 775836449
627322473 627396009
558355381 828291360
34809870 35063546
605182089 811129403
282045636 910266037
188889309 939000888
372204332 885451076
72618185 73340865
116742121 116830958
216698271 217361879
524067549 839543959
109387496 109452812
660635604 660701461
19178058 19272521
568641981 824344054
414482573 871957164
719631438 767418422
286073550 286361577
211103096 211526839
241789992 924332454
638883957 638898568
33447495 988675625
358190104 889847022
501242034 501277255
123306645 123482901
110978929 111086916
441112489 863359517
660559482 790481392
688404533 688429942
413549250 413974327
262549321 262597522
399520019 399812997
542738617 542779288
674660007 674699558
283960617 909827863
579709985 579809719
280799981 280955908
23372689 991818861
659855053 659855298
420312467 420422949
230417225 928538668
388128216 880354431
539256375 539409368
400598317 400717957
111520929 111598449
299256108 904946139
718114283 768054595
240002365 240592015
575402050 575743340
330070008 330138373
33554991 34045310
424723504 869597338
161321427 947443221
168824018 168840077
633762940 800444667
31455275 31588710
620514529 804429809
152309307 152331767
50134507 984395276
540385510 834571777
519753812 840855194
493887238 849378909
715147783 715373659
657105445 791060776
586140326 818271184
357089171 357198309
86527276 972098474
378414778 882922817
131105189 957821924
354002591 890841963
645481887 796418653
178322900 942825137
281102214 910960852
239517104 924878514
304181327 903124350
646364665 796239622
717511116 768157218
321158520 321218685
82860105 82976900
257663819 918371877
42476164 986173772
698162321 698631160
49849132 984479650
24151321 991687151
147877474 952061754
8656852 8688232
746040695 746045712
331889318 896753835
553116319 553396467
516264409 516404003
752167758 755248020
152415861 949987175
688760164 777719696
179274372 179336820
653509302 792800801
303242149 903905532
683134287 779728382
201018250 201483243
504298938 504365137
606375514 606400725
488639946 850048394
434570165 434606252
634921408 634961490
238558727 238655611
72595296 976984135
30348477 30688317
389396082 879898305
161498761 161501535
700810085 700841756
280183059 911073712
447673845 448156746
559366914 559462046
180907292 941048297
443530253 443589724
408315178 408474085
276457609 276482807
556095125 828779435
675131677 784123071
346976471 892727231
482219174 483132353
746794918 747203135
551426990 830309265
68568024 68612162
188252735 188310423
173654932 173710416
530971986 531489906
576242447 821040282
602465188 812122013
608381675 809983477
512020717 512021587
18813879 992624032
470759960 470857144
84364250 973400399
160829766 947885083
56545722 56555787
55022248 55178973
541092849 541147371
222983467 930156881
97623490 968383108
183182838 183435365
478884020 851470581
558083242 558204407
52114859 983768967
2603575 2688261
131815672 132008007
379966932 380356783
375717476 884205469
57642218 980945956
188166794 939331044
584896364 585041087
696740978 774973397
133032436 956784381
389927662 879702395
57104981 57232042
149708787 951488736
493451151 493464540
674849436 784129333
610916208 808591355
709329800 771418827
9976775 10040515
480731745 480805418
219528380 219571966
685163502 778955895
14817398 14966819
301023631 301196553
224533712 224962082
35973484 36110029
605682250 605742748
136278753 136291292
691265224 776403046
339045233 895055595
681740883 681929486
385720901 385822627
687146567 687607828
740636572 740900938
355164917 355202714
270251777 270495844
696671211 696724025
24271383 24580118
243373328 243418898
401649070 401738781
644030353 644170636
684376486 779081058
431757372 431763255
733826380 734104298
610284797 808824675
11850752 11854706
217708845 931544515
570726956 571115150
704947553 771917735
586929027 817936331
508602896 845326763
136368127 136454102
96132023 968896989
644225652 644523222
631065620 801511337
380729956 380753350
231605433 231642486
587843164 587877997
333777572 333781191
578812746 820389382
50927808 984249550
675252379 675258721
146411589 147017953
523637325 524038055
59157561 59222248
650546176 794000554
247616812 247822557
506561471 845521539
573294565 573527121
604529857 811420361
112330483 963052189
605346 742822
33258123 988805955
195438329 936316551
290279585 907391753
642022426 642217096
312028375 901512795
225198499 929902154
490837188 491157028
105643125 105825147
626501593 802965941
514854639 842445720
417371714 871088489
465656658 465769241
404734229 874006921
351582285 351634463
405480170 873857575
20298877 992382631
410087255 872623323
67340469 978692464
414867250 414867642
741624838 759358026
317323766 900703536
635557941 635659768
215267311 215432123
316453081 900742304
487264943 487980112
689005196 777504625
639040795 798799182
360838076 889288382
452155422 859150611
729108187 729179421
465903747 854911686
725333536 725489745
666561422 787477107
647000311 796055300
586862738 586902533
678245122 781553083
87211239 87325747
110462000 110622538
425923482 425999247
512760372 843206824
560647209 827691308
672526837 672550555
324933924 898784819
634802164 800147862
466423945 466758507
185378990 185446006
57475765 57635412
327805728 327826120
126374875 126430658
490012384 490130629
320842758 320879691
260329785 917518566
84961081 972843411
704022067 772076461
132051887 957375088
278632990 911139115
709601128 709701701
218962160 930795085
611347505 611379569
265877592 915540670
325220913 898510858
739126791 760220955
384249980 384328814
517872404 841450963
745303392 745376433
483227323 850659870
178907158 178959046
486765784 486866895
669019917 669186913
681702664 780254599
299005065 905290094
623940652 624309740
242468095 242504910
686472876 686802837
387856482 387857222
373125430 884858388
527454136 527646864
464275200 855133861
130550969 958071589
4652897 4672094
485505415 850390544
470634612 853639891
375057564 884370356
108977904 964441725
377608724 377699602
697453351 774957620
270788450 271062835
533863806 534089464
279722612 911087941
452675201 452792676
105382384 965250257
369612735 369624327
471882957 471999765
552892052 553077860
84207478 84312577
567288127 824925585
511304313 843765673
584705240 818840028
24202183 24215159
229246192 229469513
358957898 889700499
668611891 668862528
531584675 837393058
99435514 99655805
55465741 981757424
368693256 887134993
82011845 82125058
185070891 939942533
418458095 419216614
535029306 836774742
347483370 892198050
631172429 631338899
549432967 831077350
621025985 804351985
385858005 881561129
675714736 676029887
737579061 737710244
746121919 746209788
590292323 590408497
474890033 852543242
79350031 975342031
672249110 672304700
29522826 29534140
690416816 776578377
436482837 436497469
607370872 607591233
225702896 225704601
169042662 169382839
451545550 859150729
190837272 938126414
593867503 593887642
668891003 786423922
338468270 895242800
70960444 977603065
586552687 818106917
414761856 871930155
41784284 986999550
25584607 990937599
391690989 879150923
691244985 691253837
727380213 764312357
63160195 979176942
129454331 958397876
111697499 963502467
342217830 342271383
12008170 995083637
713572899 770127291
365372201 365564421
691236712 776516332
248232065 921651405
538395764 835179478
250162445 921064198
50333180 984256878
369300455 369433019
408948801 872882694
684907367 684978198
274266078 912012258
477394650 477408134
585277071 818805297
301356969 301390986
489340927 849946012
486869771 850164279
8509425 996440768
290300407 290443914
485541133 485587446
194194420 936942768
611934935 808419304
722414539 766172265
592933 999426269
269823639 269852081
680140670 680303367
137152522 137333402
175556808 176024221
716218587 768997951
357461781 357624580
456844467 456984953
623453046 803963790
647637932 795846945
20488994 992338657
712901064 713047239
327437533 897822192
418410625 871056397
378932916 379228962
259032719 918101768
428035425 868451425
389974852 879631352
35447954 988458574
662312913 788600374
70209231 70871944
1764606 999054623
90676685 91305317
683980323 779111272
343997102 893434428
746084038 756848805
401759300 401928125
393141692 393170921
390661194 391035306
123756311 124242575
721271755 721316042
278308817 278593284
415417606 871641907
361244069 889212427
148451603 951941154
691594274 691686659
355001669 890526858
221001056 930543628
454334512 454631389
693614089 775554261
233521190 927876939
716229225 716257543
631632595 631889320
325362234 898482361
362434351 362781582
84498176 973203707
105975931 965151114
706109290 771823405
518204331 518225555
114220910 114263059
77732941 77864035
262749714 916989970
100470487 100589369
26909030 990247251
548216577 548298084
572753110 822535299
560672274 560838537
258446426 258875262
140113283 954985894
322917167 899118723
548660364 831145010
