3000
405053239 405522521
924859536 927371353
851810799 852274182
680989016 683349402
928989112 930015662
727371390 728548085
817902753 819176986
899883137 906864225
89581664 92336032
65885127 131842786
45021798 49160682
573872776 574285313
304515702 304740041
500113437 501266971
576261919 577638890
737761632 738571692
610463984 610793112
183763569 190090255
653075519 653115696
349849708 350316455
351636783 352114301
245210440 245277033
48092335 48533514
339442945 341118356
554973240 558922865
134474602 134628101
922926491 922980282
540333942 540975129
903034899 906779305
957503566 957846194
641072994 641869716
210536492 213843778
502477981 504586964
163168848 163616171
502970560 503165621
907967085 908852932
842257957 844420767
354513859 356264539
625689861 626286483
259586387 259625816
917469659 917486600
373869709 373871002
964457844 964509715
250247918 250652392
915556977 915615057
619903267 620020977
745637343 745858161
980436393 981307629
876778988 907451030
192656128 194740449
683385194 683808231
862099881 862198702
169627107 169892803
117831184 119046302
609843397 610511889
547630161 549432009
689715628 690344291
567199214 568620544
109593488 112496574
9714825 12666277
370109640 373024562
693642829 696464444
204435651 204819226
86023508 87461122
861646377 861667971
859615145 860946786
618582047 620905570
404763803 404866864
484280420 484777330
523170291 523290307
579056646 582624289
638176942 638562028
213679085 213732105
655163543 655207146
378002788 378315027
614385030 616484057
808020272 812812144
769478146 770789408
204806471 205063205
774701830 774997727
206131558 215027010
297765278 297969210
702421937 710691226
636859905 637335616
951194209 959072244
43817302 44516836
734003022 734605293
643759214 644975015
70666400 72073140
470109203 470489538
535721793 537540947
638687363 639166635
879764895 880322935
377471925 437995984
908223945 908430397
63758543 64496133
735528724 737624432
156561406 157125921
191487559 221433733
889195461 889279300
142000508 142273032
770713835 772806227
63576590 64615498
142758015 142778750
307240957 307967824
513441155 514777660
301035039 301464887
516517542 516837594
433435105 434088587
410859272 411533208
521785326 525520159
192965668 192986321
374160626 374343177
757651813 759474055
550980573 553320118
180972864 180984550
576402822 576659121
587257331 587703841
976769551 977351015
446276633 447300284
122250854 122353420
750316196 753311344
403622600 404253480
463125930 463343210
195841762 196716802
729632095 730066264
49804518 56647056
822630518 822706385
499352335 512235257
907514866 921167414
873519989 873984729
453163815 453821811
631803323 632214957
700680711 700777648
615941463 618531015
850269042 850398647
66452774 81699332
548487563 549338917
139590171 146974656
187994727 188189989
185629093 186537928
724535666 724663254
467751098 468035059
90117828 90574740
966836681 973785993
201807157 205487499
816136338 817164229
425491742 426293342
73792492 77579237
856109800 858004736
491072060 491938646
93348567 94269544
328740753 332556504
609169679 609203343
947808165 949651757
951592028 954130618
971783226 973037558
180339250 183735967
708640004 709154699
632059894 632066386
41865244 41970340
119268560 119320129
391444770 392040776
818680344 818716268
753699777 753721130
476683554 476830749
361491690 362909821
830288901 830522632
154897813 155085175
851761788 854287734
549861312 550261463
683097783 683206354
281303353 281350408
445554794 445854780
381081528 381135511
246227932 246232180
978480420 979812972
689805563 689974915
116417775 117051484
52268240 52763689
227204492 227552334
332814469 334484356
18371232 19596364
205810021 221041909
923073718 924378660
330468443 331876699
314841774 318445688
390309600 392091440
459343241 459454648
746664851 746790716
382515349 383166878
344380032 345883529
409510906 417551567
202735484 202810193
988123430 989551688
201158693 201179198
26847759 28893014
954192787 954640993
221817582 221885170
334548824 335960199
826618020 826648856
889700221 892225414
226867967 227556978
635033236 635896732
574897018 574951172
760509004 763839778
985835986 987566861
347315938 350826220
221782866 222939434
218820848 220740333
271746757 272558695
472617895 475661349
912429552 913045408
860382958 860409985
957283289 957548569
800595593 800666237
277306612 278248052
707455531 707555692
546572054 547335878
752488763 752959781
287349625 290524114
47912758 48980100
721884931 722163612
595305064 596597540
193325868 194399291
182880595 183390078
574170850 574248267
652373087 653558309
701884197 719209004
489072599 490253994
903570083 904640146
91264632 91793910
220252793 220659011
146048377 146253888
125024350 125348977
507015529 507921396
564746988 564996753
823355888 823656138
499549442 501428084
662270207 666588540
166004859 167524892
164240464 164930227
536586095 536785066
337248321 341433942
949078788 949125922
284224290 290868476
850950161 851327220
168544220 168800086
457700963 458680248
114155301 120501538
92236975 96581499
256556373 259947663
877490262 885801807
642441799 642690097
522142359 523438500
226264879 226887597
893809428 894293378
70482427 73571888
735392278 749286535
490786182 494260350
654451132 661974112
608397576 609351493
39469588 40013831
829656055 829657419
522975542 523392776
212337202 213590936
85299915 85555661
293811615 295464215
808869417 809025001
104680421 113752781
368125927 368621487
270483414 272780205
564686508 565100477
672338243 672801813
462926232 463789386
660024544 661095149
664772194 665909892
572602596 575290725
579902617 580049338
605380269 606270414
948158492 948472782
97635562 101716633
708205994 708486520
51428897 51567721
656290484 656837097
217249421 218689857
971964588 972521424
282827600 283152710
908958316 909342027
491949903 492329352
38790291 40836730
294342390 295237506
984609608 985179554
805777536 807945900
538458260 538866870
63115800 63279444
736247244 736714608
17318901 24664339
804962019 805611866
29945031 29975244
609806959 611354999
966809912 983095777
754421381 754478823
318708710 327960806
656177206 656405027
911416656 911954386
737457907 739526882
306039010 306304597
911612259 912212415
356217529 358462939
853852135 853936499
632679582 636429871
687676794 687933714
442220343 442246658
684766628 749351703
814238140 814330797
19784742 20276726
82715095 83088696
563205267 564124978
738131292 738144847
269083373 269116116
135331423 136072101
800976236 802239280
487089215 487090639
461010139 461632861
253962227 254169410
804309493 806060820
654707080 656107269
655393987 655414337
419149819 419791275
179354140 179570274
351614209 351627301
560712104 560970715
477592843 477825324
600553199 601074173
602380598 605062848
163320417 163383664
472855038 473107649
68439212 68758556
421960767 423161255
347193668 354409361
110550539 111462196
480971329 481825343
583500883 584938431
834033144 834071781
704274085 704701705
630212832 630430484
223326483 224129034
531864027 532702989
989513567 991551294
819205596 820244253
902294442 902316101
947894458 948925711
782663628 783242194
833316983 833738312
377784879 385437812
631229615 631888585
969055044 969245981
834458346 844537395
626638485 627332158
282914472 282936636
863121637 864935172
355284563 355313976
940639927 940800602
350144045 350428028
3319580 5021483
773841472 775427244
499579908 499767282
500764875 501109599
677333954 678071081
741979184 742126790
576425870 576531692
132172760 191051387
319889915 322014108
396905060 399992897
471526049 472317538
220561393 220594548
470957561 472424313
499287171 528991979
853425248 854040768
908822104 909402404
565716131 565740849
23081985 23224132
331250048 331854414
165349258 165606447
316737418 316856864
269612871 269673973
128140025 128249673
248786573 249049767
434818933 435375653
594964543 595259544
918478225 918600527
295619923 298843385
215416691 218870772
432221677 432271845
588672206 588741635
281448220 281562862
929187914 929342329
634681531 634985761
461496937 462169050
261208300 261271894
147110057 161432903
252225968 283951389
260141317 267645904
651240991 651938769
181185645 181756659
389635640 389961217
845258620 858775723
263030926 263427652
951801192 952311552
383985419 384414922
441981593 442158185
371701395 371924222
590385515 590765078
438009084 469305840
516734540 517411204
499886639 500038209
824644590 825288228
770346308 770500234
941184835 941205752
940289781 942633649
600588343 600843921
233738697 234221389
893014403 899984230
398173128 399966275
637620221 639471816
355579114 355599015
889848128 890383346
188452425 190064123
500201489 500816249
696770317 697118196
821911288 822619589
470489295 470919262
226262980 227593032
878386381 878816455
874762224 875064919
687230620 689501487
773973587 774582162
385507949 389272429
914710516 916191102
798966705 799463197
313603647 313678993
420878520 421191491
385385819 392407935
550411583 550651812
572068041 572523334
621702352 684971414
901168365 901924855
240154645 241862668
424558688 427912279
346425274 376564602
686464673 686851662
635274615 635451593
570103877 570747129
724747962 725051935
486531887 490485870
499709505 500076748
471186585 471412101
143709281 145496604
475856348 482464419
109650575 110615200
887500971 887627433
351746382 351944983
483574748 484290984
578570136 578790954
923582187 924239511
288844561 289559584
515956263 517496634
286871247 287104039
284747777 285241022
530288536 530300642
930968959 932170395
782383934 797116524
74958452 74968316
334363534 336618282
367689072 369483460
21391896 21697432
766468568 766653014
98951347 99453237
309685103 309718612
556960429 558677257
465836709 466340790
702710970 703061284
329046867 329059989
9751816 10525358
614616628 614628680
12661839 16403493
415295196 415684926
891884328 892010948
607783020 608040661
912458839 912592645
133745960 134353123
995595896 995968893
851778399 853180359
216756012 216920715
427641291 431074282
1477979 32874365
417619119 418939248
25034796 25076573
69014868 70422908
57679010 58096002
535523295 535601537
903340477 905436539
33317925 34156506
735539135 736107711
9763926 9772048
881561692 883048780
909857766 909910266
126535902 126562854
902266263 902567604
580485194 580801084
1741949 6598406
740681097 743094032
128001929 128337017
897667218 897896000
102628882 103299355
979437455 979995120
113938964 124121109
492930283 493226284
126109097 126568275
87886117 88333610
245156847 245385177
843697178 844220987
289783433 290490122
654518874 657458824
344634852 346008489
268769638 269487514
806841930 807834404
41162027 45026908
314035372 314808103
508771050 509655854
258332261 258466826
793077921 794700327
121769017 121796760
749898535 813621796
861097873 862391936
180840791 181794547
990287359 991156210
747205525 747380235
164077853 164100638
813992030 817805258
133388824 133432786
170105933 171915176
171484467 171506615
40065246 40632252
285510234 285602441
957400428 957408515
95952209 96250481
313209951 313556341
971361397 971415494
365239242 365428616
377703827 392556173
961191610 961796346
878944562 878961010
433095031 433183122
81967048 83159904
237364540 238216578
357969706 358006725
123056761 123557416
828180608 844544032
574389700 575221926
52016170 52558750
590703218 591160209
103445526 103485436
402487838 404294187
95470911 95755477
757079192 763885503
848717300 851578907
607119914 609612449
360493280 360557852
413638682 414089011
449257156 450935013
689712799 691069704
591696741 592175084
845915782 846725375
388178516 388542409
233220492 236457986
531871828 531902906
987019394 987152172
284380883 285998562
209694490 209863654
441126120 442445306
782736835 782787321
258408016 258448982
257430352 259030945
633964514 634004956
803675043 812857673
372184085 372863322
846158686 846393999
33688713 34681545
89595501 90597212
743738269 746380055
972046038 972133280
109009238 109039744
686539332 686740793
810346580 812486255
61484481 64748241
727224327 727582754
238116421 238191000
992240941 995332148
140083931 143598583
954401457 954877663
310242532 311118660
886233668 889762591
881744364 881915779
673438867 676290807
437974184 497882219
35091032 35274203
580370396 581306572
329198788 330113126
601023424 601890978
788846815 789307176
214818204 220940093
440672383 440810139
971761427 971771605
717322635 717483739
144519904 145359585
814459682 814853993
246611897 247673931
942372842 942451105
72541832 72819240
623208295 623780576
303211130 303649367
581261041 582033153
515090880 515616548
84171143 84330287
259242319 259910075
420846692 422131536
702567804 704164054
171038476 171592648
858954984 863012135
182030917 183561976
27179288 27271614
678405252 679838883
806095811 807518782
450029228 450642751
597240938 597965563
220392281 220581466
963697185 964889190
708550289 710360075
719244908 749318059
346564559 363674472
383381901 383694554
714986551 715691914
485162857 485587162
794794282 794936634
939440449 939701094
594406877 598345640
45311463 48081781
821036940 827893887
145666333 145969344
578023755 578844613
428928314 429421067
861684560 862355009
154731410 158571371
909487983 911024623
643407586 643513732
367423093 367524667
673980469 673996130
555076164 556070848
820132125 820569889
799628070 800334975
324411128 325048900
912016113 912123014
395141933 396771238
790785755 791033108
722234441 722896006
704183470 705318580
162382369 162609184
494319297 495737275
960494585 961242545
501821693 502434863
447181275 447250678
427186585 427606408
72984299 73344529
254841270 255072078
992827490 993132534
773470014 777726058
739947419 740421525
455505205 455551355
834720080 837020896
395802805 396653858
712924557 713076907
986857650 987529065
20443533 20463757
220463232 220511848
363911034 364450189
343432017 343756151
292301677 292354164
471007135 471662101
380295409 381319666
309089946 309669129
10495475 12439154
675072486 675410098
166669007 166892736
365165660 365551743
211158889 211484061
438214544 444068711
440213216 440594568
613093332 613154468
902577513 902797700
965448241 965486948
750041870 757155240
793193822 794229697
186494443 187109138
716446584 718300245
236875124 239983497
518402399 519286408
671361906 673128459
591064491 591122956
851610695 858253124
504938775 506763112
179656845 179923511
602408955 603594596
607541718 608151602
414644083 416710072
760114537 760149721
710567093 719190685
173646013 173719952
645081250 646010705
670321687 671632459
764536854 773201458
494708709 495004993
278016428 279013932
153790938 154505129
949739933 950193486
892793203 906958595
565831639 566256881
315302912 316470427
216714601 217125310
919620754 919852149
889924190 890061852
423745167 437550620
266641706 266771109
397230332 397268638
252565667 256698678
554993517 557062681
738561442 739451695
863356631 864489458
306537589 306539795
519698404 521255057
191542760 198898174
379601843 380486558
735499336 739690838
385582192 387132679
662600946 662995038
78527721 80533512
157443043 157741740
739872206 740213977
432984950 433463312
489774519 490170220
565784918 566327570
891035240 891957138
284056510 299369259
648238295 648315268
481315519 481365132
573374534 573540104
519918689 520665458
234847577 236413820
52878185 54121474
868322497 868405472
639661020 654180089
701064771 701280651
229868755 230998481
192393963 192498963
447366553 448031245
786538151 788191903
389546852 389717642
828400 132061340
275967464 276251589
881611286 882357910
330650077 331707841
307596292 307895373
31225333 31952397
62450379 62796955
98685105 99609319
363752565 366466243
557563030 557632460
60099365 60734070
165750846 165775634
20703706 23748119
790264759 790269868
305852217 311133274
30850003 32182654
933908442 934350036
221599415 236641072
831377314 831552809
310477224 310718764
440471461 440840992
725515596 726087558
306721323 308233883
622623278 625510442
453883835 454133295
70903657 71906236
817150717 817160995
132207471 161559511
799871654 800143930
525594819 527603475
824322938 825667205
931728588 932101139
943416384 944040096
353462589 353494614
230394022 230928959
721817110 722387366
56696190 61748430
634653198 635197115
319395626 323955604
184584996 184797742
713140506 714155856
618831134 619755787
274018545 274094995
829812760 830756761
588057537 588395840
191487875 205935014
67409001 67768113
362052174 362484007
776381505 777353598
708751806 708871654
784241579 784538909
869164045 869211749
177820102 180667895
161717825 167933030
72409931 73095550
936681123 999526950
596826763 597196924
897954832 898044757
55607553 55734948
148577112 150531110
350711350 353675868
181877379 182738944
674265009 674313066
425343463 425464261
657478031 658702734
476349971 476415208
867675348 868019932
706296404 710374401
645387081 645608053
534134356 536088583
944187482 946458116
828952737 831053216
145638861 146059289
784040606 784553914
495761681 496546362
120595564 122065929
544409181 544856605
161741155 165075582
523424893 525140794
755056993 755182201
238763727 238862764
880553134 880702278
242210949 242482619
219542699 220167746
273306821 274607716
983832488 987806275
347777503 349654577
529834836 530637169
840961921 841628072
662324538 663535805
442576764 442590692
420721872 423391755
5479915 5971635
297433072 298514664
501694426 501753663
347841250 348640393
702445325 706594809
813849837 845005162
753752650 754483742
712288040 712433537
430144143 430192966
898391319 898432465
41219912 42733291
316455698 316913486
595968964 596370250
188933070 189555379
295825321 296229622
125216776 125307881
82805429 82976144
17794005 19705147
5044765 6163495
133059923 133165236
963884528 963965908
557880802 558316047
117354817 120043356
659881555 661589124
363875626 364844993
487136214 488490445
242108378 242779240
439610211 439666141
749703449 876449777
754923615 756143185
71498777 71546839
229561383 230335625
184634627 184691724
192937712 193427117
431735738 432943389
923502448 923544004
187549413 188465400
425027482 425527652
387542292 387938632
791683910 791922753
667426251 667491775
472661533 474019551
650791307 653759932
327985192 346419610
798096399 799025600
2756292 3324850
655912381 657305581
32855833 65719719
790049263 790851549
501448289 502694233
591669866 593057149
108018554 109308149
616572352 618071405
693380046 701695886
27611078 27833670
911324119 912385279
642323637 642434922
154653220 161261307
364504947 364582218
339672483 340020851
858876523 866644506
801690998 801729327
577880897 577963224
735942458 737141397
46509429 47346718
651770445 652312842
32937291 49656816
235186785 235250931
814900612 817313644
7076981 7419624
199192999 200212818
60697487 61313950
905921527 906340326
484302930 484472003
175197889 175281639
934799355 935821152
67982208 68758680
460906538 464614328
411920968 411929256
153072749 154137480
426631901 427221636
460972186 462414774
783164582 783164938
790865627 790866677
888695824 888851333
668590099 669550362
470060785 470966865
628118708 630036082
753197351 756872497
247735650 250761622
177945988 178207016
301219999 301309874
875051636 875187702
348618148 349284011
693812418 695126065
759551573 759949341
701004475 701434179
762725972 763630110
789178907 789192153
994575567 994765374
571737001 571968630
563593293 563969247
34319389 34681168
181794040 183634860
774052929 774159225
918119740 918786664
201093463 201386837
834576864 834665200
57665077 58563602
134211474 134761344
683667739 683986318
167142764 167331265
905582010 905754010
881080754 885698214
203048458 203631720
768224772 768871543
459135136 459140247
174367726 176068057
393074842 395171953
181925625 181983259
471940755 472145732
435368321 435738971
865722726 865981085
506289331 506457184
866636524 875689510
778730301 779442729
660455078 661467136
886806692 887057046
897733794 897835934
34735788 36580603
206550233 208234077
30489256 30671018
271501793 272489959
615122847 615345272
546538380 547971594
549537821 551033643
281148113 281444319
7088912 7274348
640311168 641077208
69912899 70077160
418132360 418814691
200363769 200805557
487088031 487303823
520348098 520465817
188854614 188916245
451273589 451561861
25298712 26595557
743759733 744709465
859415852 860122086
548935816 548972598
145493180 146324732
393377992 394848714
596736270 597507578
59572777 61401017
583613728 584680269
640193197 642007814
366650443 367384279
499554586 500164561
400150945 408047969
865191266 865439791
677569597 677852716
379297552 381371517
200996595 201734448
127473413 128414706
599525877 599690134
236614400 251022043
966772699 999487026
643395428 644357287
342678854 342686008
245313600 245645486
482475460 497744854
289246827 289498634
939671179 939902854
921340527 924857548
585983819 588999962
883855317 884062153
888657241 889180701
687356940 688346879
476323239 476684354
325535107 326882516
632341867 639618083
951956189 951980288
392912963 400438190
310751512 311033044
586726877 587143790
667148970 668095528
927406157 927459417
16493020 32346950
937347206 939391015
787256394 787935481
587629670 587701744
838885955 838921822
868867186 869776468
539015403 539161080
226200990 228577613
227583841 228543322
11367529 12062106
201230129 201631337
988870672 989053988
440242974 440262529
619381392 619701904
501425766 504668858
227958055 228528148
318034157 318185484
421314479 421355162
817418738 820861647
641959704 642774238
114588981 117527456
466467792 468720959
783236528 785148175
188706816 189371329
57160344 59773371
545695761 554418914
570796824 572538901
127616319 128139779
776884530 777007835
158990087 159913212
323782569 327385735
426781012 426906517
386956858 389069692
518750349 518779895
36709251 40867250
725715923 726011669
394378520 395086731
342431054 344193021
402807381 402936491
681530896 681774003
724673042 725056708
937243536 942778974
414097575 414374059
313552570 313724810
481198376 481599250
566699715 567091943
89933421 90255450
608443713 609134747
496442804 496649075
586374756 587956152
876714505 936918580
89281824 96769276
241834852 243809775
536846542 537040336
668685988 669421943
980944651 981519677
165678469 165837210
927822950 928437219
539866252 542065998
398924717 399024050
554244536 561637214
832369260 833783762
124189787 127159426
234173895 234490905
506619851 508225425
878523008 879162860
748904123 749064544
752716187 752882209
302892950 302969801
703677018 703802120
466031919 466187698
942210360 942464204
996187455 996865218
177377065 184073422
699751421 699897625
866685377 872197329
141769949 142411322
430512183 430548322
255444112 255930466
415787270 416055902
669159273 669537428
849293405 850082744
935657629 935912628
267973933 283409875
395689652 395765675
288250805 289207614
710841939 714821136
637119974 637250883
691308661 692367188
159248491 159867302
970443921 973125647
76471704 76670083
275272533 276012333
77732497 78260575
669734430 684507669
809388761 810190702
831566757 831986302
494169877 497448175
212272941 213806420
821653486 822895227
649580931 650022273
222223687 222584340
968070660 968267012
636740758 636858490
278456703 279011864
17997112 19086388
795597134 812982245
731938651 732239407
103186973 103538642
281382417 282345713
252046834 377457082
599969435 599975249
320994332 321668771
385778920 385872317
782436306 785486476
959931082 963694100
66939293 70650090
21725191 23384755
654285008 669766084
868050209 868413147
967230307 970576386
747561084 749255275
367378240 367544406
73190386 73212322
840755616 842315403
52767070 56146131
175864786 176299019
217391080 218012182
560563140 561395241
884256837 885457100
284726523 285420057
259106770 259137685
218168058 218370153
34889621 35867387
511089580 511311596
74649749 75054806
442031499 442089350
719779010 735393518
629800245 630473915
341432501 346220719
619908985 619987498
284245612 287412583
260632254 262688268
138193934 138570659
909791261 910153022
352522484 352689635
712694941 714499684
156831671 157826367
556066704 556757821
302860525 303491829
675354800 675953519
896323241 896370707
229372067 231106816
628117235 630572530
954670096 954786982
898332154 898580454
707362651 708331473
165172823 166094651
531412911 533466172
534776078 535711232
122120462 122783968
116092291 116341975
582734451 589106210
971433964 971783070
21745543 22957086
49989387 52827343
202655681 203088539
150545747 154635510
85121709 85310495
8869934 9094909
888051299 889326871
766889212 769071042
92898991 94763580
783300157 784238340
517155344 517254935
224803257 225166881
645463046 645509590
434563960 437392622
184080398 187488083
48145809 48315858
350319857 350377633
195043892 198262832
81587102 96975153
792085608 792675432
332433605 336768446
364649210 366189481
24587508 32283729
735438626 743410239
147850955 148296448
464047435 464104301
643350311 645256727
384210127 384309843
171834741 171859823
382918922 383103721
437118628 437309756
665174624 665398270
522594373 522947599
21545871 21655189
627695710 632267124
495127824 495397961
849997142 850422152
435437449 435612804
851812901 851874738
955638046 956364969
291138168 292115593
512458604 521759247
801993541 803353927
97080472 131785195
921336007 928652618
648152380 648153013
576044360 579170617
775373752 777593838
312901282 319200348
659236626 659520220
328790056 329284277
129161958 129302314
524605568 525045003
486704574 489082956
863914469 864249277
261480801 262251522
810639193 811491879
303507037 303635931
103737071 104379599
306279794 306696144
328760003 330521267
178162934 179039299
354119031 363208762
654205049 684585268
910466946 910660092
149976501 149982235
349853183 349886888
118221345 118290826
818956239 820852043
670326833 671090887
41185441 43658202
486025940 486203551
769660976 769794261
733763694 733873570
85103352 85755436
459281386 459807221
311854059 346552724
817969569 818619619
791672398 792093969
980220230 981649865
474027391 474909042
279033165 280714227
777620969 782082243
977620702 977722118
90281234 90457028
705822499 705834827
197989167 198157912
306000328 306828943
922522339 922747105
937245671 940324937
723755748 725420038
980493660 980862821
905511319 906043483
442115765 442247473
566419348 568678590
199020839 202087856
855113495 855253431
536108489 536841650
43984028 44335605
518215216 518383894
563930652 563959110
608514552 608803944
683475019 683577982
614771501 615449342
258044397 258206564
785959455 786712905
782665779 782828297
893743301 895611518
782826573 783182980
133690622 134803696
633478502 633557966
543488793 543631740
525289753 528347431
640419552 640898095
510863870 511000933
488023256 488277693
623989261 625225119
915760435 916125941
938212594 938810386
878459185 878493666
408693858 437835534
338473121 338535838
789871596 791571376
67175242 69161724
743793526 744240413
54924999 55901127
149500358 150404980
663520893 666096742
400704634 404372977
401747521 402459309
770879403 772167885
855018104 855331285
159868980 160824563
108894890 109101271
381391540 384710332
512496664 516444998
221813201 222264301
168262487 170742027
974213227 974255412
311782703 377081132
165222142 165698256
60498820 60499018
70878133 70886943
11585968 11696683
104421601 104453421
115420012 116570457
607222636 608428664
235345211 236230304
844955004 876011184
434811780 436375567
551276542 551561799
541340126 541531759
712867214 713274295
401292025 401865135
373207989 374845831
846588822 847081903
815790081 816022569
359404609 360454693
661897849 669706908
931830735 931971587
819737258 819949537
380101595 380127616
290002263 290398424
36944334 38096470
530817994 531010469
879993440 880180657
15114201 15172149
217807693 218376983
658127870 659654960
599746811 599998568
391993412 392043735
538070005 542377625
849078601 850739159
209628182 210177048
762997563 763018484
589386633 621413636
359410074 359890663
5875938 6107370
83301788 83655537
968743892 968773548
839863176 844492692
438742278 439283022
385908267 386535922
424946418 426620331
199190208 201028276
898654838 898773598
622007240 639667612
988253230 988670674
73898841 75725045
231543586 232436663
993262742 995045976
566661330 567553474
27282216 28404610
13926565 14378632
788513318 789158173
148307319 148408023
371469821 372929409
253330799 254252111
579639690 579750118
372941897 376147297
483059375 486535020
112607229 113060636
971333470 971519382
547345663 547442967
217420961 217559355
82511003 82638715
50810671 51152612
168207539 172605645
603547362 604002411
916220234 917403857
956601333 956633504
397593420 397804379
254406933 256520913
845789697 848924929
245867288 247698489
731772688 733392639
269412547 270334692
165021989 167558602
577784748 578373634
83101659 84551994
753497467 753905212
758774891 759064199
619719798 620420470
716946115 718081439
367149759 367324135
228782334 236583900
124279981 125059506
90591716 92187075
668369153 668460505
740216275 740396208
432208137 432511741
748510482 748924945
151756822 152085209
498063853 999781987
973899781 978280534
252193519 311836666
997170032 997171854
940805865 941385983
683335777 684149711
797631775 800901381
951242749 955488393
558957382 559419824
891317814 891467395
104343627 104492158
544487080 544936365
569036915 575498311
719952504 721499992
598796602 602197055
100678457 100757712
729764863 729819511
249050072 249759019
238466862 239115923
198382423 205670170
240870579 241825659
902415677 902801056
744932400 745503059
18107462 18255987
804792609 804957717
505477532 505484335
105998146 109371897
465461456 466604401
244766918 247919808
779931975 781522886
295927409 296048172
336926171 346411744
8651785 8810291
136889968 137368924
913071024 913074430
258642831 259941144
700874939 701609401
575127516 575165089
836145780 836283454
413389957 414117825
675217366 675273147
53178218 53224658
801213225 801296751
824317432 824321336
266011114 266150824
9992519 10479142
184326207 184598811
759438898 760467380
927982974 927993023
558182774 558232424
490695646 497564166
876357220 999642439
179336540 179667702
86410098 86594315
732798312 732975703
459922386 460031084
890943536 892020681
824268384 824473306
236971907 238338262
622434332 627924161
769080590 772938394
160378149 160421230
128451332 129489610
252264721 268152545
769622028 770192680
395967368 396648033
944698254 946050165
755191980 756717647
885761003 892311226
809753501 810158641
865107414 865977380
914642592 917783872
140419102 140692472
761656536 761858126
858316112 875821374
1180211 66154869
583779508 584386799
432547829 434531077
365522400 366068977
833053422 833499985
459624951 460214955
369653960 376314485
239798511 243817601
814136904 814742540
373941999 374421987
377914794 379431952
988427741 988447193
584913246 585981869
864894976 866481534
335873183 336533368
663030480 663181700
438524416 441122701
789844826 792967754
368750330 369359148
112502098 112754197
37892856 38522597
210754533 212293825
961828099 963476822
918643733 919044635
358567914 362947719
389485347 391024416
285303150 285766184
428605084 428846729
804285595 808579867
103926730 104104039
641402383 641600987
676615581 684282635
299934775 301013597
5591796 5631832
134095571 134173743
915504961 915875857
90913538 91356705
21095326 21151281
452850668 457307455
187579437 188071110
377137283 497914378
851048624 851169609
363718240 369978794
563280976 563731514
387913900 388880027
963551846 966417350
857314645 857470037
895348419 897220272
992971525 993059119
196911494 198245049
522221266 523012696
751271781 751349575
459029282 459184873
314476882 314742264
179670144 179882487
10617361 11571612
154289605 154354409
411254056 411404670
306154700 306266295
231467501 231517826
47089825 47150583
393658125 394339142
926171194 927294577
167813550 176849381
248184137 250052652
584581607 584870275
691428747 691596625
273616954 273713075
81970127 82729502
802250455 802648609
107762668 107795474
286531154 286877939
277680871 277836895
804729530 804995495
802459718 802506033
51000260 51673169
831077579 831596922
903641712 903659552
293250163 293654135
317877590 318309866
907824705 911276109
776041698 776380250
147229163 150548264
253014168 253827727
757717461 758701048
221645278 229186384
457343191 459223226
558947724 560547996
602448280 602707928
829261813 830210035
75529096 77241434
900190251 902214032
550244014 550834312
562807371 569282709
484790644 486417124
874805879 874994241
221376891 251397288
589567137 598540644
730272664 730934826
789694384 795587146
636226477 639602061
385740023 386178526
745457878 745955306
212963098 213265910
125888426 125920029
928645815 936129306
701348976 701553832
150997461 151872849
355057380 355411805
808757415 809569933
308258823 311123477
568270581 568472907
771881064 772650243
276554774 283349178
793093397 793189319
274371550 276297624
39304542 40213507
657405502 661830432
959007551 966512119
538073783 539871509
523749381 524703454
291233134 291948907
931267863 931737350
167036240 167492353
828909048 832335813
246051594 246718034
268214089 276841251
968641372 970192823
890251481 890775264
564344287 564369172
90057438 90108652
642535641 642587155
393011542 396922590
11034045 11330946
897886507 898068496
708926783 710336078
293140415 294068484
770785 251990455
884304532 884821094
655005394 655368720
833843635 834003946
729961435 731024801
621932814 654252863
762924837 763175459
203504240 203629736
513690666 514009521
973501022 982430574
463645701 464247964
154775754 156532479
705184275 706188847
106402257 107762288
469833623 472654614
124092364 131061677
608168939 608303816
926693854 927066064
299992556 300670321
325116529 325290359
673645800 674909827
428290455 429046134
291108984 293050184
867184392 868141013
483551631 484798197
854213440 858203267
417979105 418292697
733377089 734676364
324433032 324516646
673762098 674249386
857523227 857696266
302518413 305633411
398708585 399060990
622785241 624233837
681500864 681955739
526178503 527031439
335024805 335078072
397445994 397952416
649156142 650286079
862782878 866505948
992104806 999140645
800997145 801688846
499449256 504793449
438018903 452428982
431822116 432051243
746068411 749269111
370344359 371495021
371513324 372267949
511984555 528581275
74309740 74566484
162120174 163214900
556318595 556364590
540451492 540582432
66472033 73578336
356817971 357838789
585655369 585880595
619525597 619627673
98564423 98650324
462406796 464301402
704095227 706262062
562383763 621449821
813985709 828344155
145210822 145223889
961268142 961390250
918897670 919007152
280728701 283301414
917812624 919404235
268652727 273177479
868761427 870677417
732497571 733354393
995168036 998945323
197521910 197844619
438930321 439178271
761869488 762515884
203979910 205268794
313031082 314963867
63804848 64014701
422531218 422725102
560273073 561447977
880315584 880785567
894874709 895030336
576542629 577165917
50846112 50934111
477342907 478278394
161942884 164013467
574661212 575133474
404459327 406037718
222914425 226192681
449273565 449466395
389555787 389605860
176879435 190369144
532886842 533044965
79316674 79498611
726779075 735334291
470256219 470296545
765065927 765735135
187626325 187756921
195440804 195695771
420975298 420996843
121369273 121453378
77407527 81022110
460555505 469016451
330883365 331173492
141658133 143331666
770160686 770593764
281097346 282610166
979845217 979994446
616791357 616840774
343166187 343758913
418057980 418061015
442400724 442873391
696707404 697469391
820312007 820360476
948881337 949210846
85652185 88922399
726018205 726356949
352225833 353654884
923458092 923841345
395509163 395942199
779199389 779719948
841606188 842174572
530591281 531090940
739885411 739910862
922770562 923033646
465487277 466028117
618167013 618273164
699589144 700574103
184481657 184505326
300268305 300349740
71992903 73369285
309001703 310251645
92774672 93291549
937037751 966791750
310303814 310864169
173179317 173264680
587995819 588676416
731605456 734728491
24823633 25765046
92786790 92821064
801349188 801832459
565551063 565806281
852361798 852364160
333007249 334022925
110768638 110773808
780272740 781375363
1659460 16529149
678222448 680399785
195470590 196761820
996269725 996506505
509587573 510724319
794708973 795219235
300712154 300764044
811280750 812422342
944376292 945665469
291082390 295639169
216336150 216749587
419042324 419941062
814749414 814760281
156582170 156616949
501856861 501887474
163841190 165019390
939819353 939892736
472810984 473452365
439864244 440975505
314144950 314554590
692411780 692571051
263099143 263140268
301570126 301673608
775823699 776537399
241590791 241660454
793082325 793601353
377896108 382029094
172269206 176480245
832128185 834312336
153360404 153611991
315917004 316116010
100837276 101449135
370361549 370428544
443529681 452013864
715057499 715518332
667818678 668583107
81951698 85070787
42362425 43115272
122371532 123767330
495804393 496219291
382116957 383255369
474894416 475431476
558790534 561458391
752183787 752715065
657794294 657924416
13011573 14093444
889775078 890969616
690614282 690641637
919604067 920060074
984107968 984233381
785410732 789601024
983155923 992120612
222943841 224621143
841871575 841968091
40373446 40382347
431627019 434709892
954068569 954931925
254660011 255624504
901735321 901839322
288397009 288547838
279827087 280619345
361741546 362748826
557147692 557922201
300902534 301837602
491046717 492534080
198068370 198149169
822893706 823677350
992362045 992894889
307113449 307473799
410655707 410717580
652118468 652231624
421023444 421530834
261918029 262209017
469764447 482496133
579345687 579826464
509204675 509479942
305063708 305075186
33006039 41080578
340519793 341078150
164563344 164857186
897222825 899856929
359924901 360963175
14859386 15245126
992436805 992447928
720333057 721410240
609858539 610262230
964679568 966354683
426592645 427607178
715554223 716360920
915893943 916121429
855292713 856082107
404343245 407753885
211845033 211886159
913917498 920557186
410364600 411042317
62364790 63110966
957692149 957793671
292518220 295504694
974163162 975186390
676929875 680848990
416857092 423554018
334042156 334103863
160064680 160399612
677949410 678217714
847422943 847779458
640064213 642944658
107630300 107940428
207772567 207980380
375115716 375237800
882817717 885681757
206840859 207790413
686773155 687209810
161529028 190486698
191953855 192603941
900157151 903152547
383381543 384138136
618868882 619437290
648175046 648504560
195463256 195464342
746579927 747574020
529284826 537988493
664118113 664552660
9087457 9088962
937131011 951020538
277207823 279082381
264232939 267027076
364338100 364596241
479070628 482321314
529767270 531647836
795028437 795313842
364069984 364160622
855408506 856046768
782421159 789771011
493464322 493653632
598939667 600247131
526663326 527028673
544105772 545118025
721440880 722934825
822896036 823359750
919100506 920146337
325957311 326673586
937892123 938857845
952760935 953218281
610667448 610701317
392510453 408561494
569419913 571114559
352777638 353603572
372390936 372451312
456086920 456505908
874113853 875469247
942894874 947449358
208769487 208942726
415240590 415848384
689637846 692983537
296240292 296552513
156465802 157888927
210907731 211786168
562703520 575876780
800151113 800702737
186771362 186994868
363668746 376374277
1825081 5397654
449270309 449729549
404630255 405050047
943773175 943994495
664066567 665123789
457582232 459097436
611206221 613947399
887203608 887911342
503551586 503777620
79241940 80226691
534369567 534422186
802537807 803328364
618023103 618352223
510724501 511377398
152395527 154598447
779490078 779693431
759765130 760451487
991359480 991531930
529200137 545454855
864661999 864688134
249490120 249593483
45879133 46149756
54453446 56094419
893792258 894435457
956174391 956887585
854791056 856927162
655231892 655647226
370353937 370645757
834561074 835366135
886548046 888453823
971295812 971840653
58194588 59039056
406198978 407320692
646908339 654138401
932850255 933766435
693997172 694606442
479200917 481019985
357803223 358041075
759712266 759723946
191731047 191764256
649034242 649115836
586520419 587335952
354441879 358673582
394940106 395001304
14150660 14373450
744056311 744452385
666263570 669636990
975791261 975877352
753380188 754795098
743828421 743865715
968737927 968973027
756357850 756597863
662395223 663076466
758357442 759126000
726813357 731722437
317121051 318404354
147192982 154701130
626038021 627562037
608137044 608378835
322110120 322414930
36418392 36504779
331762983 331850975
940552365 941615557
681888264 683232120
19128939 19209987
106356334 108237331
401595050 401649000
349034710 349209332
977501507 978108365
9634361 16416331
895698115 896931433
997175896 998432487
323202868 323298480
261085499 261801667
219973479 219982056
478193736 478765933
785756772 788425731
972268763 972706518
264855461 265186013
741632963 742658078
191672807 192777113
215483310 217295083
989764895 991365518
7420705 7647330
505832026 506555997
739768739 741061889
551479755 553033063
44573505 44803618
845838676 847283243
418848164 420618428
371053224 371171020
473215224 473748634
250063927 250283195
480268707 480702534
947154169 950824447
575523737 589365935
236759339 244501692
112542900 112586645
504760641 511800290
412967567 416822064
589598600 594574910
847264327 848693767
342582476 343296140
555266426 555983577
473570216 473609760
711959832 712519107
933530342 934427725
749523459 999747356
255800434 255914612
517801687 521258013
434819266 435245652
452209645 469114365
858962032 861103981
647458721 648626406
642933636 646399113
818549592 818886879
594604171 596686378
548157329 548590160
861278457 861708724
62323098 63577208
751063788 751867983
224237480 225310440
508623127 510788799
504813622 508615399
967754108 968120078
960113509 962148817
489370936 489497494
518204821 518514005
338540605 339192580
540756715 542030902
132986447 133240648
514348095 515656948
341009638 341055198
838553937 839319312
501571546 501822051
457190869 460541623
403049679 404281983
282606270 283269644
648595780 650447690
95392216 96219383
227635452 228169845
518161917 519723764
973961511 976391959
264285058 264818407
877783389 881379135
771113067 771155594
867140661 868785918
636507907 636979754
268681459 271479791
401899953 402125346
749906686 782352999
763057866 763369979
58606984 58829353
326656303 326744150
733595221 734551100
402644747 403060615
879452606 880808414
982855948 999377082
33065042 36712114
271505852 271742178
645823436 645879207
140644219 141417172
670255786 673623269
149384888 149435833
767914061 768404281
690801068 692971357
508098896 508179283
252996614 254626413
178294505 178670049
447515292 447626690
37016552 37835062
83175349 83847208
723408711 726535887
798587358 798795194
757962562 758189553
172732824 174234607
932536025 934788563
585528220 585890776
479918433 480719915
688203596 689447520
405047916 405665607
563187706 565444398
943018729 943771301
731790472 732580690
954951840 958760397
716179016 716292344
200196098 200843570
304184033 305414811
699433486 700938373
768530816 768845892
240281699 240637584
351490146 351723470
400969955 402497390
86812012 88693539
377943604 378639169
978312507 980333392
765846905 766872560
102667274 102942065
259067230 259376137
53391944 54427907
940597169 940870443
995472173 996213225
976362430 978191170
925477924 926016408
169046771 169935649
67317969 68156269
877014693 892991613
253058715 253316259
474530098 474551271
8631723 9073637
773141409 782222688
786422425 786444915
499586147 499680762
22626248 23284413
74072556 74671248
251727720 497989732
503341298 504366683
949620318 950517706
24714751 27014703
543273321 543687103
693589170 698820352
219143958 219905232
43138244 44847249
21914908 22594790
912230171 913254217
932206436 936088704
813991805 821494561
279155932 279954833
219343943 219429123
575948796 582887717
454934552 455865005
296784061 298600941
54732537 54912009
928883081 931260584
461994678 462137511
524807775 524846311
735720181 735813582
75955662 76225651
218935851 220252864
748602900 748716298
652675956 653413388
337386276 339477427
894361565 895257529
791109976 792926296
138160727 138809308
621465120 749409556
670748164 671261286
338885389 338903516
358904995 361637972
387560341 387577249
625695967 625738875
656742099 656796928
605098935 605857299
17345363 20863215
181431841 181753897
609603894 614123737
411979042 412403254
15194429 15871638
150696884 152865180
697544025 697861604
847284892 847898185
921443907 923180287
21081729 21424599
108619748 108955369
185279264 187407139
84966377 89280802
911478543 911505294
42897276 43041439
333990537 334257460
309596652 310020769
934649699 935980953
208617258 209643635
719944106 723626822
276196666 276202624
694928021 695536162
52594035 52714986
415864062 415892538
562702057 589387525
143571251 146435186
675459549 675763208
322095059 322905671
222292546 222301927
886726999 887289576
720983988 721022130
171513043 171861963
312639607 328595735
542499736 544273599
449688657 450678073
848011912 848615590
286620013 286857287
184209008 185534874
159727944 159843330
589556381 606869422
962312343 963212258
833107721 833251934
818311366 818535727
99629368 101479167
377549741 409160628
563353847 563556535
321107053 321445784
631615194 631655946
686231780 687332274
389792991 389919674
476069431 477312202
324390880 325924753
238329239 239648067
747071609 747459811
467667382 468235317
714513596 718864278
850500262 851487726
606897866 614255782
135152132 137974739
825702074 826821893
140587424 140635647
842469326 843935842
774260841 775077988
257449059 258367293
601158448 601165211
132600705 134992522
679869997 680160717
159128878 159191106
263509186 263542528
527837504 527899289
691752348 692935156
424249416 431574341
246818388 247270658
73574620 81337644
399047839 399386171
366336349 369577329
422786392 422811840
97266484 113938285
941469090 942485800
579808514 580116938
132536310 139640873
916159814 917683680
984991181 985002495
986169048 986889670
166365595 167129382
427939730 429574373
233585408 234900919
26160645 26312549
671658775 672294489
405927368 407711582
19812933 19883716
92764931 95367063
764615192 769216373
711156930 712237328
750513490 751065462
144063131 144168007
602044509 606633593
147962219 148531039
498836224 621588331
191702569 192038609
687067417 687125910
853350211 853603217
450721697 451632550
592519315 593858251
917711979 920231094
469196994 497785236
135274827 136372413
822053287 822156370
614522942 614868940
538764905 539221952
919862243 920131651
546657566 546912894
939567614 939652666
51748794 52764768
339639528 340591044
328698252 337161073
783810213 784024815
678893068 679066076
201440539 201478424
90977048 91072663
563988325 565170003
413278594 414709089
633368149 634508694
857137228 857548282
625453061 627605197
644544912 644883248
590413878 590443065
815718620 816622811
436543986 437156894
799569690 800821321
442521904 442525837
338354515 338558848
667085316 668653790
199218094 199494397
834521024 837486240
565512725 566624337
305991628 308832688
206499060 210585419
231916704 232361392
811093456 811119419
744376342 744407689
63058636 63282998
264309303 264488603
83728600 84511602
470680062 470912824
399231425 399235119
504968884 506165769
978271154 981924834
897309706 898228135
824065270 826123843
845429261 851656174
878274126 879731689
767980066 768204254
52158285 52226673
453090946 454756468
213380145 213749179
288213032 289793316
651337592 651396352
64387485 64602794
78272349 78275496
994321376 994345180
444815066 447359275
850820273 850866866
965878865 966044776
14590928 15982450
77771273 77842748
955703190 955807555
833643282 833715856
711145174 712717764
378587099 378899228
494701841 495307410
679363279 680382898
367872968 369294347
164073607 164295111
910097957 910724444
431302267 437401938
604355260 606603537
873894454 873950703
382426382 382475713
132316788 147119478
495351883 495394701
407106901 407629247
285952475 287243268
133228445 133638522
536793511 537241463
524090799 524488614
155966253 156024780
127012105 130318851
290843417 299008525
97844263 99771295
800860346 803649323
237103673 237294871
286908898 286948688
129452835 129898549
611784970 612967428
283677275 311767860
349358879 350690259
315082271 317407357
374767408 376065653
569295541 572744063
752238495 752356731
475077348 475301038
140194058 141759407
229647598 229766856
597664971 597860460
657467083 659949893
451114343 451199131
777922391 780032790
211664905 211951363
30176701 30803254
449097491 451912576
373491624 373983228
761065911 762803767
322586029 323660991
572320321 572342301
448006166 449038210
132657879 133742001
245549124 245600361
569633598 570054997
728953526 731198836
313069466 314069143
20948682 21727799
108812426 108838116
452502427 460837541
599245019 599789338
978750532 979420440
695134832 695170457
273581992 273857230
711413271 711520999
853353213 853371656
688359391 689138338
138831802 139033107
826127816 826637927
950168549 950280129
95294955 96572335
492582923 493435370
792165562 792476052
603626702 603954922
1692443 9706248
670609719 670647662
500922990 500968343
764949416 766072353
722538633 722692716
828605347 834489354
579220970 580307232
922513959 922793415
707026035 708576014
685872927 693577269
904088337 905013217
882195748 882519592
221772368 226255108
669881464 676929242
202226522 204382687
720090028 720367866
120242428 124064855
561156538 561427737
410340162 411638044
805033489 805296202
36771393 39071234
430304743 430689511
305031726 305161242
967883906 967976220
727095013 729360715
479421412 480249865
779046152 779150739
459204083 460231153
916627266 917663942
847842685 848635786
994356500 995029509
177931554 179162922
849341744 849986923
570538766 570693874
695710330 697953454
33321281 33488031
422342719 422799932
788657537 788751378
934834679 934918426
873024595 873099647
678079364 678157680
231226324 231843783
168329677 169321675
38272124 38501873
900223612 901223690
204635413 204653515
508440626 511756256
60826850 61086860
699938257 700834436
147898477 147917095
66401212 97156625
54603903 55057371
797378414 804000344
988460683 989137002
206914921 207261059
957001582 958385496
2912289 3053541
411617607 412409127
273104256 276460873
187459768 190074479
279358666 279455881
80180752 80423021
702653170 703328900
374948486 375993507
780696795 780974451
901931477 902968209
439197433 439749961
660249856 660451944
433476912 433637867
872533825 873768702
333890763 333919071
362629904 362771677
52831614 54455350
826213301 826532009
320341943 321025881
454375373 457122813
944400818 944671338
537940824 545372677
573048489 574141396
317722131 318017224
525787492 525884828
551614967 552285755
571149469 572259150
116648748 116965329
69801959 70300425
260525089 264258797
77865387 78433711
882408980 882423558
565388187 568978600
142399866 143006405
872530630 874501398
12808672 14803564
834506818 840504344
357260750 357358415
125376034 126918235
262460144 263715685
754490276 756748407
370497409 371190418
628126764 629515895
197431704 198047377
492451558 494006334
864266193 864705959
143999300 144570823
248558666 249335091
45830120 46950783
81907138 89300133
131895962 251513101
945742160 945792687
967398795 968696033
952299649 953832534
859488468 859593349
124741886 124782503
299488255 302598628
482967916 490728719
634200437 636050487
674883640 676176655
366538638 367700764
841086225 841420812
983942463 985941390
301367741 301739364
521416315 528416049
409410087 424046905
302850943 304337365
478314553 478713386
29938409 30342123
677155015 678236736
633459161 633847284
499101789 562688223
802917220 803225841
389131219 392112144
965069374 965978250
963308781 963336550
869805597 869917138
326369981 326441302
852733567 854212340
942948528 944261975
29531244 32190174
465576915 465656805
483732313 483961872
751945854 753135802
593553026 593554369
584710300 584868614
942764423 950974990
239105970 239341415
507329184 507686854
231100145 232857566
179159970 180244800
417592438 420731892
898126082 899334032
161717816 177031950
239242183 239267587
249913099 250662801
208025645 210457315
19690892 20603494
656193531 656265421
671889302 671938280
448078356 448391005
191653460 195124246
605185824 605351549
442553107 442807469
782241353 813367253
477113174 478845167
762028995 762069223
512475108 518028329
890399723 890615786
960583902 961038184
763969947 782232602
173271571 173769205
137867572 139113510
943268498 943412891
100633477 100864749
299266091 311136208
690238371 690757625
491095774 491222333
984047991 984727462
624634412 625085004
549981857 549995513
391630124 391926119
290075170 290394524
534306684 535423969
110069730 110423113
157897078 160955397
527921767 528089970
461322107 461422813
781024181 781484655
121072976 121670957
976636998 977592379
317798599 317803166
941661220 942249850
431764129 432215852
590229322 591645824
348024595 348602201
542773106 543127343
538667381 538711326
464302701 468907614
931420633 931666015
633634895 634178380
724348531 724717644
263280681 263653265
545410207 561995224
226443420 226799603
928793628 932521005
520666015 520734051
455657486 456992684
663143056 663153204
50103008 51879625
244941614 245941018
750345980 752076784
551340653 551478987
13380297 13823375
320787326 320918066
725278860 726420825
309242673 309310211
365598762 365634570
147423090 148751527
127784277 127824037
638103201 638956778
101269843 101290835
264283472 265555143
703073597 703878219
642153253 642479799
927367009 928538543
195202103 197237122
893238680 897304251
907877117 909712805
124261893 125688430
140839599 140905060
671105956 671108825
485890214 486323873
54281627 54330051
33244168 34860590
814020013 815574103
794036695 794190580
300407373 300821547
414247130 414342727
444084255 449182573
807611063 807693413
383210331 384663206
138621015 139045609
484835393 486021219
636463759 637676767
717564139 718233823
69373971 69854851
743345038 749270228
265549988 267024379
987704914 991606184
833997500 834110394
569544315 570151933
527714903 528006228
585038656 585493048
869668063 869998419
40964122 49169795
821611650 823769056
453275629 453489996
750991485 751062289
622383049 632450086
250090610 250113088
598352235 606709926
911070352 913817583
10206779 10341259
559498911 559858631
653294411 653468430
559064553 559153371
233757033 234112139
420126329 420362665
70704872 71072986
846741782 846846064
378760008 378812985
375430920 376003887
289942638 289964687
680726307 684223183
962346208 962470864
611969043 611976739
813468746 876107921
106899235 107444652
577310055 578871382
542547146 543402854
481565416 481722228
619995467 620314899
242566691 243212810
125859484 126248825
468109039 468557457
564299291 564717266
98251250 98874468
933083921 933165506
757317024 760532839
91365264 91696799
916524722 916589420
154876346 155761514
85407767 85487197
614233262 621078311
559303001 560023187
190735480 251451021
606782825 621278846
594843682 595559900
714907610 716525002
713570701 713891163
442478032 442573801
101698224 104607468
112234549 113151391
744644258 746030573
412320886 412343746
542142749 545290439
397093619 398674492
9759388 10003513
794609267 795375907
31393331 31595598
447336346 449079989
386209737 386403305
173866877 176442055
178026708 178074230
907175693 936447443
697455106 697932608
118937113 119939339
797771292 799581606
587705949 588925494
808718480 810547125
273759590 274170937
833776298 834309954
949930090 950123042
49397496 65699859
122048207 124052896
429967191 430464376
937753488 937820410
972586563 972679217
746611382 747121590
529303199 533813321
546014582 549531098
672044356 673037990
764719151 766939141
29892008 31193661
685479568 702409686
436721690 437097597
489322481 490153941
20024887 20560738
97494970 105942440
295737601 297285199
544413347 544444635
837848528 837856831
719935766 726803777
75990181 76022702
507866601 508220940
102245751 103651588
6823172 8574647
761407473 761965019
516634472 516675063
648877057 649242502
159081672 159700262
591185511 593925932
673997882 674796257
888993561 889289850
744956475 745403690
614265868 618672700
549477011 553729889
994243223 994418256
661138317 661161010
429117218 429372895
968954560 970146123
493327060 493978968
647270451 650844622
930648200 930681260
900641152 900727319
69779242 69784757
411850195 412037686
244430657 250939160
8151873 9278368
612077288 613792616
618966283 619359618
237085620 237856852
709347171 710000680
7380710 7928333
469774557 475909620
498825383 749624624
180918 498349045
429534038 430949745
852253028 852668409
252336083 260471946
427349853 427544930
419838080 420434932
896974739 896979424
160077227 160343348
630528080 632236669
453590771 454292953
304377862 305055979
799311874 799400000
525779279 526226657
280011442 280202304
842895607 843476229
76032357 77061579
938964823 940248821
905390338 906527609
321904008 323737544
823394020 823506918
686147931 689688867
109368760 113449626
898515883 898944934
912680683 913111132
188174765 188175227
929717339 930698651
476746017 476747948
314368373 314447308
527189873 528291021
727313936 727351442
272526950 272552320
925217078 926646680
56255230 65415448
234325123 234479155
31797356 32014268
639983481 647146525
963063345 963412132
896376722 897141540
708372511 708396525
685384574 719375698
596634399 598246522
134981744 139399646
572929975 574626662
173095236 173508502
968192192 968219713
547217510 547536860
728372507 728475059
298435822 298600090
927398257 927835399
833888036 833977175
451105244 451311918
355381478 355660633
149080224 149934776
397150437 397539733
698278265 701631506
186380936 186461668
806669917 806756333
299422704 305925260
668732842 669149371
193497090 193612177
850752439 851035175
941688607 942168309
837041922 839445539
227665864 227691900
528778223 562250408
955603178 957278069
742486716 743079119
240172894 240931030
580124198 582589652
510833485 511099682
822386371 822736990
963778405 964252343
720240889 720252266
409542907 413067361
585004987 585543693
495663779 497161921
216558706 216626702
954271944 954401454
336361743 336480798
436169735 437320802
904758773 904911510
924453353 928594337
329655918 330005121
531957590 533393091
441001869 443218711
996934502 998889373
645534042 645974924
113889610 131127745
382239641 382917788
883399779 884303711
995398459 996939973
792949397 795561814
581381786 581906368
24689439 29836175
823101646 823267442
229356156 233325522
837496738 838840712
325039660 325449669
533757016 537754608
648115571 648200004
907602353 914006129
228184427 228410339
920906107 936311374
313443487 313498132
291952091 292437870
475961572 479183643
502902573 503544414
582988087 586216681
406760976 407095522
739583167 743147420
975002892 976116282
548289365 548475427
992327601 993747239
600224594 601906574
576798705 576862720
726091969 726305453
870824749 875585030
4613755 4912365
997134461 997672600
788318054 789565399
151409931 151610397
121504053 121871787
151964825 151971517
314568755 314707816
491602275 492358718
750006580 764290481
772197532 772235513
296079266 296584003
831662256 831720934
265568275 266692078
352502471 353112444
425555631 426200991
136160147 137633781
418338578 418363034
510407016 510533320
155544781 156043928
85222779 85282505
500452777 500659870
103571046 104596262
6559027 9506080
275316556 275809297
343838191 346113502
307142874 307232188
823765981 827291758
180854586 181353750
344583666 344586172
5978898 6056106
445026597 446368678
830936259 832057475
351020289 352229185
77605999 78755536
651114563 652465850
277191418 280801281
234918713 236169435
283016243 283160089
264774139 265439189
27033287 27335673
950977068 966725169
986358409 986630470
964168025 964574036
128361075 130211156
48381956 48845722
44436426 44833276
738835061 738970862
924015656 924062041
608842842 609336532
520511796 520826522
473890129 475475957
438720466 439964603
937527033 938175298
289832894 290058389
207927187 207956602
479436592 479698591
35545020 36521548
