2510
695870064 696178817
739675858 740051855
988121586 988134028
196529718 224213872
526168126 525798083
321450272 336072441
154139535 154157089
588593316 589049808
602708178 603072514
383416447 382811909
173268021 173108238
563691792 564300791
399893178 399688513
971027953 971113426
512999096 512755812
834572418 835885493
566323803 565693109
439767268 440120375
872098300 870354494
539249191 538650128
932904727 933173867
399948847 400054904
550007000 550803645
312962377 312217372
491309174 474742979
907855802 907834180
400997922 402072748
253659145 252935062
644897370 641457604
980509005 981989539
100233947 99945675
675277045 673746927
183564957 184775351
975553430 977684421
566780629 568294261
316376706 316510377
520603465 520225586
834023657 832570205
941737548 942897824
269594827 269544747
557431347 540586653
295167270 295136116
744259657 745358994
426223305 425748618
540922740 544665789
246293542 246035154
300690639 299001518
754616976 753812745
173515194 174258824
67058175 65893778
147014277 148175038
816114182 815051460
665371799 694637718
896064491 896600359
141626337 142061439
543711869 542809753
460428454 462803680
166594496 174982128
926155040 926033905
588098825 586236446
844016614 844719162
615388007 614388567
705247207 706423021
55531955 63608127
18822064 19051697
468403406 468228749
52780923 51906724
328256377 327012063
889653532 893608427
551718379 554003929
299787298 299592749
203716506 201524790
932482007 934467653
820502756 837244018
804050374 819661928
333582148 332841814
635934634 635931314
504612767 504506915
602646454 601893664
734742400 726708498
455875682 455530893
582396769 589700857
49782043 50296180
207682691 206966306
446774994 447549623
507111852 752250599
76651919 74711873
829066582 824001303
287526824 288405107
884059869 883640645
242285930 243001986
230118243 230282275
230787889 231592916
904633815 903532720
300102628 300416105
484654412 486030495
663942454 662122941
651210452 665207260
759442952 759225844
573490771 590321473
204873666 206106256
230068725 225599620
277206614 276743118
495419721 495313814
684162546 683517490
133921687 134518576
647472064 647654401
532552115 524664237
383441961 379707268
788808881 797685936
623272386 622837798
689703892 688878961
633251651 632471982
929623535 930973476
636397662 635705615
752337068 882205744
537357410 534902331
352584093 367444145
588262517 588235353
236024333 234645522
701789288 705008443
518266328 518353632
972732237 972657906
682136720 682004981
966987332 968220739
990113336 989998855
575002190 575076350
422920558 422704869
56475210 58445082
873672709 867491290
880450030 879728626
307663278 306983104
26917164 27384792
232239143 232235577
983203883 983952106
500344796 499765865
41619262 40005125
756916879 753172369
669194416 669086246
61197063 61025581
2673567 1941551
590881115 591527966
526594481 528880461
480504579 480862121
248595933 248922538
92991862 94232871
820674496 821998086
279813806 281082244
811282270 812989220
293503089 293792859
10041152 7720608
308783496 308747111
502870926 504081261
96509671 97105115
356395703 355954302
382149470 382244923
604839578 597624643
666998308 667209503
415791860 417886095
567082640 565629893
164092139 164033992
309815419 306898116
734137123 733411876
541266323 541729144
655754932 655353218
172008588 172119191
91470705 92491936
736709846 736277453
943601988 947468809
800238967 800287684
351716986 344105033
35356434 38874440
763266839 762644400
538312077 538259196
774017477 773143796
219194198 218880339
524646871 507868523
335983232 351752595
909360100 909236988
48496107 49070962
558693000 558492426
153968042 154213602
991869094 995321995
137093023 139098316
666810806 666818735
525692521 525586130
477939716 483268416
802823212 802529162
308342787 309602106
868730296 869815168
966981592 966966289
777437486 779627612
516182313 516080892
162642035 162649530
992615059 992729853
870002638 873167984
482058010 482556193
33948520 33496438
39726813 43290055
880991396 877482290
519648647 521557715
487780390 487515289
55616072 47669444
274417296 273591778
758110634 758495384
537938570 539797845
49617689 47886840
172435543 171697499
131028554 64913752
934654051 934597740
850735150 850798092
782636563 781125690
106990269 107133501
802822903 803383933
852329461 820449597
502049922 501929298
992478200 993062403
951266100 950641294
741183864 742325086
910326872 910399212
962515123 962025841
487294139 487361341
46853834 39119449
356574089 355025951
971942172 941146045
995234064 993535821
185008072 189838498
383826045 321115092
926574041 925818087
986596932 987755944
428418669 428069823
503543030 503874519
563583263 563550228
523277627 523996520
715914339 716883362
114041325 112910735
561996120 561040202
30025606 30596055
852412326 859175311
206513240 208157045
971979392 985799861
48329311 48338889
695033054 726191355
978305075 978169936
931239603 931332423
748236368 748834601
302348580 298797813
108810551 112793794
120818085 123391818
464443362 466415137
740382091 737771193
323951412 324211285
336922024 337002900
788504806 804205114
429146672 433404457
675696345 679417806
972292289 979664286
671064388 670767633
927348960 927522246
309394358 308506367
379129193 379378805
491967988 491717028
872736256 872875516
600421050 600440524
813171722 809221500
841638560 837481170
566110923 565930822
600279877 600553884
731432472 733039091
757044874 758239620
450024141 459731466
825458763 826279464
92540139 94614569
401186821 401456903
469866047 469784668
752000571 740686466
659146523 665012241
20104726 18594859
589471371 587990818
668814270 670201265
749121239 751847591
180978986 185038638
306895697 314295494
19866677 19124103
815518378 815092202
268899822 270387409
819868963 787800749
108852606 110646175
389921903 389957566
831362427 830556214
180365871 196189900
530127353 529965171
627462448 627813725
136178499 135598788
63261932 62205114
283916306 283966692
434871724 434347241
438149628 437368862
318017098 317796211
691624613 691937046
544771942 545987512
874349292 874513102
142542879 143521393
236541530 233951825
289943159 289757282
916971056 913860337
389969842 390325200
667150110 666732027
409626974 410013270
816347800 813352082
124604028 120136704
711943687 711218332
406607857 403613171
177965335 178745249
183165474 182679913
910251227 910759037
664262829 664586461
818655157 818103208
200058957 197503247
374902601 374621466
982555959 982394494
641029621 641016147
11190793 10772200
752991074 760619387
422706726 422728619
637410571 636839528
945604018 945566595
26574046 27303760
345569678 345928640
289644869 287045763
833028095 833317274
538386956 538429254
406945463 407511133
281022383 280306639
363928673 366630305
853946975 854751785
581514495 580539069
837323158 845716792
515887628 517273042
606235611 606344877
292889669 293646356
84657214 83967986
996827564 998380508
820510872 829431283
222007852 222211485
374284029 374226632
115614411 115254402
335074358 334633095
713501312 718129344
673232923 673952266
288907920 290485506
146689050 146809163
42757113 42175877
551944465 549754111
827737535 827824446
933803949 933388927
442504542 414249831
296688613 297310283
133532301 133448972
284908104 286170522
520940785 520731277
924521085 924958813
95998235 95869946
434617962 434546041
154170693 154729962
370230443 370899730
447977919 446772900
310022290 311768011
163143572 162818628
219214585 219130916
432018945 429247187
768212433 768204573
421654244 418093197
393046490 400574724
35870336 36104408
947183302 946491733
801807308 802197811
864095214 864893363
236691434 239181408
112105537 112499052
717469622 716715250
574280057 576198524
210049611 211166642
362805105 361876140
193999816 194147942
757264408 757377118
746468681 740945617
872312710 872742142
630606265 629772499
877454045 874577079
570678470 571633615
148725442 157239884
198372036 199282819
956302883 941230573
34286230 32748342
658144949 658230509
500499486 502720806
389369214 385799974
682831493 682398330
482893001 482765026
257729761 266686511
599868484 599037136
577542018 576399718
583092624 583573158
23340120 23338907
964960766 956636513
234928173 234939601
7212025 10255382
934558074 935271138
627903547 626205455
984593179 983109690
314388800 315879944
893590658 897026160
592810601 592546527
325334004 325560724
129768182 130386107
34371408 34902367
900671825 899440134
756683862 756353677
875062214 876540199
555565062 554257883
277977584 278000755
812884343 812034588
679691070 671940767
807723002 806423081
763594906 760976892
968406051 965094837
111109057 111285796
193785534 193885877
954299068 954491103
1281463 3405543
911326152 911505338
971554558 968309102
156463570 155439791
324334811 324455186
785505199 784094396
885907567 889496615
209132913 209037461
157765379 158812444
444362855 444436033
836640066 834168567
498578809 491506569
580338915 579045838
927946891 926960896
149221329 153920989
666324594 672394908
627773708 626491223
415017528 415763617
994626516 995113272
856066961 855554029
846431678 847071985
660346062 659461117
561817044 561064583
878395327 878282950
161482885 160092615
92729363 89989268
607281066 607822831
914685248 914858917
377971349 375679209
668546881 671585384
440685944 438783951
760351945 769546635
603557765 604113564
175221966 176312543
704207206 701862688
34891542 35064645
18310126 31314762
487927657 490834192
766249850 765689032
391114849 389589872
148635383 165346081
1883048 1804005
846195387 847713547
655475716 655360036
394570206 394173377
799595024 801138872
904845592 902244181
221518729 221574488
938996970 938756049
869597572 869789373
872694219 872599665
952517472 952374845
501008765 499527059
181712687 182447948
320326663 316785261
432261588 432510693
82930252 82961553
435224725 442082563
286509733 284534005
531599069 530821330
522016869 523661926
13354351 13422517
404556718 404723331
373717692 373736279
783670416 786302012
971808618 998744937
572423784 540177150
1154592 12060408
750840424 751143311
819064846 818519086
74203687 74519632
161069769 160161671
238228273 237017223
964003712 963398803
568223190 567391111
863141262 863318996
820868489 821047220
704541617 704400758
414983832 414981372
412460712 412549788
108198566 104002869
325218255 325766914
973475456 975301029
736394383 735334062
242949495 242763372
129441520 129680619
90264114 91243258
104246263 99741210
14538612 14604422
396103331 396671890
875557788 875463558
648879836 649170364
222283436 220031418
754565753 754712140
124055174 123487104
794584765 793843937
951910461 950494082
835957714 836133408
637684395 624013345
285475417 285616276
697475888 697420132
586734959 586581807
980538825 981060116
661706483 661832098
897404635 889555953
628479824 629553548
124826063 130595814
936529057 936345683
664956792 662000879
217296640 217684978
769317118 765160386
489017860 489937758
742281920 743248534
518627288 518565388
292184399 292227304
249597261 248258904
868401424 868319179
719598269 719092993
715589937 715058966
611482313 611736941
11234726 10249187
311418137 311093969
381665978 382093117
710697539 712700204
429082259 414334857
99667082 116185063
513815008 512219966
204695652 204838750
919172638 917100268
507408143 638174772
264474348 265487147
84713760 85269795
81735872 89663938
346298998 346318579
770672118 772475220
365030514 364893669
646153032 645870901
759950753 759168643
360779111 360444279
970055596 971513737
448229562 448248154
508114292 510252849
749414653 746553581
127494035 127892893
579791210 579353615
422244982 414629866
454452729 453120684
400234993 398302104
659183628 651349700
601642200 602987586
321506415 328475685
952662309 952550522
108013543 106037573
127522758 127528353
227566636 229720303
750208395 750999562
633264808 633052132
853475048 853768808
168201476 166853957
982820504 982703029
545329313 545097225
699981882 699522826
446203872 445291954
492276279 491661734
582007902 578333822
400807902 385265409
192020264 192345050
184112296 183969137
729693650 728270035
22073866 22444602
465361572 464665023
467591821 473586211
31328079 64716441
401382189 401802094
531127110 531084503
138438425 137890547
552355326 552420336
963616178 963576760
510846733 510559316
207843861 208124276
560285239 560009632
968124545 966607830
435180241 432840061
103049890 102674617
331154341 328876234
69897218 69603302
481331028 483221795
695794346 696482221
344231457 336170424
280795214 281039352
350678754 350993158
446907269 446803763
87092639 86450897
60143465 63308537
376065126 376270763
634421037 634871623
483610779 488077292
413077750 411989954
922024289 928448256
592926172 593185201
732854146 732552314
165985482 180853380
359712221 357683230
832502781 830799587
890401717 891093796
797293702 795299635
807937553 807361196
424658491 424222244
924265055 922424849
889248535 888272867
913177183 897521980
315608282 316564528
25349051 25714002
346540113 346331709
861885383 860623889
747041841 747158510
697547874 696743933
367119472 383554414
556700316 555674889
335757998 328390212
156405823 156541127
42989253 41915100
557341004 572112302
785680441 786117149
777641617 778660909
585122693 585782497
869354718 869658570
727663470 728124449
988584419 988114329
21581672 20003322
456702765 456992052
278229533 277755130
491569160 495082756
475780892 476410653
531398830 530930078
609553139 612233604
779244885 778475777
724797917 724518057
841973337 843859448
425579653 422554258
95200820 98265771
994318760 994543419
307445155 308005927
844248479 844317692
58632547 58840156
606531232 607027866
983537433 983501675
429521164 429638767
79942300 79115861
293291750 293292242
935281206 935229612
358438565 359199919
400036313 399220910
676452360 677337112
668934003 669553998
395048162 394843799
994881624 994049524
938864374 938274460
418249125 414843350
955384313 953309378
177424785 177455492
516197537 516357609
610843884 610787808
853990308 852516054
69484447 70621929
645443924 646963627
131129208 255694636
763426222 765156350
206773969 208117573
615022192 614792355
151652115 151492895
36480636 35598441
15504808 12137820
470918369 471376203
242073640 241862266
696915715 697457546
555674369 555367398
742653368 742664558
305412771 302294394
314228588 320818762
342292285 341882871
623930058 613603205
989289811 990111372
185887274 186703201
647348223 647818462
593901996 590642905
21154930 20151779
839812591 839430624
918556764 917917492
88024945 88184160
951990050 955765036
199097333 198551476
35819753 36390217
950823066 951108917
381237309 382977308
915981496 915964590
526743582 525281659
136002535 136126926
446641976 443742416
681192433 681675462
184807088 184388416
269215024 270123168
322559832 322656475
59458935 58503697
789850240 791197495
854440437 854466867
673414974 673627008
342463550 342219471
466247348 467421677
271110082 272865683
51852305 51862300
791341378 792601532
899317728 900961393
128406454 125455349
432407868 432583030
749018724 748031334
673222550 675923181
149324344 150288401
368751801 369597793
811422746 809813304
837095711 852089849
65409468 98779947
148082312 148123308
472980744 472749766
204251536 206291152
174328624 172632205
406983896 407102432
736928500 737011782
704402608 704273198
494005482 494127149
698670469 698896365
651327691 638233324
939672612 939327324
295583835 295227284
434239563 433936758
409914020 409664404
344811758 345644112
943303042 943010969
392735775 390889199
311259231 310830401
936627724 936298787
297641874 297395562
863577628 863344343
530834220 529562213
798989354 799433821
580816201 580795084
356621007 359713291
29750193 30922568
780165144 774382478
627949550 630905803
897572422 882554404
294825197 296555486
168506935 166730981
667800641 667966329
737782696 734762235
142925735 142768017
720854206 720743101
365588329 366574620
511713768 511072633
616367186 614251745
311631714 313734525
972800668 973044386
936718815 936534927
795753873 796130470
440124060 441957331
423571065 424584683
995923371 995911041
618683656 623810307
2426861 1732187
321993451 323701187
178453817 178000522
744581714 744735864
699168978 700027164
203624070 203504430
964297309 963887636
964362884 962517011
576948513 577318618
306538775 321013877
643833122 643067022
495867382 495781553
284438421 284104394
228002394 225934436
756872794 760185192
542796776 541192446
427853024 425698420
119530863 118926204
690902272 692408621
676207644 677884406
707801814 707615669
129007608 129559248
638800856 640258159
437853358 436802632
205843228 205762243
456011321 454721116
596627914 596115768
305236861 305010116
630081622 630097456
391493414 391224369
613131514 612293865
932360003 935361892
654358602 656235469
467350437 466889687
729803990 730692322
178676693 179830160
190657176 191330129
664323615 663997983
683572408 683733635
539178873 539353703
292380970 291964419
112713553 116081353
246590258 249734033
276190011 278732263
260552122 260355046
180322965 174943583
542867320 543491547
817023755 817695252
348760533 347822625
858326329 857507207
418709291 418528871
275007228 266612420
24297906 21598051
594614711 595328083
708319099 701739068
711162513 709126095
274669466 272462647
703625259 704637828
633753133 632420312
374610312 374612898
83259705 82662063
731187456 726918954
591066727 590923271
466802097 466611184
98655173 130860702
977599465 978655590
777875526 778430936
527759654 527417703
406701072 400868680
218976356 219043250
773400679 773287787
696625200 696390249
224662156 241265183
457727176 457248532
31306036 24391308
271529204 271850079
649945410 648396070
919362786 919290666
148602173 139327998
54445432 53458714
365542658 365116441
460846832 461234598
74312461 74216187
826935635 825395174
698803303 698392459
502842345 504998847
367705022 375321090
85361214 83757397
139304258 135330490
427870692 428397401
957083474 958236163
668193723 667989728
406299893 405323185
36418415 36193049
51826510 52123591
843026330 842885456
41649800 41070805
132586026 139484728
752751512 788498919
37681887 36699776
209498233 203843530
389230850 392886276
583100964 582958073
916578213 916310938
397336036 400235160
922075849 913762332
248201620 248102975
40831779 40623301
641345477 640113818
133318127 133436240
222503542 222603396
884274547 885171816
908205140 907834091
687648214 687718800
797847580 801161890
353667271 354701967
496313671 498104849
120600708 116287026
828335859 827094378
130148 506949490
849252859 850506954
443447247 459930792
357023785 357125083
187745912 188440684
109373570 109465072
674442347 674314895
421394383 419148507
469525026 469853649
163225102 164252589
783564508 782367081
272874787 273799843
650396442 650126964
433896742 433913874
943819186 941526704
835367617 835205180
889001590 888813225
151098199 151068973
359077302 359428352
595482789 595268826
89291855 88682714
398505965 397586006
405982795 405477205
210724311 210281011
925433107 928360474
454312581 454377275
81095483 76982817
867099668 858587703
364716017 365260161
277030746 277123376
938147561 936900865
765678892 766497171
249540648 248449876
715142086 714508371
754180359 753862899
911084225 910173940
589894970 605095321
837057945 829385611
340474918 336189288
257395244 275276255
695079168 708795205
670376564 670920298
643055365 642975140
65965495 66305771
861040972 860638117
688829333 687599329
344609189 347040538
802189947 801735386
899075024 899014498
396134675 396328366
895795397 896344246
153170499 156609552
476887861 475722157
69066843 67183251
72763179 70212875
909584650 909397541
961607572 962456403
699950452 699288054
437123513 436857004
429072678 442287174
326752499 326877669
605800555 624223341
101592152 100534884
366259338 366104055
725373303 708622386
770528705 773189023
187395510 187741858
689916771 688751879
687337393 694033442
55166518 54206442
718669068 719693651
292464450 292256933
849008887 845932597
66693591 67175452
942624663 941757751
968468230 970318787
867381160 852337889
511581482 510487453
518604433 517806357
463859272 463453556
425472463 428909281
535763098 535525207
722100570 723241149
715718597 717763069
378109814 379149611
601501558 603448984
99788535 102139638
642784608 641981977
739399696 737915313
685894132 684650833
317736031 318902115
966594909 965238256
7044280 1187615
538123328 538591510
316409362 316380030
555013085 554642588
177406973 177384776
877596650 879226507
582681136 586180163
250754530 254070721
843815936 845079849
993570054 992314591
233430329 230629730
978166498 977777277
101839127 103180017
356933744 357494029
987006846 986839575
236938223 238320232
42227181 42454177
186926509 185042651
625573608 625582447
185732105 185783646
233174398 231672807
867155126 881148887
291741082 298526174
569586824 569259586
782189196 781475993
217089826 217346257
330506120 332146269
568582914 565464159
108736121 99705916
200625019 200833282
740270245 739877342
889592055 882620589
669493732 669855063
751818619 751321401
488784791 488610815
484679199 483805084
533962702 532822071
211184752 211848719
924667824 924810185
921977895 916608347
919060293 918907755
300753039 301648027
560241759 559192715
975668123 977198924
63223973 62760853
386954879 385919564
687535772 679973805
556062878 556522886
621923171 623360647
264066626 264410025
711275908 711418053
716182869 716295659
805003029 809381221
862703783 860036823
125271745 116188612
200172268 202168146
645387537 648222702
830653504 830744731
125565939 127427083
963260579 961523572
417690357 416584311
394107566 394955831
780957932 770318014
189284794 186796140
476604737 476406476
279509010 279418942
984007257 984300237
374456911 375203774
138419667 137247721
570215331 571277021
638956855 639822432
321315521 352383114
947257402 945707065
137711065 137804858
695355370 697778426
707558848 707568410
571850778 565328182
760046252 759852795
543587653 543887154
418960089 418481083
864511439 864411402
261986796 261361159
556792598 554127340
639858340 639679855
790497608 789912969
582884129 583761405
4629815 4965599
232921623 232227095
174354843 170735951
871218930 870589807
477217890 477628380
15884195 16251903
261925884 262243293
215493590 215469901
673379057 673396384
673436709 673342269
641254533 641294228
664710189 663844447
638766444 641502507
473969619 505455901
713645090 709085056
943141735 943345455
723436401 723011762
606829404 606223959
909028177 907768801
410508724 407983887
73619016 69139400
219873359 216765895
251564705 249764502
353170504 355842954
435516756 436161554
190021486 180924436
652479657 653521662
869454611 869435620
568285058 568062573
314873646 315059471
253056976 252018519
871746245 871246864
278276691 278032433
895666369 893621424
976924192 977373726
705771697 705108647
113828500 114193711
679378612 678162529
167400112 167018804
243997170 244592704
988228832 988806967
583714040 585849462
508748210 508620887
500450751 500339798
560994626 557624411
915362820 916606870
317286340 319582390
288847609 288345765
129335174 129244100
159641249 158646164
350693311 349631018
279500898 279105235
514922332 511909820
34195240 35139284
935475108 940080622
175031190 177794867
378354527 378484498
674882239 674570944
234238026 234519472
423589843 424069672
162339556 163105553
459824022 473884918
124074670 123203396
111059475 112452315
552073163 553441956
674876300 673954439
95534354 96463973
22310453 22762012
742216656 742187818
349354998 351269010
531758617 529100878
124059306 123979117
405163314 404850028
78271822 77704194
308427235 306929083
855343769 855431065
297889516 296253840
751343927 751657556
102542911 102392858
201054695 201449716
294718433 291755421
661856118 660152617
37630745 38454747
798577221 798358771
269634821 270178832
492370532 492014263
609149629 606096993
192218072 192471941
811979941 811995463
710459939 710337914
314813065 314796601
289702634 289858842
814561248 816258987
503164056 503294500
591842854 593443498
420853038 419463891
732039978 732400906
23817486 23449716
989116310 990162770
617887934 617062670
261102254 257869945
906661455 906183751
702386911 702155660
321137158 257203050
454761480 455541040
918973160 917392985
80053331 78989707
130293180 129994873
531774105 540020479
444130011 444565402
98354509 89510357
360940099 363342778
18175429 15058143
939808227 939109631
261707698 261564984
505339395 491269050
652903882 653017606
436326931 438352936
309761129 313799589
991393700 989015366
744665082 744392498
241694693 241588636
243906186 245280350
514021263 514631035
205903205 206057673
764457512 764539060
998059766 997445160
115013470 112892454
629685574 630791558
69532088 70135284
302514768 304076861
195603000 195190748
807100865 806468042
648670654 649592871
940048185 938174889
469997263 467747505
393616507 397437782
525385481 526140491
755360546 756405838
503894414 504882441
488966117 490612481
689517243 689784217
454536290 459100073
541390448 541499006
651485350 656457217
391552066 392519888
79329832 79334442
828419211 828138735
858522144 854754760
518866758 517198448
204818175 204498780
198349500 198111917
607388213 607544664
957084394 957480682
913869425 915576347
339113087 338587728
246723573 248342415
786221931 785781679
768356238 768618199
904654965 906756867
155982838 156248862
588795267 588194502
760759786 765276082
895290677 896744595
920965145 919129262
832960511 833574063
361984354 362161729
12049889 18194020
316415002 316519472
356069379 356139778
653923013 653288569
962000416 961872979
343879702 343318962
607139264 606135792
838327362 838362685
997043117 997482227
569767026 568696834
802317902 801471164
89493706 87590428
17427190 17758057
650608428 650057974
709942096 710297220
671173591 670144500
24917701 25154529
748384084 748587960
307383221 307123579
766454529 767111192
126330017 126886486
271817929 272390431
972945814 972643421
826835615 826232725
161635868 165004372
945809940 943917555
565387637 557471863
411655330 411031523
464369893 460031059
974452211 974536467
171222486 166680197
420694725 421114208
577572485 577508577
275758076 282780957
688992732 689509850
583063078 583070090
303464549 303726151
404344527 405005838
515944481 516225366
144506258 147227127
449591788 446601505
851766377 845650373
494590857 494317469
625945246 625653467
357815603 356908938
658807366 658662013
794373423 794613320
234071051 234771831
795362141 793580906
683364529 684602340
263791559 266208327
624673110 628158681
680044936 683109901
297595703 296632621
23963702 22956064
230449705 230384945
175693606 175274255
502576097 502271457
261282120 263816437
198052770 197898365
746982285 748039798
281289146 278500302
483290543 491143311
634196701 634247393
616056920 618417550
724151960 721987775
971086039 970729613
758544925 760060479
93336468 93177816
914171389 914663227
733989998 733789779
49299350 50762034
903473606 903360251
466140518 465458329
888258717 887201162
303348584 303148488
432653871 430776452
691963730 693818286
850000584 849293593
246988720 248131650
942703747 942619429
780176279 787351364
260629973 259727256
217251081 217232137
686280443 683042444
520733337 519932663
813326586 804957124
885647765 884217699
464202190 467448005
909001879 909704519
436081918 436016281
518877422 524614101
231043582 231443927
667713657 668174713
28878578 29527507
747799832 747258714
615371893 615868952
239134438 238252811
481952725 482832980
794363041 793894712
132824070 133529390
127888765 128152449
17029165 16909293
305491567 298035710
271771204 271681945
741329109 742191462
370853016 369802506
210582768 210872416
714881361 714893938
300552439 302292213
907062066 912689440
598894600 598868210
621090296 621780406
260081719 260034292
745989368 745448273
983589436 983552288
149597297 149512732
654796642 652090345
480825822 478646377
968557227 968838891
897757881 899222922
241341923 242493517
497555054 496909749
626416469 625214454
215481431 215165263
442978421 474210767
613719345 605934747
591903614 590742392
195613318 194154537
87430241 87077454
751771183 751622835
511826934 510129820
893427623 891106484
817931028 819339557
805052738 808095215
301328850 301470123
726995069 729801100
53933142 54143865
322192725 322656406
990785694 991244595
774815734 776903543
328930329 330388412
889774386 891181610
404305146 405473634
487198406 487686837
850771801 850831001
724534125 725104602
878527902 880858464
416677241 417193777
634493186 633924492
9275132 10100449
807994926 809190454
222064595 220986985
209918108 216514918
383274582 383077842
249679929 254316274
968538377 969569035
369557404 369672803
587249846 587571338
324389224 323881982
547635216 547170341
937647032 937997979
912576969 909878615
721804726 718415317
170390432 168263433
286645028 290709442
858218176 856736173
109555116 109119261
995930499 996548729
978201736 977771122
642542548 642347758
863835472 859228857
49641366 50320582
814445745 814099493
992834254 993530349
255735318 506154763
214495384 214893063
688098026 687637960
494681639 498347231
914113610 914759644
740542143 734732277
183283042 184860675
764866971 765054735
192502201 191704991
446094117 446254361
892771351 891267253
855199759 856258286
877668253 878394826
333892925 333272100
415999657 414946966
933397722 932520718
549344046 554199679
780967090 783972474
897651172 902044674
71291161 72034505
65729876 67321779
181609580 183046713
402547698 402999496
881239771 852248739
567860837 567686633
770335829 774422929
585621748 584017402
800176470 800829955
43029224 46487707
134030778 134464301
375636648 380539347
239607301 239500193
720069023 721532760
579780332 579874369
353619688 353607997
697675122 700222086
955413038 954816941
635702269 636730700
314927791 314495499
267057763 269168527
468133404 468673581
417577454 417741317
144147060 139502149
444620649 444525492
165755057 196377848
240366419 239170824
438942732 439884186
44154272 46263997
705147022 705119830
427774977 428515007
607128244 608199577
647772564 647847195
929691425 930029862
435355665 438761901
618865515 614218869
527141064 527406345
763177726 761315653
183560740 181077794
810813116 810685075
980042172 983160875
569432203 568713252
310835258 311055947
620346940 621403440
157225804 165044829
377693703 376396372
442782934 385143764
45136556 46014476
414250507 385161858
155329510 153927479
636243596 636579445
75313273 76217662
455098823 454825654
190508412 191725690
472749852 473214637
301514586 302278452
168227824 167477348
734647603 731015789
213885717 215049218
725142851 723786905
657359274 657442249
677789938 679408513
822394869 823051865
930858840 932082908
771107809 771529223
65537382 81497871
720199526 718480930
69956730 70149231
400922978 404293019
939476163 939283366
204693967 204601727
564600747 561895591
391160878 392006642
188299108 187254814
509773164 508321009
558960115 560529737
203282006 203188059
705043880 707138227
612911923 613494736
957651963 958355617
329248004 329377930
548983601 546408170
862816489 863536197
77634551 79015612
386105468 386378239
558122409 558626439
938211456 935995371
270930668 267037480
624486900 631296514
208435714 208441539
958729361 960501886
491658464 493057827
179127903 179556176
698018103 699268013
143727247 143310085
791526331 792278117
61197708 62183169
661279722 661075583
841304236 845326622
524619786 515042300
86148019 82107141
573967718 582620117
284403691 283880649
529331587 524970482
979640638 985401461
294938928 295458798
89841300 95361402
472533518 473417533
130330168 130191050
455951661 457881318
694782384 752151464
659940678 659487330
821806765 821504839
915815035 916356147
924226517 925356913
854102394 854371321
215525582 214958318
71098677 72076317
39771757 42035216
504415799 504593747
886498105 886846923
118159885 116304209
736748620 737552825
198200987 197699223
451284732 451923739
991310527 990140078
738710385 739002077
29646011 29523156
388375023 388177837
961025229 956942394
222818718 219868347
292627117 293922142
445578827 445996297
945884878 946840241
568983780 569088198
126866919 125600516
366043306 364384035
667555548 668433618
659382339 662102028
909953283 907439669
784838627 784418345
21462380 20532461
93984006 94358772
331873795 331171714
995305210 998478233
273189183 273107577
33207002 33181959
34844164 34381652
507770678 540214830
29046930 29015366
765575007 767240740
160066515 157661963
46949865 64081539
131132102 334187
998683628 991672614
489006137 488559548
948485421 948631961
549279628 556806663
342605492 343423525
242765570 242776268
223224323 215872533
999697312 752203616
905480235 905395029
403468634 401985051
369756096 371432565
732882209 734518325
345989401 346589762
190748507 190691240
192628188 195852933
8287755 7875362
808118040 808972707
704383955 704364224
304682613 305094191
737485427 737091029
980914953 980948366
165789677 131900956
281460184 290725679
773550605 773451680
808198635 808254728
873184813 881089934
661710654 660358679
937360397 936186632
521299563 524474041
114872123 115955441
62514472 60479614
413154001 410519776
617847880 617931548
683017308 682228270
839161796 840019999
65325304 602984
23196273 23491065
642782692 643988759
334169504 335030872
649615701 649395485
798091455 800041522
715732988 714434000
865234211 866092798
990589994 990559244
76391233 76018309
800748784 800901252
387726697 388073923
808330261 809188790
332133061 331669376
13716809 13133868
538215613 538396297
633036951 632557047
922671786 922665690
381446473 382212059
117302568 116328696
267695080 267554462
290746192 275182569
872059961 873156716
22120960 22165420
959059173 958990383
411010710 412294807
168826150 168795636
433779899 434162174
722715861 722352497
390047583 389892649
303808289 305295369
7025068 11588189
83553858 83245826
384251049 257105057
375210087 371615420
430202932 429785970
59954358 57571344
662445867 662234774
555854573 554201657
250627551 250181834
345274286 345391980
924921857 925183472
43867263 44051637
57512775 57025253
245539997 245838003
866812227 863784671
43530711 43842447
928680306 935565052
847971017 847864371
419314897 418441404
42786729 42479444
99853025 101291590
793274461 797356285
959662147 958915807
533460270 533049771
637621808 635051401
952551680 952244833
852416253 854849770
966153356 965615365
898051928 898758462
888614093 886218214
422591315 423372978
753651443 755040340
248087001 247288937
666672861 667623921
327048584 326696377
39492854 32160165
74434400 74542103
548078667 547450151
826887768 829000084
764358904 764988549
230540679 229941209
149406107 150016776
935291188 934123943
393414134 385481286
244044800 244017316
473461789 469981157
150552990 151641071
561391918 561200969
48057712 48722092
966156063 966045250
322534401 322415072
538464149 539761072
60182260 56065722
278932019 279973973
854453032 853994930
784620898 784561344
328344645 326002206
178335583 178639253
820344354 752643396
286009398 286455440
116094582 108453672
769211499 767235989
216994122 218264628
513284639 514698075
984050217 984457030
781297159 781267877
477922839 476716509
478745282 479182608
52915915 55232863
744559168 744574041
239521812 240289911
246366870 243555625
330486324 330096348
874454848 873942985
657934984 656578081
129800030 128966794
342590958 340594467
697236869 697403856
62580879 63071120
401320677 401302838
701740399 695098974
659081901 656371801
742725448 742985976
15032317 14048705
51696169 53324643
27776847 24814270
657297570 657257076
901575968 899150009
242791350 242960489
535454770 536504357
738513750 738403981
692545685 693042120
349047535 349149839
823225431 822881289
145319727 146760890
69330805 65685583
18608210 19143553
900951233 901092422
36435219 38680049
171244598 172736674
104452134 105606450
96181605 97780005
845046852 844661825
286958253 282784293
199267002 198795445
679910384 666036317
245108330 246333209
211518625 211586383
406694713 413486090
116833284 116747794
96000118 96068054
801785033 801803783
83963070 84851124
105873275 105170254
866634267 864710416
346503341 346200321
287676507 287747476
196031317 189850597
612836193 612827332
352881560 356750428
492581029 494678613
463576686 463880858
277197741 278472570
622606692 623114748
613513595 612228073
72045023 72471963
209049647 208336112
586494430 587351350
104799877 104784343
405632522 405736775
810943642 809848527
141061672 140421260
475783542 476021283
646351946 646170509
884992462 885528197
429098738 435225299
542454016 541633207
756997155 759076327
870491838 871482444
260548071 260030408
204968898 204438851
335281346 332182424
130641138 116104973
549838862 551666981
816285636 819375311
26758131 26753574
883020713 883959186
721413058 720290066
214555517 213957640
512835986 512600724
209598207 223395804
836432678 836119553
912346784 911076195
617486459 617609324
249837089 250540253
230402285 230117692
225375811 230680970
258895761 259516496
824941344 820542528
874789632 873826899
695376694 696838266
530683916 530411887
346113156 344709576
245435136 246242499
835774137 836460485
448726016 448975300
16607205 15534699
95610325 96002431
838567621 837670658
745637326 745617949
990807536 990519520
212980148 211150673
846585447 846466556
410992326 406796943
599918163 601212092
736909701 737226141
484219806 483981855
968237439 966440197
850175641 849639505
309290564 309400145
372787345 374489130
360690570 360618182
241517319 241960170
594699473 594946634
440942770 441284195
215326889 215289381
608389491 613534805
901691055 906813676
793557899 788864445
559141304 557963389
597292692 595884843
161588898 160060590
986964346 986616183
897862551 899016592
321796136 324965719
468984312 469892580
986569482 989038413
532618518 537965867
512713631 512704028
691212750 691580162
589530067 585954554
303558464 302649255
840506885 838790399
402241849 402368849
67944708 68126988
995617822 996942401
650416587 650706418
687838859 688594123
47350567 31609280
848666984 847620916
23167204 21845505
443675089 450047066
106795472 107361017
334565057 334513456
214151134 214431629
894072035 893937730
472533543 470117943
18360076 1077787
354315920 353206181
620536837 620436196
469781758 469605062
118329578 118396250
537355265 536107831
708882715 718210732
524620038 540095562
637279956 637471279
684364066 686123357
635037099 633641372
662231973 663218801
512212942 508083790
346741769 351422521
727504801 729281650
596260881 597253765
823475909 821979978
379479733 377883329
497444229 497038539
678516308 678013278
177024389 177437581
74850752 74202580
172431172 172470554
610453610 611708297
255014219 241225923
638058059 752159398
454178542 453853560
144028010 148365103
897641611 907309336
319402982 320177999
773287544 773484182
913272769 882476709
747028989 747412263
886361763 887697064
338123093 339396897
412479468 412601415
453820810 454350875
5995007 5480813
177666942 180073085
816149627 815538096
134484417 134559183
291196926 321039874
244804979 244352997
299098432 300105027
135335469 132721789
882938090 884253511
531529617 531306606
937362741 937840927
90263769 91724301
435120058 434248064
629114737 629194555
328358280 324934620
680740337 682121973
486696866 487801835
656722498 657413805
600550859 601180644
134722727 133733357
923074243 923347555
585009635 584654304
619118438 621979979
523106356 522821733
398003485 397971827
835961483 836106058
213630156 209932846
801155640 803455117
211828995 212681979
942418750 942466937
118989160 118321106
435076326 434670002
15014197 14651413
943088265 943052327
411892532 411551592
981038066 981580426
359962521 366739629
676497931 676848636
499923572 500145716
817605943 817882850
576170755 578158212
783184822 783140405
749526512 751322729
75472567 75588421
832786525 830087227
109541746 109620911
573391154 605603556
83861006 82413845
127270764 128325707
834976398 835587754
429478224 429891006
920442995 919248558
356409580 356292561
938547167 938321816
744025731 741050832
426201269 425810162
889171058 888810601
913227915 940188147
61215123 60807264
164089465 163939946
423257499 425311998
995718948 996536010
704949744 708060437
440971353 441534732
337310645 338100790
881800060 999606723
703474170 702813898
810911614 811044326
732665992 731687582
86450723 87616612
398282130 398028800
890232979 889939575
319949206 320169328
461525162 462838730
578497977 574007262
397314904 395786001
790279880 790143939
24763731 18470086
234460249 234523468
117734160 117129294
746255847 751900204
777165073 776745337
113035960 113425864
931368583 931886737
825604721 826138488
362526688 363145081
568295460 571744321
234389407 234324296
161967968 163806665
930100672 930772148
998740708 985405500
835519210 835768721
748687404 748981201
638227569 665783995
396574096 397247177
280614025 280750821
438979443 439358843
268899414 268436457
721475151 721389129
890555131 889844913
883085203 883416962
43993742 43409259
135366644 137155066
132768965 133800316
102385842 102761741
175676696 175983081
598606236 600011698
515827592 519357111
284884977 283371427
853559308 852543473
478610977 481766529
336768100 338016900
986759172 986792018
685300518 684912837
150073839 152511097
625558656 625718686
721717388 725224976
258265957 259005451
169249543 168772810
16261895 16319064
17488660 16748053
877994088 878034596
682595395 682426472
959126499 959663194
796705624 796044113
683881381 684349129
199494189 203817966
198771978 198635280
31386587 754540
488782425 488906042
629497586 629682868
498905660 502867120
87635953 88724782
882664396 886168187
685859383 685905357
506646961 999969267
297902587 294455891
969746128 969150436
383209250 382979667
219286907 217731205
442622814 505549488
452171261 452900913
975338579 979472662
752796040 770162809
445061763 443756593
771536788 772947317
907897369 908906437
342130464 342186734
360953350 360363930
952980890 952241971
464139457 463262805
905285112 906642642
937405720 937545042
96511919 97446235
839916076 840127041
258525527 258582289
947558906 941329008
690854220 687539003
372145839 368128647
974608202 974814062
931005456 931718662
383930154 505681872
799070895 798118470
233924978 224920252
856151480 858400499
593031278 591908321
232683578 233013772
682749818 682995244
591805909 591363595
730824768 729777141
526794511 527708117
333995238 335161104
410292218 409954063
373422940 374230500
405963490 406171980
368806348 369491663
803601686 797673413
148657815 132073122
118051763 119540681
81098459 73790501
358806184 358990014
447610015 447240016
477626065 477765776
819616577 813271246
876059147 877254997
792884743 792515775
861768957 862305072
894936172 893914855
419090174 418754374
464482772 466126090
46200003 45979148
376720307 376027141
598778413 599306720
707869308 706881852
598067839 590562718
68854591 68631199
575615025 574709703
494426828 493379003
121006326 122422760
142149782 143744979
233543297 240624698
426930398 426207408
257960375 260022234
973991922 972568544
734862946 736889738
651192132 644914429
660122547 659883007
10263683 11102692
913468821 928637183
503610170 503103575
510054444 509393206
785407252 786284569
849402835 849356951
241319963 246530860
456189885 457287606
226510137 227449155
235239972 235783759
55520974 50767353
820734947 821724539
328825601 332414136
123531164 123897970
16478697 17947414
59031830 59926875
756782874 754975219
513888383 514622008
202200483 203581616
882283582 941017314
86864312 86680096
467967712 469498607
601409366 598481351
274997504 270453269
51050730 47694536
982720450 982079357
126049123 126216897
677524364 677093822
397669213 398256037
889228847 889168646
735873901 735618593
386400006 386523137
463550456 463495113
136169310 136953548
630543298 630638952
146323643 145560811
44166830 43358331
57172386 56489176
121241061 121056666
29954224 27873725
200173902 201235612
32598297 35401699
637787731 605358673
738775780 738061837
436639537 435409009
141755124 139623657
255477860 223599639
750665572 750572065
467646483 459946857
195144845 195248612
488633894 488687288
632248108 635188525
564945592 560542918
325943262 325673700
249090889 249551093
383521529 375248233
463381345 460340458
984569978 983853853
742939891 742476893
453518016 450745792
593483090 597473739
694895898 638178145
581563996 580307250
947470681 956132098
726593060 740887806
3446349 5905342
370104397 369855000
911352544 912281329
964502421 960883935
694107707 679698274
643647795 642801268
263889882 265337301
433547262 434261832
787450839 769829342
781213174 781576011
27398219 26128046
910766950 910706100
385980180 386515756
291710325 306675183
874127360 874067282
802289182 803420106
393898017 395874277
495102253 496591866
744941736 746086714
637681135 630969287
774493423 777590898
880081298 879490569
843741425 843148224
250102157 249945282
783354963 783444349
974190850 974611594
213192967 215688762
387111194 388313152
150072447 149761776
257363805 291397846
989886110 989400661
407607387 407346398
197616675 198380298
648160931 651180255
965894800 965928242
312319091 312324896
178246659 178201744
785298489 784788004
850356954 851140338
790494771 790945749
729819769 729985724
864587042 864703947
569680887 571693693
925522196 922195720
27561694 31296718
637496862 636727065
767817571 768582760
756219959 755947489
360303747 364002822
976575671 976395658
449186583 447623374
670545006 670680635
945594098 944203844
515250420 507946984
820343500 881331972
205636775 205920413
415634270 414956004
922437287 923149940
638322181 645102482
975390985 972533818
338519782 336286763
529600067 530507933
158125077 158321518
342467240 343933238
106276854 104434367
833895926 833368253
549223176 544412453
627104277 626853528
719611944 719925715
318166993 319238578
741779991 741556789
556419671 556663403
50301208 50731891
604761029 603210782
895055744 894638095
725246059 718172831
255498373 196381858
3227124 6167781
848839212 851226599
991736927 986382319
566230660 566403123
231616402 231467127
352192110 383561781
745809031 746062886
495211235 495832684
193507274 194785828
338708968 338717091
949759320 948214432
637885439 572736819
877491382 873690208
561724774 561830077
291929880 292707107
927756209 927456370
472034794 471514823
24872251 26166595
320055332 319767704
168126 256569319
196963823 209911347
468818424 468498652
544671106 547089987
535174560 532635058
115746046 115299802
312924225 313261826
867691154 870033564
56839355 56924096
964539867 971581887
240464770 236236755
868837559 867925172
711481019 712438979
783364127 782876676
581531402 581198350
865414401 866096542
604837271 601351391
513970496 513950865
432371965 432361656
547352472 547379632
360889718 360722923
929670673 930112582
366328050 366174920
85734959 89501078
490434391 489698144
862676369 863749566
893413663 891742041
112692767 110639813
847978664 848567740
925713868 927037775
196433756 131838382
822800054 822635595
855250532 855784390
331273287 331290020
147441962 147699166
951266921 951235459
864606808 864211407
579773077 579490501
796018153 795858038
746138355 743785035
542562900 544359267
13899490 13624700
604403972 603704407
971804058 956258623
130493335 128360294
186433183 185043941
838483119 838568532
222674883 222244036
374732095 374558132
324923840 322736809
33045645 33945078
74180040 77046171
451190689 452208757
726145279 752127596
208151846 209179065
646218677 645688336
279319115 279349660
812761790 811709451
946301808 946004947
422134035 429048256
411428723 411084612
10321561 10662839
730781320 730134698
698594727 698435588
533793397 534887296
651006403 649743995
192201778 192168740
478330387 474968725
775263695 774867504
891466018 891283729
950055476 949614277
868497276 868709641
596171113 596250720
928524580 940185914
36743409 36793398
169200245 169667922
161365027 161539189
402078653 402880511
422909153 422922791
470247891 471795182
813626760 814344066
210499672 210344717
276823641 276937229
194057938 193734145
73920878 65579327
793248463 791095973
222504344 222441405
314345990 316863836
904573827 903076044
232225974 230772120
707416941 707653132
497550121 497843516
575681375 575493172
444894633 446389103
868306889 868654813
332514264 334006773
206222749 209406540
347623729 349084047
640605518 641278842
161835016 157318754
15725404 16303181
178957826 179281677
357636338 357367197
690980884 691864764
950595797 948136073
332869813 333194564
260825523 266494251
342730676 342613145
386715832 389142776
666355630 668787185
943359027 942798588
659577641 659716933
173088042 173801930
559864739 559917950
343945538 339914235
629692065 628462364
564038926 562746871
656232811 655496920
175310932 175554674
501433953 502303898
436292504 436153656
123112755 121251033
12632586 14068354
926921465 926185420
413759293 400649408
347400641 349419153
549300222 540653157
663043883 663658583
699322390 699290893
14219181 14721805
693000340 693639851
847825724 848513845
81124224 98457830
267510504 268448618
107347921 107604649
838935268 837584957
276789515 277123096
846726233 847263471
945172711 944302349
551617735 551700463
682274355 680507227
545540817 546208203
829712975 834210806
909220829 909410872
139502532 142224467
843484083 842468512
920765173 919613121
690804688 693945032
593948587 596101470
558251797 558230626
648046505 646693898
895913654 895834516
477412891 477468756
79703152 80031645
190956065 191351688
958760678 957035033
952700614 955521776
68687531 67508937
78613012 78181464
30219912 30848612
884282942 884919326
999090907 940879620
406896649 408753781
642245218 642021159
703156573 702080718
369785159 368405073
857352370 857228581
21717395 18537369
438572100 442064523
658026803 658746677
190122388 193311826
710445802 709361631
20433126 20484764
338980159 339284749
929554569 932464191
607791049 608096423
657628735 658855718
817151066 817107920
947921407 952226886
352753749 360239185
762009544 761439750
505133565 498472185
739143488 740350822
817999669 816373664
553723470 553439982
466497484 467121097
241321989 243719766
77776986 77778151
204007304 197390738
156596973 154854954
235715195 234887367
813906972 813646289
853185720 852825887
734166919 734038729
148112053 147384636
814882022 813514214
507537228 572931497
419622868 419789271
176145446 177538539
450308389 454640061
981873985 983060217
246491104 254958755
487044512 483777465
938236409 939204000
983381643 983553039
24897616 25434788
642460890 642018468
325099617 326367353
639669132 639132464
987226427 988892513
483594239 474807134
448188441 448935482
