100
400924 -257025
400924 -256676
400924 -386693
400924 -280728
400924 -230492
400924 -314915
400924 -230326
400924 -239072
400924 -408544
400924 -287547
400924 -367425
400924 -375410
400924 -301330
400924 -239269
400924 -324615
400924 -281339
400924 -413197
400924 -385401
400924 -374586
400924 -232748
400924 -265916
400924 -266884
400924 -314141
400924 -260327
400924 -225153
400924 -328014
400924 -295001
400924 -384377
400924 -423710
400924 -361494
400924 -376634
400924 -376884
400924 -385996
400924 -322026
400924 -302858
400924 -340424
400924 -351108
400924 -311040
400924 -361230
400924 -388597
400924 -240406
400924 -354222
400924 -362159
400924 -350939
400924 -402472
400924 -306236
400924 -393659
400924 -246003
400924 -224227
400924 -317651
400924 -262573
400924 -304227
400924 -422968
400924 -355288
400924 -349328
400924 -260532
400924 -243946
400924 -265733
400924 -231190
400924 -274837
400924 -395847
400924 -287011
400924 -291055
400924 -262578
400924 -365496
400924 -335740
400924 -249788
400924 -285713
400924 -289513
400924 -337775
400924 -290655
400924 -361174
400924 -240801
400924 -390134
400924 -324479
400924 -336912
400924 -333716
400924 -318550
400924 -410384
400924 -241973
400924 -414665
400924 -285761
400924 -311860
400924 -305158
400924 -243356
400924 -364819
400924 -376691
400924 -271133
400924 -351168
400924 -261901
400924 -294219
400924 -417561
400924 -319589
400924 -270376
400924 -314035
400924 -260829
400924 -371032
400924 -293063
400924 -360919
400924 -303324
400924 -307794
400924 -345360
400924 -273632
400924 -406245
400924 -357563
400924 -323739
400924 -385645
400924 -237834
400924 -344894
400924 -362505
400924 -386317
400924 -398430
400924 -382485
400924 -353999
400924 -314502
400924 -417028
400924 -283399
400924 -271584
400924 -292930
400924 -408949
400924 -258084
400924 -297279
400924 -343991
400924 -387891
400924 -355155
400924 -346888
400924 -404272
400924 -287299
400924 -407812
400924 -235021
400924 -271527
400924 -417892
400924 -328629
400924 -311306
400924 -402215
400924 -263841
400924 -272808
400924 -286059
400924 -262222
400924 -312478
400924 -297050
400924 -353217
400924 -343060
400924 -262817
400924 -293996
400924 -297110
400924 -377842
400924 -409146
400924 -224508
400924 -280793
400924 -245746
400924 -330567
400924 -387389
400924 -367490
400924 -310443
400924 -382302
400924 -417726
400924 -373381
400924 -381334
400924 -377085
400924 -286988
400924 -391542
400924 -277186
400924 -230657
400924 -385640
400924 -298890
400924 -337178
400924 -366879
400924 -360671
400924 -252371
400924 -407417
400924 -415470
400924 -254559
400924 -362457
400924 -404862
400924 -239674
400924 -391193
400924 -259621
400924 -423065
400924 -287044
400924 -358705
400924 -320204
400924 -233553
400924 -361207
400924 -271334
400924 -323603
400924 -326192
400924 -261525
400924 -282722
400924 -225250
400924 -336358
400924 -334183
400924 -423991
400924 -387686
400924 -341982
400924 -329668
400924 -334077
400924 -333303
400924 -286724
400924 -357163
