100
95174 459388
95174 564057
95174 390672
95174 419926
95174 400423
95174 424699
95174 392862
95174 474952
95174 429429
95174 467844
95174 535151
95174 475950
95174 409002
95174 553839
95174 394485
95174 461362
95174 484110
95174 537052
95174 528418
95174 399985
95174 528830
95174 585503
95174 525843
95174 523020
95174 425120
95174 515114
95174 553295
95174 527793
95174 549509
95174 487051
95174 477535
95174 463881
95174 583845
95174 396850
95174 453898
95174 503631
95174 393375
95174 536406
95174 481521
95174 472908
95174 423191
95174 395496
95174 552445
95174 512532
95174 586682
95174 492407
95174 430130
95174 532355
95174 400954
95174 473670
95174 499776
95174 454602
95174 414179
95174 392986
95174 492533
95174 534103
95174 514727
95174 463069
95174 443522
95174 434895
95174 433595
95174 438521
95174 538948
95174 432063
95174 542436
95174 453379
95174 565081
95174 567927
95174 479278
95174 472015
95174 568376
95174 535141
95174 567760
95174 392011
95174 439835
95174 524229
95174 413263
95174 507050
95174 413278
95174 535658
95174 469007
95174 404081
95174 445135
95174 457351
95174 538030
95174 537761
95174 587575
95174 529086
95174 586123
95174 546828
95174 428939
95174 480869
95174 582819
95174 439823
95174 549258
95174 568140
95174 491130
95174 512480
95174 493916
95174 564785
-104826 472908
-104826 445135
-104826 512480
-104826 428939
-104826 454602
-104826 537052
-104826 413263
-104826 523020
-104826 583845
-104826 453898
-104826 480869
-104826 529086
-104826 439835
-104826 549258
-104826 487051
-104826 568376
-104826 564785
-104826 528830
-104826 443522
-104826 463881
-104826 493916
-104826 429429
-104826 473670
-104826 585503
-104826 492407
-104826 469007
-104826 567927
-104826 537761
-104826 432063
-104826 535658
-104826 587575
-104826 536406
-104826 461362
-104826 438521
-104826 515114
-104826 542436
-104826 392011
-104826 404081
-104826 481521
-104826 434895
-104826 546828
-104826 463069
-104826 534103
-104826 479278
-104826 528418
-104826 393375
-104826 394485
-104826 472015
-104826 395496
-104826 453379
-104826 484110
-104826 433595
-104826 439823
-104826 582819
-104826 524229
-104826 475950
-104826 586682
-104826 567760
-104826 538948
-104826 400954
-104826 553839
-104826 492533
-104826 527793
-104826 390672
-104826 535141
-104826 491130
-104826 512532
-104826 414179
-104826 423191
-104826 467844
-104826 424699
-104826 565081
-104826 499776
-104826 474952
-104826 503631
-104826 507050
-104826 564057
-104826 459388
-104826 413278
-104826 535151
-104826 430130
-104826 586123
-104826 525843
-104826 400423
-104826 552445
-104826 399985
-104826 532355
-104826 396850
-104826 538030
-104826 425120
-104826 392986
-104826 549509
-104826 409002
-104826 553295
-104826 568140
-104826 419926
-104826 514727
-104826 392862
-104826 457351
-104826 477535
