100
965158 146836
965158 102059
965158 144273
965158 149139
965158 123038
965158 157346
965158 64117
965158 133423
965158 134217
965158 94815
965158 191115
965158 19542
965158 153243
965158 93454
965158 190548
965158 159244
965158 193124
965158 196413
965158 150568
965158 186644
965158 142453
965158 53637
965158 85816
965158 77255
965158 76086
965158 29313
965158 125454
965158 91518
965158 54742
965158 165180
965158 104007
965158 63686
965158 95764
965158 53007
965158 75032
965158 141492
965158 127301
965158 116939
965158 31151
965158 4549
965158 25241
965158 162425
965158 185050
965158 181684
965158 95952
965158 157548
965158 123739
965158 188431
965158 33893
965158 135872
965158 159819
965158 186020
965158 124127
965158 156424
965158 112007
965158 195509
965158 29596
965158 190242
965158 164038
965158 94550
965158 83830
965158 81205
965158 83217
965158 184624
965158 185369
965158 14217
965158 83227
965158 186817
965158 88596
965158 178499
965158 443
965158 34503
965158 4679
965158 71456
965158 76258
965158 80931
965158 194668
965158 123444
965158 99562
965158 48955
965158 94260
965158 8959
965158 41544
965158 57095
965158 104375
965158 62170
965158 166198
965158 190303
965158 37279
965158 75284
965158 147387
965158 126642
965158 75211
965158 12590
965158 80502
965158 138210
965158 93823
965158 161997
965158 195622
965158 168869
765158 62170
765158 83217
765158 125454
765158 41544
765158 184624
765158 146836
765158 93454
765158 186020
765158 149139
765158 157548
765158 8959
765158 181684
765158 53637
765158 77255
765158 57095
765158 190548
765158 159244
765158 190242
765158 133423
765158 186644
765158 99562
765158 37279
765158 64117
765158 126642
765158 134217
765158 53007
765158 12590
765158 168869
765158 81205
765158 188431
765158 76086
765158 443
765158 95764
765158 191115
765158 157346
765158 135872
765158 193124
765158 190303
765158 178499
765158 166198
765158 161997
765158 196413
765158 85816
765158 144273
765158 91518
765158 76258
765158 142453
765158 93823
765158 138210
765158 141492
765158 31151
765158 123038
765158 33893
765158 123739
765158 80502
765158 102059
765158 4679
765158 116939
765158 124127
765158 54742
765158 71456
765158 147387
765158 48955
765158 83830
765158 80931
765158 94260
765158 25241
765158 123444
765158 112007
765158 127301
765158 185050
765158 88596
765158 153243
765158 95952
765158 94815
765158 104375
765158 162425
765158 185369
765158 104007
765158 150568
765158 195622
765158 19542
765158 75032
765158 186817
765158 164038
765158 195509
765158 75211
765158 94550
765158 34503
765158 4549
765158 159819
765158 29313
765158 14217
765158 83227
765158 156424
765158 194668
765158 63686
765158 75284
765158 29596
765158 165180
