100
642607 473312
642607 557973
642607 497417
642607 535829
642607 446147
642607 494722
642607 473392
642607 538893
642607 518499
642607 460490
642607 577742
642607 452237
642607 402905
642607 416174
642607 567783
642607 487812
642607 514349
642607 435145
642607 505086
642607 393271
642607 532048
642607 534920
642607 553309
642607 439753
642607 431391
642607 439825
642607 547157
642607 451800
642607 566056
642607 397306
642607 502110
642607 493317
642607 388507
642607 534141
642607 394226
642607 522487
642607 505641
642607 546529
642607 517852
642607 511682
642607 505801
642607 481398
642607 512997
642607 398225
642607 505057
642607 464173
642607 528459
642607 392699
642607 500482
642607 546756
642607 394981
642607 528280
642607 510111
642607 536990
642607 459701
642607 423570
642607 567549
642607 540500
642607 467032
642607 581378
642607 414283
642607 470271
642607 455158
642607 572709
642607 566086
642607 486447
642607 468909
642607 451975
642607 404540
642607 549017
642607 543730
642607 480699
642607 391857
642607 469891
642607 440126
642607 573641
642607 485704
642607 518567
642607 470907
642607 570648
642607 404095
642607 499597
642607 488912
642607 511811
642607 551700
642607 503084
642607 415334
642607 575551
642607 395140
642607 527813
642607 561375
642607 562243
642607 446714
642607 476564
642607 384058
642607 440012
642607 443395
642607 468260
642607 395177
642607 520663
642607 415893
642607 521515
642607 462800
642607 397361
642607 398824
642607 417753
642607 518763
642607 450561
642607 403535
642607 496001
642607 479206
642607 444247
642607 413210
642607 430769
642607 459109
642607 467493
642607 491598
642607 436630
642607 491518
642607 411601
642607 569733
642607 392201
642607 524898
642607 459269
642607 560370
642607 494639
642607 494003
642607 418154
642607 550627
642607 447058
642607 387168
642607 518196
642607 525085
642607 436451
642607 464428
642607 488346
642607 446411
642607 567604
642607 418381
642607 429081
642607 432862
642607 512935
642607 571639
642607 505209
642607 451913
642607 437097
642607 461826
642607 504420
642607 454799
642607 398854
642607 465313
642607 483512
642607 497878
642607 562005
642607 424410
642607 446343
642607 389359
642607 459853
642607 529765
642607 573053
642607 509752
642607 394262
642607 383532
642607 524784
642607 484211
642607 478463
642607 513110
642607 453228
642607 512673
642607 566685
642607 477098
642607 402667
642607 453099
642607 572211
642607 580852
642607 495019
642607 426017
642607 569770
642607 397127
642607 570684
642607 470188
642607 471593
642607 496650
642607 406937
642607 541340
642607 533519
642607 391269
642607 576403
642607 429990
642607 548736
642607 442423
642607 475998
642607 525157
642607 427920
642607 549576
642607 560815
642607 569929
642607 459824
642607 421180
642607 500737
