100
4685 -55712
4685 76585
4685 115777
4685 -64941
4685 -54764
4685 -23239
4685 14901
4685 -19655
4685 -29867
4685 71465
4685 -3239
4685 101383
4685 -59864
4685 -57664
4685 -20861
4685 -15531
4685 57451
4685 35019
4685 47349
4685 93046
4685 27308
4685 -28367
4685 106260
4685 -7730
4685 67348
4685 -63711
4685 9299
4685 100340
4685 97908
4685 79432
4685 46358
4685 74205
4685 -4296
4685 26279
4685 20853
4685 -22359
4685 -10277
4685 71578
4685 -70392
4685 117113
4685 53903
4685 -568
4685 84222
4685 74566
4685 53606
4685 -18827
4685 -20099
4685 -33649
4685 34043
4685 -17506
4685 -35146
4685 64935
4685 13734
4685 -13812
4685 -40549
4685 48745
4685 38054
4685 66319
4685 90335
4685 95606
4685 -37690
4685 -31659
4685 17807
4685 103599
4685 73502
4685 -55884
4685 -29537
4685 65605
4685 -58819
4685 5520
4685 -66989
4685 96814
4685 37856
4685 114892
4685 93232
4685 114345
4685 -4612
4685 -73388
4685 -75898
4685 9434
4685 -71189
4685 -72794
4685 84220
4685 76486
4685 -66656
4685 8096
4685 106956
4685 11483
4685 21122
4685 -46277
4685 29124
4685 17084
4685 120734
4685 -20298
4685 -44024
4685 97032
4685 -14413
4685 84763
4685 -23944
4685 72000
-195315 34043
-195315 72000
-195315 35019
-195315 95606
-195315 -3239
-195315 96814
-195315 -64941
-195315 48745
-195315 -57664
-195315 -55884
-195315 115777
-195315 93046
-195315 -15531
-195315 103599
-195315 117113
-195315 -10277
-195315 -20099
-195315 -73388
-195315 -29537
-195315 -568
-195315 8096
-195315 -71189
-195315 -14413
-195315 64935
-195315 29124
-195315 -20861
-195315 37856
-195315 -17506
-195315 20853
-195315 71578
-195315 26279
-195315 67348
-195315 -55712
-195315 53903
-195315 84220
-195315 17807
-195315 79432
-195315 -33649
-195315 -4296
-195315 -46277
-195315 106260
-195315 -19655
-195315 -23239
-195315 74205
-195315 97908
-195315 27308
-195315 65605
-195315 -18827
-195315 74566
-195315 53606
-195315 -37690
-195315 17084
-195315 71465
-195315 21122
-195315 -23944
-195315 76486
-195315 66319
-195315 101383
-195315 -20298
-195315 73502
-195315 -72794
-195315 -44024
-195315 76585
-195315 -59864
-195315 -7730
-195315 -22359
-195315 120734
-195315 90335
-195315 106956
-195315 -35146
-195315 5520
-195315 -4612
-195315 9434
-195315 13734
-195315 38054
-195315 114892
-195315 14901
-195315 -58819
-195315 -70392
-195315 84222
-195315 -28367
-195315 46358
-195315 97032
-195315 114345
-195315 -66656
-195315 84763
-195315 11483
-195315 100340
-195315 -40549
-195315 9299
-195315 -31659
-195315 93232
-195315 47349
-195315 -75898
-195315 -66989
-195315 -29867
-195315 -63711
-195315 -54764
-195315 57451
-195315 -13812
