100
-235690 -411630
-235690 -332093
-235690 -308675
-235690 -368930
-235690 -354969
-235690 -416735
-235690 -392710
-235690 -439644
-235690 -389776
-235690 -479416
-235690 -415555
-235690 -317153
-235690 -382745
-235690 -312178
-235690 -412588
-235690 -334827
-235690 -354044
-235690 -359044
-235690 -450991
-235690 -467761
-235690 -451548
-235690 -324941
-235690 -350210
-235690 -419627
-235690 -343698
-235690 -425640
-235690 -333329
-235690 -313134
-235690 -399986
-235690 -433871
-235690 -404742
-235690 -320292
-235690 -381353
-235690 -341883
-235690 -398532
-235690 -424993
-235690 -325631
-235690 -358957
-235690 -383906
-235690 -342410
-235690 -466046
-235690 -460282
-235690 -467566
-235690 -362368
-235690 -315285
-235690 -455539
-235690 -384375
-235690 -425729
-235690 -362829
-235690 -485530
-235690 -293430
-235690 -394245
-235690 -347798
-235690 -292055
-235690 -484842
-235690 -339681
-235690 -355399
-235690 -327928
-235690 -473402
-235690 -452806
-235690 -352633
-235690 -407022
-235690 -420744
-235690 -484383
-235690 -330284
-235690 -448202
-235690 -426308
-235690 -303261
-235690 -420013
-235690 -446485
-235690 -356751
-235690 -458635
-235690 -466529
-235690 -461849
-235690 -365320
-235690 -454102
-235690 -317545
-235690 -489275
-235690 -410231
-235690 -384147
-235690 -482235
-235690 -390369
-235690 -421763
-235690 -433965
-235690 -421597
-235690 -339697
-235690 -443135
-235690 -294081
-235690 -479290
-235690 -419312
-235690 -294953
-235690 -478814
-235690 -407098
-235690 -345941
-235690 -299258
-235690 -309914
-235690 -419475
-235690 -365085
-235690 -426003
-235690 -307165
-235690 -388766
-235690 -315430
-235690 -427432
-235690 -463931
-235690 -449383
-235690 -360732
-235690 -397329
-235690 -295946
-235690 -426077
-235690 -469298
-235690 -422432
-235690 -356483
-235690 -359879
-235690 -464323
-235690 -321194
-235690 -347511
-235690 -362164
-235690 -398731
-235690 -361463
-235690 -441779
-235690 -419108
-235690 -397101
-235690 -302662
-235690 -488046
-235690 -376734
-235690 -328670
-235690 -359713
-235690 -327374
-235690 -325937
-235690 -489421
-235690 -313715
-235690 -299241
-235690 -468342
-235690 -355836
-235690 -329928
-235690 -441795
-235690 -472801
-235690 -416156
-235690 -391700
-235690 -456535
-235690 -418647
-235690 -313910
-235690 -322841
-235690 -437778
-235690 -433678
-235690 -439593
-235690 -451192
-235690 -355473
-235690 -471562
-235690 -397570
-235690 -314947
-235690 -297093
-235690 -422519
-235690 -381490
-235690 -361849
-235690 -368888
-235690 -364741
-235690 -347605
-235690 -341832
-235690 -435535
-235690 -446649
-235690 -382944
-235690 -387231
-235690 -374454
-235690 -439066
-235690 -391107
-235690 -431266
-235690 -338341
-235690 -308074
-235690 -466191
-235690 -333274
-235690 -296634
-235690 -416391
-235690 -369846
-235690 -371245
-235690 -365921
-235690 -302060
-235690 -424725
-235690 -400123
-235690 -455845
-235690 -453548
-235690 -461184
-235690 -428843
-235690 -474311
-235690 -482218
-235690 -478215
-235690 -330485
-235690 -487395
-235690 -486523
-235690 -412546
-235690 -292201
-235690 -448147
-235690 -319627
-235690 -362001
-235690 -426507
-235690 -355168
-235690 -355747
-235690 -302186
-235690 -334991
-235690 -374378
