1000
535530 111402
535530 44058
535530 203436
535530 173183
535530 232885
535530 202731
535530 56464
535530 133423
535530 87144
535530 141168
535530 129010
535530 59240
535530 149186
535530 43317
535530 39540
535530 150016
535530 107101
535530 73062
535530 137496
535530 192077
535530 187474
535530 152872
535530 71954
535530 154757
535530 90345
535530 170477
535530 82200
535530 155108
535530 50733
535530 108042
535530 60502
535530 179122
535530 65573
535530 225594
535530 217179
535530 104392
535530 153126
535530 46304
535530 148095
535530 162255
535530 119664
535530 227659
535530 56545
535530 97080
535530 141631
535530 163835
535530 180480
535530 119914
535530 206750
535530 165004
535530 87814
535530 127391
535530 170516
535530 158505
535530 161932
535530 196258
535530 211420
535530 55776
535530 179449
535530 63481
535530 195420
535530 98585
535530 209947
535530 104214
535530 114348
535530 202029
535530 129086
535530 37813
535530 136564
535530 187668
535530 150583
535530 127561
535530 53824
535530 183290
535530 75258
535530 56956
535530 43736
535530 104957
535530 192026
535530 127950
535530 156242
535530 185952
535530 210222
535530 211728
535530 87236
535530 127983
535530 39600
535530 234782
535530 235042
535530 199922
535530 73998
535530 54852
535530 140957
535530 131106
535530 169092
535530 99931
535530 125645
535530 110956
535530 90872
535530 128230
535530 77282
535530 194212
535530 52947
535530 131484
535530 80618
535530 102172
535530 178992
535530 96189
535530 126869
535530 169451
535530 56322
535530 45437
535530 102310
535530 228377
535530 149084
535530 40035
535530 174360
535530 87519
535530 197424
535530 128205
535530 82432
535530 189202
535530 217655
535530 177116
535530 228899
535530 105700
535530 109020
535530 116206
535530 77364
535530 157291
535530 92817
535530 130558
535530 151575
535530 221391
535530 220588
535530 153554
535530 85689
535530 231365
535530 180844
535530 49694
535530 86619
535530 75350
535530 172648
535530 107033
535530 182576
535530 146874
535530 218524
535530 197207
535530 118805
535530 49165
535530 114485
535530 159095
535530 115521
535530 184378
535530 45520
535530 76580
535530 123290
535530 180239
535530 106033
535530 75859
535530 172583
535530 175526
535530 52764
535530 63474
535530 190390
535530 90688
535530 64684
535530 50205
535530 82535
535530 224300
535530 118504
535530 142390
535530 206380
535530 107158
535530 230511
535530 146931
535530 227404
535530 201720
535530 195040
535530 44619
535530 131040
535530 165340
535530 47704
535530 110465
535530 216396
535530 145697
535530 101574
535530 177214
535530 200042
535530 71460
535530 137531
535530 187409
535530 181873
535530 97042
535530 198649
535530 225442
535530 78319
535530 154912
535530 221311
535530 123695
535530 111691
535530 132717
535530 92132
535530 138543
535530 206020
535530 196202
535530 58965
535530 100055
535530 227905
535530 163600
535530 168182
535530 42647
535530 197587
535530 149502
535530 57927
535530 223216
535530 75469
535530 201938
535530 105554
535530 69573
535530 66274
535530 205270
535530 40818
535530 73190
535530 79943
535530 174810
535530 73633
535530 38755
535530 97116
535530 175138
535530 48624
535530 75911
535530 220155
535530 56814
535530 229085
535530 108566
535530 232388
535530 141201
535530 183872
535530 168668
535530 208025
535530 44210
535530 155892
535530 229699
535530 120077
535530 188871
535530 103808
535530 153013
535530 98159
535530 187301
535530 189247
535530 80611
535530 218761
535530 228860
535530 204811
535530 149669
535530 45794
535530 172055
535530 209273
535530 126698
535530 43728
535530 185507
535530 56478
535530 67983
535530 89453
535530 41883
535530 196064
535530 190944
535530 116895
535530 213971
535530 223972
535530 72722
535530 147684
535530 166157
535530 52439
535530 129214
535530 212855
535530 146431
535530 107468
535530 207074
535530 194501
535530 38089
535530 44410
535530 192188
535530 191153
535530 217698
535530 38658
535530 228836
535530 230300
535530 154119
535530 58588
535530 221359
535530 49550
535530 212035
535530 114027
535530 79750
535530 200110
535530 66964
535530 197026
535530 202557
535530 143664
535530 64418
535530 219780
535530 179805
535530 182550
535530 97270
535530 211560
535530 202227
535530 41241
535530 116518
535530 168189
535530 176871
535530 156331
535530 161252
535530 115397
535530 66007
535530 86460
535530 160035
535530 144631
535530 237361
535530 202340
535530 215712
535530 166515
535530 148362
535530 125482
535530 209940
535530 199334
535530 176778
535530 87233
535530 113322
535530 97388
535530 92508
535530 232529
535530 61807
535530 222756
535530 80429
535530 137244
535530 194084
535530 229558
535530 168024
535530 104653
535530 95560
535530 141350
535530 136707
535530 151659
535530 39943
535530 232177
535530 156336
535530 46037
535530 86194
535530 48550
535530 58522
535530 178685
535530 57387
535530 210945
535530 95511
535530 152310
535530 223858
535530 186063
535530 50970
535530 216896
535530 87887
535530 231627
535530 103062
535530 107794
535530 77240
535530 126281
535530 202837
535530 110269
535530 98892
535530 182669
535530 88345
535530 92736
535530 121802
535530 123273
535530 91376
535530 72398
535530 124386
535530 221248
535530 62963
535530 74846
535530 60564
535530 170434
535530 136660
535530 141920
535530 211453
535530 47931
535530 235866
535530 89519
535530 222256
535530 39513
535530 151212
535530 200102
535530 132974
535530 190943
535530 217167
535530 195198
535530 143590
535530 109061
535530 202664
535530 122516
535530 83254
535530 178888
535530 62630
535530 171507
535530 93948
535530 188013
535530 230878
535530 116185
535530 67738
535530 139113
535530 230982
535530 48529
535530 83843
535530 80603
535530 50446
535530 221192
535530 207483
535530 80065
535530 104485
535530 172599
535530 213141
535530 119982
535530 137583
535530 216555
535530 177576
535530 170272
535530 117866
535530 209717
535530 48193
535530 213734
535530 70050
535530 154572
535530 119237
535530 138804
535530 154526
535530 211427
535530 213568
535530 197511
535530 125073
535530 128714
535530 118053
535530 208379
535530 96986
535530 199346
535530 118165
535530 149519
535530 61176
535530 64529
535530 126286
535530 43539
535530 52772
535530 171959
535530 139422
535530 229180
535530 180261
535530 55166
535530 162055
535530 218477
535530 148587
535530 128949
535530 115448
535530 104772
535530 142703
535530 100923
535530 119411
535530 215383
535530 182745
535530 162362
535530 77872
535530 120179
535530 50590
535530 74739
535530 178218
535530 173394
535530 99246
535530 195751
535530 58583
535530 135833
535530 110811
535530 211503
535530 112166
535530 227347
535530 149758
535530 214044
535530 153667
535530 197524
535530 166843
535530 133512
535530 131752
535530 69839
535530 135860
535530 169748
535530 176164
535530 168556
535530 92408
535530 201263
535530 135807
535530 116415
535530 192942
535530 66357
535530 76903
535530 169033
535530 213406
535530 155340
535530 170642
535530 164272
535530 112158
535530 135837
535530 233185
535530 150184
535530 170179
535530 82367
535530 207283
535530 71981
535530 59503
535530 161634
535530 225152
535530 107152
535530 73074
535530 179418
535530 192342
535530 193282
535530 227730
535530 107041
535530 165754
535530 166475
535530 118214
535530 126028
535530 221657
535530 228925
535530 206927
535530 230990
535530 233617
535530 189107
535530 189605
535530 58932
535530 123083
535530 184547
535530 130671
535530 232794
535530 94387
535530 38683
535530 223563
535530 200860
535530 183559
535530 229155
535530 66206
535530 121121
535530 220746
535530 72149
535530 191893
535530 182273
535530 150413
535530 217618
535530 47377
535530 217419
535530 208925
535530 126100
535530 118216
535530 116959
535530 159136
535530 172254
535530 126306
535530 212552
535530 97808
535530 160172
535530 169076
535530 210917
535530 123181
535530 156548
535530 92697
535530 193556
535530 129711
535530 204621
535530 108023
535530 163293
535530 67557
535530 216242
535530 143505
535530 125359
535530 166488
535530 98250
535530 102460
535530 90858
535530 204518
535530 159930
535530 102996
535530 146688
535530 149719
535530 219117
535530 203889
535530 149680
535530 56921
535530 79898
535530 115759
535530 62302
535530 66758
535530 236795
535530 139106
535530 44919
535530 232728
535530 198511
535530 172533
535530 41930
535530 214952
535530 223747
535530 55880
535530 224154
535530 196266
535530 175695
535530 236315
535530 41982
535530 152005
535530 225604
535530 93128
535530 56891
535530 114394
535530 118668
535530 142655
535530 114410
535530 180270
535530 103672
535530 112557
535530 106029
535530 135122
535530 200328
535530 37644
535530 217151
535530 143684
535530 114542
535530 55705
535530 84018
535530 235826
535530 73785
535530 85101
535530 220168
535530 111068
535530 68305
535530 216987
535530 100717
535530 147201
535530 136051
535530 141155
535530 223020
535530 88509
535530 212920
535530 210363
535530 220041
535530 204183
535530 82062
535530 42673
535530 106803
535530 200590
535530 168514
535530 177669
535530 187969
535530 72286
535530 42816
535530 183752
535530 84162
535530 93856
535530 232066
535530 179334
535530 70239
535530 199579
535530 217260
535530 41379
535530 215659
535530 138203
535530 87039
535530 178719
535530 194099
535530 134998
535530 95450
535530 141287
535530 62222
535530 218411
535530 65658
535530 150122
535530 105758
535530 142556
535530 69901
535530 144009
535530 48002
535530 64671
535530 64217
535530 48275
535530 108902
535530 201759
535530 228074
535530 221802
535530 180297
535530 161703
535530 54059
535530 237512
535530 49759
535530 134376
535530 48683
535530 105614
535530 226736
535530 108928
535530 51412
535530 109506
535530 144457
535530 59393
535530 171133
535530 131514
535530 143710
535530 122033
535530 146166
535530 219867
535530 148446
535530 206766
535530 142906
535530 64044
535530 220265
535530 90541
535530 151602
535530 186472
535530 217251
535530 176259
535530 193422
535530 174396
535530 88397
535530 75875
535530 215109
535530 138017
535530 206883
535530 119832
535530 105809
535530 210485
535530 87287
535530 104547
535530 126356
535530 120622
535530 197773
535530 133758
535530 112629
535530 206818
535530 182966
535530 106161
535530 166226
535530 43927
535530 85542
535530 140284
535530 119651
535530 46915
535530 161144
535530 205877
535530 126788
535530 152952
535530 86940
535530 57330
535530 227264
535530 134439
535530 64450
535530 78483
535530 171240
535530 198412
535530 209301
535530 210368
535530 149014
535530 189713
535530 186866
535530 43394
535530 50484
535530 52027
535530 75080
535530 176347
535530 38130
535530 222387
535530 146968
535530 131268
535530 190541
535530 149077
535530 130966
535530 54424
535530 205688
535530 201203
535530 210463
535530 159045
535530 191417
535530 115942
535530 73967
535530 171896
535530 54595
535530 165053
535530 206809
535530 216320
535530 69797
535530 67638
535530 58214
535530 218497
535530 142318
535530 151764
535530 193092
535530 117043
535530 69906
535530 210711
535530 113609
535530 213553
535530 61221
535530 219472
535530 41524
535530 79404
535530 79968
535530 67226
535530 150317
535530 206524
535530 39788
535530 173333
535530 96060
535530 223218
535530 137823
535530 235871
535530 132195
535530 80828
535530 202963
535530 152342
535530 56890
535530 185556
535530 173527
535530 40717
535530 162804
535530 167912
535530 218023
535530 95042
535530 164350
535530 55882
535530 223615
535530 183205
535530 155625
535530 208608
535530 66951
535530 172285
535530 43918
535530 51772
535530 217373
535530 199474
535530 145718
535530 232004
535530 60269
535530 64602
535530 116224
535530 153840
535530 172854
535530 187435
535530 76856
535530 180779
535530 163006
535530 39457
535530 145533
535530 133791
535530 188335
535530 165840
535530 100941
535530 141491
535530 86390
535530 147391
535530 124452
535530 231398
535530 73329
535530 117348
535530 153342
535530 92790
535530 186707
535530 65771
535530 183948
535530 126394
535530 109932
535530 204906
535530 112487
535530 195421
535530 111351
535530 71766
535530 158082
535530 186949
535530 155324
535530 49596
535530 201383
535530 57448
535530 107924
535530 105605
535530 53859
535530 163012
535530 158676
535530 49689
535530 181441
535530 224719
535530 84108
535530 149162
535530 73226
535530 42183
535530 152571
535530 41424
535530 236439
535530 70907
535530 220701
535530 235073
535530 41425
535530 158210
535530 176541
535530 160030
535530 171731
535530 92175
535530 121514
535530 161853
535530 185054
535530 171087
535530 40579
535530 38760
535530 96453
535530 158917
535530 171698
535530 89360
535530 229471
535530 224717
535530 234033
535530 191765
535530 222994
535530 159666
535530 145820
535530 102905
535530 64374
535530 87612
535530 203548
535530 200683
535530 145666
535530 221469
535530 211897
535530 129024
535530 82617
535530 139590
535530 74005
535530 90344
535530 68784
535530 152178
535530 92621
535530 95639
535530 39649
535530 206251
535530 187300
535530 221642
535530 92141
535530 158038
535530 207891
535530 163249
535530 187262
535530 96611
535530 131128
535530 114912
535530 114740
535530 75060
535530 221639
535530 49793
535530 128204
535530 48522
535530 73260
535530 75741
535530 203849
535530 169896
535530 46362
535530 93836
535530 230924
535530 162566
535530 104614
535530 183338
535530 159100
535530 108634
535530 152589
535530 212869
535530 175963
535530 116442
535530 71609
535530 143682
535530 155310
535530 220035
535530 232341
535530 115859
535530 223185
535530 157634
535530 218338
535530 141082
535530 70870
535530 161185
535530 152486
535530 75133
535530 165658
535530 230946
535530 160785
535530 121142
535530 52584
535530 102046
535530 170119
535530 173866
535530 196802
535530 164953
535530 118762
535530 227909
535530 150840
535530 70415
535530 117935
535530 158811
535530 196743
535530 74636
535530 168193
535530 97008
535530 106670
535530 61673
535530 102578
535530 122916
535530 211752
535530 98879
535530 192794
535530 197354
535530 226543
535530 175295
535530 79805
535530 166660
535530 151531
535530 225021
535530 120469
535530 75184
535530 211009
535530 177067
535530 62306
535530 137209
535530 144668
535530 135636
535530 203272
535530 68702
535530 148920
535530 51254
535530 116721
535530 42838
535530 205176
535530 89719
535530 76715
535530 169193
535530 52206
535530 72389
535530 218412
535530 85621
535530 235626
535530 160878
535530 189032
535530 103171
535530 129529
535530 66618
535530 102043
535530 59514
535530 79806
535530 113523
535530 168423
535530 139366
535530 58330
535530 39355
535530 199757
535530 224780
535530 51611
535530 133595
535530 53569
535530 44715
535530 178615
535530 55071
535530 209219
535530 222787
535530 66847
535530 55446
535530 116131
535530 217012
535530 57203
535530 109000
535530 218336
535530 58830
535530 64741
535530 108711
535530 163875
535530 129508
535530 171418
535530 147243
535530 60274
535530 70605
535530 61658
535530 42498
535530 49622
535530 198370
535530 188766
535530 51663
535530 112220
535530 47962
535530 128295
535530 233296
535530 110273
535530 98967
535530 197986
535530 116090
535530 136683
535530 191383
535530 166298
535530 178146
535530 134025
535530 132571
535530 201966
535530 132908
535530 128258
535530 205325
535530 136120
535530 94447
535530 161199
535530 197944
535530 209568
535530 125210
535530 194398
535530 162669
535530 180839
535530 187339
535530 157012
535530 125042
535530 166206
535530 77453
535530 225433
535530 191118
535530 155562
535530 101832
535530 117592
535530 231490
535530 188286
535530 211745
535530 184881
535530 207488
535530 190125
535530 206442
535530 179166
535530 114082
535530 126142
535530 68408
535530 128538
535530 140850
535530 111933
535530 214957
535530 69538
535530 134269
535530 174303
535530 106558
535530 175171
535530 42341
535530 132670
535530 170269
535530 42041
535530 205320
535530 71678
535530 167302
535530 94746
535530 184354
535530 109886
535530 191064
535530 52008
535530 214050
535530 147021
535530 46301
535530 179037
535530 215723
535530 230307
535530 45755
535530 125104
535530 165720
535530 195328
535530 187707
535530 182718
535530 220060
535530 203077
535530 167758
535530 159367
535530 181390
535530 154084
535530 47822
535530 79162
535530 234647
535530 96541
535530 50507
535530 53978
535530 61492
535530 58671
535530 201441
535530 68476
535530 224493
535530 102643
535530 218270
535530 46390
535530 163824
535530 91354
535530 101893
535530 92021
535530 104584
535530 92557
535530 63806
535530 136422
535530 160486
535530 147276
535530 149581
535530 221367
535530 170834
535530 102372
535530 107202
535530 101699
535530 69349
535530 88277
535530 88754
535530 124909
535530 121884
535530 111626
535530 72999
535530 148528
535530 209653
535530 226676
535530 138566
535530 185773
535530 236543
535530 160314
535530 202152
535530 48490
535530 137730
535530 231832
535530 46327
535530 47879
535530 229706
535530 195476
535530 55058
535530 182409
535530 56815
535530 87257
535530 179776
535530 45668
535530 201228
535530 65004
535530 54638
535530 120700
535530 200166
535530 118895
535530 196907
535530 194797
535530 159778
535530 57807
535530 210808
535530 77702
535530 211182
535530 109386
535530 99263
535530 80725
535530 63773
535530 204319
535530 56465
535530 195258
535530 105107
535530 52839
535530 112422
535530 216643
535530 179715
535530 107037
535530 222462
535530 54480
535530 169417
535530 92260
535530 175980
535530 202000
535530 63329
535530 125546
535530 141435
535530 165294
535530 166165
535530 174285
535530 202940
535530 64515
535530 169672
535530 121107
535530 132320
535530 201897
535530 74366
535530 97557
535530 87925
535530 75304
535530 195161
535530 59843
535530 113592
535530 212263
535530 40444
535530 223454
535530 121559
535530 140104
535530 51072
535530 154105
535530 163060
535530 51368
535530 68152
535530 40153
535530 131516
535530 223199
535530 231308
535530 219346
535530 75892
535530 58047
535530 49784
535530 58906
535530 166324
535530 169197
535530 191972
535530 82884
535530 125724
535530 184882
535530 233801
535530 181278
535530 59567
535530 136113
535530 96507
535530 81014
535530 108751
535530 237582
535530 150153
535530 54034
535530 227849
535530 134942
535530 128795
535530 134058
535530 227224
535530 42697
535530 104792
535530 41609
535530 210555
535530 137695
535530 86891
535530 198646
535530 192609
535530 233702
535530 224742
535530 146012
535530 70708
535530 181370
535530 169468
535530 128025
535530 129060
535530 98448
535530 106712
535530 71377
535530 157173
535530 226951
535530 75880
535530 69956
535530 72886
535530 221167
535530 155149
535530 64281
535530 112214
535530 95892
535530 131217
535530 78960
535530 147835
535530 73197
535530 86355
535530 226697
535530 103330
535530 183085
535530 68299
535530 115191
535530 91667
535530 152710
535530 167432
535530 122354
535530 159002
535530 232553
535530 102627
535530 92481
535530 214662
535530 86119
535530 199485
535530 79475
535530 56729
535530 54961
535530 46141
535530 140228
535530 113974
535530 158183
535530 75124
535530 158708
535530 98012
535530 57853
535530 172321
535530 112971
535530 73963
535530 84685
535530 120314
535530 84282
535530 40184
535530 93353
535530 112660
535530 177956
535530 213419
535530 56888
535530 226061
535530 118678
535530 200146
535530 50509
535530 62085
535530 57571
535530 185866
535530 110173
535530 108738
535530 184368
535530 152143
535530 68460
535530 62357
535530 119334
535530 101360
535530 201259
535530 195283
535530 44280
535530 64309
535530 216294
535530 235577
535530 62674
535530 172230
535530 99700
535530 127542
535530 73288
535530 94929
535530 74898
535530 145515
535530 102972
535530 229789
535530 178184
535530 98110
535530 100830
535530 173180
535530 210542
535530 106150
535530 69206
535530 170573
535530 148945
535530 129693
535530 125507
535530 176641
535530 229189
535530 72562
535530 170612
535530 235283
535530 130769
535530 164957
535530 185707
535530 52010
535530 149126
535530 156722
535530 115196
535530 110954
535530 217299
535530 219450
535530 159284
535530 210852
535530 187990
535530 105330
535530 38431
535530 45527
535530 52470
535530 114041
535530 75647
535530 98355
535530 188607
535530 231687
535530 149867
535530 141803
535530 208262
535530 199876
535530 122740
535530 173054
535530 131562
535530 182436
535530 166592
535530 218681
535530 64863
535530 200380
535530 149744
535530 131721
535530 76814
535530 84836
535530 143474
535530 160684
535530 80186
535530 109568
535530 124643
535530 233802
535530 217896
535530 62371
535530 187614
535530 139419
535530 199351
535530 186717
535530 189684
535530 90172
535530 120654
535530 170454
535530 61182
535530 228922
535530 121386
535530 126212
535530 55359
535530 90848
535530 186829
535530 155575
535530 182818
535530 147665
535530 96234
535530 228311
535530 162739
535530 146140
535530 132836
535530 125468
535530 215833
535530 205653
535530 121672
535530 169621
535530 143031
535530 44302
535530 201221
535530 188082
535530 83333
535530 235438
535530 37714
535530 167184
535530 106134
535530 164761
535530 123567
535530 99062
535530 104710
535530 219521
535530 38787
535530 104093
535530 43861
535530 199315
535530 53587
535530 95808
535530 212596
535530 87558
535530 218904
535530 122100
535530 85979
535530 200093
535530 72495
535530 192859
535530 182490
535530 97650
535530 119916
535530 155047
535530 49632
535530 137643
535530 57975
535530 159041
535530 73843
535530 122274
535530 157061
535530 148940
535530 208275
535530 225676
535530 232579
535530 224636
535530 216261
535530 213004
535530 209455
535530 55191
535530 83149
535530 119601
535530 168068
535530 128352
535530 87817
535530 139389
535530 161617
535530 227522
535530 210776
535530 138519
535530 225532
535530 179666
535530 105478
535530 133306
535530 140787
535530 102941
535530 84073
535530 47567
535530 169526
535530 42432
535530 65925
535530 117188
535530 123048
535530 192691
535530 108383
535530 219344
535530 222279
535530 90679
535530 208468
535530 78424
535530 123651
535530 216638
535530 67335
535530 74543
535530 41193
535530 111977
535530 227033
535530 182529
535530 57528
535530 123462
535530 153424
535530 126149
535530 150774
535530 222642
535530 235191
535530 131544
535530 176976
535530 208000
535530 218335
535530 200487
535530 229432
535530 137403
535530 202164
535530 194615
535530 157878
535530 46849
535530 95777
535530 156558
535530 171012
535530 172164
535530 189537
535530 65953
535530 159705
535530 155989
535530 78200
535530 236568
535530 53424
535530 52041
535530 73506
535530 58239
535530 103719
535530 44236
535530 118890
535530 159020
535530 54525
535530 155312
535530 64858
535530 148357
535530 168185
535530 85513
535530 220802
535530 58059
535530 225537
535530 57608
535530 81127
535530 116550
535530 68417
535530 104954
535530 160832
535530 183850
535530 50926
535530 117144
535530 134071
535530 84283
535530 164158
535530 115296
535530 158331
535530 178240
535530 144260
535530 133939
535530 83809
535530 203460
535530 87926
535530 63498
535530 222454
535530 233244
535530 176334
535530 151953
535530 152045
535530 218305
535530 237413
535530 125557
535530 202504
535530 142252
535530 153712
535530 122637
535530 169065
535530 159829
535530 236466
535530 122655
535530 43222
535530 155394
535530 43160
535530 61820
535530 159467
535530 235769
535530 193026
535530 87213
535530 141468
535530 231016
535530 224256
535530 139175
535530 138662
535530 110222
535530 156421
535530 77802
535530 113294
535530 60117
535530 43599
535530 202828
535530 143712
535530 71790
535530 103495
535530 225467
535530 38911
535530 115560
535530 217778
535530 179587
535530 160816
535530 131636
535530 172766
535530 92650
535530 122213
535530 233043
535530 122884
535530 206921
535530 184685
535530 155815
535530 215986
535530 43828
535530 63666
535530 212924
535530 182605
535530 231168
535530 88519
535530 182098
535530 173652
535530 91888
535530 233985
535530 47321
535530 226704
535530 96338
535530 170741
535530 65509
535530 46366
535530 186881
535530 110876
535530 233847
535530 86024
535530 234408
535530 146996
535530 39360
535530 163068
535530 83461
535530 83200
535530 50074
535530 217839
535530 191208
535530 88360
535530 55185
535530 226602
535530 205387
535530 208869
535530 158267
535530 126780
535530 177838
535530 144186
535530 92676
535530 95421
535530 127131
535530 126639
535530 156464
535530 146512
535530 210697
535530 148438
535530 144098
535530 188187
535530 53835
535530 109472
535530 154604
535530 230816
535530 160741
535530 82134
535530 148870
535530 194623
535530 143742
535530 91936
535530 53915
535530 72263
535530 73467
535530 220631
535530 151936
535530 127835
535530 116181
535530 207669
535530 94382
535530 197862
535530 67743
535530 157360
535530 188836
535530 144555
535530 77715
535530 195822
535530 203617
535530 53584
535530 216704
535530 209020
535530 58075
535530 103986
535530 133876
535530 57966
535530 135804
535530 68975
535530 100416
535530 58984
535530 221402
535530 104749
535530 106193
535530 44244
535530 87964
535530 139393
535530 46046
535530 89163
535530 141714
535530 116126
535530 201593
535530 82284
535530 178773
535530 53757
535530 149198
535530 168074
535530 119902
535530 115054
535530 187412
535530 103267
535530 174509
535530 79024
535530 235686
535530 194608
535530 183094
535530 81670
535530 39400
535530 100866
535530 184538
535530 208952
535530 125707
535530 43049
535530 199367
535530 218748
535530 225630
535530 126864
535530 187939
535530 232410
535530 114441
535530 129560
535530 66301
535530 132523
535530 118984
535530 65286
535530 236471
535530 214005
535530 55754
535530 199968
535530 65279
535530 172916
535530 235713
535530 178110
535530 203245
535530 47317
535530 203766
535530 56702
535530 47152
535530 63191
535530 171554
535530 52232
535530 81944
535530 234509
535530 193164
535530 78968
535530 142509
535530 81804
535530 111391
535530 77639
535530 94987
535530 116309
535530 53867
535530 202036
535530 107044
535530 72669
535530 133735
535530 158784
535530 157010
535530 63799
535530 143958
535530 124014
535530 63723
535530 214724
535530 164415
535530 78019
535530 68343
535530 137982
535530 100088
535530 120118
535530 204356
535530 76577
535530 109069
535530 126040
535530 123624
535530 91474
535530 104139
535530 94965
535530 220374
535530 155244
535530 102693
535530 230607
535530 75116
535530 146202
535530 130595
535530 92953
535530 96104
535530 162597
535530 237096
535530 204987
535530 87791
535530 80028
535530 147022
535530 44348
535530 170679
535530 177418
535530 112864
535530 168125
535530 218762
535530 87752
535530 105775
535530 164270
535530 126064
535530 205429
535530 99531
535530 37865
535530 231299
535530 89274
535530 161904
535530 98685
535530 210624
535530 67201
535530 44926
535530 67943
535530 146216
535530 113171
535530 64763
535530 129406
535530 107314
535530 46071
535530 137023
535530 231909
535530 56749
535530 56109
535530 94956
535530 237137
535530 42885
535530 47496
535530 167203
535530 198323
535530 83038
535530 91278
535530 163535
535530 233343
535530 180184
535530 113373
535530 231498
535530 52970
535530 75752
535530 89670
535530 105047
535530 169612
535530 124813
535530 148832
535530 228864
535530 134144
535530 81142
535530 207243
535530 93785
535530 131542
535530 61255
535530 187993
535530 223814
535530 68846
535530 70320
535530 144120
535530 71043
535530 146277
535530 74023
535530 71337
535530 103528
535530 119886
535530 123221
535530 207588
535530 153193
535530 117016
535530 51479
535530 227295
535530 183051
