1000
942830 878830
942830 921021
942830 854009
942830 770386
942830 895568
942830 859321
942830 885153
942830 814632
942830 905762
942830 773818
942830 788882
942830 860696
942830 941900
942830 831856
942830 843290
942830 910853
942830 937476
942830 876679
942830 936263
942830 868839
942830 836421
942830 806655
942830 803914
942830 800586
942830 916646
942830 802711
942830 940859
942830 875433
942830 883163
942830 778184
942830 794069
942830 898360
942830 942293
942830 931982
942830 916536
942830 908048
942830 840426
942830 827352
942830 873151
942830 758972
942830 874125
942830 942511
942830 952819
942830 844007
942830 909506
942830 826353
942830 954764
942830 789354
942830 789198
942830 870584
942830 869204
942830 810258
942830 938695
942830 769360
942830 869201
942830 800414
942830 864993
942830 930407
942830 758991
942830 894812
942830 786044
942830 804444
942830 863561
942830 881731
942830 883109
942830 934988
942830 763139
942830 941041
942830 821486
942830 778915
942830 872339
942830 951794
942830 945105
942830 913905
942830 860072
942830 901190
942830 785690
942830 799274
942830 935394
942830 776719
942830 770001
942830 894792
942830 903901
942830 882187
942830 861564
942830 939812
942830 919427
942830 811773
942830 762173
942830 773239
942830 859098
942830 780229
942830 805745
942830 952873
942830 910510
942830 910195
942830 785314
942830 941685
942830 836159
942830 862964
942830 839063
942830 955496
942830 816694
942830 932138
942830 843597
942830 857057
942830 932018
942830 956481
942830 827016
942830 956503
942830 956531
942830 835969
942830 871666
942830 862378
942830 768301
942830 948236
942830 777802
942830 861219
942830 857857
942830 928808
942830 868410
942830 882051
942830 768153
942830 786189
942830 768192
942830 767616
942830 885502
942830 882344
942830 898413
942830 836243
942830 918868
942830 757603
942830 833171
942830 936237
942830 873605
942830 912694
942830 817437
942830 823123
942830 902971
942830 886481
942830 829585
942830 879983
942830 933254
942830 921862
942830 921725
942830 945166
942830 845660
942830 805506
942830 862632
942830 811164
942830 955705
942830 783294
942830 788437
942830 858938
942830 780213
942830 889873
942830 947792
942830 895869
942830 856832
942830 907107
942830 775415
942830 769966
942830 922358
942830 880152
942830 917685
942830 893297
942830 814093
942830 954070
942830 792261
942830 884822
942830 827209
942830 890774
942830 808601
942830 899004
942830 774186
942830 866055
942830 804308
942830 798415
942830 935133
942830 850797
942830 776292
942830 899013
942830 898649
942830 951490
942830 803584
942830 843974
942830 950903
942830 773331
942830 844809
942830 912230
942830 828566
942830 945957
942830 815403
942830 774505
942830 955811
942830 824320
942830 866994
942830 772206
942830 806789
942830 760463
942830 940013
942830 953835
942830 813613
942830 940200
942830 905380
942830 933873
942830 826283
942830 953078
942830 839881
942830 767787
942830 904754
942830 919304
942830 886005
942830 893464
942830 901753
942830 940520
942830 891433
942830 788626
942830 839249
942830 899818
942830 789678
942830 812156
942830 761683
942830 829918
942830 848510
942830 849210
942830 758837
942830 892607
942830 770711
942830 949928
942830 768505
942830 768163
942830 908354
942830 904747
942830 915612
942830 818571
942830 887834
942830 851071
942830 885187
942830 904735
942830 864414
942830 857829
942830 830925
942830 787741
942830 936756
942830 846912
942830 762155
942830 880673
942830 927912
942830 837142
942830 853025
942830 813855
942830 846229
942830 930625
942830 831716
942830 917328
942830 918167
942830 813906
942830 860633
942830 951861
942830 928845
942830 789875
942830 783349
942830 947295
942830 765746
942830 956505
942830 879875
942830 887083
942830 879849
942830 795137
942830 924466
942830 878465
942830 832116
942830 826696
942830 837532
942830 816503
942830 781550
942830 866525
942830 774821
942830 856399
942830 830495
942830 850464
942830 887854
942830 940568
942830 854325
942830 835648
942830 855348
942830 772367
942830 846728
942830 832709
942830 777250
942830 897309
942830 841285
942830 839743
942830 904736
942830 832530
942830 760664
942830 773518
942830 773965
942830 826748
942830 799491
942830 858796
942830 835150
942830 760430
942830 924791
942830 801853
942830 756860
942830 934527
942830 798893
942830 775167
942830 936660
942830 905353
942830 834164
942830 846828
942830 942039
942830 756778
942830 882011
942830 756859
942830 836263
942830 824839
942830 830284
942830 842216
942830 801608
942830 873512
942830 897521
942830 786725
942830 948025
942830 876117
942830 761589
942830 899675
942830 905470
942830 933337
942830 955785
942830 902628
942830 851124
942830 791316
942830 863822
942830 801249
942830 763338
942830 945300
942830 837218
942830 769985
942830 893644
942830 758831
942830 898200
942830 778409
942830 864942
942830 757676
942830 880479
942830 860628
942830 764980
942830 923396
942830 895089
942830 876847
942830 776876
942830 876418
942830 794816
942830 764937
942830 829791
942830 786239
942830 906942
942830 941439
942830 922351
942830 822006
942830 758737
942830 937309
942830 774009
942830 876363
942830 887584
942830 781751
942830 803233
942830 940536
942830 777837
942830 770658
942830 929784
942830 844884
942830 878683
942830 813373
942830 768025
942830 860566
942830 842451
942830 915245
942830 956226
942830 765477
942830 873017
942830 793229
942830 895005
942830 857789
942830 773479
942830 899011
942830 938267
942830 918245
942830 904001
942830 784625
942830 897303
942830 801756
942830 760166
942830 908269
942830 885947
942830 758765
942830 937284
942830 785373
942830 877678
942830 921817
942830 938415
942830 910038
942830 884983
942830 846723
942830 769209
942830 945307
942830 825329
942830 896240
942830 786696
942830 793681
942830 942269
942830 837474
942830 949817
942830 852490
942830 813908
942830 835597
942830 853688
942830 888701
942830 791784
942830 794280
942830 923354
942830 878950
942830 757198
942830 881776
942830 856725
942830 826367
942830 844440
942830 777863
942830 847160
942830 886523
942830 857753
942830 850888
942830 880932
942830 815354
942830 945618
942830 863535
942830 872714
942830 865345
942830 898944
942830 912550
942830 757687
942830 946082
942830 941358
942830 946255
942830 932177
942830 770762
942830 788398
942830 757666
942830 951371
942830 874911
942830 932760
942830 825113
942830 937121
942830 831662
942830 792316
942830 807219
942830 857916
942830 759635
942830 780508
942830 934753
942830 943290
942830 765194
942830 870941
942830 948205
942830 860570
942830 855795
942830 839931
942830 954380
942830 805042
942830 870737
942830 829780
942830 921676
942830 883250
942830 776583
942830 942054
942830 946751
942830 903406
942830 955812
942830 913940
942830 781213
942830 827706
942830 910626
942830 868057
942830 897300
942830 899253
942830 819136
942830 855531
942830 815470
942830 799227
942830 932985
942830 808904
942830 938001
942830 833092
942830 789187
942830 875843
942830 768126
942830 922385
942830 915937
942830 842143
942830 761121
942830 786989
942830 937371
942830 954938
942830 819004
942830 818594
942830 828904
942830 788043
942830 889935
942830 807349
942830 948750
942830 909414
942830 853150
942830 763715
942830 828671
942830 931782
942830 778849
942830 809817
942830 815548
942830 892672
942830 908196
942830 786372
942830 823121
942830 882126
942830 792962
942830 819228
942830 832354
942830 873423
942830 921445
942830 799313
942830 765170
942830 925337
942830 940777
942830 760719
942830 892560
942830 828395
942830 822881
942830 772468
942830 821628
942830 764101
942830 868505
942830 783037
942830 918735
942830 951823
942830 896441
942830 947927
942830 866067
942830 919316
942830 825068
942830 918687
942830 938614
942830 932663
942830 943927
942830 780305
942830 946890
942830 770980
942830 845726
942830 866123
942830 773368
942830 912799
942830 880428
942830 874845
942830 861517
942830 811373
942830 911282
942830 840444
942830 896476
942830 838660
942830 936700
942830 756980
942830 813166
942830 869976
942830 945648
942830 885183
942830 886748
942830 881210
942830 946536
942830 771835
942830 848939
942830 800469
942830 933001
942830 816926
942830 918929
942830 908812
942830 863427
942830 807443
942830 771969
942830 894873
942830 907354
942830 883746
942830 794418
942830 793498
942830 949004
942830 918299
942830 857578
942830 812079
942830 787958
942830 887357
942830 876183
942830 881921
942830 775247
942830 853159
942830 816680
942830 926841
942830 809542
942830 873338
942830 802572
942830 829334
942830 758321
942830 775714
942830 854466
942830 839559
942830 827198
942830 935213
942830 940760
942830 788505
942830 765081
942830 875599
942830 765327
942830 771577
942830 804210
942830 874043
942830 903209
942830 925499
942830 797556
942830 818425
942830 858858
942830 943352
942830 899742
942830 784555
942830 949400
942830 930412
942830 902516
942830 894939
942830 885949
942830 786388
942830 929356
942830 937604
942830 930717
942830 777347
942830 956347
942830 786088
942830 817424
942830 855674
942830 776121
942830 953164
942830 852699
942830 767173
942830 800732
942830 897943
942830 885451
942830 805496
942830 810377
942830 944906
942830 798901
942830 907492
942830 919154
942830 953642
942830 877810
942830 896206
942830 825414
942830 799765
942830 919370
942830 830696
942830 871559
942830 894346
942830 927062
942830 826815
942830 806468
942830 782955
942830 924288
942830 810946
942830 855273
942830 906234
942830 887551
942830 935823
942830 795868
942830 761717
942830 801163
942830 839326
942830 836608
942830 882285
942830 933751
942830 800516
942830 835838
942830 801896
942830 782889
942830 820380
942830 782569
942830 872470
942830 947861
942830 859285
942830 835132
942830 867684
942830 942356
942830 783856
942830 923820
942830 837448
942830 821953
942830 805116
942830 814594
942830 763286
942830 883385
942830 919445
942830 873213
942830 926577
942830 936173
942830 779539
942830 944730
942830 770636
942830 863581
942830 872169
942830 760597
942830 925768
942830 875025
942830 786061
942830 928680
942830 779190
942830 845883
942830 864394
942830 823579
942830 863979
942830 863140
942830 840424
942830 915582
942830 905628
942830 897045
942830 773224
942830 802759
942830 768771
942830 798809
942830 767682
942830 896629
942830 924737
942830 913555
942830 784887
942830 874097
942830 835456
942830 773846
942830 885328
942830 910942
942830 802585
942830 814700
942830 952783
942830 839518
942830 854301
942830 757930
942830 815471
942830 943094
942830 871267
942830 851268
942830 824229
942830 944993
942830 868002
942830 840068
942830 761299
942830 859763
942830 821395
942830 854943
942830 842025
942830 933390
942830 804173
942830 848142
942830 777219
942830 865304
942830 839653
942830 800036
942830 810693
942830 835691
942830 796472
942830 937638
942830 875247
942830 922341
942830 786232
942830 760622
942830 868788
942830 777632
942830 850793
942830 827713
942830 831842
942830 759534
942830 834263
942830 816037
942830 808393
942830 871833
942830 941869
942830 891619
942830 919593
942830 889905
942830 905924
942830 782321
942830 918629
942830 920485
942830 887255
942830 934935
942830 853018
942830 946665
942830 832991
942830 821826
942830 955144
942830 846949
942830 884377
942830 882913
942830 842174
942830 920896
942830 795197
942830 894230
942830 758000
942830 760976
942830 935295
942830 805051
942830 818440
942830 862427
942830 757527
942830 870618
942830 923400
942830 926756
942830 761797
942830 802858
942830 836878
942830 954153
942830 842729
942830 838199
942830 768152
942830 832838
942830 908003
942830 806243
942830 778197
942830 796674
942830 855102
942830 780992
942830 919801
942830 808522
942830 786795
942830 825575
942830 887334
942830 817783
942830 869856
942830 809654
942830 810743
942830 777902
942830 888970
942830 899711
942830 906362
942830 847344
942830 811127
942830 839167
942830 773102
942830 860904
942830 922207
942830 797990
942830 774118
942830 909954
942830 848912
942830 807188
942830 827890
942830 855108
942830 927873
942830 953891
942830 827216
942830 760743
942830 901452
942830 927497
942830 929693
942830 823923
942830 943854
942830 783593
942830 838905
942830 865653
942830 887138
942830 950156
942830 798212
942830 921949
942830 954272
942830 949886
942830 839043
942830 799285
942830 789177
942830 825652
942830 930135
942830 763793
942830 777045
942830 877779
942830 935659
942830 946788
942830 931762
942830 922589
942830 863677
942830 892395
942830 816183
942830 856948
942830 835379
942830 784017
942830 790333
942830 942902
942830 870711
942830 918364
942830 760323
942830 915737
942830 914908
942830 764172
942830 800127
942830 925496
942830 886782
942830 890276
942830 871774
942830 864018
942830 951565
942830 868753
942830 926488
942830 823479
942830 825548
942830 814508
942830 854970
942830 813414
942830 895219
942830 763564
942830 821227
942830 841114
942830 900466
942830 855600
942830 805668
942830 848705
942830 860067
942830 813205
942830 896716
942830 829743
942830 906656
942830 814299
942830 837964
942830 767393
942830 903935
942830 910307
942830 772473
942830 930170
942830 868997
942830 853886
942830 816031
942830 853943
942830 882124
942830 784614
942830 805934
942830 837946
942830 915979
942830 831121
942830 828888
942830 932777
942830 808667
942830 759553
942830 885615
942830 897324
942830 785542
942830 783166
942830 822979
942830 883397
942830 908989
942830 802476
942830 868776
942830 767178
942830 860675
942830 790969
942830 882907
942830 827480
942830 929506
942830 786810
942830 901150
942830 764545
942830 761775
942830 875105
942830 919031
942830 908834
942830 869633
942830 782241
942830 951376
942830 874134
942830 820645
942830 908792
942830 808659
942830 945759
942830 903417
942830 908108
942830 890280
942830 894207
942830 949148
942830 875656
942830 890055
942830 791141
942830 802072
942830 784039
942830 771991
942830 933997
942830 915679
942830 880887
942830 949857
942830 803912
942830 757113
942830 896314
742830 813855
742830 860628
742830 812079
742830 933337
742830 799765
742830 856399
742830 816031
742830 768771
742830 910510
742830 810377
742830 820380
742830 765746
742830 862632
742830 784039
742830 936756
742830 882913
742830 899253
742830 837218
742830 832709
742830 816680
742830 782241
742830 800127
742830 816503
742830 817783
742830 930717
742830 776876
742830 877810
742830 774821
742830 936700
742830 953891
742830 844809
742830 837946
742830 935394
742830 885451
742830 847344
742830 875105
742830 934988
742830 838905
742830 797556
742830 794280
742830 954272
742830 924791
742830 946788
742830 768152
742830 808904
742830 840068
742830 919031
742830 760463
742830 798809
742830 923820
742830 870941
742830 804173
742830 882187
742830 839167
742830 770980
742830 813205
742830 879849
742830 951861
742830 807219
742830 876679
742830 931982
742830 944730
742830 795197
742830 862427
742830 784017
742830 894939
742830 846723
742830 897943
742830 831121
742830 954380
742830 758831
742830 936173
742830 918929
742830 891619
742830 768126
742830 956503
742830 875025
742830 888701
742830 881776
742830 913555
742830 842216
742830 951490
742830 821486
742830 786989
742830 842143
742830 887584
742830 927062
742830 773331
742830 926577
742830 938001
742830 801608
742830 843974
742830 941869
742830 786372
742830 949004
742830 934753
742830 811773
742830 845726
742830 933873
742830 827706
742830 885947
742830 917328
742830 866525
742830 910853
742830 871833
742830 892560
742830 774118
742830 896716
742830 944993
742830 876418
742830 804308
742830 793229
742830 897324
742830 908048
742830 882907
742830 873338
742830 887551
742830 836263
742830 809654
742830 786795
742830 780992
742830 782321
742830 855102
742830 764937
742830 933997
742830 772367
742830 910626
742830 945105
742830 768153
742830 768163
742830 880152
742830 858938
742830 830925
742830 778184
742830 904754
742830 786239
742830 790333
742830 858796
742830 908989
742830 799491
742830 874134
742830 839653
742830 945957
742830 949886
742830 874043
742830 821953
742830 852490
742830 802476
742830 861564
742830 800586
742830 894230
742830 945300
742830 757603
742830 870618
742830 924288
742830 756859
742830 919801
742830 915937
742830 908269
742830 843290
742830 777250
742830 848510
742830 878465
742830 868002
742830 821628
742830 838660
742830 825068
742830 763564
742830 882011
742830 938267
742830 940760
742830 923354
742830 870737
742830 930412
742830 773818
742830 832530
742830 940859
742830 781550
742830 904736
742830 758321
742830 924466
742830 835132
742830 938415
742830 953164
742830 886748
742830 760719
742830 940200
742830 948750
742830 827713
742830 891433
742830 918167
742830 902971
742830 903901
742830 769985
742830 767393
742830 786232
742830 943094
742830 859763
742830 943927
742830 954070
742830 855795
742830 921445
742830 884377
742830 821826
742830 805116
742830 825329
742830 827209
742830 922589
742830 864942
742830 824229
742830 895869
742830 796674
742830 912694
742830 805745
742830 951376
742830 801896
742830 820645
742830 792962
742830 780229
742830 835838
742830 841114
742830 943290
742830 854301
742830 860566
742830 826353
742830 918299
742830 897309
742830 908196
742830 805506
742830 851268
742830 889935
742830 817424
742830 828904
742830 759534
742830 895089
742830 767178
742830 921676
742830 949857
742830 853159
742830 920896
742830 885183
742830 804210
742830 758737
742830 848142
742830 910195
742830 872470
742830 860675
742830 901190
742830 786044
742830 803584
742830 813613
742830 916646
742830 873423
742830 806243
742830 806468
742830 778915
742830 859285
742830 777219
742830 905470
742830 857916
742830 834263
742830 829585
742830 930170
742830 827480
742830 942269
742830 855108
742830 758972
742830 917685
742830 860633
742830 818571
742830 837142
742830 792261
742830 846828
742830 786388
742830 848705
742830 848912
742830 932777
742830 829918
742830 905924
742830 860904
742830 837448
742830 803914
742830 853150
742830 863427
742830 882051
742830 907492
742830 758991
742830 857829
742830 822881
742830 872339
742830 916536
742830 775167
742830 783294
742830 863140
742830 831856
742830 956505
742830 853943
742830 904747
742830 814632
742830 923396
742830 789198
742830 940520
742830 768505
742830 952819
742830 849210
742830 786061
742830 933390
742830 839743
742830 844440
742830 765327
742830 883746
742830 843597
742830 788437
742830 910307
742830 871666
742830 835456
742830 897303
742830 914908
742830 885615
742830 777837
742830 760664
742830 866055
742830 885328
742830 882344
742830 932018
742830 835648
742830 795868
742830 855531
742830 826815
742830 840424
742830 915679
742830 773224
742830 912799
742830 903417
742830 765081
742830 757687
742830 842025
742830 758837
742830 757113
742830 946255
742830 854943
742830 853886
742830 836243
742830 932663
742830 908812
742830 815471
742830 934935
742830 935823
742830 852699
742830 760743
742830 839931
742830 898413
742830 941041
742830 788505
742830 827198
742830 875433
742830 943854
742830 895568
742830 881921
742830 771991
742830 773846
742830 935213
742830 903209
742830 791784
742830 765194
742830 915612
742830 918629
742830 818440
742830 946665
742830 865304
742830 839881
742830 764101
742830 936237
742830 900466
742830 857578
742830 868997
742830 929356
742830 801853
742830 855348
742830 954764
742830 768025
742830 787958
742830 893644
742830 899711
742830 952783
742830 873512
742830 945307
742830 949817
742830 854009
742830 870711
742830 830696
742830 910038
742830 861219
742830 937638
742830 931782
742830 955496
742830 770658
742830 798901
742830 895005
742830 762155
742830 833171
742830 874845
742830 883163
742830 814594
742830 789354
742830 842451
742830 940568
742830 927912
742830 800469
742830 822006
742830 767787
742830 853018
742830 932177
742830 781213
742830 775247
742830 890055
742830 932985
742830 911282
742830 831842
742830 942054
742830 884822
742830 774009
742830 776719
742830 883109
742830 813166
742830 868505
742830 827890
742830 921949
742830 830495
742830 937121
742830 908108
742830 949400
742830 777347
742830 905762
742830 850793
742830 905628
742830 922351
742830 927497
742830 775714
742830 805051
742830 934527
742830 756980
742830 763139
742830 770762
742830 871267
742830 829780
742830 894812
742830 835691
742830 816037
742830 896206
742830 789875
742830 948205
742830 887357
742830 938695
742830 951823
742830 929693
742830 949928
742830 892607
742830 825113
742830 874097
742830 919154
742830 836421
742830 953835
742830 874125
742830 856948
742830 856832
742830 875599
742830 788626
742830 797990
742830 815403
742830 777902
742830 898360
742830 786696
742830 863561
742830 839326
742830 904001
742830 763286
742830 758000
742830 942902
742830 902516
742830 918687
742830 813414
742830 887854
742830 803233
742830 773239
742830 868776
742830 937284
742830 858858
742830 919445
742830 827352
742830 941358
742830 851124
742830 815548
742830 855674
742830 825652
742830 928680
742830 921725
742830 763793
742830 940536
742830 862964
742830 841285
742830 760597
742830 758765
742830 882285
742830 865653
742830 767682
742830 777802
742830 899675
742830 854325
742830 870584
742830 776121
742830 892672
742830 857789
742830 860696
742830 794069
742830 767173
742830 782569
742830 814093
742830 922358
742830 798893
742830 887334
742830 878683
742830 887138
742830 760323
742830 773518
742830 814508
742830 799227
742830 799313
742830 804444
742830 888970
742830 761717
742830 757198
742830 777632
742830 907107
742830 811127
742830 807349
742830 765170
742830 828566
742830 905380
742830 826696
742830 946536
742830 896476
742830 948025
742830 839559
742830 867684
742830 800036
742830 760430
742830 955811
742830 839043
742830 940013
742830 868788
742830 896629
742830 775415
742830 954153
742830 816926
742830 864414
742830 876117
742830 876847
742830 810693
742830 859321
742830 869201
742830 945618
742830 821227
742830 832991
742830 824320
742830 761299
742830 813906
742830 942293
742830 918868
742830 906942
742830 866123
742830 808522
742830 943352
742830 769209
742830 889905
742830 896240
742830 778197
742830 939812
742830 945759
742830 860072
742830 801163
742830 805042
742830 932138
742830 941685
742830 760976
742830 819228
742830 887834
742830 937371
742830 777045
742830 805934
742830 933254
742830 846229
742830 903406
742830 899004
742830 947792
742830 798415
742830 881731
742830 770711
742830 894207
742830 880673
742830 795137
742830 919316
742830 929784
742830 850797
742830 886782
742830 883385
742830 942356
742830 828671
742830 887083
742830 761589
742830 926756
742830 827216
742830 815354
742830 931762
742830 863677
742830 799285
742830 768192
742830 837532
742830 950156
742830 822979
742830 926488
742830 859098
742830 945166
742830 808393
742830 773965
742830 940777
742830 955812
742830 809542
742830 879875
742830 857753
742830 890774
742830 875656
742830 885153
742830 925768
742830 876363
742830 954938
742830 886005
742830 886481
742830 805496
742830 922207
742830 922385
742830 908354
742830 880887
742830 826367
742830 821395
742830 823923
742830 839518
742830 894792
742830 955144
742830 813373
742830 784555
742830 915582
742830 835150
742830 832116
742830 759553
742830 786810
742830 760622
742830 780213
742830 835597
742830 789187
742830 827016
742830 873213
742830 771577
742830 792316
742830 811164
742830 915245
742830 885502
742830 853688
742830 901452
742830 918364
742830 947927
742830 955785
742830 780508
742830 818425
742830 761797
742830 869204
742830 796472
742830 757676
742830 949148
742830 944906
742830 770386
742830 757527
742830 872714
742830 929506
742830 759635
742830 778409
742830 880932
742830 918735
742830 810743
742830 898944
742830 890280
742830 894873
742830 873605
742830 814299
742830 947295
742830 915979
742830 898649
742830 781751
742830 881210
742830 802711
742830 925337
742830 846949
742830 937604
742830 909954
742830 794816
742830 777863
742830 876183
742830 765477
742830 860067
742830 770001
742830 829743
742830 763715
742830 760166
742830 925496
742830 836878
742830 882124
742830 880479
742830 802072
742830 906234
742830 910942
742830 935659
742830 764980
742830 886523
742830 912550
742830 935295
742830 816694
742830 771969
742830 872169
742830 942511
742830 924737
742830 776292
742830 937476
742830 863581
742830 832354
742830 864018
742830 818594
742830 761683
742830 879983
742830 808659
742830 764172
742830 786725
742830 839063
742830 908003
742830 842729
742830 898200
742830 809817
742830 787741
742830 889873
742830 897045
742830 894346
742830 806789
742830 901150
742830 873151
742830 816183
742830 885949
742830 895219
742830 913905
742830 855600
742830 783037
742830 913940
742830 869856
742830 802858
742830 806655
742830 778849
742830 844007
742830 925499
742830 761121
742830 856725
742830 901753
742830 905353
742830 769966
742830 823479
742830 788882
742830 772473
742830 823123
742830 851071
742830 767616
742830 948236
742830 869633
742830 882126
742830 800732
742830 789177
742830 799274
742830 840444
742830 829791
742830 938614
742830 846728
742830 817437
742830 784887
742830 847160
742830 791141
742830 757666
742830 807188
742830 836159
742830 919304
742830 838199
742830 825575
742830 794418
742830 927873
742830 951371
742830 783593
742830 864993
742830 763338
742830 946890
742830 921862
742830 878950
742830 919370
742830 800414
742830 933001
742830 826748
742830 761775
742830 868753
742830 756860
742830 855273
742830 861517
742830 773479
742830 956481
742830 830284
742830 802759
742830 945648
742830 866994
742830 772206
742830 884983
742830 824839
742830 828888
742830 835379
742830 823579
742830 921817
742830 946082
742830 890276
742830 837474
742830 826283
742830 842174
742830 784614
742830 865345
742830 935133
742830 782889
742830 800516
742830 802585
742830 853025
742830 871774
742830 903935
742830 784625
742830 937309
742830 883250
742830 868839
742830 846912
742830 810946
742830 912230
742830 828395
742830 782955
742830 764545
742830 897521
742830 932760
742830 933751
742830 780305
742830 877678
742830 850464
742830 956347
742830 951565
742830 897300
742830 788398
742830 885187
742830 854970
742830 857057
742830 807443
742830 893464
742830 892395
742830 785542
742830 805668
742830 880428
742830 862378
742830 930407
742830 918245
742830 801756
742830 825548
742830 831716
742830 887255
742830 868057
742830 908834
742830 863822
742830 952873
742830 920485
742830 953642
742830 810258
742830 899742
742830 953078
742830 819136
742830 801249
742830 774505
742830 783349
742830 819004
742830 866067
742830 772468
742830 783166
742830 793498
742830 829334
742830 878830
742830 757930
742830 789678
742830 902628
742830 848939
742830 813908
742830 786088
742830 791316
742830 863535
742830 808601
742830 773368
742830 947861
742830 771835
742830 783856
742830 904735
742830 768301
742830 915737
742830 779539
742830 893297
742830 921021
742830 811373
742830 786189
742830 941439
742830 835969
742830 832838
742830 950903
742830 844884
742830 941900
742830 956531
742830 928808
742830 770636
742830 909414
742830 907354
742830 906362
742830 837964
742830 850888
742830 875247
742830 875843
742830 814700
742830 899011
742830 802572
742830 874911
742830 803912
742830 951794
742830 923400
742830 869976
742830 812156
742830 877779
742830 946751
742830 774186
742830 785314
742830 956226
742830 840426
742830 793681
742830 823121
742830 788043
742830 836608
742830 773102
742830 857857
742830 776583
742830 839249
742830 833092
742830 928845
742830 815470
742830 756778
742830 798212
742830 926841
742830 779190
742830 930625
742830 942039
742830 955705
742830 922341
742830 831662
742830 762173
742830 785373
742830 854466
742830 936263
742830 896441
742830 790969
742830 834164
742830 930135
742830 883397
742830 845883
742830 863979
742830 871559
742830 936660
742830 860570
742830 899013
742830 769360
742830 908792
742830 873017
742830 899818
742830 808667
742830 919427
742830 909506
742830 896314
742830 864394
742830 825414
742830 868410
742830 785690
742830 845660
742830 906656
742830 919593
