100
505000 401980
505000 391880
505000 -297445
505000 -484295
505000 125240
505000 102010
505000 -194930
505000 -421170
505000 -166145
505000 -282800
505000 -85850
505000 185840
505000 -121705
505000 17675
505000 -305525
505000 312090
505000 2525
505000 310575
505000 104535
505000 -420160
505000 -54035
505000 51510
505000 174225
505000 458540
505000 -126250
505000 141400
505000 449955
505000 439855
505000 -291385
505000 -286840
505000 86355
505000 382790
505000 209575
505000 -232805
505000 -380265
505000 -345420
505000 110595
505000 378245
505000 347440
505000 294415
505000 192405
505000 69690
505000 245935
505000 468640
505000 -223715
505000 171195
505000 363600
505000 -438340
505000 276740
505000 124735
505000 -38885
505000 -3535
505000 308050
505000 342895
505000 427230
505000 -177255
505000 44945
505000 31815
505000 -93425
505000 55550
505000 412585
505000 230280
505000 293910
505000 -434805
505000 251490
505000 431775
505000 483790
505000 306535
505000 -73225
505000 -203515
505000 -39895
505000 138370
505000 -488840
505000 432785
505000 -161600
505000 -318150
505000 -181295
505000 -496415
505000 -442885
505000 -340875
505000 223210
505000 -211090
505000 455510
505000 -293405
505000 -19190
505000 103525
505000 -236340
505000 418140
505000 239370
505000 -473185
505000 -277245
505000 359560
505000 386325
505000 -310070
505000 155035
505000 382285
505000 500960
505000 -253510
505000 134330
505000 -501970
145976 628732
136856 624392
-485584 328187
-654304 247897
-103912 509816
-124888 499834
-393016 372238
-597304 275022
-367024 384607
-472360 334480
-294520 419110
-49192 535856
-326896 403703
-201040 463595
-492880 324715
64808 590106
-214720 457085
63440 589455
-122608 500919
-596392 275456
-265792 432781
-170488 478134
-59680 530865
197048 653036
-331000 401750
-89320 516760
189296 649347
180176 645007
-480112 330791
-476008 332744
-139024 493107
128648 620486
-27760 546055
-427216 355963
-560368 292599
-528904 307572
-117136 503523
124544 618533
96728 605296
48848 582511
-43264 538677
-154072 485946
5072 561679
206168 657376
-419008 359869
-62416 529563
111320 612240
-612808 267644
32888 574916
-104368 509599
-252112 439291
-220192 454481
61160 588370
92624 603343
168776 639582
-377056 379833
-176416 475313
-188272 469671
-301360 415855
-166840 479870
155552 633289
-9064 554952
48392 582294
-609616 269163
10088 564066
172880 641535
219848 663886
59792 587719
-283120 424535
-400768 368549
-253024 438857
-92056 515458
-658408 245944
173792 641969
-362920 386560
-504280 319290
-380704 378097
-665248 242689
-616912 265691
-524800 309525
-15448 551914
-407608 365294
194312 651734
-481936 329923
-234328 447754
-123520 500485
-430408 354444
160568 635676
-856 558858
-644272 252671
-467344 336867
107672 610504
131840 622005
-496984 322762
-77008 522619
128192 620269
235352 671264
-445912 347066
-95704 513722
-670264 240302
