100
149000 137229
149000 -80162
149000 136484
149000 -67944
149000 -60494
149000 72861
149000 -75096
149000 143785
149000 -110856
149000 97744
149000 -103257
149000 140060
149000 -45445
149000 33674
149000 -29949
149000 -69434
149000 -92082
149000 62580
149000 139464
149000 -119498
149000 6854
149000 40528
149000 -82546
149000 79864
149000 10281
149000 28906
149000 35909
149000 -18923
149000 -39187
149000 -13559
149000 147957
149000 2831
149000 -47829
149000 -24585
149000 56173
149000 90294
149000 131418
149000 77182
149000 -58110
149000 65709
149000 129034
149000 -130226
149000 -21903
149000 135292
149000 -101022
149000 -41571
149000 1341
149000 113389
149000 -75543
149000 19221
149000 144381
149000 109366
149000 -109813
149000 -92529
149000 27118
149000 -40230
149000 -5066
149000 -73755
149000 37697
149000 125011
149000 -144232
149000 87612
149000 72563
149000 -75841
149000 -91635
149000 130226
149000 -141252
149000 37995
149000 88953
149000 19370
149000 -12367
149000 146616
149000 41422
149000 109515
149000 -128587
149000 54981
149000 -39485
149000 110409
149000 -132610
149000 75394
149000 98042
149000 55726
149000 -82397
149000 46488
149000 -84036
149000 128885
149000 -26373
149000 -9238
149000 133504
149000 -112644
149000 -135143
149000 -3427
149000 -8493
149000 126948
149000 -42316
149000 51256
149000 50213
149000 -141401
149000 -123372
149000 146467
-186971 77940
-112562 -126320
-186716 77240
-116744 -114840
-119294 -107840
-164939 17460
-114296 -121560
-189215 84100
-102056 -155160
-173456 40840
-104657 -148020
-187940 80600
-124445 -93700
-151526 -19360
-129749 -79140
-116234 -116240
-108482 -137520
-161420 7800
-187736 80040
-99098 -163280
-142346 -44560
-153872 -12920
-111746 -128560
-167336 24040
-143519 -41340
-149894 -23840
-152291 -17260
-133523 -68780
-126587 -87820
-135359 -63740
-190643 88020
-140969 -48340
-123629 -95940
-131585 -74100
-159227 1780
-170906 33840
-184982 72480
-166418 21520
-120110 -105600
-162491 10740
-184166 70240
-95426 -173360
-132503 -71580
-186308 76120
-105422 -145920
-125771 -90060
-140459 -49740
-178811 55540
-114143 -121980
-146579 -32940
-189419 84660
-177434 51760
-102413 -154180
-108329 -137940
-149282 -25520
-126230 -88800
-138266 -55760
-114755 -120300
-152903 -15580
-182789 66460
-90632 -186520
-169988 31320
-164837 17180
-114041 -122260
-108635 -137100
-184574 71360
-91652 -183720
-153005 -15300
-170447 32580
-146630 -32800
-135767 -62620
-190184 86760
-154178 -12080
-177485 51900
-95987 -171820
-158819 660
-126485 -88100
-177791 52740
-94610 -175600
-165806 19840
-173558 41120
-159074 1360
-111797 -128420
-155912 -7320
-111236 -129960
-184115 70100
-130973 -75780
-136838 -59680
-185696 74440
-101444 -156840
-93743 -177980
-138827 -54220
-137093 -58980
-183452 68280
-125516 -90760
-157544 -2840
-157187 -3820
-91601 -183860
-97772 -166920
-190133 86620
