100
97000 -45590
97000 51216
97000 -40158
97000 71489
97000 -42777
97000 -10670
97000 37442
97000 23571
97000 -17654
97000 60237
97000 -55387
97000 -67609
97000 25608
97000 55387
97000 -96224
97000 80898
97000 46463
97000 53544
97000 11058
97000 92926
97000 86815
97000 -74302
97000 82062
97000 27645
97000 42098
97000 -81383
97000 4947
97000 -85942
97000 -27160
97000 -17363
97000 -39770
97000 34435
97000 -68094
97000 63244
97000 -96030
97000 26966
97000 68870
97000 -18333
97000 -28712
97000 72653
97000 30264
97000 55775
97000 -10185
97000 -48403
97000 -55096
97000 -74884
97000 -55678
97000 -44426
97000 -87688
97000 70131
97000 -69452
97000 22213
97000 -84972
97000 -51216
97000 -46754
97000 -63632
97000 -59267
97000 -38218
97000 -48694
97000 1843
97000 -54708
97000 18527
97000 -57230
97000 -13289
97000 -51992
97000 -78958
97000 -24444
97000 -21534
97000 -2619
97000 51798
97000 -64214
97000 96224
97000 -15132
97000 90210
97000 -52283
97000 32107
97000 81868
97000 -10379
97000 36957
97000 35308
97000 -81965
97000 65863
97000 -32204
97000 -22601
97000 69258
97000 76242
97000 21437
97000 30167
97000 53156
97000 48112
97000 -28906
97000 -32107
97000 61207
97000 69064
97000 74496
97000 37151
97000 -33077
97000 -15326
97000 2522
97000 -40255
98840 -41450
26984 -106320
94808 -45090
11936 -119905
96752 -43335
72920 -64850
37208 -97090
47504 -87795
78104 -60170
20288 -112365
106112 -34885
115184 -26695
45992 -89160
23888 -109115
136424 -7520
4952 -126210
30512 -103135
25256 -107880
56792 -79410
-3976 -134270
560 -130175
120152 -22210
4088 -126990
44480 -90525
33752 -100210
125408 -17465
61328 -75315
128792 -14410
85160 -53800
77888 -60365
94520 -45350
39440 -95075
115544 -26370
18056 -114380
136280 -7650
44984 -90070
13880 -118150
78608 -59715
86312 -52760
11072 -120685
42536 -92280
23600 -109375
72560 -65175
100928 -39565
105896 -35080
120584 -21820
106328 -34690
97976 -42230
130088 -13240
12944 -118995
116552 -25460
48512 -86885
128072 -15060
103016 -37680
99704 -40670
112232 -29360
108992 -32285
93368 -46390
101144 -39370
63632 -73235
105608 -35340
51248 -84415
107480 -33650
74864 -63095
103592 -37160
123608 -19090
83144 -55620
80984 -57570
66944 -70245
26552 -106710
112664 -28970
-6424 -136480
76232 -61860
-1960 -132450
103808 -36965
41168 -93515
4232 -126860
72704 -65045
37568 -96765
38792 -95660
125840 -17075
16112 -116135
88904 -50420
81776 -56855
13592 -118410
8408 -123090
49088 -86365
42608 -92215
25544 -107620
29288 -104240
86456 -52630
88832 -50485
19568 -113015
13736 -118280
9704 -121920
37424 -96895
89552 -49835
76376 -61730
63128 -73690
94880 -45025
