100
1000 769
1000 362
1000 -743
1000 419
1000 407
1000 860
1000 341
1000 274
1000 617
1000 37
1000 707
1000 583
1000 326
1000 89
1000 -481
1000 884
1000 -764
1000 871
1000 -445
1000 783
1000 747
1000 -824
1000 775
1000 -627
1000 -637
1000 902
1000 134
1000 -600
1000 -945
1000 -220
1000 -837
1000 -866
1000 794
1000 742
1000 398
1000 664
1000 -242
1000 31
1000 -168
1000 475
1000 110
1000 -403
1000 -812
1000 629
1000 -450
1000 -974
1000 -413
1000 371
1000 -68
1000 569
1000 803
1000 -388
1000 -770
1000 91
1000 -66
1000 701
1000 35
1000 -483
1000 921
1000 710
1000 215
1000 859
1000 673
1000 688
1000 606
1000 57
1000 826
1000 -651
1000 720
1000 498
1000 834
1000 601
1000 363
1000 -273
1000 332
1000 232
1000 -969
1000 -857
1000 -118
1000 307
1000 85
1000 179
1000 809
1000 100
1000 -935
1000 -766
1000 55
1000 116
1000 283
1000 453
1000 -40
1000 -622
1000 -103
1000 -713
1000 -12
1000 -150
1000 166
1000 -221
1000 792
1000 537
1000 -769
1000 -362
1000 743
1000 -419
1000 -407
1000 -860
1000 -341
1000 -274
1000 -617
1000 -37
1000 -707
1000 -583
1000 -326
1000 -89
1000 481
1000 -884
1000 764
1000 -871
1000 445
1000 -783
1000 -747
1000 824
1000 -775
1000 627
1000 637
1000 -902
1000 -134
1000 600
1000 945
1000 220
1000 837
1000 866
1000 -794
1000 -742
1000 -398
1000 -664
1000 242
1000 -31
1000 168
1000 -475
1000 -110
1000 403
1000 812
1000 -629
1000 450
1000 974
1000 413
1000 -371
1000 68
1000 -569
1000 -803
1000 388
1000 770
1000 -91
1000 66
1000 -701
1000 -35
1000 483
1000 -921
1000 -710
1000 -215
1000 -859
1000 -673
1000 -688
1000 -606
1000 -57
1000 -826
1000 651
1000 -720
1000 -498
1000 -834
1000 -601
1000 -363
1000 273
1000 -332
1000 -232
1000 969
1000 857
1000 118
1000 -307
1000 -85
1000 -179
1000 -809
1000 -100
1000 935
1000 766
1000 -55
1000 -116
1000 -283
1000 -453
1000 40
1000 622
1000 103
1000 713
1000 12
1000 150
1000 -166
1000 221
1000 -792
1000 -537
