100
557000 186038
557000 258448
557000 300780
557000 266246
557000 -510769
557000 -128110
557000 -419978
557000 423320
557000 136465
557000 -286298
557000 -36205
557000 -483476
557000 58485
557000 -228370
557000 -289083
557000 -149276
557000 127553
557000 -377089
557000 -167657
557000 205533
557000 -161530
557000 -443372
557000 -26179
557000 523023
557000 -509098
557000 529150
557000 508541
557000 126996
557000 471222
557000 -457297
557000 379317
557000 -275158
557000 113071
557000 455069
557000 -83550
557000 408838
557000 345340
557000 42332
557000 28964
557000 64612
557000 -315262
557000 95804
557000 388229
557000 -316376
557000 427776
557000 185481
557000 -317490
557000 262347
557000 -329187
557000 546417
557000 1671
557000 -237839
557000 -267917
557000 134794
557000 206647
557000 77980
557000 485704
557000 86335
557000 -362607
557000 186595
557000 -447828
557000 -38433
557000 478463
557000 -91348
557000 329187
557000 79094
557000 316933
557000 313591
557000 306350
557000 -372076
557000 -154289
557000 -308578
557000 125325
557000 484033
557000 357037
557000 -192165
557000 263461
557000 -103045
557000 238953
557000 139250
557000 -451727
557000 -29521
557000 -362050
557000 244523
557000 -256220
557000 305793
557000 223357
557000 -202748
557000 69068
557000 -450613
557000 -33420
557000 80765
557000 -119755
557000 -145377
557000 326959
557000 296881
557000 204419
557000 62384
557000 -453955
557000 -295210
-342688 -476890
-411848 -455440
-452280 -442900
-419296 -453130
322844 -683305
-42640 -569950
236128 -656410
-569320 -406600
-295340 -491575
108448 -616810
-130420 -542725
296776 -675220
-220860 -514675
53120 -599650
111108 -617635
-22424 -576220
-286828 -494215
195164 -643705
-4868 -581665
-361308 -471115
-10720 -579850
258472 -663340
-139996 -539755
-664548 -377065
321248 -682810
-670400 -375250
-650716 -381355
-286296 -494380
-615072 -392410
271772 -667465
-527292 -419635
97808 -613510
-272996 -498505
-599644 -397195
-85200 -556750
-555488 -410890
-494840 -429700
-205432 -519460
-192664 -523420
-226712 -512860
136112 -625390
-256504 -503620
-535804 -416995
137176 -625720
-573576 -405280
-342156 -477055
138240 -626050
-415572 -454285
149412 -629515
-686892 -370135
-166596 -531505
62164 -602455
90892 -611365
-293744 -492070
-362372 -470785
-239480 -508900
-628904 -388120
-247460 -506425
181332 -639415
-343220 -476725
262728 -664660
-128292 -543385
-621988 -390265
-77752 -559060
-479412 -434485
-240544 -508570
-467708 -438115
-464516 -439105
-457600 -441250
190376 -642220
-17636 -577705
129728 -623410
-284700 -494875
-627308 -388615
-506012 -426235
18540 -588925
-416636 -453955
-66580 -562525
-393228 -461215
-298000 -490750
266452 -665815
-136804 -540745
180800 -639250
-398548 -459565
79720 -607900
-457068 -441415
-378332 -465835
28648 -592060
-230968 -511540
265388 -665485
-133080 -541900
-242140 -508075
-50620 -567475
-26148 -575065
-477284 -435145
-448556 -444055
-360244 -471445
-224584 -513520
268580 -666475
116960 -619450
