100
73000 -68474
73000 27594
73000 57670
73000 9125
73000 46428
73000 -803
73000 44165
73000 -146
73000 -15330
73000 18834
73000 -51538
73000 14746
73000 -63291
73000 19856
73000 -44238
73000 11023
73000 8322
73000 -58692
73000 949
73000 -20586
73000 69642
73000 -24236
73000 35989
73000 27083
73000 -71686
73000 -66138
73000 35770
73000 48472
73000 -47304
73000 39420
73000 28543
73000 -28835
73000 -45990
73000 -13067
73000 40588
73000 51027
73000 6059
73000 -2628
73000 67014
73000 -6351
73000 -59130
73000 -12775
73000 -60006
73000 44311
73000 7300
73000 58619
73000 -63948
73000 -2482
73000 -2993
73000 -1825
73000 71394
73000 -24455
73000 -21535
73000 -67452
73000 26134
73000 -17885
73000 -34748
73000 -68328
73000 26645
73000 18250
73000 68912
73000 -56064
73000 68182
73000 -6132
73000 59057
73000 -25185
73000 -42778
73000 -11315
73000 -42632
73000 64532
73000 40004
73000 71248
73000 61831
73000 -38617
73000 29492
73000 -59349
73000 -10585
73000 -49202
73000 11169
73000 -28105
73000 0
73000 41099
73000 55480
73000 72197
73000 1460
73000 47304
73000 54531
73000 -11388
73000 -61539
73000 -49640
73000 -2044
73000 69204
73000 -72635
73000 -51027
73000 66868
73000 -32777
73000 3577
73000 -4380
73000 -20805
73000 42048
-99590 9976
-27210 73144
-4550 92920
-41125 61000
-13020 85528
-48605 54472
-14725 84040
-48110 54904
-59550 44920
-33810 67384
-86830 21112
-36890 64696
-95685 13384
-33040 68056
-81330 25912
-39695 62248
-41730 60472
-92220 16408
-47285 55624
-63510 41464
4470 100792
-66260 39064
-20885 78664
-27595 72808
-102010 7864
-97830 11512
-21050 78520
-11480 86872
-83640 23896
-18300 80920
-26495 73768
-69725 36040
-82650 24760
-57845 46408
-17420 81688
-9555 88552
-43435 58984
-49980 53272
2490 99064
-52785 50824
-92550 16120
-57625 46600
-93210 15544
-14615 84136
-42500 59800
-3835 93544
-96180 12952
-49870 53368
-50255 53032
-49375 53800
5790 101944
-66425 38920
-64225 40840
-98820 10648
-28310 72184
-61475 43240
-74180 32152
-99480 10072
-27925 72520
-34250 67000
3920 100312
-90240 18136
3370 99832
-52620 50968
-3505 93832
-66975 38440
-80230 26872
-56525 47560
-80120 26968
620 97432
-17860 81304
5680 101848
-1415 95656
-77095 29608
-25780 74392
-92715 15976
-55975 48040
-85070 22648
-39585 62344
-69175 36520
-48000 55000
-17035 82024
-6200 91480
6395 102472
-46900 55960
-12360 86104
-6915 90856
-56580 47512
-94365 14536
-85400 22360
-49540 53656
4140 100504
-102725 7240
-86445 21448
2380 98968
-72695 33448
-45305 57352
-51300 52120
-63675 41320
-16320 82648
