50 169
49 50
16 46
1 45
14 50
29 35
15 44
35 41
17 48
48 49
29 50
20 39
21 49
34 47
39 47
10 46
20 36
4 48
23 46
13 33
19 41
5 38
23 45
25 30
28 34
42 44
42 43
41 48
1 22
18 37
36 50
44 46
33 46
38 50
38 49
46 48
16 31
28 30
44 48
43 50
47 48
23 26
39 40
32 42
2 15
20 30
27 33
46 49
45 48
3 23
1 29
32 44
30 41
24 26
8 35
14 26
32 36
34 46
8 11
45 49
32 45
15 24
26 48
23 42
24 45
33 36
4 15
40 44
30 35
22 48
30 50
18 26
4 38
17 37
16 39
23 27
12 32
16 44
12 18
22 43
43 49
34 43
10 17
3 41
42 49
9 35
12 40
32 37
8 24
36 46
19 22
1 8
11 46
33 44
42 45
25 34
11 43
13 27
38 42
12 13
47 50
5 23
32 50
15 16
12 24
29 33
19 50
41 49
9 19
9 38
18 25
20 34
9 14
27 28
12 47
36 41
22 49
2 44
38 39
16 49
35 47
6 30
2 10
37 50
42 48
8 14
27 32
27 46
24 50
14 33
39 43
3 50
10 11
30 46
32 34
15 37
26 30
5 35
40 45
46 50
19 32
11 47
17 29
31 35
1 43
19 44
8 28
45 50
7 13
9 46
38 40
17 19
4 24
27 45
8 34
10 37
30 48
39 41
31 46
26 44
2 9
32 35
30 44
11 33
14 28
29 36
7 17
45 46
11 12
8 43
