46871 6670
35593 10697
4000 12685
19577 44457
24656 18353
37213 24186
26422 31853
35388 8684
3878 15442
40271 6639
274 28716
41526 20201
2289 29842
42626 39837
122 46043
12819 4452
40057 32176
41619 18222
16778 40154
7278 432
42528 42554
22941 27959
23832 16761
20398 9967
406 45743
23955 11362
35312 3512
46300 32137
41151 28772
22202 16814
8942 30172
28545 16169
26946 44195
36701 26776
26225 15888
41554 38422
39800 45668
14354 40015
39070 12711
27707 39865
43001 5292
36668 34753
20249 25070
32407 37347
13054 8505
3620 29100
39242 43400
34226 1767
40778 45649
8580 36409
7869 13422
3079 15671
39494 7873
1367 37621
13007 7194
34981 30362
16216 17785
31914 25873
27090 3431
37962 38114
29433 35737
7396 18321
46112 1429
15134 4659
26716 11430
17602 24662
11358 12301
42137 37651
43358 23160
42377 1850
19800 13559
46119 16837
27973 3917
9580 21475
16914 31945
10513 29131
13990 45130
34697 29402
31062 23484
33310 3539
23284 10517
3044 5905
35002 34220
18039 30967
7727 4213
25208 4735
7591 8937
23819 39111
44442 11443
25096 10360
4687 16611
35219 12692
43008 19886
38009 6032
21824 22043
29873 42392
4539 8003
40656 7972
46780 10974
13111 24584
14504 28878
16027 28240
39017 7963
39114 12111
1546 24568
45203 36131
17541 5742
14600 12929
25208 21702
19278 4520
40276 14823
39493 36479
5256 1585
44038 36095
4789 33973
18104 10785
31010 27629
38962 15978
13468 44738
4468 16326
14852 11671
29773 35282
45454 14371
19559 4844
5940 41009
45369 20337
1709 9449
39404 19184
30035 45304
28104 22165
38677 6903
7295 1145
12409 31065
14074 28603
7463 46850
32636 43869
41128 11656
16901 37919
31785 21893
7549 30363
38438 44718
35347 46093
26052 32559
11449 43625
12702 27877
42309 37145
37675 38168
24085 5178
36525 6558
26038 2291
41388 7994
29793 36307
13096 276
37480 42466
21310 17227
36670 16136
28686 34693
200 24160
19501 24845
9639 7131
39893 5913
45113 27379
12464 9756
37310 10970
663 41056
17218 17675
20198 11148
32665 10359
43675 17093
15924 34720
45850 37739
15327 3246
14989 28888
37225 42453
13617 11614
40340 19359
11427 44928
46399 20011
2573 24751
23911 42869
7645 29582
9733 4750
17737 34216
6064 17661
775 32176
20459 13833
30150 16723
25151 40951
15410 38690
33733 31247
39892 11372
16540 34513
14014 30532
3779 13415
42318 23381
38656 31889
20305 17936
27296 5810
2402 10836
27362 6225
21151 8475
27906 28885
9226 31976
26348 10180
10551 20992
19469 18947
40744 32866
8065 32112
28858 42935
7772 40527
28770 1829
13679 27338
14732 24036
6434 29549
20075 34031
32454 10893
4505 20537
30748 20265
44611 8803
44251 3704
10630 43581
566 43237
12232 15812
21756 18816
29737 32673
34752 18726
14701 14563
778 30589
2990 17153
11267 3214
34845 2130
38177 19765
23513 36572
34947 27440
18372 25972
39438 4041
496 35014
38133 891
20824 11156
40568 15527
3399 44497
16632 34369
4763 2727
20625 11282
10486 19030
42883 12493
4638 45960
5075 36215
20309 20936
37069 38991
16513 13386
16866 18978
45885 7029
6618 22325
44181 23209
44507 35950
19397 21225
10478 44080
28180 42813
10485 15867
19882 33574
28297 4155
366 18095
30407 5230
36745 32697
22108 17305
26778 32221
26285 8560
26491 40845
44288 3168
33777 24960
2100 37099
37306 21215
3311 45521
21455 46450
26813 20018
2035 16734
196 6024
29229 30228
16132 15748
36164 4720
38293 6871
29486 3802
19565 12511
18027 19175
42729 54
36300 45168
7332 3621
24958 15217
13620 9267
1426 22308
10568 21182
21520 21956
15090 5487
27841 15361
42393 2332
2580 36763
43167 20124
39227 10569
9121 25315
17669 23138
41093 18908
8871 28380
21025 44195
43498 34704
25958 7521
14940 41145
16223 34046
14920 41771
98 46742
15530 42350
5975 36963
24725 6459
6192 27084
39580 12045
28538 9564
35870 10888
7369 39611
33060 16408
13380 27752
33765 4003
25534 17840
40261 25948
10007 43998
25308 42968
14637 26421
21886 2763
38395 35161
36288 25392
38953 15977
30094 6000
3785 39615
2049 46003
3082 35351
35882 13139
19629 1559
45614 43259
4580 7469
13946 24214
37759 31863
21964 24257
10974 7324
27397 31048
22039 21732
19559 38119
10018 39228
20077 18787
22442 31479
6181 1839
18380 15281
1258 10729
19938 20869
34342 14151
33436 1934
15587 42423
26447 3203
15447 19822
4000 45356
23391 14597
3004 24259
5514 20626
42058 20082
37249 38688
35168 9988
1514 33200
21530 25889
26578 23485
21509 38959
20792 25161
28169 16515
7852 12237
22362 40204
13961 16872
6394 9167
12310 44064
30910 34905
27525 7973
23684 42866
2243 7742
36862 34599
11571 19152
17817 41721
37098 30931
4278 32507
13389 14911
38463 37687
15078 11586
16471 23063
35298 41959
44712 39902
39328 2406
31875 12585
34727 44773
25421 21338
20829 31553
38262 30514
8284 42845
43591 38579
367 35663
10169 15475
18049 41364
1758 34344
17636 45126
11349 42693
31274 40217
745 43936
11720 24518
40637 2663
43937 27321
26179 1211
41666 5729
25160 19738
41635 41448
28081 35971
35710 46296
27330 44207
24865 43088
33048 27382
16832 9099
45311 26740
28483 19387
23832 18483
27906 15707
11378 32306
486 36690
45821 23239
764 24151
16422 11655
36434 7011
40639 21705
9808 5911
1908 2606
5834 7084
3685 29818
40038 5345
13264 4869
18586 39669
40195 28758
40143 445
44448 20318
35754 34566
15306 12425
10331 34845
26870 2767
9992 24655
44298 21826
5472 45409
12321 34849
28344 15956
34896 18333
44067 12624
10418 20308
29186 24014
26303 29713
3529 44656
28595 27185
23109 45486
19229 33796
46846 19170
14086 43950
39544 31994
35077 18964
19456 33040
21869 40694
31451 7369
11480 16092
14224 24185
42687 28593
44786 34630
29033 18863
17827 25561
35189 6908
46645 43713
2432 45586
26950 31415
21169 10314
25400 14386
25037 29035
15470 19676
14669 15524
39086 34935
17645 14799
14275 17390
40946 34630
32212 33828
24123 33938
36525 14338
42608 22561
26833 22958
4703 16648
10746 17992
23292 40909
27536 3834
38657 42530
36317 3384
28956 41883
23698 14001
19907 35261
28531 39777
21043 15699
5166 20920
32348 12663
26425 26522
39600 33063
37399 43911
1720 37220
19460 26594
39396 20586
16384 30114
14151 37405
25071 25415
23463 45320
5034 12126
36348 24360
10724 30145
28203 40192
30262 15721
14168 10554
41550 19472
24071 15753
46250 6703
46211 5399
16200 10532
17151 8595
38236 38125
17399 26498
20132 22627
42139 28996
11925 30094
1769 12162
21403 7582
40049 33341
5106 10066
8668 16800
3043 24860
17845 21557
17832 39077
10773 26434
29869 21130
14738 21653
44487 2733
6621 19854
11793 39435
23544 17908
14207 42091
3337 45884
16394 19280
37689 24247
40763 30741
2332 17519
13848 36607
6048 21438
39322 42146
40612 20720
20070 15137
30534 42720
8691 29491
1639 12967
39521 33875
42690 34367
3391 43969
679 256
11493 30427
38423 36274
29045 9286
17042 13474
21093 11838
28364 15453
29037 8318
32415 24693
11139 27861
17007 29591
43820 32610
35380 39414
28195 11820
17956 27122
22443 34918
46862 21949
35112 36816
10734 2256
25392 30744
39407 2101
17039 41740
37539 35690
32171 5812
28018 38140
29167 4571
31975 926
38671 29367
16120 33688
1059 44075
45295 3098
25414 15558
9951 26529
42751 19028
28973 42346
10261 20512
38627 20179
35907 3775
45319 10958
31228 22356
26367 36359
39500 44484
10658 17832
27661 7252
34935 27148
35763 40814
42003 9982
2042 21272
30656 41807
30666 33360
27489 1737
16852 24875
45789 29880
24724 29013
27887 36300
5178 38403
9709 14574
35001 32489
11681 21469
3842 27506
32073 15211
39087 13932
22778 3725
39114 24733
2261 34397
6888 20524
15751 18695
16524 10422
11040 30338
22219 43239
45087 25718
21408 43455
33035 12003
35802 29018
6765 39640
591 767
12408 38178
25428 43243
12752 40818
13230 10856
32922 40826
42650 7874
655 29779
3791 40705
24595 25380
35268 34323
45275 4017
39603 16224
37568 12884
28801 34620
9331 27347
33258 19734
9524 4933
32635 22311
19594 8630
3698 20577
1155 24353
39340 17225
36562 29074
6362 45350
36869 5741
43963 5708
45042 23674
40395 44332
15510 31007
10738 10627
45197 35273
44176 35329
1043 10908
42374 16768
1954 12535
43880 28933
17094 3410
13752 34093
2063 25425
34064 43557
32895 25872
46564 36390
26245 4512
38467 28124
43997 21455
22011 32506
46458 9630
399 34017
26219 20070
6965 10791
32619 6865
852 42939
12633 42284
2777 30545
11186 1044
19534 27255
38922 41131
5855 19475
45778 32019
6823 3547
14725 28048
26150 28552
7643 31232
7910 30542
5993 11159
40748 44336
19805 36023
5731 31067
26728 42251
41701 19621
11915 12719
7188 4089
21321 9875
42668 22300
27026 29961
10929 1049
5233 21801
14292 1592
24824 30986
9831 27474
2260 35234
9356 24809
45493 305
406 33800
8405 18227
23886 41955
14405 24554
24464 37713
28766 14062
40251 39232
11076 3434
23822 41758
17370 8449
4497 25020
8215 38911
36503 4477
41191 46218
22543 41899
25051 5769
10884 36972
45696 7869
46300 16757
28267 22633
44386 34362
30538 4562
8286 44898
36970 42053
41258 14516
4569 34325
44901 44548
35080 5625
6674 36804
19523 6089
32283 26600
1513 2992
18888 43236
13581 30189
36504 5325
42627 9388
9341 21188
35122 18064
15123 33482
45054 3315
17950 26586
17063 46233
46153 19920
30409 28730
14615 19252
42978 18719
8057 25367
34364 23350
10899 30740
13163 1913
7954 31099
22613 25517
26377 45529
37678 33114
1871 22409
32107 41096
40019 18322
40678 44992
44211 45205
44680 14367
22732 33080
45993 15719
41802 32365
22902 15952
44118 39877
16656 18384
38633 6817
35166 21421
9394 36319
39931 41145
19594 344
32315 37782
15418 19768
17251 15469
14472 37979
25188 27471
14243 13551
8203 12131
42474 44500
11926 10507
37560 11399
44263 19211
7077 45368
18880 28770
17092 29629
20372 32917
1215 3885
23665 14689
15391 22319
15737 14611
10351 29355
18692 44905
27213 41661
42901 35891
28246 29371
29120 831
38389 18135
6722 14695
1743 5594
35382 11597
4157 14771
26457 45004
11526 14039
22722 11469
28536 6968
39341 13143
44453 46769
28705 6461
16236 7074
27724 39216
13638 13682
38734 17439
8269 3596
10577 39220
7881 33841
10918 38340
2886 17678
7201 30444
11307 41877
11182 22595
30735 3602
4982 44513
42819 21377
33388 7999
31176 13652
29625 43164
20240 11344
41847 13417
15810 42477
27190 14705
16377 41198
3817 12436
33233 25954
15401 29971
1370 9067
33844 31694
15500 12485
15414 33824
40310 40410
26777 24533
25143 1004
1083 33982
38575 16668
6518 41158
31368 26822
32682 36180
15333 35168
17932 42880
16167 10326
10131 12122
35879 28839
24563 1584
1461 22556
13664 32950
36874 35642
29927 32356
30445 19413
224 15688
38949 1404
32983 4807
12640 40311
24834 11325
19666 7997
14502 31148
46084 24132
3533 5988
417 27672
11980 40326
28597 10201
35782 18879
36420 14911
20204 14368
31896 2143
15368 26964
34598 43866
10848 44391
12900 17418
5570 23489
17134 42104
27223 42346
16096 38933
7773 33712
39767 40133
23626 30010
16481 34563
1171 3496
17954 1465
30864 19048
4539 28546
7178 10898
39292 36925
19002 9066
1984 2167
19190 27826
14443 45527
31713 34621
35955 21553
20214 5256
37950 24435
21994 42517
35631 6971
22773 1936
19341 10419
8122 7599
29262 19179
45835 42331
36109 14070
15786 43876
11500 13336
29953 23923
18019 32215
34986 20584
3220 34911
13037 44020
124 34114
20241 32436
8484 11179
5307 17218
6696 14986
29660 22266
8856 45765
9977 8728
32008 29239
8007 4907
31734 4935
44359 20090
6728 155
2141 2617
45920 10623
12053 37068
38591 11562
18445 25774
12802 26078
15883 39713
9914 15666
34674 31942
13648 28273
30135 33863
15611 18165
1034 10227
25690 8920
29307 1334
23898 39065
10796 41724
19152 10714
29588 25528
979 23718
17244 38272
13848 17022
36052 23020
33804 2446
26391 16321
3528 29826
19985 16104
45436 37667
23532 19335
26164 32214
27402 35144
25193 19969
8 13331
1630 9016
30115 40515
43254 23900
6484 23911
22201 314
35537 41356
41204 1988
12126 12932
45966 26508
36826 37813
24244 30692
29646 7195
25565 11640
22345 45121
17040 27000
30066 11378
1641 29465
46426 38288
31330 3840
1868 26293
25405 2633
21529 23410
30098 2569
32528 28915
10811 34585
12800 3581
16611 1538
34730 44442
21096 27478
41961 26476
33189 11281
28713 21411
36172 25120
12302 31598
8011 35994
41331 9830
28722 19884
25381 22168
974 20129
27271 29643
19374 43018
36977 37449
45466 28128
35246 43105
503 1892
43295 26629
5638 17965
33338 35493
8870 30404
26932 42385
13841 33971
21412 23159
16487 1893
21227 42019
45913 8216
44076 38018
32111 6170
4417 36001
14914 37951
20922 26382
45984 26013
25659 12438
19554 34238
29843 5326
33123 9641
517 17910
30893 4112
12244 6149
22048 38614
11057 30933
37587 3534
7993 24417
5885 36314
24542 36999
8967 3093
11549 22566
11035 1213
17963 10288
45027 35498
6971 13490
17507 6950
39857 17873
37847 26777
10725 34230
8580 943
10325 26209
517 29594
32162 13926
1545 12053
14979 33279
38888 5620
38051 2437
20493 40117
8175 8103
20525 32037
25555 36700
42549 17095
27923 7243
32617 15778
20756 39285
10111 40811
40459 3520
26847 39658
45532 16315
22152 2081
30679 36
12239 15553
44017 3550
11010 36890
30739 6457
18253 30793
28616 24270
5217 6104
784 23208
34327 20044
39231 9500
44698 26477
21494 46324
22289 43952
8679 5647
14551 27463
13506 11973
7040 35663
18471 30529
30268 735
4140 46256
20638 29009
8214 35425
17484 39481
21542 4523
40025 21775
45962 14531
1827 36950
31378 8867
45628 17655
29362 30912
15428 3358
36210 12647
19614 19729
25925 13429
23922 11215
10830 15582
38314 36319
38991 7470
14605 6206
39976 32544
41389 2968
5746 2457
12296 10534
28077 21522
29210 11241
22599 18014
32760 8454
23722 29823
44198 46339
9692 41225
24419 39906
35424 8707
44415 37212
29758 33646
32874 9750
28762 23009
5560 20401
26253 14402
32251 11289
6153 15537
1261 28872
30948 19877
41122 43461
20525 22393
20260 34920
46375 23675
4360 40869
35236 30370
14175 31731
40202 36891
7287 45438
33706 32394
11498 36492
115 17527
30756 12347
39519 21535
16666 15761
986 9787
4007 12276
43099 16542
15948 16763
6356 42142
2183 22569
43357 45974
6639 12867
18115 36614
42457 7681
15947 22109
19222 28706
8722 42151
33601 35074
19468 18004
25617 23474
27034 38636
423 8638
37975 9745
2383 16527
25023 19449
27675 18804
4432 41934
9542 38955
45036 6533
9448 33635
593 36590
33931 37799
41575 45232
42565 35305
8777 23502
46380 20715
21635 35025
29740 31067
11613 20002
22834 16314
36132 45869
41734 44969
18872 21957
43056 7128
44905 33947
23138 31982
13265 16575
11465 129
34322 23994
27212 39217
5560 44113
5184 36467
42465 31270
29436 34835
18793 37496
5680 44333
33452 22670
29981 41082
30571 30363
46539 19049
13301 42699
20276 29951
39832 20810
35692 37247
45384 20567
3469 22210
26123 34255
3322 34431
798 5597
30395 22238
45116 23543
17894 33745
6539 6185
21230 27036
41483 5826
38058 13811
12611 40128
1234 36977
30775 22738
46793 20821
1431 2235
44224 43245
44073 2774
10387 23418
33067 20036
29616 814
28533 20374
16417 26577
9427 1398
41487 23119
40410 22744
3893 4372
21191 38721
536 45187
18833 19143
11642 26863
29657 9487
81 30674
10318 28521
46223 38309
26106 1146
14214 35533
32905 30644
17872 25567
18425 37646
4923 28966
16398 21237
21748 2730
32842 13988
22956 6042
19671 4925
44620 30273
29809 23995
8130 12789
32352 40671
35034 34036
41463 44860
21786 6289
16847 24425
21048 9498
5456 7495
18537 13895
12992 31861
5185 11523
41167 29183
7587 16775
17674 10244
23386 18190
32165 11470
16433 32182
35700 45894
36817 26730
26230 28199
26326 45815
32605 662
44071 20895
16613 10923
44536 635
4739 323
38562 2347
5578 37959
29940 44372
14102 8495
43116 23858
41726 2257
33110 7857
8303 32100
6442 39196
46382 13514
4206 42327
27710 42505
18194 46348
21184 2618
30019 37563
709 24462
1815 2507
1457 17852
39656 30264
22104 4632
23881 13151
33054 32166
36273 13357
38139 17703
1081 8970
27008 30758
11675 15717
1138 21581
14014 18978
45224 43065
8919 42445
43232 39862
26573 13037
31852 78
8258 5310
32965 3524
27269 19163
12501 13074
19772 25960
29349 38359
46802 2999
11784 6196
36154 44959
30513 8863
16920 16804
35136 16664
29840 13793
44309 29258
664 31281
38199 14526
25939 46251
12441 41824
42376 42711
8906 34169
11149 32500
4386 24872
31175 13225
678 24679
46099 23479
18678 22046
46824 14095
27328 38122
13453 9904
35053 23332
7465 32964
17600 13180
27615 22509
25092 36951
37126 32804
39492 5588
42935 7215
29182 29479
20738 19812
28476 30049
15936 41550
5000 2093
46105 9560
10725 4993
12938 38069
44254 14444
13438 25478
9853 21821
10962 37495
42890 20247
4739 22186
34234 21573
20751 12011
27068 1355
12023 1881
3155 15092
33367 22352
10629 42168
11111 8332
15373 9660
31127 27644
39031 8661
22840 27301
4535 31015
24877 14
41365 22134
33653 4561
13803 37824
11702 23528
31793 42156
21876 42361
4023 19927
28612 10766
10572 29910
4067 24508
35383 26587
19 35917
39531 6764
35619 8157
46502 42578
12403 26218
30235 2917
23986 44963
11178 12005
27729 10688
13093 36995
44014 42054
19687 10409
12860 45510
15432 37675
14017 41213
13398 18256
43142 28229
39780 30643
39113 17595
46771 17164
1424 7538
45771 22027
38753 38340
41600 45595
9443 39065
21313 35727
38175 9227
9628 40721
34897 5601
30802 38739
20025 29094
5937 20263
46394 19355
10984 14523
14095 3630
42965 41809
19079 28306
29392 39292
46125 45574
36695 21870
20944 19755
40307 37904
27143 8515
39847 8579
25821 13546
41626 35259
29676 46590
11979 22428
36037 37728
3743 11993
29860 22587
11717 28852
12743 12594
16906 18291
29303 19736
10536 8778
6323 38662
14542 13323
33717 41100
28205 9942
781 13414
36604 10554
45283 15793
32047 41428
42888 41142
21396 23635
43540 45735
9048 40296
24172 34114
41613 19554
20549 14067
27484 33130
38232 36183
16529 13667
25947 34242
32466 1071
31132 808
18004 11630
45168 244
22229 1389
2840 32179
45643 29304
44205 37203
37814 20751
30090 22390
44296 990
2394 31443
2336 3081
38060 10807
29771 27071
1286 21338
11619 7767
29206 7828
26949 26802
21081 1272
7752 32748
7994 44941
11809 40783
14128 43307
29265 9754
16372 1799
34526 12947
26359 1154
42964 44871
9847 3720
29299 39756
17861 15633
42996 24768
43025 45991
35442 38545
31857 6111
43904 44206
38819 38524
8032 14347
20971 35964
14249 33940
32040 5708
4332 16430
26208 21988
19374 30130
46808 16045
3447 33217
28004 30604
1395 27737
29576 9500
24921 30300
1410 3911
13146 27976
23457 8618
33583 21625
44916 27248
19870 15976
24321 7583
45633 31937
18055 5476
5022 38190
10174 12194
7544 31323
25475 41482
45700 28103
28371 32811
24067 26442
3720 26180
26496 43181
5386 44756
5700 8070
9825 44373
41068 23167
46664 14225
12556 38563
6001 45044
21810 38677
11988 17072
30991 16782
43318 34271
11504 16742
10565 31033
46125 17121
24055 15561
27304 19624
24554 12219
22529 23296
41816 8459
21147 19463
28611 6572
10724 45943
22983 42654
12845 33207
37932 1203
7107 3769
5346 7944
1362 30694
29163 41427
26832 1806
29871 11943
1459 15461
4759 13230
38543 14580
16138 23984
40395 20193
21454 44002
7288 39774
37728 38867
31068 32989
6315 2809
1773 37115
33772 34439
7930 16094
30568 40021
43366 41425
21926 3720
44350 21107
28691 45189
7026 21633
34823 12429
40824 15795
22285 16324
677 38724
14136 9857
46553 22998
25911 23192
5153 15874
37651 888
33378 20037
44272 19482
39319 2202
15656 4000
45751 37963
40131 42288
18077 21506
14034 28212
45423 21842
14875 45304
13109 29837
21139 16057
37786 24644
18722 24813
28128 39030
26399 35800
43866 41317
45915 3632
4962 30960
33189 29853
37523 5888
45842 11164
23971 3525
15918 5302
26182 33503
38465 37220
29319 32084
16946 19456
34971 14436
2732 21465
25270 33034
35317 8717
44519 40397
2717 37788
8223 40556
14838 41174
37950 13576
9883 44372
22833 242
3233 36194
37201 19669
10227 39766
15879 22796
17639 38844
4673 31603
26943 13385
12729 6211
13732 24662
4603 43903
15868 11054
35209 14194
34811 9834
21668 16096
11460 8806
26941 21553
46555 30252
38545 38675
43183 5409
11753 34656
25285 42783
18847 2062
39971 29082
19111 7651
36761 36375
20940 38731
38706 13830
2641 46003
5883 16581
28894 7343
34843 26277
42741 20994
143 3964
36150 24520
32927 37322
28733 11915
13799 8045
37642 31930
13997 6243
37923 27618
44764 23201
13167 41999
24898 42475
20560 4235
23150 35926
37505 35860
36231 32784
24869 23970
45753 37659
2942 31546
37655 2546
2668 41959
35579 10843
17494 32757
31388 16407
17370 3296
25716 4280
36000 16811
32235 23478
8446 32273
44575 36538
9359 21628
33989 42579
21090 2092
6259 21042
3914 45409
24652 9316
44426 6989
493 10816
1744 25782
16619 37601
17201 18770
16161 8128
22429 6895
11535 2911
24306 12764
11923 36022
31469 27094
14734 31988
21088 44782
18561 35952
41021 865
40003 10284
11726 2587
33567 3609
7232 17878
11788 7895
4538 4172
34821 5272
770 4436
37392 36238
99 24155
1530 40469
37776 39875
27889 5140
7336 21536
26687 30885
23351 24968
18158 36179
3614 46412
46634 38811
30996 45034
43480 15161
38842 31594
45087 5887
40033 39906
15702 36413
6267 13753
42783 24804
40218 23471
29783 27700
23605 32937
32923 18840
4607 37406
42857 45716
44170 36327
31590 42996
21546 35166
8089 18126
15560 12253
42485 34751
12288 14765
44645 39572
43636 18686
34013 45689
8098 15262
9719 18504
38990 12089
1295 8291
22397 38579
26278 46421
5419 2030
16561 35282
13809 24055
2458 42117
30578 38878
46815 8858
22751 10563
24903 22951
23446 23639
23606 39606
36165 30837
32879 28574
40366 17730
25343 4759
35043 14660
24431 3355
34695 43750
40680 26696
20770 31678
34129 44934
34194 45495
46715 2410
46703 33297
32216 7609
6638 17835
33069 21815
42885 15134
4285 41503
36032 13738
3303 19668
44706 24854
40472 11831
8645 43218
36434 14028
4358 23363
24231 42986
30812 19402
3737 16718
34539 44826
21595 32729
37818 46824
6728 23948
35158 23222
43526 15888
30185 10904
39148 39160
37656 36972
15906 28109
28439 40488
34670 3343
32567 6448
17794 16915
29391 13698
36582 19468
3285 8556
18925 22393
2892 11155
2146 30225
39149 44910
36272 32010
2868 2564
17715 9882
40081 25000
14101 27524
8206 36141
17647 24636
26547 4826
8527 4393
21817 2149
13895 25146
7897 37922
43576 42926
14887 38349
7147 41030
13474 4578
23340 27086
4009 46849
4978 1938
5661 46134
30427 1101
43634 34641
9776 11562
23865 35231
44977 9135
26922 27422
30239 35440
23970 21564
18401 39714
33026 5501
13158 46817
26165 41024
34832 30131
43648 22459
13967 1661
10652 25020
23727 15331
40467 35068
24926 10622
26902 32649
45370 22830
34050 11585
43992 3492
43243 27528
15011 38907
35072 35631
19635 33390
42311 32021
24111 19484
33751 33021
14670 42915
33582 29255
3708 5063
3227 3409
34279 3505
12873 25768
523 11512
20257 30727
3177 2686
36940 14014
45059 24743
42654 32850
22715 22519
13832 5646
23707 31201
24059 9157
15041 40339
30339 45368
15253 37037
25861 9291
5541 26489
37003 42966
19201 36755
28369 16221
35448 20913
45349 12580
43044 2009
31199 8481
36133 38421
19738 29442
28157 28403
3629 28742
9847 20747
10448 7120
28629 15315
46234 31435
22391 23084
34501 34802
36130 24203
56 6696
14161 38389
10052 4512
11394 37537
28757 21196
40202 26565
9774 4482
43461 10347
28130 11345
44429 29139
33599 27966
11265 23423
1655 13882
42197 13284
34549 33540
34928 18284
31093 28786
30788 18144
44824 29806
5296 14778
45173 6845
37078 19693
1180 42729
37209 24034
39326 39596
5078 23975
30849 23906
1868 16919
33736 24027
6393 34019
42809 1740
31512 4112
45672 43353
4771 30698
11512 4784
24469 6904
1443 18344
21882 14189
42822 44296
16556 19902
44210 45357
2915 20478
29824 16995
1946 33006
26530 2827
26719 21101
36726 28736
21109 23139
3834 8133
27892 32726
11890 23161
39134 894
25246 31344
40357 15959
14555 22608
17577 13430
22814 26497
7543 7953
20962 22617
26927 29659
9436 21036
28932 23142
1055 5972
15791 25521
2622 38331
25419 36549
16435 11911
4918 4957
13731 24981
26062 3432
31546 9839
7254 2559
27726 6442
27268 23833
9090 3155
9963 3068
25886 26355
39104 38552
32277 26001
13293 2269
37787 5762
29739 34031
44318 27398
31434 4843
14760 35700
5416 27004
9460 3419
11017 8680
23882 45569
17237 32803
35843 18107
37176 23427
34569 19985
26928 331
17384 36863
27491 19223
28046 20138
18622 29080
37227 30865
32792 19128
11230 36337
25923 43173
9675 11531
43971 17172
19239 17503
13520 32483
1432 38104
36265 10127
30067 44720
26160 15911
15838 17294
9138 17606
40380 986
7189 27882
41919 22173
7894 7409
8522 20788
23300 24634
13217 45799
19525 29911
39097 19110
16269 16
35567 40639
21064 6413
5543 23184
33861 45698
12063 36252
41673 15719
34601 5927
22225 40875
38387 25652
37385 1881
37262 13246
3928 26879
25855 43435
4682 4247
39587 18770
4659 39004
11216 38468
4435 23625
1469 32847
31497 26885
30170 3709
6733 23466
13179 11366
21924 40628
32500 111
6760 24513
27221 24319
35724 32559
20159 9521
4097 26426
38334 31003
1514 43401
4476 40763
30925 26451
7360 10921
1740 34330
30226 38665
34804 29975
17850 10872
5355 28915
33730 3136
34745 32331
35377 19977
32328 31634
23761 16074
16290 44183
29287 24048
11071 25201
32183 14494
8481 30557
10682 12974
38506 19474
10744 24517
25984 23204
20641 34592
38566 30096
2365 28309
4760 38673
14499 1807
37785 22550
21597 14199
12996 12223
38712 4823
39227 22996
42769 18890
5081 23997
35116 22483
17741 10554
43084 18072
22384 37850
36094 23848
5182 28402
34808 24344
2464 45401
24722 23000
41995 38268
23551 3897
33396 46438
17324 14223
21803 43901
38846 9199
36144 37824
32848 26030
45949 10404
26366 3702
39507 18160
5357 20168
33326 33900
44318 30758
33553 33707
41315 20789
21652 10372
36803 23684
30376 27308
42002 26169
8693 46474
30254 20286
10926 43441
11931 5729
22463 15507
3977 16189
24116 16013
6662 40665
16366 21533
5302 46171
10386 11237
40964 12306
33638 22711
5965 43080
15153 39522
36890 15981
18492 46726
17356 12469
12021 39762
42246 8124
2844 11409
32775 40347
30350 31169
30137 26850
16313 35335
27757 38971
25781 18017
27008 2967
5890 26347
4990 13591
36390 11247
25465 32472
876 28539
27526 46042
18800 15247
1848 5180
1476 13413
22982 9003
44048 20745
12372 17865
44976 24069
13419 19604
25167 24627
18192 40363
31930 32946
39722 9192
13910 45320
10630 39154
15810 42534
35925 33764
42300 10719
44518 24752
26280 40552
30149 29455
36959 7958
15674 15693
31589 7539
31681 43813
11404 14587
46500 20211
17706 42349
16467 11750
14603 19648
31334 1493
30994 7819
38636 30497
5115 28387
9958 32101
6585 18984
23567 2206
14603 24224
42565 30093
8573 35032
17080 38949
10674 38383
30898 36010
17623 31439
18209 27199
46703 21732
31277 37916
27149 14435
18881 34957
2129 40657
37739 37287
9699 44519
23465 15942
29653 25712
30956 45086
24432 31381
22606 12541
35798 30644
7844 41950
23425 28472
32921 2061
288 7325
43072 46746
17420 16668
32675 30418
42552 42773
40854 27905
14717 29094
43667 5780
46155 3320
36842 29371
17637 2846
301 19372
1670 29912
10314 2921
20279 41019
30815 27436
12608 43760
46246 29908
9548 2916
880 45607
15981 43793
1296 434
20178 28836
45275 30663
10907 35761
18498 7047
18350 37675
16077 26559
37505 38902
23332 10080
42176 35961
14458 14505
6668 46844
1593 24863
21709 40361
8719 39174
2658 35447
16175 13611
35256 40180
13401 36764
3353 14413
17387 45036
42938 44659
5677 22291
26177 43938
38777 38698
18737 43460
35878 25874
28827 3153
27525 33790
33735 44022
14633 28778
19920 24473
41865 783
19845 19565
4459 22596
5915 1622
40982 13275
40651 15934
26673 6972
36836 8043
502 1490
24056 36717
2759 39472
12948 6322
7731 35802
29943 38909
30738 12591
15877 24923
5694 18974
21378 11924
24206 38379
25786 9522
5434 37616
10849 26723
30645 36751
7474 10965
43678 18984
18424 11225
7661 44520
21152 30345
44509 3032
265 35861
24461 1558
11660 33510
45694 3132
14034 11393
30417 38841
26190 1433
15660 39286
19229 28744
38102 4110
29611 4149
4723 345
20434 1800
29773 18256
37870 41185
44463 8025
1929 11638
37938 35263
43898 35574
29778 2021
44791 27388
17281 14083
36065 9641
32445 23162
7918 31769
46066 44671
17443 35666
24643 37326
19527 39288
43124 33624
44064 14352
8930 26300
36469 37189
4641 26005
5902 11383
6490 27145
40685 2474
1750 21033
44485 31668
11306 18396
14839 6665
24950 16265
3872 27980
30172 8310
35929 25777
19165 34151
29785 21519
25378 16712
9224 2924
2325 9777
3020 43034
22930 6506
28361 6832
20469 7586
9135 17322
2199 8887
15011 46836
43115 26579
33340 25529
34534 1300
22557 30925
7329 44887
9530 7959
26352 24828
8320 30095
15691 13253
24525 12249
19900 4099
12964 34582
7574 21061
8093 26793
26580 32411
1268 25576
21610 6873
29649 36321
9795 28808
20431 41614
1396 9256
29157 4784
43773 13196
2146 31620
30336 30947
19314 12116
18013 38030
18214 37403
26523 27724
40413 30094
15106 12816
18582 6277
11750 30559
16327 39786
18098 37224
704 1478
2978 15805
27971 5950
25992 13569
25743 10127
36507 46402
16819 45613
9583 9852
11941 28930
32689 36926
44778 29515
44335 30069
40385 3622
31267 13842
36155 27704
11130 7836
1063 19849
10080 46644
21462 22989
21474 31824
24296 42143
38601 5953
5577 5097
40683 31588
15276 511
31098 38769
4732 21944
37077 9924
11154 44335
26630 42923
9192 22452
4850 39812
12843 30241
5630 35839
40081 33707
44881 7563
44943 23916
9216 14309
41681 40455
42020 45825
37456 1272
14136 4482
1116 21863
40059 22928
41103 46370
10202 7954
1246 38227
10884 25684
35569 36505
46688 39123
2679 36326
15495 30308
36084 29155
8053 33766
22429 21923
44160 35251
6103 8559
5543 10249
18255 26347
29857 31494
4117 41954
14569 38019
42845 35052
45224 42186
15824 30118
38161 3894
30896 9579
38889 23564
46028 33044
12113 3218
25050 2562
34355 16567
28801 22118
25583 36203
26112 35039
24759 8387
46843 22781
31484 15280
42825 1372
13770 6317
25376 28545
34425 21291
5695 44844
29823 41492
32369 6916
26342 4633
35983 28466
37567 24390
12613 24682
37708 30678
13451 39819
10178 4559
5345 46498
44653 43251
11999 10119
30179 3230
21507 27799
18242 25231
33014 41264
13411 25663
36899 8216
40345 30249
26673 30239
17191 18809
14802 16971
39637 43309
34311 9829
78 34912
292 6516
46130 13228
36249 22320
11112 12819
32320 9037
28953 25993
45050 20329
12019 37451
3157 36046
16071 13999
34095 1424
12201 3372
3838 46488
1569 2481
17493 34945
29009 29039
22268 1936
24248 41183
9832 37922
37546 38190
5785 22979
21858 19485
28216 31304
41274 32511
30328 28124
33408 28047
31838 11356
9537 14039
25034 32964
19124 38487
17459 19207
15700 44219
42728 24759
37766 18926
31662 27163
11719 34757
46164 26368
27131 38222
31106 26440
39393 37493
33382 8190
19219 14241
28841 27541
3200 23294
34781 32475
16615 40064
18866 2972
2564 17436
23219 7490
3189 6641
31033 12135
13953 18243
41715 20811
6534 45866
6316 39869
12744 15594
33 13162
35473 7628
4987 18106
25007 15869
6114 19449
9727 29296
45158 8488
16891 17980
41807 5279
36196 7309
5704 21791
7924 18122
75 18402
14673 46386
40147 15799
33987 29907
20711 45263
12978 33619
20023 31369
30457 7906
38904 33408
9252 28259
9726 10779
7354 6631
35125 9196
32795 17482
35027 41083
21879 14713
19622 31920
7373 15848
14378 8263
42164 20613
6013 33730
44638 39595
132 1296
21422 17458
37779 29967
10955 27859
1543 33625
17054 38112
17671 616
21976 44460
33844 7356
14253 41045
15068 3242
22304 14500
29226 25022
26173 28246
6554 18817
16590 40692
31209 36016
8013 16979
10185 37915
12773 30962
15483 37199
4061 21854
40690 46263
33298 16423
40019 36607
8376 1293
5781 18766
36401 9935
38242 31703
11302 30085
22195 36477
24418 38376
43618 25566
39706 28480
21895 9987
35011 31978
37676 21030
38256 2829
45797 37410
29274 17384
46807 44328
19824 42255
25252 42591
3496 29674
20076 11454
3847 39859
43678 27227
10969 46046
30007 23679
3027 40333
25983 34143
41447 22160
20414 5619
1960 40763
12053 27761
13436 4401
20011 45132
15462 41150
23303 19833
13577 5961
1662 30211
39702 16266
32676 5347
23747 17653
16961 32602
12617 30515
40564 2936
30524 30652
46018 38043
17387 2358
11571 24857
26720 1485
46672 35486
41482 5673
10610 41321
39183 17367
19244 28534
7995 21041
7791 29793
30575 30480
39406 44851
8371 13897
32383 26914
20760 30215
28206 5749
41385 11931
8344 19128
25155 33973
31730 17988
33483 7536
5548 27411
16132 21958
23598 2354
17849 13739
37429 14481
30063 33159
35273 31380
1572 1755
14072 35317
35609 5469
28969 17584
26434 15036
761 2108
42370 28135
43387 10074
30243 37208
19521 43111
2540 46654
25479 21807
37192 6118
18203 28492
41794 35220
20788 43323
37604 19220
2398 18208
3488 4947
32674 10493
19820 12945
6541 16691
24253 5145
22681 13388
7580 9002
8417 39136
29353 31936
45392 33210
30811 300
14506 8618
3363 37691
22706 29404
39417 32795
34628 33027
16627 17320
21094 4335
38925 18959
16417 22777
5403 19572
795 38243
24348 23234
6783 2531
24006 39061
12964 18134
20456 6990
42871 1459
21850 29106
30164 2595
35869 32531
31908 28985
6535 16179
14986 21617
34324 24219
30365 36496
36927 16657
26884 14030
13926 35501
142 27445
17026 42257
45129 2485
44720 40928
22508 10320
20052 26993
28597 669
12787 1669
25021 14700
22292 30908
8767 6149
24358 45987
14594 27608
44369 38067
16453 29955
34497 39117
20961 38976
31298 349
20084 16547
20279 13349
27247 38837
3147 8927
13554 20072
11789 6108
23693 22357
46656 22085
31079 13328
43319 16942
19674 13898
9042 39318
5502 19811
10115 28543
43534 30382
24759 20970
830 41936
36150 42201
39750 8675
40513 8873
39863 38350
19455 39733
2315 43100
2899 40823
13173 15105
23211 679
31275 11718
10521 43676
17391 28402
14051 8337
36287 37272
629 38989
28792 37603
29762 40456
3581 45708
35917 26718
35947 13105
27564 28358
33085 8368
28053 43716
9346 19998
30434 27365
28614 31425
40665 34364
17041 32177
16948 19769
4735 38146
18744 46329
12081 27373
20627 6986
9194 3143
1258 40289
16233 9344
18420 17494
37251 45222
27967 1386
27789 23346
44950 34831
22747 19402
9740 36714
7229 2952
40947 46716
37962 26699
37056 38978
20784 25034
43456 1973
3625 24328
39013 10282
39753 38411
15895 26437
17742 11119
42421 38607
19034 37324
15486 23346
19468 15791
13034 43602
11720 29108
45133 29890
33238 45582
36307 10122
16368 27950
8324 22951
26591 43176
7151 12749
45750 20247
37921 38529
32123 29769
38049 6295
5781 39719
22502 29773
2383 27642
5948 38737
31486 3389
32011 9514
46810 39087
5977 5435
3548 44638
17790 43262
17655 34437
27622 33743
8221 20415
36609 108
7617 28206
3216 23448
45690 29
36613 4925
6967 33607
13533 16587
38277 45481
39525 1110
14003 40702
10251 33862
14306 13118
25706 38684
2965 14466
35064 28397
1805 34075
22751 21275
35953 3726
4177 42454
14913 9738
18949 34393
29715 46417
37956 33148
15138 26041
8742 17646
42936 26992
12690 24405
25615 1778
28827 46208
33500 21109
26358 14636
4964 46716
17855 1548
30724 37185
18634 27007
13817 35057
17250 36184
7786 12892
37340 37751
4240 41234
24392 36024
34643 31645
12414 27737
12839 39862
30955 40402
9654 42338
43907 33953
26207 11279
289 36603
5708 30160
3249 42423
10806 13861
4626 11537
6597 22412
28750 18838
22537 21212
7011 35197
5849 16090
9649 15095
10252 34630
32747 27783
1167 32161
15374 35685
18230 19670
24865 21522
43081 34861
29386 41753
27494 1634
25158 32993
27909 25777
37163 20130
25176 22332
31784 23512
8592 23057
25368 7768
8920 24097
1330 43265
20493 17354
7138 12429
31610 14595
29067 31096
6574 2330
15831 27583
44584 11402
3222 13077
44884 28879
21695 20124
41292 32393
34364 44277
37359 21803
21325 36896
27585 19393
43856 8573
828 2238
17525 1552
41618 19652
8455 22810
38819 24292
529 32804
35122 2071
34002 6515
35899 25656
10853 33552
14846 39146
11502 3876
40006 34541
2688 17745
12941 28345
26564 29156
33751 34000
699 39926
15938 34643
42584 19449
6997 35958
38714 4812
43743 25548
31469 44490
6506 11131
27888 7031
44198 833
15336 7915
28758 14329
35553 5293
2860 44256
19386 40173
11826 21063
33819 10590
10014 36271
43575 36633
36325 43507
18987 37092
3771 7279
38043 37099
37961 10180
4393 42827
22194 40545
14771 16587
7268 25836
35280 42479
20635 35154
4289 38911
23523 5335
6854 27240
7853 6929
17875 9492
18833 28580
26983 40189
6686 42167
32213 14205
9748 16667
28196 9477
32362 43993
32561 45258
548 46856
18512 43598
30253 2422
43261 1384
40196 36984
9936 37948
7047 34594
2625 12190
5073 32471
25312 13819
27017 28947
9959 39565
11751 15940
7070 37847
30160 30235
33433 5654
27281 28963
32538 1280
42439 8909
30005 902
30731 24905
34265 25194
8145 32424
123 8896
30239 45026
43429 21095
18946 18887
33736 46062
21072 9310
41654 39958
46558 25423
35918 23111
24438 34641
1546 37043
25482 17621
30679 9850
23309 11128
11414 15312
14920 42780
20171 42595
43289 268
27634 34498
3020 35998
33246 6378
12690 27938
30269 36553
43184 20738
20936 6209
46709 42301
13006 17576
37127 27010
41474 1992
13699 1059
40699 8457
13959 16327
1411 32944
45448 21168
38703 19979
28961 28360
30547 11630
859 21690
42005 25968
8026 38678
12211 43231
10452 8106
23716 16805
33604 4097
28444 25570
14929 3796
6483 43968
40742 33240
13462 18273
3645 7526
21448 5750
10417 18304
27160 23846
45931 5420
26030 37591
37630 17421
36694 15346
30796 10313
7082 28085
24271 44936
45188 35090
40918 10771
18150 5412
38192 36058
1463 31939
41330 17104
19901 39289
15303 44710
32184 16831
43646 45054
30744 28049
29348 23212
4043 32841
39204 18181
12390 33131
812 23558
8015 37370
7154 639
2510 36441
45870 29189
3550 21879
23606 7893
28386 10411
44136 18640
13654 31367
26224 35774
18765 5930
30460 12875
45123 31831
40735 11326
6977 45561
41834 3054
34713 8790
19178 24193
10473 21371
41051 18982
12167 37994
19924 7435
6062 19155
20190 2941
19110 15177
39122 2200
39417 2308
36727 7904
39795 15015
41447 653
40233 35739
13036 4480
7165 6313
36051 26256
6387 4771
16589 30670
35530 37512
44577 41693
37087 5798
19683 25231
20248 7921
10522 21217
27909 17835
35480 44854
1684 7552
32376 21440
731 18581
44511 22758
15876 27169
3138 33479
26170 24237
24689 16256
42840 38648
3160 19853
46437 17046
20428 44323
5489 44492
42922 27411
32046 24500
42019 42943
12242 16755
13430 28446
27102 17577
16792 12702
21575 32430
17004 6105
8183 12075
46232 2494
29283 4871
14200 9962
24445 24969
9021 16619
18709 40954
30123 34868
1345 33820
18025 22466
43570 31677
5613 42714
15430 21362
9390 30898
8903 28174
2868 7950
2593 42887
8491 6373
29651 20053
44840 15901
4048 28330
43759 40522
22474 28268
25436 39618
37218 40337
42239 45420
43173 46240
44605 12121
45140 23631
1995 35494
19066 33063
30021 27882
3831 27398
10030 2051
22159 41966
36796 3447
40856 37700
22022 19434
25724 46302
5970 7156
14857 36794
26348 9947
28598 17760
10489 27832
18652 37783
46154 8129
10159 44903
33326 32865
3157 17755
2386 7659
2873 35517
16168 18397
11274 20870
18956 29908
18752 41425
7088 26738
42847 35316
34069 3164
42776 32749
42686 35634
45138 25596
42172 15163
44249 26115
33795 44185
19837 26405
26258 3320
39212 40632
30801 7839
46647 12934
41385 5012
37317 30815
1264 46666
2112 30893
4175 28724
18992 8748
40004 33129
10369 4565
8579 40362
36434 24589
34764 45697
42072 45953
15630 6761
41910 46623
45755 36658
13310 32242
34119 32647
19963 28841
4076 18490
22089 35110
33992 39209
34929 242
36737 3407
25099 42649
18561 46559
19937 2969
35397 5305
23433 10873
20409 8446
4771 43040
10953 36412
24228 15569
42768 30117
45564 37956
44424 20389
26178 18906
23023 27941
4569 34349
10567 8153
20246 38208
32795 39671
31268 41276
38668 7638
40281 18712
971 34099
45087 284
30389 21855
26078 4651
34993 19907
555 13503
8611 40208
41562 32531
21137 4198
11130 29876
19066 12883
5801 6027
40799 44117
5150 41120
29025 14371
42243 43935
28538 44370
22238 10498
8485 30415
4277 36010
23205 31328
44986 2937
44739 15094
5524 19234
10038 27415
15000 35533
21091 36739
17974 43812
37573 14082
5114 169
35489 34304
41819 35802
27387 22909
36241 35302
9351 27552
4402 10720
3801 41796
45023 26139
35723 14582
37323 15195
29908 19616
41245 35893
14923 34829
24207 9724
2840 12853
37778 703
20173 31384
2843 22567
14451 27589
29173 14799
312 9977
27416 39005
20289 312
28789 10203
19902 24677
45271 20303
41845 24930
3146 34922
28143 23866
18017 32558
42443 42279
6788 45606
14954 43341
38092 18244
7293 21073
44725 17559
43483 20370
11669 17688
43498 14432
43329 27760
13860 19241
34397 41585
11714 26402
19629 25053
16078 10892
33806 44646
7907 40764
7233 32704
22889 33688
46490 26942
12206 2380
7127 6060
25139 9527
36116 9095
7093 32895
16484 24645
42408 42835
24224 27379
4533 9942
45398 8663
21324 21534
26104 562
24722 10166
20784 46043
3373 43819
43895 33987
31617 8619
27397 451
24435 36848
20715 12916
21551 9024
14311 8629
6620 21285
1777 29606
7574 43521
585 9488
2891 38454
38796 27812
17906 27658
26809 23547
37640 37426
14151 7841
38006 34090
13484 44351
7690 34660
33471 19701
8087 15248
2246 12084
6196 2975
30674 30705
42326 24001
13766 11251
34291 10141
24671 40477
34972 1191
19476 1348
2201 2730
29366 43052
28246 14124
19651 32625
7623 45700
17782 29248
30757 45404
19986 10287
27959 11347
10797 13593
30846 21923
4114 2959
31612 21791
41923 11713
18977 28007
26795 22457
6603 19720
32374 14352
37201 31902
11089 29569
5126 20909
22671 281
9280 41267
11966 6050
19709 17744
33232 36844
46581 8084
34790 41616
12024 6931
27730 23435
35210 31262
30956 43974
43809 34672
17824 1181
435 33239
22386 41648
12835 28360
44568 20124
6087 2415
18187 46277
13346 43271
32876 5822
26149 30744
6520 29253
17695 4916
26074 25701
35305 43929
13242 41279
32155 43212
41518 5045
17738 35191
18207 33158
15106 16877
36382 1008
7335 8026
32960 45697
34767 26312
42073 8774
1063 34910
12561 6678
20552 46415
43971 23787
24055 44036
34931 17851
29933 8432
25135 42260
9425 44861
27996 25442
16663 8057
25045 22521
25667 27339
45786 40451
12062 27961
14947 1295
3597 22246
16362 36189
40538 45715
28306 21863
22895 14125
26830 7174
37157 32562
9067 9452
42835 33827
42584 24248
733 26522
46082 32829
26922 37174
32566 27243
13416 36356
37509 38195
33771 27955
12746 24743
44981 44258
40445 10716
38130 30057
35627 2457
14302 511
42184 25138
2224 15434
38432 29677
11177 4014
13059 2157
24978 6971
37592 4155
23801 31875
33150 26895
17257 2472
10912 27360
34793 44973
9160 3695
42232 21067
40925 23515
14200 34129
8394 6718
25842 8849
43862 37822
28555 5991
16812 39547
6781 22173
28982 38356
46369 35030
46089 15510
41899 15517
37176 18001
25896 10118
42430 29712
6109 35877
40743 43426
2343 45370
28683 41775
17099 3160
8558 31689
31907 2551
21072 39371
37917 42814
31421 15606
5618 23386
24005 31779
43071 28974
37801 12304
24597 33138
22594 13616
3424 35168
7204 16252
11309 22960
10400 36910
23583 2872
44757 15427
23086 15720
18537 41347
43830 18428
5581 8409
32377 10933
25792 38620
8490 31212
42488 26071
39255 18458
22411 35453
25682 24100
32208 10263
165 17694
12622 22009
39428 37550
40388 27707
24515 46312
9442 44200
3743 6220
2155 16920
12496 34619
19733 33420
40195 14169
45631 46775
10925 9923
1323 34220
34757 14175
3970 6475
5976 22700
36617 11729
43250 19290
35915 45922
13133 35375
20100 10376
21140 29522
43505 28969
45449 543
46842 35868
21018 46258
46370 29974
38978 8913
25123 1018
18084 40819
42934 38730
8782 33271
10859 37186
21064 8956
46523 46514
38966 25540
13093 39620
30632 42769
37831 5228
39055 28329
13365 41703
5682 43354
362 39328
45972 5537
42543 26670
2335 29828
44527 37330
45522 22228
41415 5802
9343 18295
12017 40916
10890 7227
35683 34997
40024 17889
17239 39070
41402 5542
10110 42641
6481 1866
21227 21074
775 39883
164 44116
42935 22386
23305 38606
2153 13312
37122 16060
35347 3709
1641 38436
39965 44128
33320 10097
25795 358
38587 30520
32258 9250
3195 14028
46279 38109
11562 9601
25329 16240
38360 42798
18548 37642
31204 4283
3719 36908
35714 21858
34545 35637
8788 18525
12337 46455
523 31553
30256 44053
30550 26878
42471 30262
43970 33887
26791 24023
15389 25918
23481 35543
46845 46852
9212 36624
25602 32168
16231 39530
28269 39094
32857 38455
40120 22341
21206 11616
45084 15703
43708 3500
17276 18444
30232 45283
10439 27318
16671 423
7906 31543
12096 36911
20235 45243
1932 17649
19486 39654
801 6652
16788 37285
176 30588
46395 5565
3280 22956
38760 41360
13213 14403
21981 7428
16280 40589
6074 36810
14487 11232
46139 11817
41565 7316
27743 46686
15239 1970
25372 26827
5618 2023
24350 33186
10055 17852
20753 40256
18018 40090
36852 21774
17542 18882
25001 1120
27846 14484
8653 42257
45332 12526
9224 8806
13895 3516
19369 37392
7199 9990
26826 42374
24761 42012
33318 13574
4411 25942
17085 16359
40858 7605
19012 17517
18641 39191
46787 26290
16674 22193
2484 29841
14077 30830
11414 15563
42171 39630
32892 43195
26687 12746
20889 4820
22883 26034
3864 6605
5117 42980
46131 25125
3750 16376
32354 36521
36957 16776
2591 1681
18205 16280
27353 26316
24009 11662
42060 29126
23960 33672
15431 32791
11156 27290
27410 33102
15039 5703
1808 43924
35490 46383
14580 34057
6135 24726
24997 21530
13963 36082
46044 38276
37001 39407
33459 43328
42846 14464
10844 3819
23505 44991
24497 42480
36109 42734
26828 4109
9452 35500
129 14060
24090 19640
23655 1
3724 24777
15541 20822
30826 15605
42450 29924
42147 8479
10729 14490
14318 27772
962 43543
33537 5528
30988 9400
31157 23238
45548 2255
32040 13518
35514 20248
11226 30284
37899 5893
14876 9711
28922 44849
24385 46646
38726 32730
24966 31339
13262 26287
4096 25682
26651 22859
7783 39450
41225 24867
44852 3837
35646 23615
20481 29516
25538 36772
13120 3198
34260 647
12675 45332
41511 14881
2532 8651
32088 9222
22259 10196
3453 20353
8012 46262
12345 7761
9592 31004
27074 12452
41858 20509
12599 46464
43192 27103
13077 8441
261 21370
13586 9833
1082 41831
7932 43027
45559 37561
33558 45685
27518 31256
19430 29147
14396 10440
13930 7843
26131 39810
2696 39358
21298 33849
14624 36768
28958 25537
33861 10791
29578 29046
35689 2378
20357 13114
21018 22716
24344 38225
15439 32886
21841 33382
4270 37801
22942 10782
29959 6492
12487 27619
25214 42225
23684 3525
4256 40754
37464 25156
35128 7852
21076 34422
17718 25121
10035 10184
46360 23923
45107 6309
38706 45071
34671 8496
16075 19478
13293 14147
42141 26057
45805 42645
512 41423
33828 3311
1052 1878
41494 38407
25926 33508
24299 20995
15239 14574
29937 17624
19770 39100
41233 45537
11918 15490
31875 23624
35271 7464
40055 31473
40510 38121
40520 29594
22075 13438
2399 31845
18348 12924
20132 42986
36056 846
40323 17347
41644 3297
7327 42826
23698 45180
24926 12633
25668 40804
18717 28072
6896 11349
20067 35150
7169 36554
10846 27107
1588 1864
34419 39445
45789 35019
44400 30016
40165 24842
12128 37624
29459 22042
32247 22861
12482 32530
18757 28057
37482 9555
37053 30832
2719 3166
44390 25474
31869 12275
27841 28838
32843 8022
27477 39550
45899 31028
8737 24161
471 24141
8663 16392
28798 13600
30351 35205
2913 30725
41445 9205
10497 27787
22814 12071
35656 34966
6574 26789
17621 5288
21407 13849
25978 10706
39123 45286
3048 16537
45277 7283
9677 13473
46692 13955
17835 13777
15934 6686
32424 24575
14715 34914
10877 36312
22906 2162
42143 38404
37939 33868
24552 12845
35975 43741
11322 1934
14624 15616
2013 17816
23790 6776
43365 4317
31952 34884
46516 31143
31779 38873
35792 29592
41069 33528
5463 43747
35844 23277
46586 14315
15842 23303
26271 28673
35580 44951
5694 6072
27039 35118
5540 8768
18745 39488
31690 11049
40187 9710
6476 9501
35024 40796
40871 23388
10921 30335
43553 6227
21970 12634
46090 20462
31442 4012
904 2360
12302 26740
8594 6427
17169 4598
33866 43227
26445 26934
25689 33702
3454 42098
1929 18865
41604 480
24785 27373
41215 12123
43852 26161
16433 5636
9852 31306
6691 22169
35127 22525
32749 32053
17546 24746
7250 15638
44508 20170
31618 10640
31783 12310
20525 35442
34074 9586
43100 44488
14646 22436
7107 12625
5672 1336
34439 28622
25366 4333
13569 8485
13588 27828
22867 14147
4936 38086
10358 4515
37551 46643
22670 41542
32755 41691
28485 9847
17904 6338
28914 26548
37515 16221
14079 18428
44318 2657
41805 29250
25787 608
24635 45620
9154 31141
6160 7954
29075 27805
8272 5080
24288 4327
33801 44351
34985 39870
45133 33346
40132 32609
38292 15059
46858 26308
36631 30468
41470 18571
38307 42676
7391 29953
13738 21604
27086 2356
3366 40476
18970 1243
11685 27742
33254 3954
10533 42814
17332 29991
37667 44761
24108 39940
46570 2664
16322 12220
897 45227
22141 46616
6663 7934
39175 39992
22727 21101
25635 43025
12636 12921
21944 15137
37308 11060
19334 21568
6942 13223
33204 16854
23053 24573
30894 22325
10941 27123
36992 8465
17488 16056
38209 246
39219 44703
11655 26993
20364 20304
38796 32641
144 11540
11936 11296
35712 7500
24245 1881
16188 35641
23217 34102
9759 8098
25437 40091
4471 26784
8838 11585
37600 10710
6831 16088
19318 40384
34586 11718
42958 23934
42976 40935
45028 30362
13098 44123
40289 8387
6781 27029
31096 7759
14457 34732
32778 11242
14041 35771
5505 32652
1216 32584
836 9810
17050 28709
17732 14177
3356 35982
9384 28688
31524 14926
3939 36038
45412 17914
2860 34268
6730 18430
25299 8254
25689 12594
9766 16117
26608 24486
12660 17643
30474 13253
24211 37671
16735 28073
23537 24284
30198 28191
15215 3105
17891 30166
1747 46342
23507 15034
20907 33026
5393 12231
41702 32370
40732 1964
24604 315
32509 31759
13716 20007
26855 45326
13695 10031
18204 26239
12586 27308
6573 19521
33015 21475
3114 1281
40452 250
18735 39398
36512 21735
6211 34316
26897 22161
39664 38245
9432 703
19024 24885
30425 15522
36096 26207
21499 23080
30560 43113
22803 19156
23740 12446
9468 12841
14476 2966
45885 12229
33928 40963
40578 6171
212 41232
28304 35329
28865 6679
21158 41028
8560 28163
27066 32980
11719 16590
37474 14920
9426 45726
26866 45412
42143 46643
35784 32515
39614 28473
22888 43834
28006 24291
31778 45963
15273 27361
29637 7896
41793 27091
46491 40037
777 37071
11362 15612
27654 43680
9717 31679
3964 17390
11661 41796
17648 10220
261 5137
35281 3843
24180 29586
7993 29365
42026 45990
26797 7517
7815 16277
11040 24984
16470 34677
11351 46120
1233 12800
24317 43674
28451 41736
6435 23773
464 677
7895 42935
36189 19469
27943 39972
26251 46782
3466 30261
35267 35959
13528 30086
1173 15281
21416 34745
34277 1230
8519 38027
32820 12108
26308 14632
19759 12148
24017 43596
18529 2171
38578 27824
3772 17712
5934 38899
2880 43013
9882 44319
9643 41150
37870 10743
10128 32999
46140 45335
1030 43508
1343 33345
44755 38094
2022 34173
45041 34835
25168 41595
6870 46415
39215 13012
2699 38277
40993 2070
2318 36982
36801 34011
17804 19113
12941 43889
17535 6362
12074 38600
7971 11900
18641 39859
35956 20277
24467 7229
46137 19697
42757 24549
17242 40162
910 45813
40832 35512
45208 28958
17714 40566
14677 3591
34574 6412
11664 8918
10133 18838
36901 15154
17915 35793
32474 28624
42542 3814
44480 17082
28992 5646
14334 2808
44609 13124
42824 28861
39629 7916
33903 15437
19952 39361
37302 8089
26417 38204
6587 2799
46285 22856
43653 22434
14021 14080
34044 44931
36561 31868
2402 39785
12531 23172
4356 13579
11711 17287
27384 5686
29778 5873
31610 18839
46373 12995
37513 30177
25148 11290
13838 33012
17038 19041
10302 4986
38662 30933
26847 13531
31501 23347
233 46228
41427 42007
2958 9969
40309 28076
11092 40340
17097 36392
11911 29873
21276 1642
36188 29395
7004 33601
31159 18622
39026 1957
15503 17307
12873 26452
10455 17644
2877 25681
378 34576
8116 41985
19304 42914
43777 5602
38080 43895
10983 35400
19701 40094
45372 20142
5026 12362
29464 45431
39418 35203
35519 11576
33019 40660
22096 10337
16610 42278
4493 2272
6825 46061
4587 6402
45034 25628
19163 5184
46070 42409
22324 24889
6824 43012
43245 17724
44919 27932
18532 19523
12991 35629
30646 20378
5173 45739
17116 34661
38356 32698
8318 28407
26172 18157
26805 14986
26325 3881
31323 31942
38722 17666
28398 8077
25728 33831
20172 13479
10389 15693
33839 34492
18312 42303
1321 7940
36332 3432
19161 6336
43922 37628
38050 34664
27267 12447
10755 24785
2776 36722
43271 39629
5771 36787
11450 9346
38659 15874
39440 37667
40402 32944
12392 5519
26453 3028
3917 8552
9234 3531
11755 44390
14915 40063
33055 27125
33363 37070
15845 12283
14891 1509
6107 20334
44661 34146
26318 23961
2286 10289
7841 43640
17282 2739
42799 28158
39180 23506
6996 22996
41058 9994
12624 42857
46730 26284
40079 18513
17294 16405
17349 12289
23037 45986
1057 22477
38917 28119
29359 22014
28663 5564
26732 35867
25090 34304
3888 19999
11215 1364
5414 7708
7087 16023
5488 28824
28208 20997
2421 32553
16426 35389
26903 19625
10565 23129
21024 3189
19443 11498
2177 2187
46487 22530
42047 39504
26848 42235
20560 38623
23667 45412
3421 41112
24576 16924
34339 14851
18400 24968
1730 37499
37306 30848
14484 2075
15356 40747
30349 44287
35490 23988
36685 9520
5026 16316
16625 37193
35174 42233
13634 6356
32319 17640
31867 33239
10440 27575
20136 23395
42467 37541
3418 10264
16880 22049
30940 3358
26805 173
35917 9798
36134 4265
19632 13683
18066 40852
22680 19645
16657 11919
43969 12421
33756 22472
17904 31309
41569 38179
35717 12896
9306 1755
39362 44341
7260 31240
2867 35801
23473 283
6235 33300
23024 17256
22833 44038
4319 22723
13251 21293
33839 25532
44792 39075
17006 5742
6320 42202
43984 33447
6710 37920
40841 11082
12749 19286
17295 36542
13452 25745
8994 44515
20889 21536
29133 40760
10235 9831
33283 4620
8800 34398
31145 34654
35639 38421
12406 4043
31557 24178
41593 45224
42849 27666
41888 9863
5395 11069
22240 21199
39337 18998
30267 23063
43198 8033
43110 38267
6685 45904
25104 31013
21211 32349
25716 18555
29870 19629
15260 20943
29796 1357
36299 6834
615 7605
28191 36591
45608 4982
17432 21139
41110 34288
27427 22338
18620 44157
10330 4317
44343 13025
14270 29401
3250 2144
46330 33710
23924 33933
29660 33798
23958 43845
19161 12461
46208 5965
27945 31563
29531 32416
30908 18147
37198 30303
39884 24998
29580 19576
43223 8517
22118 27475
8045 6561
36055 20076
9119 602
4602 36699
36915 33557
25528 11043
42446 16124
42745 28747
43524 17510
20298 9447
37006 19738
31081 9095
30067 12218
15894 6623
3673 319
44540 43196
45573 25779
23974 1793
38852 13923
12921 5730
18542 43453
20891 2074
20445 23224
41308 3092
5766 8185
5431 28348
12218 46019
27114 16883
40809 19754
31500 31458
28903 43213
4117 34099
3625 14958
23002 31307
39419 64
36806 32223
10087 13651
9543 46369
17837 41048
16447 21420
35326 23926
43025 9150
27919 5365
36709 40235
29821 31031
18830 21132
12380 37287
34768 36852
24025 20883
35684 13018
21795 30384
15965 16043
32802 27446
5047 36914
24987 24206
32031 40486
40700 32915
43192 17184
32877 27750
38783 44480
31172 937
28367 2110
9526 22677
43262 41372
33466 27672
3148 8155
4738 25232
19461 36043
25060 40557
20227 26039
8481 1992
21465 12943
18941 23801
43425 40520
7361 30110
18651 13664
18087 26634
22495 29250
45104 45531
39083 19996
6618 43224
27594 12270
42647 7702
34905 6542
42380 10188
14154 16964
45117 18280
7950 29079
35991 24028
9003 9844
12181 9222
4166 24898
9587 21930
11115 19732
33242 20902
20559 23247
21977 26907
30460 8864
46574 14329
35085 28964
35598 29238
45805 14924
1345 28848
14702 2972
14619 14345
29168 21137
34155 604
21313 17197
17348 44563
6091 21175
16051 12057
6202 15450
45765 13589
30831 12863
22927 21792
32992 29183
34119 26019
26711 26282
35270 42554
19607 42560
27325 42881
819 15096
30595 32411
16657 40511
31710 45714
26550 40897
13003 13922
4323 34383
15524 22787
15617 19672
21163 4441
3628 14871
27814 32684
14376 33748
3824 2964
18602 11069
8499 44763
44570 26942
5004 7592
36365 41994
31216 35108
7718 7923
39133 40793
26922 3085
23533 14635
46515 24783
39660 14069
45624 40358
44899 19702
19333 37566
25012 7523
18429 1432
1909 42515
25030 23125
34834 30925
24744 20929
42219 37566
45571 12495
3470 29615
28406 42374
46743 18931
42433 38810
7139 7095
27675 29846
40283 974
19036 27007
27128 26302
18653 20843
15291 13469
4537 620
37289 23249
8881 9566
22355 45750
24849 33379
14277 42373
32853 41823
22146 27838
34473 34223
38434 38981
11114 18699
38361 5546
12320 26057
16621 13667
25266 41577
13924 7530
35889 45531
36028 10108
43348 5382
25985 33428
8408 25869
30062 26919
44365 38213
33524 2834
10161 6402
17402 37146
17140 10016
44026 8553
31030 796
25476 10641
25261 8430
29990 34780
22669 35141
42936 37316
11273 41150
22764 16880
4002 31982
6098 39886
41973 18774
31198 16344
33099 24839
2175 29581
20545 20198
41544 8472
37272 12512
14176 25142
23175 19415
13222 40415
14286 27806
4180 14299
32971 7933
8237 31249
37519 13052
2678 25387
23971 42059
35128 13459
43533 8981
41436 1628
43423 23669
30463 20497
17299 33701
26631 34226
45073 4634
14066 26626
38833 9018
5105 5178
17446 30845
7597 39043
4811 132
2985 43739
29728 42830
45577 16026
35300 28280
44131 3791
19724 19155
43087 8837
33174 25385
10145 9229
42245 35127
25484 45198
23196 235
22140 939
15756 22175
36846 30340
513 10456
38409 46366
31134 44230
34818 34037
14807 18872
36646 14312
44127 35132
45718 34657
24547 8538
14807 1501
21450 46036
36116 35220
41692 34183
3864 20100
26804 15204
1249 45837
41757 19199
14007 5423
4239 5576
37719 12807
31158 14490
43962 40716
31210 22850
21325 3411
40386 2563
35296 10691
24254 42845
29009 38199
9283 22513
44301 46779
5620 46603
11623 38148
38565 1978
7984 4835
42655 40009
30316 31686
36769 36809
33141 34479
9490 3361
41157 4846
24039 17837
21355 13889
10844 2118
43154 23875
39660 32972
559 37608
16419 33251
14540 4627
15931 29827
8380 45555
21136 8053
43274 26536
36907 27218
4740 23331
37282 41508
19383 31441
25828 30819
22457 20696
36572 26647
36947 17961
19088 21973
12653 28714
22971 44965
1687 27483
45785 8230
23676 16500
42550 15703
9191 6006
14963 26234
34430 29152
13299 29164
45711 11132
35326 30420
13316 45639
8177 16934
40391 13382
41287 24288
43358 2110
30574 8029
4189 42177
32778 12155
1541 9106
19533 5256
32827 4733
36688 8722
38508 26769
6814 27847
8590 11140
20660 10896
25994 2941
24179 39240
21904 36745
45286 12627
17744 32372
14121 17361
32713 37840
471 40099
20418 7269
24784 18972
4634 13158
16699 207
3519 17325
29237 14287
9931 33495
24633 2316
44456 33819
34782 37843
38849 21111
23802 24094
44167 23080
18092 7672
31523 7547
24791 3360
28986 41238
37112 42188
11584 22780
24262 25453
15109 8251
45911 25663
46069 35506
32095 17408
38002 3589
38873 28617
9998 31367
11761 8890
18701 962
34629 19933
18422 26168
10928 35850
29047 42037
40999 10222
38723 27430
10327 34265
11730 45961
41541 22794
10504 37772
23224 21682
28403 33490
39153 34074
21188 25683
8493 28217
20956 38478
20728 37006
812 6439
6624 10512
11063 31386
26180 2248
43163 32529
44479 23167
4516 38823
11366 9498
22317 6072
19562 25201
43356 15175
21602 25193
43101 2344
3811 28115
43916 34873
39282 35661
45317 11703
46786 43065
1734 28859
2457 27718
20503 33019
14402 3072
40334 6090
38951 6824
11530 38811
41443 13714
1866 39731
17398 6488
29985 32138
11877 24862
3677 11002
9353 41962
388 18410
5163 41468
38592 43825
19253 34639
43595 11401
34307 45154
6981 32245
35460 39952
12770 14871
21008 29890
19772 17132
23223 36006
46379 964
9088 1193
21766 240
16589 41903
32253 23735
38960 36654
6676 31499
25193 24214
34926 46458
4749 26097
59 26009
18309 39909
41493 45722
8890 13562
14075 40736
3188 4499
33220 34803
26454 4758
13414 39297
18492 15347
40853 30599
38857 36815
43736 23142
45919 8566
32101 34781
9573 24289
30809 45001
8041 35979
28092 28770
28864 5803
16845 8300
114 687
33325 11616
39121 4558
17844 14014
5581 40331
12443 35203
2994 13275
7634 24169
16411 7372
39727 26456
33459 7764
28826 3907
6253 9738
4813 20308
25384 36706
32958 30933
30287 8252
38364 8165
15659 34822
13206 15408
41233 5321
11934 29203
20387 46366
1613 7074
13981 28163
11722 26731
24358 21876
193 31151
21838 12040
10512 31840
83 29877
28910 27952
16624 28905
11644 9636
28620 36670
28680 41151
20095 16910
3430 21470
17940 3372
41382 26088
23476 37157
44014 7850
20334 2177
30298 40721
10128 30546
28759 16831
44919 20850
14946 34362
24566 39629
27155 18014
27073 17241
45715 8699
19437 14216
27638 6833
39550 23315
21656 2496
15161 2990
42436 15876
19900 10418
25578 31841
22043 15116
12850 2996
45565 44562
4324 25373
15505 6556
33829 13226
20096 37989
34807 1863
6639 45237
8014 44356
2643 17834
35952 9284
35559 30027
37392 7012
9666 18429
16130 35360
8667 8339
44185 35329
46605 34318
26712 38688
17155 17301
25581 24514
4332 23774
40347 26060
21514 23611
5292 10298
38670 4371
32937 36841
6898 21922
30735 45153
10447 46299
23357 12054
10545 15486
9851 7328
28158 23149
22215 25184
30382 16244
46048 40037
24514 7202
31367 41027
28817 16734
44280 12600
34938 44583
46329 22697
7900 15755
27011 46828
23365 21397
12125 41520
14823 522
16960 5140
23039 13251
39412 46587
20642 6492
7528 40396
16617 16831
42945 34971
43089 4552
19940 21120
40535 24720
25213 34153
1320 44088
26528 5946
19605 16716
44127 7552
38176 23875
32892 34022
44938 45639
38036 17676
14061 35250
14275 15734
25023 6804
45300 29840
37317 3730
23778 5803
6425 22214
9683 22837
9101 30138
15100 36425
14598 25636
37538 29512
1440 36429
8111 1778
43863 2071
29180 33495
35343 31590
21028 22403
15795 7683
4707 26283
31162 9437
10498 7188
6894 28272
17646 1748
15059 41590
39309 36805
33196 20585
41346 43578
7424 37334
825 24627
12640 18905
36528 3264
45236 13017
10846 5580
14442 13474
37500 21832
1284 14526
39748 3562
533 8254
18088 20456
22435 44387
7942 6144
2220 44418
39305 19107
24157 28514
1398 41667
15157 8895
1851 31053
24135 11145
18402 15592
34644 24830
20681 28843
35366 18861
45746 24749
34003 16112
21491 17392
33435 5704
32831 13307
10796 1609
4171 45752
2010 27518
20271 3774
5288 41612
5808 35986
5320 42016
2577 38770
38665 17924
24088 16520
9477 41636
22389 34786
27218 18484
15873 18239
34802 40713
35996 22338
31051 33247
7122 21788
32704 24848
20240 43176
33574 11915
40148 12955
36669 6803
42730 8004
1391 25282
21950 42678
12863 7173
6612 37820
17009 4295
43880 6718
14203 2689
45977 37682
33247 12599
39244 45210
35065 12849
38328 38930
32621 6665
3810 19740
3841 36909
1879 13678
28634 33649
35964 38348
7625 44116
35194 23312
23483 10198
46144 43970
10591 29726
38459 1828
12690 30078
41453 4808
4878 36965
3032 36861
40996 4963
18093 26090
33650 13899
42945 23311
29426 22016
16546 7936
9807 21154
40811 16738
38444 11261
44140 4571
42093 12265
21621 36401
3443 40655
17362 14451
31644 2361
29393 32905
41458 15435
15856 9812
41816 46610
6295 4518
41356 23834
38512 13197
44145 18434
1264 35730
9814 29136
31930 34614
8300 34432
20419 6935
5714 16500
6367 1420
24829 23214
14729 28290
19260 44789
17812 32878
16750 30358
13293 24810
43172 25448
28547 30748
39098 23244
12732 8142
38531 12824
24249 43595
29999 44124
22789 44272
15972 28930
19074 10384
38461 20252
21442 19262
46656 39184
10791 12730
42888 32538
26623 37491
19599 6629
6104 21257
11588 21379
36741 27932
29160 43513
39871 5468
41159 44359
31890 44275
3600 44083
24710 13376
11382 5161
13575 13781
40746 15987
29760 5089
38021 13019
44679 43804
45932 20826
5862 19785
34551 27771
9511 45162
32880 8263
33188 30032
12111 44456
8160 22810
43287 28925
2063 1702
29694 21069
42627 41340
23922 2355
26978 45815
16650 14758
7711 25468
18213 37953
16758 43646
6247 547
30360 19726
16323 32030
26228 19978
9953 20867
23032 41322
30232 31268
40217 34537
7234 13988
22632 24392
21324 41853
36413 37575
7362 26357
7062 10881
25868 33749
9102 35405
13687 10722
27464 19993
41014 20971
6129 13906
13214 2354
20005 25728
24989 30478
43804 7049
36911 38958
27133 2580
23662 28493
45509 43730
43639 32499
12916 18366
2387 24211
46055 39755
15515 38079
22547 44889
10883 27364
36553 19242
31979 28944
10488 44884
40286 39012
33146 29283
2488 4639
33105 35764
27710 32085
21581 32463
44215 41773
15862 41647
36979 37759
16216 2321
29716 16596
12607 18037
5573 13889
38289 1671
2983 1761
6423 1529
38867 39462
13130 6901
22887 11091
34448 39572
42697 28726
38447 5677
31677 29998
40199 25857
25759 37545
3824 15584
22527 16808
25294 21145
46363 8643
12086 39837
7371 35149
19962 18599
12652 795
30617 2621
34983 3533
15082 41128
14984 31718
1763 26030
20834 16605
30317 30096
12050 15441
37463 41905
10398 36003
43917 21799
5067 32958
33060 13888
21631 4871
13967 35183
1320 15444
42740 33860
26385 3205
37095 46286
28645 23349
45034 36627
44988 3526
804 11935
38029 11943
44384 33199
3986 10130
14821 11445
30128 38191
44475 36062
34057 45003
30426 36598
18975 33173
45014 5035
3418 21099
36142 37236
17529 45263
18948 4084
4972 31385
10191 33997
23400 37184
22174 26901
45231 6514
26807 44976
26821 11903
35195 33700
14732 46181
45069 44118
19571 21204
32034 33119
4045 24565
46124 28206
31585 29885
21200 1261
8123 11372
43333 3960
38897 25681
15797 31841
9821 31693
45144 18523
17572 6842
13765 37066
4325 6141
31386 34483
11759 5551
10189 24365
6348 25779
33799 8775
16475 10915
6342 36100
20047 29114
12575 15331
32859 27260
27755 462
9957 41716
33770 39749
27896 2726
44433 10375
11410 8089
26712 40150
17845 39346
12237 43600
39672 12616
40137 38257
20202 25007
685 44018
21530 9995
42509 23787
11995 39755
44027 16472
212 34989
18570 3568
10759 46560
38058 12043
32459 33274
38056 30861
250 10298
32297 15746
7964 34402
29827 23601
2131 22122
3283 32201
5881 13922
46710 34018
2883 25411
25650 35855
13255 43549
16514 8639
42530 32488
13395 34223
11381 36678
3149 22062
45405 12391
10501 28804
23080 36800
15468 22863
18959 1347
16465 29120
287 24679
22330 28753
15426 4401
41672 14989
4034 16063
14561 28924
27037 1729
7514 24903
30927 45346
34231 38678
30301 30546
21247 30821
25318 27915
36219 39230
23303 467
36378 19419
3048 38827
45549 16151
40379 3043
35306 24451
6030 25875
17254 32960
25587 31829
18942 4621
45220 31661
19499 570
43441 18316
6828 6959
31643 24807
35873 41033
21492 13771
386 23910
8782 12929
43070 36701
2417 6773
27015 21160
13071 39719
17229 10315
27655 9492
34168 29082
34495 41001
30147 32192
41561 16765
40492 32308
23137 46022
31777 39719
355 28016
32346 29386
4281 42481
26276 40756
35217 39487
30683 5273
24165 32354
5715 38807
24438 34435
34295 24124
29280 23462
35809 33447
7608 27947
401 13209
32185 36359
7287 3750
44892 43207
38794 27855
26713 36115
42665 23553
42576 17281
30193 3817
8150 22535
3889 26264
3783 12853
1246 10665
30002 18751
13634 4904
7893 46226
43573 2718
40920 7838
30175 3814
43339 26954
24178 5170
30054 41137
1525 5690
6678 15897
18790 6784
25895 10732
24328 35405
26034 31741
46838 33733
28796 4979
19131 9267
39483 37460
3065 628
8645 13107
10955 40969
6276 3617
36932 29939
28941 8942
11639 39802
9492 16394
41783 30591
7587 41347
27195 46499
43557 25806
40511 44895
45577 7323
7320 10005
25584 376
37662 3494
3749 45366
20266 25845
12672 31327
38155 5226
19753 21825
15583 2195
18935 18683
28592 4659
6837 30033
45246 45890
34264 6021
39230 38686
33733 8696
11333 26699
10858 24070
43449 14886
9135 29506
30453 30492
13475 19972
22098 45045
38824 32458
26905 28746
4368 32779
1785 37014
921 21372
8922 18140
21506 25442
2472 18997
10682 27397
12090 33325
44889 15273
34171 39183
15014 4856
20016 18374
37584 35411
10979 19022
42811 15007
32641 23945
37659 18872
42211 10014
29003 15807
3143 4190
16093 23842
2280 1146
29586 35012
15402 7986
26502 25354
28185 21648
15669 2409
9780 9733
36050 212
28954 9469
11130 23382
3570 26760
28186 43534
45662 11046
39615 8742
40800 34279
9869 43253
8056 40538
44540 7633
33803 36450
3164 7936
2667 871
26632 23952
35618 36272
28034 35180
44837 28470
28528 43359
3719 19202
31627 37581
13602 20786
36245 1920
2781 15604
11967 8204
923 26599
17486 39553
6457 44710
31287 33150
39784 27509
25613 22747
43244 25742
36184 24295
16788 43637
21444 18902
21690 4119
20999 25753
22713 30263
23712 14299
29019 18324
40894 17097
26269 11762
17818 38116
276 33051
22981 22693
25358 24221
22639 4806
2379 30577
42567 28629
23654 10875
15153 30280
37465 5663
22542 31543
37224 9939
25037 28950
8538 34456
33278 2575
32881 33966
32504 37885
16780 24817
984 32404
38966 40873
25456 44799
17194 13139
2968 3048
21175 29254
36579 23158
15435 12856
39115 45933
17587 45551
1815 11303
34889 33921
15278 33831
43426 15549
28748 42018
2426 35917
12634 13116
30884 3050
20450 10926
39618 33286
46213 39672
32157 8301
42224 39976
24861 23329
23561 30416
34615 5062
31175 7834
39161 19050
15482 37866
1969 22920
11387 18913
4156 3054
39116 11467
43305 35060
38690 41558
46860 20264
2459 37596
43960 21874
13076 17907
15970 39843
9746 34733
2900 33717
35867 40821
27232 32181
26040 14966
26534 12802
16015 21184
32134 17481
41036 42271
38914 26136
22959 41057
19426 44182
32032 30788
18414 856
4731 37183
30618 26829
11656 10643
20861 36001
14386 6756
38619 12812
39832 12330
38243 6765
14081 20742
16250 28858
34793 8869
22541 15854
24355 29797
11268 20437
25893 38397
11343 15009
12429 2310
40499 12160
24543 22234
5527 46253
1326 15547
2492 14297
651 6453
41518 17017
41505 44966
11366 14699
35434 30916
45583 5411
15566 27907
27818 12581
608 23109
18767 41184
17235 18517
38149 11639
24911 12934
3429 35457
19729 39859
45334 44690
3160 42558
7762 23062
18582 30494
46622 32911
15249 35972
7888 32814
42234 22731
39093 34748
2489 28491
6025 18487
46747 35097
29681 40306
36751 4278
46192 37159
25342 30890
24935 16472
3268 28376
5612 8194
32825 5731
14131 22446
1172 39061
40726 28285
13222 8078
12652 18411
39064 15654
5746 43529
39297 27059
13400 21014
38008 23185
6145 43380
37932 19056
11152 43416
27520 10444
36330 35062
11314 45818
20304 16507
7284 33752
836 6742
13825 9820
34523 45239
16768 15858
26228 4651
31990 24069
24126 8137
36461 46447
11611 31461
8950 3801
4235 29446
21122 910
45080 21367
7095 15400
32185 15694
5338 20063
38137 4864
39034 31324
33951 1182
12437 12763
12158 27955
41232 19301
16058 36154
18204 2994
16632 3834
41367 20952
25435 23648
37597 8859
32768 10974
29186 37227
17175 16866
1595 17871
44998 26320
42011 34544
26200 20728
27669 565
44301 6028
14041 22731
7527 483
39424 7513
4642 16826
35037 12107
38437 18396
31466 8620
8617 34995
5424 9684
28385 3201
31689 30766
17141 5403
16780 15977
39510 4304
31682 21531
38278 44171
33323 30620
20645 32033
10383 32165
11019 6260
46231 4612
38525 30240
4801 24012
4279 14622
27869 26660
10061 18815
36030 16988
18779 3010
13144 28007
34082 10724
18921 34739
2012 43213
6568 28326
24943 2844
23809 45341
14586 19570
33491 25749
27977 33460
5952 12777
17553 43064
39665 16715
15405 7233
37516 2038
33316 35251
36660 22694
14744 31536
18100 25223
32041 24182
15423 19331
38610 1686
6144 3546
40976 37609
10376 14393
24314 20919
4114 40968
6719 21901
39318 30887
9034 27840
17843 9819
16548 28703
34522 4994
1940 239
27132 32317
31617 31551
27240 40718
34102 12546
22986 44871
15862 1159
24832 13793
20774 10922
35274 35552
1373 43081
16394 22352
40052 22995
35111 24993
42359 29434
30590 31290
25882 6128
28948 41436
1647 40598
45100 10116
23667 16371
39265 38675
21430 1925
31434 27936
30591 28508
7223 23352
36865 148
15238 42526
4972 36516
5183 6855
18470 8985
19254 33069
46299 12798
39051 29737
7009 41382
42857 46073
8567 42063
22059 34147
35855 16869
26584 2875
19610 5891
40688 26795
24713 24733
21201 40518
7281 38406
40617 3685
44827 38486
40795 19711
41919 9961
19450 44045
7068 43609
37396 40738
26177 42087
38307 28217
21780 11033
39616 27733
16628 25965
13061 7518
21357 12895
25929 13402
33423 5090
39521 1586
21775 41006
3990 2048
25279 28786
5493 20019
40644 26467
41653 34060
31278 30193
10049 17331
35713 6626
10869 45513
41632 34355
25963 25598
13567 16331
8204 7858
23538 17612
43102 3119
32268 35987
46621 34613
36588 25835
10611 22661
44824 11175
23872 17744
14721 32663
17504 36855
21401 14608
4554 44405
39970 4244
32900 37545
24569 45186
35913 20603
33915 138
45768 4098
31823 40590
46642 20288
9143 13462
18692 21828
25545 34043
2324 16182
45454 541
18353 29978
3121 30358
23324 25759
5516 33135
16718 14457
2983 30744
10122 36879
34945 14163
15668 41468
26292 24093
25008 11540
37610 4866
16594 25233
22195 41386
42661 4882
16301 22741
24379 4141
21327 40055
24330 12420
17436 22675
21129 44974
22864 15161
6502 10681
12801 4300
40605 31951
41213 21710
30340 22121
33150 19044
5023 22630
15771 46077
15511 8637
5780 19425
6237 21523
31891 4627
16502 7782
23425 36331
16779 44977
10794 5311
24225 34215
8750 9709
46632 10863
22786 45550
26744 18933
40142 6284
10205 38985
39096 18809
35054 24241
35827 11944
6336 5684
8466 19255
13967 12171
19447 6646
46696 32503
23380 45158
36142 5333
11987 30219
33646 2929
7632 26605
18586 36663
20139 32425
23384 4867
18570 19405
28391 30115
46500 10838
45168 26744
26312 42178
25442 36770
40472 24540
2853 10171
6165 10120
32434 27484
578 2855
10915 44865
36792 30261
35796 13401
37321 30731
35891 20853
2287 16778
7945 8001
45598 24803
9250 38935
37013 12865
31417 37039
389 17154
4714 29137
4768 947
30208 31290
16626 31107
28477 40015
36019 46303
1020 30849
30231 1945
23103 13101
37475 29780
34040 32271
13672 11777
332 36487
36434 29353
11305 27410
15523 45913
13680 22510
2338 23928
28883 22031
29368 9174
31571 33532
6254 8918
19504 20701
30734 35346
12465 934
42430 8386
10549 4085
13567 9921
42200 19146
102 43650
16561 45268
45388 27937
19256 39291
31059 29791
22941 43304
26977 41530
21491 16594
30991 2969
20471 32713
21681 26852
12171 12746
36356 15751
30590 8140
28126 4859
19600 19503
33813 41247
27724 33466
22608 15867
23356 9566
35230 4909
39587 26805
41126 36694
39252 40036
14437 40901
36807 4554
43042 26422
29259 6530
16113 22372
11391 41692
2188 25072
37169 1069
29442 19742
37631 27594
13025 27547
28789 31212
41336 44187
4876 1723
32734 5680
39747 41211
31412 46653
35596 14628
39924 39725
17987 30212
32393 45701
44765 18263
23972 5922
3859 19852
31602 10217
39393 2992
33910 24731
30515 17478
11218 40389
14251 29629
31532 17486
33430 37793
45743 45104
32603 26831
35707 23069
25282 17157
26086 31225
37738 11621
41011 35427
255 40358
4824 23373
29103 39844
44319 24682
45110 6919
29547 15521
45264 4539
20559 39841
2085 42548
43974 39686
31405 35880
40507 44557
8334 2010
9092 39066
25727 7356
26586 26446
21188 44093
28249 4653
25829 25201
40987 30933
25361 27527
20987 23010
7517 20770
19853 22173
13999 5502
24961 1650
40039 41623
6764 1517
45313 12848
13583 18592
22557 18511
20825 20922
14074 32283
16178 34847
5470 22432
17926 17919
33011 25953
2619 3094
43713 45328
4461 15920
37073 10286
33329 22781
3425 25573
45629 29134
15639 21395
32473 26442
19838 27154
3094 7287
30499 31349
26157 42647
24760 25371
46797 14666
5071 21864
36290 8954
4028 37567
22494 19739
25789 41571
44136 30278
20672 12674
15414 41419
40431 26843
46033 26504
8389 38708
14748 6677
13006 45432
10093 19917
36948 9025
16951 30837
46 417
7425 30173
28029 14832
44434 42554
45771 6595
17186 31310
40406 18871
38899 22867
15612 35118
13008 30532
8137 19297
13749 17181
28340 34498
28353 28225
46097 11490
27857 31495
717 4790
30152 45567
22452 7696
34870 27400
6364 44423
21003 44959
15551 46864
18714 32459
41528 43959
4858 28953
22126 31778
40661 33364
44339 3341
756 42259
24626 11190
38697 10035
4971 14752
39680 42443
26287 32563
22178 21221
33239 7958
13950 10799
14749 2148
1532 22100
42002 21611
27550 11353
43571 29413
8397 16871
14024 10529
5621 32269
37836 37082
27674 5753
30913 17963
12845 7992
43414 43361
3381 7740
1901 16506
6466 37872
29132 25578
42774 15567
42865 23118
20050 10386
27577 6282
45079 39563
26870 21702
30612 16595
21331 26709
42331 33051
13620 23728
553 31305
27677 32960
2515 2223
43441 16862
13068 35566
28578 46648
9812 13714
2998 26799
46823 37085
6024 27290
21616 30479
11223 38703
2111 23683
27723 20239
2691 30634
33726 21610
10379 21484
10098 6944
26629 5717
477 25160
13710 11245
9133 26845
29993 31398
17079 7565
36597 18212
32798 44158
43698 29263
30387 18090
10294 43033
29671 32923
15548 44186
19360 32840
46486 30840
34635 15349
45796 9144
15384 34637
501 46269
9889 41005
26049 24304
2949 33312
17498 27051
16294 45425
22083 40761
36474 46349
19383 26205
8772 9281
18907 7674
8551 22992
41953 14078
30959 28370
3062 2760
29498 983
35604 4105
27333 29945
10946 5187
1206 39071
35017 29340
43021 15131
27877 23220
28369 3244
28000 36704
11689 2225
7135 25771
8882 34904
19122 13610
45668 22006
3625 20028
10668 40546
1147 36503
41507 23303
40749 41437
42254 10750
15320 11813
39199 8975
41786 36781
35157 7675
36688 37117
9153 36889
5207 23502
18491 9361
16312 34319
4573 21692
45715 46581
13649 14581
12702 12973
27134 30816
39439 8929
26659 15676
15425 32361
9477 42929
24920 40555
28030 25184
43857 8235
2131 5994
29429 44232
34280 19302
26046 45841
13075 25747
17267 42532
14973 32946
33898 9361
5571 41371
39975 10089
44997 10874
14222 23134
2293 42096
13124 18304
6877 14880
23731 32642
30934 7260
20600 21632
4235 23593
40733 38137
5571 20963
28002 5751
3233 36534
24598 15555
12665 23119
23755 32732
40173 20199
39161 44900
26447 15122
12051 31969
21940 18920
16921 2738
16285 38201
22623 29572
30580 23834
31208 37664
19274 42853
27300 23089
18250 40045
6838 158
31155 43945
40768 17800
34196 20710
26614 506
44154 46202
4093 11248
32979 17469
18348 20722
26008 28241
12405 14030
8771 10014
27218 7863
43634 33474
18567 3065
5035 42037
11350 46569
46231 7726
45876 23549
31455 17498
26788 20084
17301 44922
17384 5937
27421 40246
10038 36767
5554 26389
9799 6202
5715 37127
36636 19892
3894 44100
2378 37579
12844 12037
1822 41372
32694 26794
38244 8903
10828 24561
31415 17998
46644 42923
44315 2531
32182 40426
15436 2755
45082 5911
44806 35231
31664 13062
1931 42437
42875 30730
34691 44001
8305 3208
15838 38596
7433 24825
24618 42093
32238 22706
22752 13010
34801 23837
13338 43137
34987 23390
27683 41962
41951 3654
16554 37550
13746 38216
45801 21756
24087 26841
33598 21262
4789 10935
31237 27671
27134 12113
27533 30337
13779 44609
43878 19533
34609 29008
45712 30460
35870 43358
8069 2387
32179 34737
15199 30581
2478 23288
31025 32474
35072 37492
7939 2285
17726 19144
36223 22767
1468 34494
34560 43121
13286 29448
24333 18004
33277 30294
40699 34897
23351 28850
2894 40424
24210 29242
2758 468
39800 33584
21366 33150
10433 13505
38878 39022
41227 19068
20217 17450
22069 44843
5985 4657
10437 19702
4096 19753
5725 16506
18695 32879
43308 39597
30371 3823
2314 29817
9771 30882
2039 8934
45655 21729
31443 45144
1658 12347
46479 39823
21515 22462
46509 24396
16290 40964
23101 32809
19698 6084
2989 5601
9107 27642
18212 37963
25960 27064
11128 33438
42275 5915
37671 36830
26376 19282
44849 27351
20876 37877
38675 29359
36946 3686
42741 38015
42815 9236
42885 20121
43764 18519
40701 25360
14510 26639
284 43614
17860 46836
785 4197
20214 39177
15428 29916
22226 17633
34224 43025
22637 33650
32554 39056
41411 41473
21358 27245
17401 34091
26093 14570
39302 39734
43975 33008
8524 42663
13301 37758
13045 11753
1370 25417
8543 11370
14728 40421
20346 16454
13520 7484
27667 18680
8435 18906
25712 28738
