0
0
28517161
0
-967337572
-411771569
493368174
63903369
663630930
63838429
863445711
-1030955134
-33815110
0
1551308049
-814468458
1277017342
2088528724
0
3884504782
-2115437235
2780277937
-2385066811
0
5705193177
2111784426
1550957822
5073085739
-4408025689
3649805590
668493511
-3723056719
4242271396
4242271396
3304657220
79605582
-4288165394
4078919410
4328250473
2411943199
-2795866154
1942525183
-2795866154
9728720025
5018964067
7199377485
10056380308
10512959102
-8870148240
2700059276
4437100827
-605551593
5868983432
1672451869
1672451869
1391987063
12143204460
9403137479
1344489008
9403137479
5817503876
2073577243
6917648620
-9369088747
6197211628
12947901877
7232419754
7232419754
-3170792874
1501273889
1167201247
1298388803
-3170792874
5324940743
8018611564
8018611564
13163644594
5934997113
2347711391
13406867100
550285173
-8813871593
6247601310
550285173
209404136
-8813871593
11507130150
2389611668
2352691649
2347711391
-71616165
2347711391
9401587766
9108900659
81062858
4396226350
9445306675
6707695950
5764168197
13045617989
14186903128
-6495004712
5764168197
7809112003
4031155096
4039769042
6312516348
14818890095
10663221039
2624808665
7274768167
10064651805
9162532141
9162532141
12801826551
13265878016
7274768167
14453169456
5163574398
2083931876
-1260257001
2557554136
15262373740
10809769800
556248552
10809769800
4447558053
2083931876
87554245
2177432693
87554245
-6344243676
12488408931
12280182687
2752217475
7081066647
7327622985
1926326931
4817822593
7590261430
3832118595
14365453580
1026798540
242364197
242364197
3694954824
619166442
-4696357148
10058377104
13512436545
6215447595
2211672239
16841759157
11371613549
17163542308
13945692534
-754872195
13321303974
-466905002
12041864161
7561352729
1461388586
9772081396
7693808800
7561352729
1224679966
9772081396
9772081396
8655684606
9114829452
17258137803
1394215323
14300691261
15025833454
-1331795492
14168631446
-2778553209
12546375334
9772568090
-748917425
13755795238
13755795238
13961376295
14784203989
14449108576
4817220024
-92407997
4786817366
6138342352
13572162095
9307592062
6296161805
6296161805
5284019540
7391617187
15654756662
7295256221
12180598320
7295256221
-810699408
5746949701
16751544440
18571859911
13514217976
10140106462
16751544440
6759375207
6595832671
16751544440
11659418586
6595832671
20322685008
13440795668
12335394672
1375485478
12335394672
10140106462
7965911229
8812633391
9605196577
18892860901
3862112848
2458196125
5821820262
21836534918
22198815840
3428692563
391123140
3428692563
10605736887
13243981100
3750063977
3428692563
16751544440
8813508369
3750063977
12410065894
17046179764
13484184166
4841448060
16751544440
3854965888
6413085890
13243981100
13568043648
6391236440
13611796573
3082325253
5190337841
3082325253
7118451757
21004791568
-1221252167
17748572104
13292415989
1179025950
21417142618
9990654960
2243128564
8768895260
20736671404
10054377764
5762358188
3051375519
6889651961
15035446269
5634667436
14443513944
16287820775
896832859
3051375519
16287820775
16057998286
21321168901
7474945011
3051375519
21533436133
7992909032
15672837985
6713360446
22152033486
7765869504
465733984
17002629570
7765869504
23018739064
18508964115
1866910659
7463483501
1041971184
11546810996
14889870090
860480856
18508964115
22514028663
23122603136
22312974311
22657842217
22954450528
12373074003
7215365035
21213121394
-673842338
22020088651
16011373898
4711130370
22786067207
3037871590
5603022960
10697090716
21695758508
20404219338
17936188710
11905481820
1480060646
16695074036
21781358411
18950895850
23385737788
2569388152
23968041501
23653075547
13762335892
25976777762
22167184458
13615073160
23749224433
2594092701
13452556052
20537006730
14556000578
11764442701
2594092701
27031732021
8229073749
11867259261
15734139852
22916827261
22416292126
12704507686
23915132290
27867141379
16363293690
12744992265
21625270459
10750356606
12744992265
22502096656
8375791207
23843446359
8375791207
8375791207
8375791207
24297096543
24297096543
24308241163
8570646842
3912999669
4389226494
4591094711
24787792037
23918456929
2890362751
25215218141
14915665584
9506051615
23639278710
25123082797
23639278710
3814077420
3814077420
28875315192
4529167288
15545436144
25234804230
13686541200
28721621145
25105464307
15393179627
26093540624
28707674748
26093540624
2674310147
7395884949
22919129572
29417044364
2332594296
26435256475
25651561413
19571481461
18633386219
19379773417
7931648194
7931648194
15249271959
12114468804
20332317004
28754443647
26212497857
4512205541
11351614001
20949097755
9318904354
3715995264
3648135627
20787947598
12994804983
27786444429
24435118127
10569892827
9150687824
25116011749
25116011749
29844538049
7990518544
7990518544
25010486133
26620545051
28731553575
27483402415
4073069600
4883202714
12866058719
18973544742
8129535096
3798203235
15421604975
19710311470
9011324576
15740480173
18883472768
14479662600
24967441097
18763150738
19908669002
28369489848
4096850174
29517906115
30355433076
29919567103
15361556574
14788087077
9516658761
18854534352
4087216404
31107048741
15724490154
23171899809
12304331732
14918841213
29756937102
20922527219
14950269313
14930059811
20922527219
3815075030
14132766201
4700782328
21529804825
22887967829
22887967829
-145867997
13747012620
15019162782
34351469496
29756937102
12747760744
33011209623
36464296847
13619296332
15595979239
26134502493
36619130796
24983885723
31954040894
14439602237
26891746550
31954040894
16419083276
15761124458
15761124458
14693549220
29756937102
14881657817
20710024400
14575246110
24413771899
15956915577
32369663180
25652821661
31385272058
16644579721
17287215388
24156141317
13975151047
14063575327
37407740950
25627920423
37407740950
4390415766
1736682443
25654466185
23515140407
4390415766
23515140407
14454708397
23036973355
37966634593
19398439727
30566663322
4835763996
20383941787
38549387257
14033976288
15710826052
38549387257
19685492743
23205379025
31991055715
13912399320
21240298074
31991055715
23726148031
13411929971
16098728428
33161473797
37928069560
43586568805
23754675241
20476643767
21188827126
1655876099
17806088665
23122376370
39375601679
40740414754
22324678903
3941063335
3941063335
17560217269
10544457027
22268260252
40701545093
11950441130
21188896266
22420556879
11950441130
39166356255
19696898794
22420556879
36588404794
18051029143
37363948878
12590554173
23041206033
21616838146
18051029143
21606582496
20971411065
26161025716
23593138080
17404388307
38999744093
43963618017
32913277221
43729145966
2863629309
41333066062
32913277221
23899567089
20667395690
3280383529
27992101443
6599257766
21062613994
23318728501
39595182284
41097292177
19969950784
19969950784
22739654935
10786125264
3113342831
9387768705
22353290863
22353290863
39787979835
21637717732
42487643552
36759268283
21637717732
10497152055
46028999105
21637717732
2473393126
7839268241
10110251219
10110251219
30806321938
21637717732
42938984847
9192827423
22777880833
46028999105
21947037368
22830496678
11342413966
40227529285
42673991552
46496137484
2738386421
22637764558
10937543778
23656375999
24116474489
31043879966
8121317127
34540144613
11762295213
41880513528
34540144613
34540144613
23230619655
37630768082
23537162699
11034143550
35589290829
23916315123
42893540276
42059493758
37010911296
21824301969
23403331081
44976889300
2465672773
7262989651
20879363374
42453570183
23238558364
20879363374
2465672773
44976889300
3089090528
23853296063
49405030926
23180887659
31401047609
42973799464
23526216686
25079009529
37304683209
25660123278
1979413046
20674100026
24370607487
12167253637
20674100026
45430427057
37590562349
47911786729
13683591240
47272421551
26953121386
10608094369
24876901259
2580942096
2580942096
47181483825
24986026746
21896104046
25365399447
21604368275
51251806403
9971372662
24585327378
18891807320
14409787447
21816617625
25504790710
1225786006
52168707551
15609952693
26040514695
8526038330
30199921690
41682206712
23285810775
23104540521
41730979807
47515501278
32591220170
31049889842
25019386266
9885177734
42137559451
2507784213
31816803870
2507784213
43055738649
2080905257
24622020138
24277584890
33324716365
12619864805
44167604071
44791237412
25387778309
20442585925
31575947314
49677024030
15337386328
25387778309
19502406402
19502406402
19502406402
13801332858
24967475760
41414444193
24611931941
15199894107
25358703759
22625900109
26190025618
15199894107
1934219431
57320708562
52435194747
25924495472
50313615271
45629251225
23160312383
33106158698
54067648532
54067648532
53211856891
33106158698
14548399912
25888759097
27482770452
50313615271
58686081418
34770169968
34830061300
32334139123
47737781848
47737781848
16526558710
42167516970
30912891567
30328138081
58769687953
16647322139
41325784081
34468465730
34468465730
30086215229
30086215229
46936327739
25126348773
30241320486
44434660171
15719429732
51010114417
16095870217
44236571929
6367699376
54615066246
47953651274
13503256961
29997953250
5334974722
21694664843
13503256961
48949554430
57893485508
49136138987
62803240644
48032953177
49651463487
25727499467
23954144296
12961322612
62803240644
13228120072
13228120072
30211929257
58359195512
26386145140
5634088595
30992295212
13307316548
43807044787
58215030530
25991924945
24348043686
43410570591
18556184364
28095050049
24764109880
51618279686
57470193712
52294425026
33993118412
27717157575
45289969401
15756096276
55805965695
45289969401
55805965695
15756096276
28201059008
28888097874
57089286376
28279419354
51803781425
16731630890
26859789230
34707324513
49485397268
25667005896
35587028017
49762210719
57275817405
27540766116
34707324513
20208282805
26915387508
49510675578
24035714469
47824904299
19995111598
36417280302
38998886941
28401067223
19354568114
9701802240
29518751462
55258146572
48832441822
27619819721
22606927437
66830065830
66830065830
66830065830
60187749939
35986262714
29393238359
50958116529
26909441304
60746033476
67077219108
18535033912
52060682771
26522494297
21825290834
28264506098
37823476641
37823476641
67106296822
67106296822
28247707385
51605529293
9886664816
37823476641
9886664816
25608804074
56975645030
56975645030
28491169137
41756875817
29684318499
27038393134
11094167345
34613030867
51014441070
20471662070
35708100440
33167811264
68714942327
59302185234
52008582759
28635496215
25745732201
25745732201
19951836142
29100822121
26492184993
39492542133
31959772648
24635738886
56557308401
19114504689
34376237911
34376237911
29538533798
59043513742
12421889915
41847564645
51129905487
56417972758
69664568138
33938039794
39905562386
29353225576
30483575698
30483575698
19725086679
62128102752
33719195024
41218083046
36841430717
63612371353
54553935749
63612371353
13146411328
34634756802
39362424355
13146411328
59083607571
36221851779
38597639906
35841906351
36212792403
33815511675
23141354523
35658362464
14637282803
21316924513
52054961851
70719405075
51859406221
59540294265
36287491319
36735275855
51483119175
37834361710
61586703720
24755921665
37825095918
36824984237
63063886594
60222700816
71173754649
37435643021
71173754649
56800911604
29010960429
60222700816
46220705905
37147191441
45940237514
63063886594
17608206097
71173754649
22439079550
71173754649
36492303572
38275982287
17608206097
54710805911
17608206097
63063886594
63063886594
29200171791
61628765596
14980399081
72955585506
44032621690
39845205735
50886091489
26260864077
59861666962
24957282038
42891783732
37107460365
14980399081
42891783732
36560111401
23544272083
55833161705
58959077266
19453762944
39202893422
28980053333
54348758305
38169158130
54088427826
42417112238
57514837167
14363428966
15081820091
74368595461
74368595461
43790822988
74899873885
42587187813
32588951428
40637175676
35333763791
32744705637
26448792911
43867384053
18110717427
44657566758
75505046472
29094132332
32599113141
62319668855
64921467356
36072752900
41001001484
41620501794
41001001484
64517217893
29845740222
41620501794
62795728922
60887186138
27882224061
27882224061
65628205795
