0
955287542
0
-767119002
85298426
758706203
5417073810
2859620390
-589548944
-6721653369
-1742337630
-911748348
5649020131
6538053115
0
6406862537
-7995090658
0
-6352715610
-1789243938
-5690776539
6137757089
0
0
-5368477585
-1151842976
8843083688
7022817717
6308054917
9075356768
9075356768
-7660760221
7091526953
6820338870
7262306150
-7262306150
-590506051
-6351017576
-8931636602
5021583424
8422557738
-107851471
1864608994
-8740447676
7924598615
7924598615
6139210999
-2567463123
-10272444544
-10272444544
3376015049
10113157444
-10873260901
2560739114
11362963711
-11362963711
6657517224
-11003959162
12075968662
-10012270304
-11437127646
13028466709
-13028466709
11260139415
12091289044
-8249128278
12411058384
2640971658
13845378860
13845378860
-13845378860
-2401304114
-9768079479
12370632727
-1212810261
13834400016
13620665201
-13450263790
-14283481877
14283481877
11310786773
1954431374
15997900969
11454993571
-16224262939
16224262939
15403712521
-10423689968
16728765266
-337344690
-16259667381
16259667381
18586671306
18586671306
16818104168
16818104168
13519223048
11616277701
15698309374
-12037794756
6688974307
2140538939
-13097121862
14222057814
-16928856512
8329780875
18369507145
13908421090
12845259359
-1943503246
13426424165
16033669325
10180914294
11884565157
-16463292490
6345676500
11559080775
16468126834
2115388730
17534919336
17534919336
-12250546176
-11571606928
6727895427
17657227557
19071889711
-1701766912
-15550434717
-9684916565
8702577964
9077953890
9193950181
11045511705
12020614215
12906506590
21206629418
12906506590
17911370504
4555082572
-19059190113
11577632508
10737839058
-19906253659
-19906253659
10842073204
-20792007529
-12337515504
-11873686456
20903996975
-20903996975
-11867963011
-3145279824
11984275693
-3645080803
6436673141
11172299767
-22038861385
-22752170534
-25031677847
-10089931042
25031677847
10241711787
-4281934160
-11121561477
21528470269
-13542158170
-14998294937
14998294937
-14315586106
14661020561
-14661020561
-23185333845
14661020561
13988164476
27549620322
24182941696
23254341656
15239142137
25377913705
-4871077808
-25377913705
29028817708
-29334213695
-922503258
19457018117
19276762533
-32739331499
16980698809
-4997052962
-35367361659
17666906962
5460149361
36388700216
-39162456109
10769622170
18836318275
7083670009
20985429388
38136767649
18836318275
-38136767649
38136767649
-38136767649
-37886646564
-1305668025
-38395146835
29491069751
3456735960
18848922548
20054413450
-20361683125
-40003292228
-40003292228
-19955125593
47375679310
4466481356
-7282962459
-21515560976
44145534293
-22040110967
-43204241774
41966812594
42612659410
25952466420
25024383030
-25024383030
15787083409
-4978878036
2372559046
27235463761
-41911771774
-44110257303
45219899627
-99825960
45155465831
-31227326221
-6769197786
42621907268
-87278053
42307720183
47283973652
-4304143935
-9861431242
-31608519664
-45948198900
33323262348
-125563354
-125563354
-47755180126
47480127262
12425019655
-8504572012
33139289723
47733726563
32837305489
33662345308
-7781174228
47057255334
-46419109965
-3513223504
45525138749
55485790409
-3200231308
-46106117769
55485790409
42219334844
46605092132
-45554324278
35520904828
-35208986471
-8501378571
1997752308
-35208986471
36109208589
47850455795
-36762257849
51004592608
1020213040
-49284437023
51666824783
36947332475
50271687397
-51917822300
1057746200
-14281051680
-7035991405
45096392856
52676925311
38859355660
-38859355660
97206702
-39704540361
40788837365
46802852845
233810924
38408710030
52547665487
41832766147
53238012822
20750337838
-53238012822
53238012822
43168554117
43168554117
-53360159630
-9305391893
-18034738041
-35450093329
-52488784342
47323530822
47101706494
-762296405
2785282295
2055091342
59108809997
59108809997
-1994187505
51947282579
-49558322409
-49558322409
-49558322409
-52644396536
-1957477633
-39919565860
51416440465
2428215497
68815140832
-2926009920
-55528584555
12335158419
-20101293414
52652401705
-48366311997
48366311997
-1763876603
-43313727666
48621440903
-48621440903
-47885251559
-15080975480
32353478841
46922212586
8628704327
-15866510765
62837078248
-55810241618
41836547506
41836547506
41836547506
55618045573
55443622705
-29657088844
-56108211863
1820049962
23587131861
56663367878
-39231047047
44616985885
1084416460
-45071877246
55502177651
-44581014419
-30512080527
56717937059
-32969920349
-7829801189
-44840140272
-14973696547
-44840140272
-44678299469
-59051168617
517379584
46185723460
47111287351
47111287351
-32027400201
-3572969154
32077362217
-23023218628
-61158243550
-27105710422
20719098170
-62664113171
-44479050215
124015351
-64771026994
-39489991037
-13994081488
45699683608
36105347062
-63852469772
8907524365
-46564343129
-15528038825
46957542387
-68454821038
48890277902
72635722441
48479574211
-2456203026
-49939812384
44393276304
-28068134877
33583194179
-69357881163
-67860016869
-70196469958
-70749807343
742159860
71872224831
-15914650953
71872224831
-72334229182
52922662204
72069350985
72069350985
-52826132104
75851720069
49536150387
55412183101
70121157413
75018170045
-10341146731
55412183101
-57761432927
-48247305021
2876716820
71358228096
75022716760
-9963997037
-71938753588
-20611422122
-70762437072
70762437072
81022463104
27282348156
71741702428
-13944583108
61321146709
71899721673
72397672495
-24431336469
-61605156080
44220544459
-43558283836
-64956848112
-78800073496
-61189015169
60427741741
60427741741
-4743548811
-39946691881
62570809274
58520403461
79246213077
-62188365617
-84427407458
-61528707068
-79946030387
-52545152593
-81606828678
-21550921432
-59815894804
-58057291106
-53924700900
75822300797
-63764736671
-75409969187
-30085740336
-5256583426
75858628374
33131195577
82048885607
79394440961
79092227583
-9212321026
66718378445
31869009388
66139157829
-66154024110
80769101453
68749173433
3274892777
-5924668959
-81982629066
-68056886894
2819730557
69850439203
33664735719
69899474432
-6566029832
60983512625
-83269414268
95477849079
-14220247379
-11561481843
29165243291
85989579893
-60472587321
72561409068
-65135954163
-86343555109
-40694549908
-86660232529
-34728945548
-75198125297
105077667
-12196097807
86503793159
86764865820
-53588525011
-76873294318
34154933716
-82381354403
21054841957
-76940000288
-75195822948
47922065084
-90348823765
77908801524
-90101242691
-14926657409
98090298336
-76986715280
-16846955165
90537470777
-78722319074
-58499331282
88115439743
-78273823520
-69372882745
-89576763911
78133724195
-88802731560
-88303897989
86155361845
77015432846
-69448642966
-76401145057
-76502277173
37536197232
78772676955
-90147080985
-89455043166
78772676955
78001208229
91005035319
-10390022763
9611495940
90831176442
-55118894953
2485762667
103693568949
-8294264084
-13382986404
92295746346
0
-23445894588
63602702181
-90671042087
-25584985066
80059963116
59748754814
22538148387
80993410113
90851844407
-89873911305
79865683436
-16933302406
90861392351
79663308461
-79663308461
14010214719
-7477532865
-90976709329
-90976709329
-58526203370
-53503463327
91166294109
-74149127082
94660138350
-17991208134
-16708024513
-83404194414
-63010323932
99540386089
35654247676
-93545405600
-94174782485
93977282132
88870104194
80977211342
10692283054
-93698529720
79518616675
13375732194
-93328544814
-45045946541
-80976315448
80976315448
4142839769
33378786706
81652674382
-81652674382
80776244215
-80776244215
5247605264
91891338525
80776244215
107086153462
79904520971
98949594199
108925532176
-99685765557
78726284081
99086772838
51797047432
99728374208
-62667068184
-76536166251
76665437975
-98480461366
91713851175
76665437975
103143284911
-90656417945
91113796368
102664847490
109250570150
-56130775313
103608600968
-75599623059
76433186618
-104799963737
104799963737
-75898281870
-83334591
112794980737
-71473043041
-105352056276
-105352056276
-74120743643
-106762333775
-105787313233
112504421575
76504755643
52218522437
108162995577
-77525365995
-76147900121
109697650308
109091418832
18112655662
-63873787214
-11564280249
116989707637
111688599977
-111688599977
118809098419
29291468740
111709539682
-3690593335
66510143912
3503655061
15570969087
86546393055
-111584788749
-68542707751
109866885892
109599709744
85116605042
-110307106272
-84274996793
-84274996793
111205316302
-83686234541
-112292064532
85822109203
9263670402
-14031416451
-86336340396
-85810830704
119692314480
85373556712
-114423267481
-116320730344
-86314218601
20066840086
85386338866
43749785451
86629531708
-13771362638
89209111799
-118303171954
-66665825449
-88474371218
120984404821
-120984404821
-86582476734
121105066032
-65257795926
-87839836112
123037149747
103003070821
-16916607735
-122046658569
123020807037
-123020807037
-86926447590
-9318823878
124437381828
-18279922040
-17662341005
-86630529982
-125146212558
126431660543
100438907488
86034901796
-116286510044
24849791121
128510739990
54033148530
17333941886
128284137083
59520726325
61564213166
-17278036065
1196926801
-6493944760
-125500546695
-126173413406
32680194020
126173413406
21966607078
86067365439
127575068615
43750540257
-128689285748
592219017
-59760916960
-85440344645
127260649118
837757690
17105458477
87316134519
-57069389700
127238229054
59760629723
-127238229054
-4093146212
117136854112
10860141251
127802086503
2930037427
-12859136522
-60572673539
-88138042345
36536607848
132356806912
75757740811
128326782202
-128326782202
-45822711678
-4093146212
-88353315467
89665451505
128391510204
-79807143680
-90340706131
24866602500
17795604681
91482179180
134187793478
91551358964
-12061573895
35104420775
127567424897
92490059312
-92490059312
-21670987061
-127567424897
-126306005335
94092558619
-14868156610
137349226901
-71783710766
143682897698
86071322189
-282826806
-3923906036
-130848436249
-122896257519
82907150324
-132043251608
-132043251608
-9647972562
827346612
-101499380296
-107974677506
101447667239
-131146744100
101447667239
-13620702590
131570456517
-101687525819
139213390347
-132374610951
-100460713330
100874415048
-131148138238
-100874415048
139555837953
101910267874
-76505994031
-132410372937
130986767343
-10557732215
85452662419
-101825761280
101825761280
-101825761280
-47611816955
-102354855006
132952689798
41327423298
134057816917
-14559037564
-136819298575
136819298575
102932186780
-139200428681
115280824011
139200428681
35933840530
-71050051735
140556077678
142297110726
-142297110726
-143970482778
-105229806597
-105229806597
2275813371
2275813371
56302122532
19818840949
134338588714
103519438787
1659399884
69233009676
105667271098
105222927930
156146179737
-104414731258
50711336452
-146730186589
-106168486334
-106168486334
-145894269208
-138161730515
68770624980
158251411837
-37654994138
-106108038075
106374987760
145087407103
-145673111748
-81454732583
-106814042638
-146236688645
-70892313722
-42427346754
-106389189310
-144565058933
84848939871
-20001335296
-106389189310
82064518441
26270791054
-55789235204
144914938762
101227840003
144896311811
22692693232
-108959727047
999139262
110203304951
130660144734
110203304951
-104310202900
110203304951
40710109901
41962594614
-109499302424
131130998647
-1662343471
-109089604539
3322207284
82224645535
-42341152272
-1108626433
-111535103870
111535103870
-113075081194
7343355681
-12552259243
115126928818
89780216896
-140154724138
-113317720387
76015823239
-11704186262
-117795321994
117795321994
118110491222
98331862721
-126750470697
-138995704116
65782891409
-9582425947
153656422945
-140063810858
140063810858
-140212904530
-137390894017
118422525300
52775932891
136368543437
59352940358
62797553999
-135286573521
120143270579
132879957856
51775758840
119448532117
-119448532117
-119448532117
87987502957
118509623585
143846144080
-96049084746
-11092722651
118311887179
-142766758829
118749132639
-66596229287
162045710256
-117306378862
-145790044484
145790044484
-148021013293
-36444750609
148021013293
-8120340227
-145885402418
-145571574571
-125057075632
-98789446178
168057102124
168057102124
145491452692
146041879184
-126484083602
-146305919551
126021395657
-127195053452
146931276735
72240294374
20981371101
43576572572
-129751143301
115091829838
715438987
-18232083951
-128919806394
-61270726932
52875659386
149597026482
103190766657
54375383163
47110964140
-45243824898
-150104950237
-93737057653
-141358621827
-153197564626
-129493571357
153053337308
-129493571357
-152304694448
63896497124
-154629382734
-131159246464
1322843127
-130813604559
12121845676
155107303285
-93688173608
155315534473
-131068582855
153960805968
-132985384217
173545414391
53287938841
-134614477482
-13760134473
-97023393817
160884458385
-14201593646
-134833122518
134562421678
156444244830
136279630759
174700028672
45933971187
-772202958
136173029030
76117864889
136486232556
-19922536958
136486232556
136486232556
75490225734
157315600323
-157315600323
158079405066
176258230558
158131175834
-34985471905
135173743605
