4000 1000000000
! 1 927551082 472707402
! 5 911655937 878036695
? 11
! 3 958477098 509578938
? 2
? 940093972
! 1 919884658 565572393
! 9 941170937 816669543
? 10
! 7 944547618 717432806
? 2
! 4 917671249 304712656
! 7 978804151 911439076
? 8
? 907117369
! 5 915190789 440689773
! 3 917907727 708313021
! 9 972782140 442870966
! 6 970999543 601160684
! 9 991271339 762039005
? 48
! 9 954619825 403371168
! 1 916108787 111360636
! 5 916290230 293952022
! 7 983849178 138234747
! 10 956415601 447225438
! 1 911598101 690029360
? 943147493
! 3 903553633 454347083
! 9 970357848 363211271
! 2 960193990 278387676
! 9 990428907 348239201
! 10 962080314 141895967
! 10 920144218 403220282
! 8 943673392 548917636
! 1 934075470 985074993
? 49
! 2 924747931 699153256
! 4 945339805 328565849
! 10 978386457 434601850
! 9 998355379 395896213
! 3 969600585 839014342
! 2 982370416 437053586
! 7 952180554 777372882
! 9 992003674 673700311
! 3 932466615 217722846
! 5 976653537 486819202
! 8 926171477 130115514
! 6 994293831 241163781
! 7 952830110 995030337
! 9 919625743 834992643
! 8 932094568 473631804
! 4 994776142 890629012
? 43
! 3 988953698 480427649
? 963105550
! 7 904460759 483364464
! 3 985001602 247164581
! 6 932775907 452911200
! 3 905355931 608888866
? 31
? 35
! 9 953370458 377963015
! 3 910331318 503729003
? 920958955
! 4 959254560 237066657
? 44
! 5 941771804 986269796
! 2 954299332 203652574
! 5 949796551 219147927
! 3 975516390 462556323
? 5
? 8
! 7 910341896 227418206
! 6 956449048 572808686
! 10 971093205 705039521
! 1 967963328 484185646
! 7 900153947 733109842
? 50
! 3 958930389 142582910
? 5
! 9 952633766 792273830
? 50
! 6 902007312 799940609
! 5 909846684 965422292
! 9 900703434 788422273
! 1 944211145 261251761
! 9 974570100 252907658
! 7 981429604 664632170
! 7 990214080 509095059
! 8 954308279 611745011
! 6 999793657 164302991
! 6 973217907 402751909
! 8 909302050 675091491
! 10 929161336 775939980
? 914646448
! 1 970510530 906944552
! 10 933791358 387606457
? 9
! 2 941103648 942168524
! 8 931833296 869495481
! 5 946395685 156844955
? 1
! 1 923264815 718789614
! 2 945060893 639889589
! 5 926002367 739385551
! 1 975757091 700142990
! 1 978282507 246522545
? 12
! 8 966631956 428180072
! 9 936035411 298724149
! 7 979581151 523847246
? 36
! 9 976642448 997969268
? 30
! 5 956968094 490714802
! 4 944485849 865667445
! 3 979102228 589605000
? 951702944
! 10 911654626 120385355
? 12
! 6 985176794 571441164
? 49
! 3 977049047 439185622
? 11
! 3 901109897 504788100
! 10 951046706 916527763
! 7 949381611 128457805
? 7
! 9 959292107 471873083
? 43
! 9 937164600 538089455
? 905784771
? 47
! 3 950208135 118980672
! 2 934047010 829583223
? 32
! 5 932228237 380976186
! 8 926215888 723112997
! 2 994414376 339037022
? 37
? 12
! 9 931730526 615752258
! 7 956398218 997253465
! 1 931144183 900040189
! 6 910099210 993706368
? 905858139
? 45
! 9 915055377 240130240
! 3 927832133 316790975
! 2 974617285 254268614
? 11
! 5 944282922 487218127
! 6 991861627 698366062
! 4 952949953 950046981
! 8 901257043 245943090
! 5 942446779 642222211
! 1 981441395 830783517
? 49
! 10 954720548 166924308
! 2 935914830 936843108
? 933141432
! 9 903376927 721237293
! 9 975495625 101909083
! 3 954454253 252344132
? 49
! 3 900571722 209067586
! 5 930994784 235868197
! 8 946809133 943982210
! 9 986039106 844910558
! 4 925543341 573464459
! 2 931479768 986075260
! 6 951362832 348971171
? 905095184
? 36
! 8 902322024 108152905
! 8 960777798 844323858
? 2
! 8 919885016 927736029
? 971193878
! 2 925803800 173815627
! 3 998015791 941184705
! 9 919432679 281156237
! 6 973544057 379971755
! 7 947673903 884828767
! 7 986123840 882241281
! 10 936998729 100394250
! 2 958987535 243399891
? 954953290
! 1 958791795 304076554
! 2 947180836 582774766
? 935300234
? 956407535
! 3 966661476 937885475
! 1 900123519 178549123
? 957194514
! 5 983679275 525715193
! 4 920436921 938765146
! 8 997025969 402753318
! 8 931713239 301586583
? 955791451
? 31
? 984088536
? 923063192
! 8 949167245 310849059
! 8 928332750 372653135
! 4 933435985 240297533
! 8 902245988 237857422
! 2 902885072 231695505
! 8 931690668 809152519
! 1 940631701 858021591
? 18
? 934370965
! 2 989577215 203771358
! 6 907009435 359082931
! 5 922550035 129329426
! 9 922495415 215646669
? 7
! 5 914103728 661830963
! 7 905225657 541269491
? 7
! 2 910520359 975574978
? 15
? 47
? 922390054
? 39
! 9 913504225 376696312
! 4 922774140 714558492
! 5 933402855 538568296
! 3 909809425 677178671
! 2 967700315 354897210
! 4 998978801 682161585
! 1 988499722 466583679
! 5 926798351 698042005
! 8 975080399 573591419
? 925614221
? 17
! 4 977008269 734453950
! 5 962365096 269821188
! 8 973123574 135155439
! 7 968397901 190077267
! 8 979254157 769945346
! 7 957156032 193763960
! 4 979041055 145416889
! 9 925217485 482688729
! 9 912105673 780499140
! 4 981060336 210046978
! 7 935038096 625023618
! 10 955998477 134578877
! 1 923360407 574550301
? 44
! 3 997344408 411208927
! 10 974202929 391305031
? 46
! 2 976761277 700088784
? 981703357
? 20
! 7 946115685 679926861
! 3 945118546 248056052
! 7 990012940 671864541
? 48
? 40
? 952641774
! 3 991860469 598194663
! 1 932750421 966348506
? 946317954
! 6 913479737 686649822
! 5 913695198 775009654
! 5 944731327 495886717
? 18
! 10 961368829 123336419
? 993885626
! 2 920055112 301121099
! 2 957061147 686729819
! 10 996333358 776188825
! 2 950346694 439940447
! 8 965303479 631224854
? 39
? 8
! 4 965704790 175377040
! 1 979071118 209826636
! 9 906806640 708853547
! 10 921411043 747455557
! 1 972432865 349431451
! 2 999629110 382441074
? 46
! 2 910433866 512262081
? 985440478
! 6 925458585 453312348
! 1 977225694 616573576
! 3 921268664 561648003
! 5 975298710 150005243
? 959529155
? 917642549
! 4 985822933 948304749
! 9 917859705 962164199
? 17
! 8 963620632 153279120
! 7 918812687 903283240
! 1 920172882 433674072
! 10 984575201 867018609
! 8 993801718 141148833
! 10 973601984 256244771
! 9 925810411 108464588
! 3 955810175 401050694
! 2 918811570 228141225
! 10 926782752 733508589
! 10 937694049 814243374
? 952361870
! 10 957904467 635001613
! 2 923805753 511200096
! 4 909365846 435558181
! 9 912715507 216551110
! 2 976155164 131444320
! 10 974683307 339032530
! 10 914354062 956130295
! 7 907247982 731761119
! 1 925503596 477976716
! 2 977490509 624593209
! 10 901792179 963364277
! 1 920422971 945338602
! 9 970233069 179696990
! 3 984116885 928252043
! 1 944194836 400374644
? 15
! 7 939673928 271951879
! 6 989015761 370107296
? 12
! 4 967378547 199872096
! 1 988695313 219808826
! 8 961816812 445076298
! 10 973097897 371800575
? 915587612
? 37
! 9 997154977 777300360
? 9
! 1 945196936 132555936
! 3 948451367 109004456
! 5 933429765 477391517
! 10 936158495 377946205
! 10 994547504 900477213
! 9 924542572 579235686
! 9 925758640 832775106
! 8 979983461 165762907
! 8 938396994 254293916
! 10 944071741 701377967
? 993953414
! 2 908894809 892223503
? 50
! 7 956244438 654181915
? 18
! 3 946217094 198817604
! 2 903487752 776233104
! 8 991563097 500957943
! 3 982478178 834682388
? 44
! 2 990178327 554464369
? 930962592
! 4 963476692 505839013
! 7 945301286 533803952
! 6 921033448 275250579
? 17
? 10
! 4 982938500 296369441
! 5 955421855 304741220
! 6 900752606 745209219
! 3 999008918 503026455
! 3 946363061 411237924
! 6 960409175 554409667
! 2 939013802 299119206
! 9 982415213 980912722
! 10 969031751 520152501
! 8 948477806 217471595
! 8 914019769 927137361
! 10 975976035 207146154
! 8 930523093 390730853
! 6 965105475 926595596
! 5 990840377 958916850
! 8 907110894 265895947
! 8 931897178 955607057
! 5 911723567 378665898
? 35
! 4 982058471 546560486
! 1 982334693 449623625
? 16
! 8 926124200 629387744
! 10 958732007 640048680
! 9 968065046 206509945
! 4 915799912 121558392
! 5 903155503 392715568
! 6 975252589 751814220
! 5 967495479 698024410
! 2 900854072 845588673
! 8 934201242 912731726
! 4 903730502 261925117
! 1 918930411 250612784
! 3 938194073 719511729
! 2 923199780 274287312
! 10 973575059 735689778
! 9 988322293 608171680
! 4 908385432 812193193
! 7 965440300 388443619
! 3 998798232 414102029
? 46
! 4 967977927 412824475
! 6 920169752 674548063
! 1 962841477 229342551
! 5 957457123 485120903
? 2
! 8 956460209 239387460
? 10
! 2 993508264 409961487
! 3 964842545 823020909
! 4 973146719 187812681
? 18
! 3 999740728 599792396
! 2 937749099 951489410
? 35
? 956400458
! 3 985459544 419562960
? 39
! 3 989438125 964493349
! 1 940675582 799646550
? 922076465
! 8 921158827 936385803
? 978591052
! 10 935125708 865044889
? 46
! 6 905953552 935342362
! 3 976828948 834073334
! 10 988101054 479469174
! 4 992973294 832453686
! 8 979274279 600603439
! 3 926088086 553041262
! 1 923015595 354322791
! 3 999551028 414631171
! 4 961139549 286117945
! 2 933092665 567932268
! 9 988101976 977739238
! 1 928879931 840809509
? 40
! 7 989658903 433830319
! 1 923186494 288466446
? 963790588
? 980072674
! 2 950690323 238011699
! 8 968388823 439919213
! 9 950597578 362255352
? 988933031
? 49
! 8 996766559 710088712
! 3 998281365 666960269
! 9 959770074 745678715
! 6 976484625 655012477
! 1 977544558 128055773
! 2 935358111 621392459
! 10 943497822 975551359
! 1 914948582 731056302
! 5 981045089 669545751
! 4 994035431 177599988
? 48
! 1 915421943 686047998
! 9 939255589 394789667
! 4 907582240 504151406
! 6 981093367 345950668
! 3 986697663 664590022
! 1 953012044 480815013
? 48
? 977148968
! 1 977469855 688310907
! 5 975984881 642898316
! 8 919230678 861793051
! 1 966135771 566664158
! 1 921434644 898953431
! 1 915364222 550966315
! 10 944883516 471257067
? 42
! 3 997377363 194311401
! 6 983326141 728296792
? 956896191
? 970549490
! 6 903659891 304115751
? 50
! 5 997600758 260293482
! 9 922683757 139648061
! 10 981170771 778781822
? 989879725
! 4 913279857 364383538
! 3 946389450 734845299
? 4
! 8 971187327 200387023
! 5 989745870 558452703
! 1 978299484 438709611
? 31
! 7 945244505 336866011
? 13
? 38
! 2 905260113 755972109
! 3 952508503 600393976
! 1 921856701 445003347
! 9 946679813 567604601
? 44
? 18
! 3 998773139 232654664
! 10 974553611 118798922
! 3 974641719 682133656
! 4 979621614 253588133
? 12
? 34
! 9 966448871 400265129
! 3 945699392 263871281
! 1 988329504 813135129
? 951421861
? 16
? 20
? 987145266
! 5 960280889 842641351
! 2 948418361 565374807
! 8 946393581 226318846
! 6 934846602 391384229
! 10 934900507 324367962
! 3 982718065 157963411
? 48
! 6 957736714 909867478
? 13
! 9 981555714 832702202
! 1 937356258 836294062
? 20
! 7 955726567 965398611
! 7 904352595 543178733
! 6 933935505 928646803
! 2 962602286 740279784
! 8 973716675 470318837
? 995471062
! 10 903341590 937929133
! 5 958675252 560125677
! 1 917788328 122512660
! 6 952798291 346801789
! 8 973629913 692117982
! 5 940870275 477029241
! 1 912364944 917545515
! 3 960005601 232136287
! 10 958548071 394221606
! 6 915069461 389943812
! 1 925971338 229528664
! 5 946503863 758849226
! 6 995085935 375443437
! 5 910015044 257862125
! 4 948414832 661301020
? 36
? 35
! 5 900008434 482337590
! 10 952927901 285364538
! 10 910246893 573462988
! 10 934155146 933997971
? 20
! 5 947586749 479058341
? 7
? 943027412
! 1 921575527 354649209
! 5 916606261 823038459
! 7 993051892 918753177
! 5 953474577 375963946
! 9 931824143 986637617
! 5 911614651 910089820
? 996683870
! 6 967007343 588222532
! 10 975341687 895725254
! 9 913294762 383195781
! 4 910083247 822516772
? 955133454
! 3 906530074 171883572
! 8 941682787 492574578
! 2 957186176 843910312
! 6 906343318 701622809
! 4 948300893 475244900
! 5 957810474 820524515
! 4 949374294 876270623
! 6 976509982 210393616
? 961976401
! 5 910205902 757073682
! 7 960322279 191658259
! 9 961278400 263807359
? 13
! 9 912560011 152937507
! 6 959235117 683819652
! 4 924365157 478495534
! 1 988815736 495770547
! 7 925690851 297109321
! 3 919038583 592140184
? 978849966
! 7 926764340 350239835
! 9 931396588 192689657
? 8
! 2 909085931 737433957
! 5 973411115 296586551
? 41
! 3 909568026 645783473
! 8 974277669 628026201
? 934227639
! 7 914952151 239300527
? 938287294
! 9 985761467 748971192
! 4 961689247 946916489
? 40
! 2 932565413 752921282
! 3 942122594 623073443
! 3 989131100 540201484
! 4 925577975 576610079
! 5 952519787 308969763
! 7 923841905 368797720
! 6 921300530 384899285
! 6 990018464 149607200
? 33
! 5 912338114 547665591
! 2 994218633 214604750
! 6 977525116 978264659
! 6 941449910 280683825
! 2 969623168 537018235
! 1 905812549 178250193
! 6 953731404 782067715
! 10 977817562 562351891
? 16
! 1 968592213 304568973
! 1 908296102 235267077
! 6 992918674 235418842
! 9 911022357 742677787
! 6 976623142 518180591
? 33
! 10 953656581 611943446
! 6 903247538 800002739
! 10 943462185 449124186
! 4 968613412 954171831
! 3 979635271 937754753
! 6 962918191 301459801
? 32
! 5 912184260 888495701
! 2 947876461 805816005
! 8 918829561 210071776
? 5
! 3 979203640 534034709
? 980780149
! 2 956685366 736941767
? 45
! 6 963240354 764341053
! 1 946305482 128556866
! 1 929156369 902570333
? 37
? 15
! 9 925897567 971481567
! 1 918648631 244789299
! 9 924189534 287406906
! 8 923004251 829774332
? 44
! 5 957850662 437407740
! 3 918150037 264959324
! 3 953436900 979585328
! 6 910744515 693736780
! 2 900783726 486288109
? 18
! 9 965436696 881484601
? 34
! 8 926613404 134524606
! 3 949695437 789035633
! 10 995005280 106486900
! 7 946196145 121469409
! 3 976144173 832870764
! 5 999642873 183139801
! 7 938056792 167361942
! 9 944241924 227622061
! 1 946441314 665773354
? 50
! 7 917343003 541664904
! 2 933116349 783820919
? 13
! 4 901833744 483849312
! 5 942269019 456987212
! 8 995726305 284718108
! 9 929092294 863160647
! 4 956157210 882111821
! 6 905708597 212686733
? 17
! 3 926732509 124839212
? 992534585
! 8 997475756 728752054
! 7 920017252 476675794
! 1 907592913 930192785
! 9 904347374 423169596
! 6 941006227 362789419
! 5 958824082 237847812
! 8 938754722 890614704
? 11
! 10 948120398 829635647
? 36
! 10 930119811 218146087
! 1 993589025 368276257
! 5 957001279 527220658
! 3 939935545 136927320
? 31
! 3 918464468 136733888
! 1 965348810 432601502
? 42
! 7 916807412 793184079
! 3 938284282 414202415
! 5 938243022 875784905
? 916530982
! 6 967965406 986552905
! 5 993361189 376768963
! 10 929596003 750819681
! 5 989796841 226491751
! 1 937353808 247758834
! 8 980245260 853983236
? 975647636
! 8 900986890 995033991
? 32
! 9 971502142 863041323
? 40
! 5 971488838 366840795
? 957467550
! 10 905708057 326025047
? 30
! 1 981828748 641408458
! 9 993486885 100508171
! 4 941549306 220880687
! 1 942982464 690685198
! 5 912965829 288485965
? 975064093
! 8 966968014 110641980
? 19
! 7 954846975 160709368
! 1 945885738 626938705
! 6 997945011 351674996
! 8 917700840 707925920
! 10 911842663 325330319
! 4 974204584 780262202
! 5 937463390 938601055
? 37
! 5 916681987 483142864
? 951463600
! 8 964039394 305637039
! 3 907315569 111774858
! 8 940796442 262509406
! 8 984820082 320880096
! 4 904019071 548790513
! 8 960148858 506436882
! 9 927417978 259983606
! 7 961577102 688980355
? 32
? 50
! 7 915032463 812206454
! 3 969559735 445421675
? 31
! 1 926479906 618285944
! 7 928096188 848711367
! 3 973186800 849904266
! 5 939647792 237597723
! 9 930580020 293398139
! 4 945702646 535391100
! 8 957236520 311396127
! 9 933880567 841273350
! 6 937806668 748252627
! 10 987500354 542763527
! 10 938800639 979768889
! 1 929443633 560357473
! 7 958264450 416630998
! 7 907046057 998011560
! 10 910785995 714497328
! 2 957441133 780740298
? 48
! 4 950839443 105139992
! 8 954428019 359265210
! 4 970685958 738876811
! 8 936264667 245302617
? 5
? 36
! 8 975152658 120254357
! 10 976340027 843943698
! 3 917805933 319301052
! 9 989434986 553147560
? 50
! 2 954303641 524713692
! 1 935769507 318324586
! 5 915394635 911912171
! 4 949678536 171126716
? 12
? 926886807
! 7 911349233 708057952
? 49
! 8 929134134 848746239
! 10 941260599 292526993
? 916260196
! 9 912176214 676124672
! 2 965049490 456126242
! 5 913713063 592738338
? 2
! 7 943967407 196381853
! 7 904421652 250696521
! 1 976889583 839506062
! 5 983514775 882589643
! 1 921112709 840345407
! 1 911160384 761225650
! 2 947185099 735981324
! 10 904639078 471647144
! 4 973793706 905271614
! 3 951826382 889010544
? 965639169
? 18
! 5 957178569 377452984
? 48
? 40
! 5 932792343 394896689
! 5 996651265 604619082
? 47
! 8 965854218 579714871
! 2 930186042 543790069
! 5 960459847 568354464
! 6 969920361 490831601
? 969901673
! 10 926529305 465169285
! 9 912819206 400520100
! 9 910592465 647016652
! 3 900353972 304161382
! 7 933570458 935195036
! 8 957439461 165961081
! 3 956468029 898314802
! 5 998208952 994183364
! 1 957201250 981723644
! 4 910900779 422882492
? 920316914
? 39
! 5 981680704 859679615
! 2 946951030 810673565
! 4 900933555 392646247
! 9 944318560 353681669
! 1 905964643 139714700
! 1 909078275 617539581
! 1 984297428 327965616
! 9 970802754 996759767
! 7 991098743 202472801
! 5 961310907 740233358
! 3 914378182 351915077
? 962660678
! 9 964358080 315464137
! 5 949744786 276163241
! 7 901423783 370471310
! 1 993497271 318573784
! 10 955405730 408688954
! 7 979180351 780383607
! 3 977893029 867037267
! 2 983111032 425174028
? 42
! 1 952097222 896175761
? 46
! 7 987276321 407129446
! 5 910014226 331723446
? 32
! 4 960233350 875594291
! 1 959752446 940871200
! 7 940212835 302348736
! 10 995470870 301236430
? 923446441
! 3 971281363 509256606
! 5 915092201 623219274
! 8 906736649 703839666
! 8 935685685 626039448
? 44
! 6 934199313 349252588
! 8 999104744 357228739
! 3 916558932 926458157
! 8 982800212 547310074
! 9 955873948 834430720
! 3 955576144 838199595
? 13
! 8 903985648 952104657
! 8 960618760 560492321
! 6 962432308 576760846
! 8 939793598 166009477
! 1 930631108 337658417
! 7 936211139 436772515
? 971466474
! 1 956805431 152961290
? 967559327
! 2 940711275 526018716
? 932155282
! 3 918902328 576617955
? 945533985
! 6 963986390 429120647
! 3 949088706 153949214
! 5 918135384 809808092
! 9 924661274 302189341
! 3 926198776 630567233
! 4 956875116 161331547
! 7 985032278 206502141
! 6 945853902 192863161
! 3 945240964 952668153
! 5 980065561 924489702
! 5 934442132 219724129
! 4 959448435 686698632
? 19
! 2 930555102 740016791
? 32
! 7 957671113 896255092
! 6 991422587 790535352
? 2
! 6 945650355 274375731
! 9 994778077 570318721
! 7 946140256 732793922
? 16
! 10 956180882 453835228
! 4 955064141 907500447
? 49
! 9 995849579 635777825
! 4 964483444 796848585
! 2 996739659 352582659
! 10 985278828 863865759
! 3 979779757 179724412
! 8 953188995 858076628
! 9 948007849 826086471
! 8 995741320 145176548
! 2 980555992 961723238
? 17
! 6 976893734 480441832
! 2 980320840 856036770
! 10 915393275 110954799
! 5 932123989 349193274
! 6 916933480 336732979
! 5 970835941 449589248
! 1 901112355 293463779
! 3 942785368 494951743
! 1 948859319 739011547
! 6 927773823 688184613
! 6 954755019 956777247
? 49
! 9 942053013 801474526
? 20
! 7 913658770 602614801
! 10 980249795 128916506
! 3 970208288 734588989
? 978860188
! 10 970868885 448559422
! 1 949441391 406391803
! 3 978340132 549188340
? 969402910
? 44
! 4 934875104 749075125
! 3 936709269 821274628
! 3 969528575 923946135
? 16
! 2 912192114 774011462
? 36
! 9 918827061 909054985
! 6 909998518 465426619
? 6
! 2 964847140 500919076
! 10 946494860 701951911
! 6 980869654 993714774
! 4 912638260 874413374
! 4 970908763 424174965
! 8 903228530 183303616
! 5 902465327 425466183
? 11
! 3 939028937 904169426
! 7 907538363 633917794
! 3 931246026 958371403
! 3 988899078 497251876
? 979747734
! 3 968090831 505076222
! 8 955490045 254185366
! 10 967349842 775908489
! 10 903167646 377962963
! 6 952703374 300674858
? 9
? 32
! 10 933218991 348023908
! 4 983379552 588724847
! 5 914326988 202157622
! 4 988674429 352289159
! 5 938735582 734486137
? 949933810
! 1 914123998 572770659
! 2 945396422 499209391
! 4 910876363 788858256
! 7 971489727 740048270
! 2 922134395 974795593
! 8 905917889 791285447
! 8 987787500 782978214
! 5 966679826 636009394
! 7 940543839 197813371
! 8 957220010 720224037
! 8 965137943 332763354
! 5 971387679 981972772
! 1 906103178 383357254
? 5
! 1 967849260 477040368
! 2 911970750 892179910
? 936739864
! 7 995221426 339358049
! 4 995720219 701614276
? 7
! 2 962811024 404762582
! 7 960222146 714148655
! 9 966049395 573064637
! 8 995865176 349267722
! 4 959634520 777856613
! 7 993924821 668199106
? 957673267
? 5
! 3 934700240 321494735
! 8 941936669 965695754
! 6 973823970 994603218
! 10 916490370 758942628
! 3 910868403 989214326
? 960008327
! 3 938606964 747404702
? 39
! 2 932781314 229733649
! 9 992263283 464542127
! 9 967790558 376274480
! 3 994744449 866524338
! 9 909112177 345787478
! 4 998657369 676194123
! 3 926237270 957455747
! 8 936614159 685791754
! 3 984492478 309347224
! 10 946915156 420065057
? 42
? 10
! 6 942886164 368579196
! 1 931798297 688608742
? 922674635
? 8
! 9 905077519 967828826
! 3 933742911 255534239
! 3 922024542 896787192
? 16
! 8 908992944 236775393
! 3 987818747 667458946
? 980471426
! 9 995862630 275737146
! 5 994214515 613988966
! 4 981572125 982676917
! 7 989746492 845523729
! 8 927504869 403633767
? 9
! 1 946052019 664709805
? 12
! 6 982671283 238667484
! 1 924214756 944060056
? 12
? 963671844
? 38
! 2 989858110 378993291
? 918982837
! 6 939299734 642757580
? 981476549
! 1 947574792 783216780
! 3 980737921 925594688
? 31
? 43
! 3 922278482 582357136
! 7 960151482 646453152
! 6 972429598 906923642
! 7 982090329 888797084
! 6 927821254 408770852
! 4 994763094 955960797
! 2 985380726 984894666
! 7 994889402 858299523
? 14
! 5 977672457 604829247
! 5 904763706 731201935
! 2 973532099 647868272
! 5 997522831 133241261
! 5 918455310 268575030
! 10 934083031 512987725
! 10 943311024 357190419
? 10
! 5 953770453 387821099
! 9 914588146 365731950
! 7 946724408 678779756
! 9 926334929 598395304
! 9 949175877 553484757
? 3
? 982609263
? 40
? 915722239
! 1 952894063 705289567
? 43
? 42
! 7 916106753 517017050
! 10 968566380 753075459
! 6 927124232 650523302
? 12
? 950069411
! 7 974954125 562299131
! 1 951127184 975697389
? 31
! 8 924253551 593039200
? 12
! 8 943769930 585946680
! 2 983624106 819787031
? 976411075
? 46
! 8 913627881 681109987
! 1 900070187 441648709
? 42
! 1 945484674 317413232
! 7 973753625 842903829
! 6 905570869 829144310
! 9 915813958 443779269
! 1 905826309 762811656
! 4 947866366 465119948
? 993181952
! 7 994589575 614228952
! 6 979818097 554367523
! 4 984094758 737105451
! 5 940840009 278353263
! 8 961420382 752155869
! 7 966747090 461837417
! 1 940540001 924835362
! 3 912439304 826016401
? 961858173
! 9 966139275 423804011
? 994932626
! 6 927544553 556048473
! 1 945497735 143080184
! 10 955159436 842141713
! 7 928475998 550180715
! 1 931129906 295931286
! 6 954429118 917949324
! 2 963186073 707624237
! 8 965974863 758302469
! 2 931856438 416618659
? 937275397
! 3 916156676 758837478
? 31
! 7 972968786 278901305
? 43
! 4 967739907 644790282
? 973594542
! 5 967773563 925645229
! 5 983876017 968823233
? 50
? 930032972
! 8 978874755 369381293
? 39
? 32
! 3 958889496 118820945
? 4
! 10 971240638 330866612
! 9 912770766 167421422
! 8 950053656 554862395
! 10 921741779 260873351
! 7 987704823 947939490
! 5 960845032 763694887
! 2 998405891 745076806
! 3 971132763 986405823
! 3 915585345 113132327
! 10 991942200 738638805
? 16
! 9 923136042 194797719
! 10 960667998 376584693
! 7 944088561 913045111
! 8 927568880 524183386
? 927823275
! 8 929635603 181040344
! 6 961826177 890437154
! 8 907570130 852068519
! 10 993661067 492312085
? 2
? 39
! 1 997212906 683870262
? 943563547
? 18
? 34
? 14
! 8 967706418 345105228
! 7 995711719 442132281
? 989733258
! 4 919615774 919850624
! 8 970965476 894572430
? 976087333
! 5 954659653 690254244
! 3 913455568 777740872
! 5 962745850 235587025
! 10 937663086 831666853
! 2 945701496 996642095
! 6 922157096 848827858
! 2 931352868 353008334
! 7 935581133 612310556
? 944450525
! 10 958849890 618959923
! 4 940883214 410964149
! 7 903230411 746742689
! 5 993690765 185224493
! 7 961303878 977588648
! 9 953465751 679899408
! 2 983912391 906851686
! 2 942874343 560144231
! 4 974779070 821373521
? 956416885
! 2 964965364 977107238
! 8 918198876 940804908
? 39
? 938970856
! 6 991025681 829996277
! 8 913394197 755159124
! 5 959716764 291088813
? 984594566
? 4
! 5 921645366 413593955
? 16
! 3 943391510 301981284
! 4 916180302 564205448
! 9 900700517 937036111
! 9 934129975 732975346
? 38
? 5
? 48
! 10 931797049 248049226
! 6 916961713 440337037
! 10 983483441 673520473
? 38
! 6 960402798 939627829
! 6 912451964 307685287
? 14
! 5 985388515 971761751
! 10 979010503 134747704
! 1 932709156 672597717
! 6 973810391 733360293
! 7 968426356 375192561
? 37
! 7 920480695 676240032
! 3 942742710 847925624
! 8 924621242 383734319
! 10 966651089 931364884
! 2 974501207 229979329
! 7 962322919 316447746
? 31
! 4 924185569 389956886
! 4 971510244 711970918
! 1 999276133 410250919
! 1 922440991 147027447
! 4 941017195 376405794
! 5 943937307 588308557
! 1 902805258 347672201
! 2 900859524 843569168
? 33
? 980092165
? 911286579
! 5 911847655 705541444
! 10 937763677 312101589
! 6 959713808 258528730
! 2 940833084 939179871
! 3 900252421 516812003
! 5 993551631 141753680
! 3 921806316 228422626
! 4 952977034 868395281
! 5 988218995 118091843
! 3 979888144 684824055
? 910157032
! 3 966823039 170754260
! 7 905747240 265119420
! 1 979053459 245639146
! 1 960497549 545410293
? 46
! 1 988481605 809270353
! 2 938786768 723384798
! 4 943242505 501028151
? 988678149
? 31
! 8 945813308 723676424
! 2 900619939 389475077
! 10 988409104 101570183
? 43
! 10 996370453 440098462
! 4 964286537 139584296
! 6 995134010 590164969
! 7 907568501 698538889
? 38
? 970507247
! 6 913321578 330424735
? 11
! 5 998840064 272684289
! 4 912880846 747610939
! 7 994131569 587501758
! 6 981144289 771442461
! 9 941640700 223105882
! 3 910636343 107366879
! 10 945642783 197659259
! 7 948475470 296904196
! 4 928893447 939127776
! 8 971654861 405134427
! 10 940281279 798134216
! 5 919959698 848608165
! 8 984557630 546493606
! 5 903753468 371821481
! 4 957063916 241203025
! 7 932038977 222127723
! 7 950330076 434002456
! 9 956842434 955867368
! 8 912621527 955398319
? 36
! 8 915284852 117112973
! 4 955880727 902394106
! 2 984085116 797821826
? 989092635
! 8 947085121 849828944
! 8 976424677 307691069
! 4 981171337 310860513
! 8 964657921 816825676
! 6 904503554 909550336
! 4 923920062 668532417
! 4 930433414 893399378
? 6
? 41
! 6 948159502 381658929
? 948681842
? 47
! 2 915052459 403789482
! 6 955153185 223239249
! 10 996396077 996660381
! 10 945770189 486776660
! 7 952288268 654901972
! 1 976547079 513055098
! 7 979351835 606034476
! 8 930901314 841534720
! 6 974173500 835305071
! 4 953128842 111659390
! 8 944381953 425795208
! 3 964223630 630696386
! 5 976260346 710363716
! 6 968862607 998327563
! 9 994744044 998885714
! 9 984136037 767272055
! 9 962882426 574674637
! 9 991051328 900881154
? 3
! 2 909903260 847161916
! 3 997019873 477181118
! 10 991259288 151818901
! 6 929616897 413884287
! 6 932409826 713966330
! 8 995123559 511041356
! 3 926357652 981978870
? 36
! 5 969273262 432472741
? 47
! 5 944111191 765230343
! 4 925376292 131214485
! 5 987055255 414889783
! 4 946998266 928242282
? 937783353
! 7 922205229 261257459
! 10 907489426 689255218
? 39
! 3 927291643 834352468
! 4 934871683 491824083
? 50
! 9 901152329 354220721
! 8 962939627 233996959
! 10 988067036 801411367
! 6 993702072 865117745
! 3 980481278 402665079
! 2 908053608 841966133
? 1
! 3 932986135 137209056
! 4 990493861 599297499
? 933323390
! 8 938803749 910772538
? 914511858
! 1 972473242 290222848
! 9 916458703 243508337
! 10 911499420 111334362
! 6 907769812 499783104
! 4 921732595 563672768
! 3 908981260 736392470
? 908138596
! 2 930049580 407392551
! 5 919342432 647774031
! 8 902700926 246827779
! 5 982882096 508196040
! 6 901377918 156410465
! 6 948084108 732886366
! 9 927008971 641275414
! 8 986291255 766552463
! 1 901934474 285364351
? 42
? 20
! 10 957578190 280661826
? 43
! 5 980584015 437410760
! 6 957063415 384247316
! 3 968478324 702117470
! 10 916131511 761601173
! 2 919895613 292752608
! 6 926949045 922208892
! 6 971278815 991440038
! 10 952712584 693745642
? 962157556
? 36
! 6 921189126 718659847
! 6 927047836 352564694
! 5 976391670 485865431
! 1 907641267 969386505
? 35
? 982702929
? 11
? 2
! 8 952934396 300220970
! 7 975301212 772182219
! 7 973574257 851965864
! 10 973353053 176933429
! 4 976253791 137158217
! 9 998087336 196120105
? 13
! 4 994040208 589520284
! 3 936166388 375478435
? 6
? 31
! 5 955218989 754779859
! 1 921100121 824892044
? 33
? 929663162
! 10 906476343 344736693
! 8 922414471 984858169
! 7 924299819 100973738
! 5 922762232 945718445
! 7 904751354 512538448
! 5 915970499 697163287
! 10 992463713 382894147
? 954186614
! 3 980110913 127577364
? 906975668
! 5 990538568 693820866
! 10 986422626 203541660
! 9 995661589 183718150
? 12
! 10 978424105 578797287
! 2 944096647 133054164
! 7 956700336 649621714
? 33
! 9 906453541 319811608
! 9 983406218 781032464
! 6 964808633 277755129
? 15
! 3 976774117 844904458
! 10 988720471 589685155
! 9 921925425 142023272
! 6 995610293 526824299
? 48
? 940134481
? 917905833
! 3 946669786 690527869
! 1 930956698 298560430
! 5 920792147 589856655
! 8 906889690 882530040
! 4 916832729 290280228
! 9 973840500 405423206
! 10 910854949 599376780
! 3 944993395 780918805
? 939306604
! 1 983100444 773518478
? 18
! 9 973903860 626694786
! 8 914697817 755637078
? 939735780
! 1 932537254 490075939
! 4 977400129 889383360
! 2 919781959 409778841
? 42
! 7 932174455 550441152
? 10
? 964337838
! 6 986354451 364607570
? 14
! 9 983461518 266342686
! 5 957329108 838661038
! 6 996111978 848508286
! 4 975444270 746956872
! 8 974169311 381822771
! 9 926242732 249572282
! 3 932326381 607280294
? 5
! 6 993894300 776430029
? 920168157
! 7 950436087 521638889
! 6 906282760 615476412
? 913279183
! 4 968238798 252733864
! 8 953938976 223306839
! 2 917149811 176531583
? 16
! 9 931604523 379395618
! 7 946194336 883608866
! 10 980985459 898242318
! 5 950885634 302229276
! 9 975526975 969516850
! 7 967790798 181754412
! 7 933745058 146046458
! 5 946786224 999860052
? 924604342
! 1 992578375 965941589
! 7 959523967 762597090
! 8 923649351 531741789
? 44
! 1 909160096 680860367
? 937201949
? 16
? 993950999
! 6 951346244 586605686
! 6 902554856 319848503
! 10 987479618 921023237
? 8
? 43
! 3 937083747 353223772
! 9 987837909 804935142
! 2 942572728 464110848
! 3 998191500 802752774
! 3 990925059 819645101
! 3 978568932 112086773
! 1 950498487 558710154
! 6 922185139 225053799
! 6 917691226 312586659
! 1 942725218 442305441
! 1 947099419 683035082
! 4 918093162 988285567
! 7 962487387 473672294
! 6 950570748 510897278
! 7 976995897 934091202
! 8 977758130 452546911
! 8 966589351 511789956
? 18
! 6 975156379 832746242
! 6 919342893 652258230
! 8 957684334 743260499
! 9 928271977 323065825
? 44
? 5
! 8 994833821 452752944
! 2 965080788 987003463
! 7 958592360 676894174
! 7 980381426 384115105
! 3 912915758 827535117
! 5 969990335 116678609
! 6 936865733 846106320
! 3 983435000 541203077
! 8 980833509 694353367
! 8 999314736 957487251
! 4 953465143 700756978
! 4 972445804 338063762
! 10 955611957 240840452
! 10 912329076 549457512
! 9 925228744 401755280
! 1 978647819 195829697
! 8 993646469 669213938
! 6 914340120 661252143
? 39
! 7 962556781 305978355
! 1 923714576 292628862
! 9 914097592 842844061
! 3 959898160 653641522
! 2 915448753 731602042
! 4 997361725 828725228
! 1 935287109 479663465
? 40
? 4
? 48
! 10 977500087 855188882
! 9 901314973 634268726
? 914065537
! 6 977242718 147816625
? 43
? 907693763
! 2 949170588 284773788
! 10 900886404 444055704
? 996897356
! 10 906124174 570307455
! 3 955535556 817891211
? 33
! 5 977843317 596303354
! 4 974996901 253292033
? 3
? 15
! 3 988941882 508451829
! 10 963968239 880801348
? 7
! 8 914262490 624534619
? 978286855
! 3 944879387 546591645
! 2 989983669 990456668
! 3 978800700 591574335
? 941973339
! 3 989861763 706233086
! 7 947985742 884723601
? 47
! 9 916394925 825585472
! 8 985281571 351758122
! 8 952201982 835529513
! 10 937367155 526438748
! 10 946192586 324155154
! 7 939645945 786516865
? 39
! 5 994939394 307154594
! 10 989994114 804093282
! 2 987337998 674200209
! 5 944343369 588620090
! 10 906991184 224319294
! 5 964616384 300405467
? 12
? 4
! 2 961766136 461563242
! 2 911069949 127994497
? 6
! 9 917324814 432354884
! 2 960920559 464622608
? 973259552
! 10 948838260 834591256
! 6 998129769 229236137
! 8 902715377 849293123
! 1 969328711 269954742
! 5 963402702 817549931
! 9 999337616 307218655
! 6 920536481 752399669
! 10 948957247 351486229
! 4 953554353 626474650
? 19
! 9 900104403 264119396
! 6 989456878 584769605
! 6 919927617 220021533
! 1 962104857 412480958
! 8 935362545 560465204
! 9 965521565 214599707
? 988434648
! 4 945243071 665372918
! 9 908290835 642321975
! 3 985227188 914404741
! 7 907302515 430150288
! 7 943575387 373394097
? 7
? 991695342
! 1 936604079 153466931
! 9 987452709 494445784
! 2 962264127 610355534
? 39
! 1 925334784 758892391
? 903183744
? 40
! 9 923026677 626595484
! 1 917047720 161013251
? 972303552
! 6 990788518 327941627
! 6 930970724 451786940
! 7 916641421 239442177
! 1 918630635 305395769
? 995149788
! 4 933326214 792534318
! 4 971686201 214204058
? 979517427
? 31
! 4 956773810 316881206
? 912084745
! 10 955916525 216821954
! 9 903306703 986525150
! 4 990662476 868804803
! 4 947290624 361869361
! 4 981207177 652703542
! 4 904832525 100990030
! 6 908799372 648973351
! 9 901340745 488085529
? 18
? 36
? 7
! 5 964081412 511450869
? 936287446
! 4 944918173 771993979
? 32
! 5 944045006 469523440
! 8 920187870 589303203
! 9 993539730 924705894
! 1 904873851 822834836
! 2 976024457 129371035
! 8 935768145 515001864
! 8 954669680 195080422
? 9
! 9 938715199 757572364
! 4 972329380 992866056
? 12
? 918895678
! 2 910872895 315848760
! 4 922385274 598397907
? 983944478
! 5 970746321 194891909
? 7
? 10
! 1 961738878 914981372
! 6 990248470 570642379
! 10 966953853 821385195
! 9 950345377 858923015
! 2 934950998 935556862
! 1 981154994 938315348
! 6 977928963 177171718
! 4 918596319 390271820
! 2 960785256 205038741
! 5 952039002 866349683
! 3 931144252 513781028
! 2 930302082 543037760
! 5 950411056 131931165
! 5 942079620 355144711
! 5 935122287 646840409
! 3 989577163 202012779
! 3 939284771 707997165
? 975459515
! 4 919325352 464162762
! 6 963375848 852893799
! 10 997300490 186578654
? 47
! 6 923414060 353188476
! 10 910143765 287630147
! 1 947726935 640360674
? 12
? 6
? 12
! 6 996272113 313086211
! 10 990939110 643773210
! 2 989249098 104360765
! 3 901689314 794641294
! 7 979635384 288886102
! 5 936953024 754321681
? 10
! 9 964507493 977359524
? 962280924
! 5 986591843 778056950
! 2 999690463 153502032
! 10 947089268 441524974
! 10 925731038 824796668
! 7 900650588 847266366
? 32
? 49
! 7 944483802 900274837
! 9 943409109 717264232
! 7 928984560 442868962
! 8 935146852 607596683
? 920267828
! 4 919792972 144245196
! 7 998316517 526092525
? 7
! 6 926444911 625225539
! 3 983674314 833866105
! 3 974698567 573068928
! 1 926366573 205367444
! 4 927068276 973021425
? 50
! 1 927643696 738735356
! 4 997847180 421688197
? 10
! 3 901395756 329804528
? 923017780
! 9 907692018 863994358
! 8 985954388 872099161
? 941352877
! 6 983688402 545145142
! 1 914870242 119261075
! 4 970348450 322958349
! 9 947309413 679669558
! 3 902501027 318718873
! 2 901385414 816655451
! 5 979095782 857720321
! 4 951003494 424861814
! 6 966422160 336931176
? 17
? 18
! 5 930946351 834746331
! 6 905142232 191311782
! 5 923597708 478923720
! 3 967558438 552935902
? 977314882
! 1 984303125 742580830
! 6 999330263 687491171
! 7 938695562 842166417
! 6 940485657 392777005
! 5 998272015 740794105
? 996234064
? 42
! 5 963846411 725665454
! 1 928499233 490751354
! 6 987414572 377061279
! 7 988583805 388034568
! 5 945099967 992873013
! 7 993638753 108047648
? 14
! 2 902667070 934134483
? 964607157
! 3 946929695 827677691
? 19
! 3 912072233 540419109
! 2 960117706 163713896
! 10 916598915 175676373
! 1 992898571 145882102
! 7 924476776 429190589
! 9 986166935 112249147
! 6 965371216 450062989
! 4 941970009 579454930
? 946944861
? 35
! 10 978079383 686911501
! 6 973255115 962967227
? 37
! 5 938274967 359162505
? 19
? 32
? 910146961
! 3 996236584 784792346
! 6 917478663 837949978
? 971692693
! 4 947540652 182691375
! 4 997503071 746396713
! 5 944590473 403471188
! 7 978826614 477887225
! 9 996385213 774791499
! 4 946167984 875681342
! 2 941166480 906447870
! 4 995031620 765206283
! 5 904879714 400321920
! 7 946256917 727475200
! 5 904031099 977593767
! 3 990688076 284386335
! 8 913496481 769721569
! 2 904709921 337128630
? 2
! 4 938511498 411912043
! 9 929201203 931904746
? 943439467
! 9 945130855 758688817
! 3 967489895 489682608
! 9 918575366 377899424
? 977960263
? 13
! 1 955367950 205682186
! 2 911950495 441230387
! 2 937634475 772934614
! 1 919669522 358019797
! 5 940782642 410124027
! 1 969308388 554686952
? 993212492
! 10 946990604 761576239
! 8 961390595 543499728
! 10 989945881 192082412
! 10 914714793 921675718
! 8 947250720 790530469
! 1 982674050 807959591
? 31
! 6 943791825 299679156
! 2 933477596 396194801
? 914324743
! 4 965819206 694504681
! 7 921724616 268933637
! 1 960294260 979845150
? 49
? 992501989
! 8 905768767 724211159
! 5 926896332 792964063
! 10 950245877 901188222
! 8 939494776 612003354
! 4 928060252 797102992
! 4 916396702 248124813
! 7 977940187 974773268
! 8 956434752 623132191
! 8 964520670 787673854
! 6 975706769 418070628
! 8 976512989 462121987
! 8 919554019 934839632
! 9 908253370 261524715
! 8 955258486 504618953
! 3 977363573 346725302
! 4 998432472 836689292
? 13
! 4 986045207 780261042
! 1 982211025 705438608
! 7 961280660 472632876
! 5 916763050 621722690
? 14
! 7 929816296 746314200
? 43
! 8 985675345 326061603
? 8
! 2 972400748 790059333
! 7 974419525 492231031
! 2 960178897 831961244
! 5 918832689 500164618
! 5 980663064 397762668
! 6 976149071 297935626
! 5 939666213 569058935
! 4 967100005 969390697
! 3 931618262 133336985
! 4 913984177 343112423
! 9 920437805 507593472
! 2 912095050 337110302
? 928101268
! 7 997709187 851659470
! 3 915137144 573706538
! 8 936531244 450881553
! 10 900264003 570667249
! 1 917694840 360656392
! 5 901331577 278882138
! 9 938636241 717940010
! 2 965883592 611423912
! 7 975261794 579448728
! 4 935098174 717331471
! 3 947461574 809674720
! 8 992383726 455563222
! 1 907896844 839795961
! 5 962399901 999512083
! 5 907471173 358402619
! 6 918385983 653946073
! 8 951383297 735734160
? 30
! 6 981867981 179101161
? 39
! 2 924735878 102931362
? 957299033
! 4 923370770 240750448
! 2 976780982 812774557
! 5 971907857 801285931
! 5 902445803 447832307
! 8 985970259 297872629
! 1 930768535 721604348
? 34
! 3 930971554 364661643
! 1 928497404 441797041
? 972508357
! 1 931406238 584751296
! 3 948144588 599269558
? 17
! 5 966576266 252286340
! 10 977602604 280074909
! 1 985688733 278746730
! 9 931197900 173389843
! 6 986855289 949797689
? 43
! 1 951997134 902685341
! 2 981389163 837777668
! 3 955605460 482849298
! 7 937111325 396657282
! 2 948703494 688080155
! 1 963757551 937553541
? 9
? 45
? 990090770
! 3 995078637 778525948
! 2 900358390 988010677
! 1 934699349 519165089
! 6 986971751 936736704
? 17
! 2 997792136 867446020
! 2 932120831 811125221
! 3 908969591 174241193
! 5 987649093 268337607
! 4 920499895 894521024
! 7 982941809 985875704
! 3 966845782 186229004
? 16
! 4 906575215 300576521
! 1 912231233 125599007
! 2 976330726 517564694
! 9 965435196 287250618
! 8 971519484 308393589
! 4 937564984 210105566
! 6 995788609 844290781
! 3 960112157 215580877
! 4 924808568 458108120
! 8 966802573 472030664
! 3 963900654 605655277
! 10 940338068 593199039
? 41
! 9 945960141 877657920
? 40
! 2 995636469 385210390
! 6 945858478 647259881
? 50
! 3 958171447 683967133
? 907511744
? 930617107
! 1 968914001 553895978
? 974317841
! 7 953171196 359878169
! 6 959945979 406837721
! 4 947274873 458191631
! 4 983623588 262719779
? 31
! 5 948233181 141800102
! 10 905110079 830153008
! 3 989926663 356599314
! 5 982954841 467600500
? 47
! 9 941331232 314641668
! 7 922509819 128885341
! 4 935100856 535848141
! 9 935410579 856345495
? 959900530
! 2 900193207 947212990
! 5 986807765 974835096
? 989622042
! 5 990422424 240378232
! 4 935989979 126574163
! 9 956051650 833877265
! 2 965521078 388070279
! 1 982008091 555316430
! 10 949423058 947225533
! 4 956861660 198948643
! 5 969344757 851152856
! 6 956029354 182390234
! 7 990322929 883621374
! 5 979643090 860742067
! 2 916903811 651335043
! 8 920606750 550182914
! 4 907548056 313150853
! 3 978656963 860062084
? 37
? 4
! 2 977262185 420194783
! 1 928090097 356033875
? 912467299
! 6 930674949 317949513
! 8 942254647 988496264
! 7 907551285 555906642
! 2 916553280 743765332
! 7 956962354 915688293
! 7 922118506 295612795
! 8 964421097 575812874
! 10 955557679 496161326
! 4 993080886 564797684
! 9 989054999 712155372
? 917617069
! 4 937522256 821982910
? 42
? 915462997
? 34
! 4 925467410 586175641
? 936889818
! 5 995677503 691244271
! 9 987940348 589346097
! 8 911682225 847576519
! 7 925916074 591319551
! 5 962900389 116992900
! 10 924506390 136497589
? 45
? 3
! 3 944213826 509256750
! 5 995271937 792406655
! 1 930393769 923857941
! 3 963694839 239214426
! 1 940084918 496249848
! 5 975972325 557119049
! 7 921804026 828734343
! 1 904512395 620667680
! 7 934353287 468861507
! 7 921746342 501763730
? 13
! 1 982074938 252376177
! 2 943699693 251052852
! 8 907378931 868536059
! 10 937546520 272677857
? 921290206
? 5
! 4 973306121 446756639
! 3 935223022 278849646
? 34
! 10 987328497 398489158
! 6 924970912 727570873
! 3 967620627 808924611
! 7 977275235 896448819
! 9 932931638 634453262
! 9 927526207 413068683
! 5 918822151 236203075
! 10 943427893 468192216
! 7 948751603 707021089
! 4 958502710 582409304
! 5 963730343 815398146
! 2 933287039 579577310
? 996082780
! 3 916540768 441030587
! 8 907888573 468217300
! 10 900744830 747031459
? 953186096
? 5
? 5
! 7 939077356 855953865
! 2 977919737 458920079
? 1
! 8 973003203 190139235
! 10 922176691 787289545
! 2 983854068 528004165
! 10 983696780 219983318
! 5 930359684 823123675
? 18
? 45
! 1 935302124 884012028
! 7 909283962 591452592
? 983419413
! 7 983044832 195804232
! 3 998438081 562764039
! 10 945422372 699164313
? 47
! 10 987772256 221556942
! 2 911100897 744357667
! 3 985831257 409035811
! 1 904781303 775698153
! 8 999186762 880224647
! 1 974768744 137463091
! 8 918601536 187690307
! 9 950880011 156529261
? 8
! 7 911094537 300562880
? 945131595
! 6 985838679 962393788
! 8 972628840 369083084
! 5 935915950 129701716
! 3 987503017 621497768
! 2 979804268 120006263
! 4 947320062 941189306
! 1 970779115 393968681
! 10 946511907 871057826
! 5 911127772 865623828
! 7 989413831 234887994
! 8 990887388 424735964
? 14
! 3 926416880 254525510
! 9 968120751 224501587
! 9 946307450 504932792
! 7 961843384 766640079
! 9 926320005 680346476
! 9 937496872 804192850
! 2 973821653 494130815
! 4 966127899 668113890
! 4 949193064 731355929
? 968760608
! 10 920853612 307357656
? 918167180
! 6 960770114 807350879
? 4
! 3 933151848 198326431
! 4 934595830 838161330
! 5 975991333 823789362
! 2 913802256 528932525
! 2 936039342 341598123
? 958705967
! 10 913026300 105054536
! 7 926942105 528943110
? 5
! 5 957363701 807242822
! 6 983670877 690219737
! 8 919652381 768378627
! 10 936267944 999934179
! 7 921948692 120370620
? 34
! 6 901532545 506403120
! 2 922926690 523456507
? 47
? 50
! 5 916670039 479891942
! 6 942059117 495148666
! 10 902252603 137108691
! 8 932408706 266916607
? 9
! 9 949341104 229627819
! 3 916028092 758506588
! 7 936562792 484165182
! 9 947793326 168685436
! 10 922176570 130706069
? 34
! 4 992215685 759326791
! 9 977899390 366258001
! 4 940892521 632843884
! 4 912758512 350915792
! 2 964930890 907646134
! 9 963763927 448756666
! 10 966599310 363953724
! 3 904135323 770908143
! 3 982587975 244187234
! 3 920451620 524165292
? 931226227
! 4 945356182 865107922
? 47
! 9 929360020 996705743
! 7 965164929 277516235
? 920101934
! 5 997173396 409292653
! 6 903411815 664139016
! 2 923563061 786681493
! 1 953384841 414164672
? 13
! 5 936091788 898261374
! 3 904270704 979878927
! 1 987491829 802295472
? 43
! 9 991641524 455079467
! 7 942962234 574294407
! 7 995661425 501032667
! 4 959305098 509326406
! 6 909940942 370805116
! 8 998392953 365143544
! 4 921905916 837229196
! 3 981389532 572911346
! 10 969384880 246145140
? 9
! 4 902451650 173625929
! 6 963171206 493841815
! 8 925257193 985629474
? 947811560
? 47
! 7 955011203 460859595
! 10 984616018 543588814
! 4 910194407 461870490
? 14
! 9 970913877 724814703
! 7 930956136 885985226
! 6 962486848 968276381
? 8
? 986248387
? 39
! 3 920605858 972335664
! 9 950515028 834968692
! 6 911164387 996047109
! 5 964591605 740163968
! 1 908452063 676691593
? 6
! 6 906087369 902917532
! 5 963638892 799709687
! 2 982679220 978150810
! 4 978698295 820284591
! 8 937208157 916952696
! 8 961765505 424304464
! 5 929284571 470818626
! 5 940604667 849924550
? 14
? 5
! 1 956418142 809780104
! 4 901227280 390117860
! 7 906617264 195011216
! 10 923493878 849118225
! 2 912410178 139721053
! 3 944232929 819001941
! 7 913464697 587697852
! 4 939634920 444143078
! 10 955961286 661606425
! 10 945651833 630542807
! 3 985139054 221229820
! 8 927856181 730045969
! 4 993847204 197648133
! 8 900992330 843756289
! 10 969826393 707135824
! 2 928139076 256173307
! 8 996978617 566077880
! 2 955523541 109030020
! 3 931970931 172261282
! 2 902871398 968932466
! 8 969942950 893571787
! 6 917576130 550000306
! 5 942022763 215886372
! 4 990849792 286594650
? 46
! 1 939469998 346650692
! 1 939846230 287525562
? 1
! 10 951241888 425292368
! 10 987439172 213669153
! 1 959128016 620948915
! 5 945314221 963998615
! 6 985801681 310882909
! 10 900703309 619647206
! 3 916250179 565062947
? 941822235
! 6 909217352 885111101
! 7 958284181 826827271
! 10 975308276 757646329
! 7 909822097 216214791
! 9 959146675 974140283
! 7 970692269 294412532
! 3 948417641 884841395
! 5 990575250 908233144
? 934239657
! 3 941511622 409370479
! 9 912771958 882578975
! 4 981815065 159305736
! 3 944350195 506949665
! 2 988641052 919416710
! 7 970917416 723683454
? 7
! 7 981823803 916704247
? 33
! 4 909614407 255352434
! 2 923054958 512176481
? 31
! 4 967980945 654350867
! 9 967540046 772911403
! 10 960614379 619506671
! 7 941082951 928271162
? 927144910
! 9 925251832 525154798
? 16
! 3 978355987 978146762
! 5 920513408 541487204
! 1 987828163 155797368
? 47
? 966806727
! 10 900336781 649072248
! 4 936704106 476447254
! 5 966941956 195187254
! 10 969651200 392654301
! 4 957150501 500840363
! 9 940544736 196579371
? 6
! 2 955471255 964739955
? 4
! 8 948914701 606738494
! 5 938442862 308023172
! 5 999602953 817933352
! 1 969844958 884999507
! 4 904859847 307888751
! 8 911626327 208239663
! 1 936258300 485784119
? 914611416
! 4 982314330 795438130
! 6 974490999 549972715
! 9 999386234 671863654
! 1 909516893 492933672
? 2
! 7 905461427 257361084
? 43
! 1 949651221 467033784
? 923973186
! 2 939524305 756468156
! 4 943326232 929022259
! 7 964320322 575229202
! 4 969489249 190298149
! 7 947183449 899622607
? 40
! 7 962200333 387670893
? 20
? 42
? 990912493
! 1 986095480 389988072
! 4 908711829 815857160
! 6 924470907 797515131
! 6 957236066 903726446
? 985904783
? 4
! 10 986533670 809870256
! 10 924920584 599286155
? 37
! 6 916881590 137276062
! 6 956010463 959525009
! 6 968632236 778169347
! 8 969634970 210889913
? 15
! 10 965806485 748874260
! 9 948662539 144756485
! 6 985367040 970627167
! 2 977720245 632862810
! 4 951323388 229755544
! 10 918286466 573373313
! 4 974767892 518109608
! 1 925149388 550901463
? 7
! 8 904390916 887533049
! 7 903686658 802629610
! 2 917957700 448288464
! 4 928625081 431073295
! 8 955069108 195714114
? 975754759
! 5 972487491 544185749
! 2 909771235 534104448
! 2 943892771 545012122
! 9 906942650 794084817
? 50
? 49
! 7 971783423 508152669
! 3 977558055 337197377
! 5 991623114 946076024
! 2 904690895 483883494
! 3 908626549 545044735
! 9 942190139 320463302
? 50
? 974076235
? 30
! 3 919814658 144898050
! 1 935615211 118310060
! 8 974327005 841612800
! 10 932056726 343165662
! 1 978408585 251352428
! 8 907582774 766612506
! 2 941027961 477114252
! 1 904454282 620559180
! 8 943165928 468818865
! 2 980669003 825742334
! 2 978832408 459063677
! 2 988142866 309863619
! 7 953739101 335104281
! 6 921425876 116177655
! 7 928532669 445773789
! 2 959730068 527980465
? 36
? 978000426
! 10 905476614 300308316
! 9 961386386 535588227
! 5 912435475 630258992
! 3 929459600 496320716
! 8 902032789 737256606
! 9 937936129 518868784
! 8 947856505 768400465
! 10 973977002 783110143
? 19
! 2 992961570 246198872
! 3 998960106 102590691
? 31
! 7 945504207 400593943
? 41
! 8 970755985 865444590
! 6 989644917 918445311
! 9 924934830 314371361
! 6 925079263 395149402
! 1 924384581 338980098
! 3 945510959 385908634
! 8 923218457 915965541
! 2 950772726 519238204
! 2 938369935 779610233
? 11
? 30
! 8 949381154 927392157
! 4 932932520 676922098
! 10 947318487 412235527
! 1 920382103 740656060
? 44
! 5 935081963 361464661
? 17
! 1 902894765 242573457
! 5 984994625 391254174
? 35
! 6 979193820 887276755
! 7 960514190 778737653
? 7
? 918807165
! 5 931681466 321978809
? 948705096
! 5 977681214 416794409
! 7 950087768 517926176
! 7 966605551 961617989
! 5 977896863 301958093
? 11
! 1 956528534 717864353
! 9 945325545 457054708
! 7 945967138 597352331
! 4 910472218 662529829
? 50
! 5 961158784 135170387
! 4 930110660 324760618
? 3
! 4 973748429 726653317
! 6 969906870 303016891
? 43
? 40
? 976380198
! 7 939704957 174610147
! 8 914601012 250200379
! 6 964150612 548949568
? 42
! 9 979933496 956358103
! 4 964469240 481308446
! 5 965544926 772804933
! 6 934844676 396382889
! 1 902910909 899490319
! 3 975904795 214678688
? 988395242
! 1 932806693 278389168
! 3 908146898 932805185
? 7
! 10 904761399 768891638
! 2 905337052 193391837
! 9 956028651 484968290
? 6
! 3 951205265 171958457
! 6 978845421 211308011
! 4 931122263 615521685
? 5
! 3 963212389 894362043
? 14
? 14
! 5 975974363 736937328
! 7 931020029 592188909
! 2 971966314 151178317
! 8 937420234 996081037
? 5
! 10 912083803 390732383
? 987733889
! 1 975679016 166173729
! 3 952946125 478560496
! 4 923715502 375777498
? 20
! 8 943911198 817885100
! 10 935468341 848778705
! 8 956748158 948027847
! 10 930846515 815174277
! 10 998235924 765254299
! 8 961476013 577666640
? 958146935
! 1 989792188 878592097
! 6 943703835 412222928
! 1 922210232 127607274
! 1 974637111 463813151
? 940102133
? 994714807
? 958396719
! 1 915140045 305313360
! 6 973675860 832663694
? 913651492
! 8 911432258 713101623
? 36
! 7 913594429 379308201
! 7 952579242 990856388
! 10 937566740 932118928
? 5
! 3 901843819 995071420
! 8 944626260 383327311
! 2 980447845 648918012
! 6 933616606 754283431
? 972207848
! 8 957869801 297747692
! 9 965513467 268639043
! 5 977491783 835790888
! 6 966524571 536947031
! 5 941240455 757099291
? 36
! 9 985091687 148781946
! 3 951993056 101491008
? 34
! 4 991686388 828732592
! 10 966638159 669360905
! 5 936035419 182024937
! 9 950884748 146960918
! 3 900364029 125399160
! 2 972291458 388207665
? 958753147
? 2
! 1 923109742 843911992
! 2 947206008 997742202
? 997364918
! 1 944286610 231028014
! 10 995221954 848413143
! 1 909050798 962877139
! 10 990065020 957765855
! 7 924835716 145664003
! 10 963896240 349276805
! 7 948384513 336727967
! 3 919617787 193587334
! 3 908501396 440412564
! 9 913237705 880833614
! 10 948007286 722036517
! 5 951035864 880090159
! 6 932062720 710113733
! 8 966632314 151933993
! 8 970301963 982765473
! 6 966454060 969028495
! 8 900749118 471220030
! 3 988715265 119179605
! 7 930009018 395869103
! 1 930802415 105877374
! 6 985851341 239000840
? 960318595
! 4 951422152 288799385
! 7 905465085 753634476
! 7 911185403 709344912
! 8 976252024 584556873
! 9 981223120 597158887
! 5 919554639 349734024
? 38
! 6 958630035 518990722
! 1 971591503 706477786
! 8 931130647 998964549
? 970825173
! 10 956736080 917348098
! 3 919388804 506554859
! 9 943559967 793076206
! 5 946053806 175925028
! 10 908057177 404994201
! 7 961594114 726126031
! 10 941842111 639979251
! 5 938046983 544149984
! 10 953064336 624805524
! 4 972339909 142677425
! 1 907831442 451825217
! 4 917799417 459747789
! 10 974060473 721485279
? 37
! 9 905068429 303321980
! 9 942227788 422252579
! 2 987604888 184996133
! 4 915511515 701217263
! 8 963241007 591439578
! 7 970014675 311229797
? 1
! 9 974691361 812851350
! 5 909121750 450073920
! 6 927260302 711455922
? 983826017
! 8 919759328 270557954
! 5 930687413 993880332
! 8 921050488 134407114
! 1 984114650 620098917
! 2 996045629 923885114
! 7 957342804 725503095
! 3 900079330 475814632
? 44
! 6 987538163 749067408
! 7 913587675 607588820
! 7 911571318 859909108
! 8 915957655 111175205
! 1 917831527 933751040
! 4 955676686 812613975
! 5 917516667 301971201
! 4 906139227 246784650
! 9 909698117 887355371
! 4 936625489 799201263
! 2 994384993 930318256
? 34
! 2 977867391 769357868
! 8 908426834 185230774
! 9 954331167 121908133
! 2 909866647 834242683
? 44
! 2 927993497 334237896
! 2 927321190 748172874
! 9 900635321 662845496
! 2 910685595 614089193
! 10 969201472 139413863
! 9 945191740 660264608
! 5 944092313 689780182
! 4 982063275 137923471
! 4 932537219 310735859
! 4 930695338 272852071
! 2 979716849 817696422
! 6 906101589 249236331
? 14
? 931164655
! 9 905190754 247924199
? 956202434
! 7 970806010 219403135
! 7 902433433 317470245
! 9 935459897 446169110
! 9 939022875 972622879
! 10 927735256 118156573
! 10 996008714 942471784
! 8 947277689 597382316
! 10 901430928 333094625
! 1 945281118 401379048
? 14
! 10 951442154 687236909
! 8 969399953 954533653
! 2 972018378 168477508
! 10 980437481 924825551
! 1 902593314 209297247
! 4 912084224 325875174
? 965121097
! 10 943643063 359134235
! 2 965687454 690605920
! 8 995843770 294236783
! 6 923749691 637984748
! 2 946419135 710337343
! 9 915411926 685824854
! 4 980727896 660579489
? 984422266
! 9 995604569 609975694
! 6 917942472 394964460
? 958901285
! 3 984694659 293040028
! 10 900544525 465318328
! 1 957967212 795579804
! 2 995418618 226477655
! 10 905713510 527415790
! 5 955028400 693671160
! 4 956255546 307087872
! 6 990187197 208873198
! 8 999375605 947110440
! 5 955999910 607409147
! 1 997485406 740218789
! 8 973674137 197940472
? 920611211
! 10 998451307 170097751
! 7 944581584 727463710
? 19
! 10 996664234 370447650
! 7 992890791 331830676
! 5 947742814 952525340
! 9 945225854 572698369
? 907842785
! 8 922705154 105626531
! 1 922179750 321306095
! 6 976631777 797073439
! 4 996051979 381615571
? 17
! 8 961195695 611339569
! 6 975510439 607688689
! 5 962899764 819366112
! 9 948535006 941345739
? 37
? 13
! 3 902662384 192952750
! 9 998113262 934978857
! 2 973237802 932902643
? 11
! 10 976172084 134541094
! 7 915977022 553144911
! 2 932959700 406828396
? 31
! 8 918272348 929558590
! 9 942549809 244700740
! 1 918764667 284103680
! 10 983768309 756087180
! 1 941075929 194212817
? 31
? 34
? 18
! 2 903251896 938010485
! 10 964846396 735844287
! 7 957511995 101003402
! 8 988750711 227404828
! 6 923492172 191887910
! 9 962235961 545523936
! 6 987373358 934832132
? 5
! 8 910768808 199802910
? 918817333
! 2 967592350 614955022
? 41
? 4
! 4 903342777 345496335
! 3 949938414 732373015
! 5 987612218 209865340
! 4 952945211 916125131
? 20
! 2 992577634 179705891
! 1 922796066 738404097
! 6 947436996 738459213
! 9 996815907 932800155
! 2 956577304 859485746
! 6 954761481 771625796
! 9 967681683 108040284
! 3 927811315 140847505
! 7 978644983 873406591
! 8 941590997 947505181
? 43
? 900592973
? 16
! 1 947083290 458529449
! 2 909105187 507318194
? 3
! 2 972667843 757199510
! 9 916731688 622898794
! 9 903576917 776673184
! 4 969504731 406878410
! 6 958750065 475605890
! 4 909930578 344156051
! 5 910832895 184837015
! 7 988303859 368388799
? 33
! 9 943824641 272383212
! 1 940585655 873838617
? 48
? 931772210
! 3 992171219 282419868
! 9 956701750 482761427
? 17
! 3 976043144 945193223
? 936035525
! 1 976737721 826198680
! 6 931030558 209919429
! 7 945703637 690202902
! 3 905138453 167071212
! 9 947292523 145481932
! 9 908633484 600605161
! 3 967228574 614723793
? 11
! 10 921749430 746313668
! 8 987977662 724176877
! 9 936862321 693373307
! 5 956086418 876193280
? 46
! 1 968052948 276643782
! 2 924201820 238084528
! 4 985837717 157376101
? 12
? 923385606
! 2 988871819 589141467
! 7 903543465 768816438
! 5 905118509 759833850
! 2 940820934 847236687
! 5 929836401 412694196
! 3 971463812 370775250
! 3 924841649 533852374
! 10 919323132 959368264
! 1 990900311 666359336
! 4 951128823 511316356
! 1 945259239 807764944
? 5
! 3 940064858 442992141
! 5 918045237 107352361
? 14
! 3 904499954 921031269
! 3 974429160 156324631
! 5 911019072 108260709
! 4 962721946 517517807
? 31
! 10 948605625 791633654
! 1 979372318 563853187
! 4 936518640 664548241
! 1 990384451 515150186
? 30
! 8 922338230 595888400
! 9 968231681 573721811
! 4 922856300 404321307
? 959247610
! 7 956430360 995780704
! 5 991537176 654312076
! 10 919658884 302963822
! 10 954163085 467483358
! 1 912659618 427480781
! 7 953882724 782478917
! 8 958982544 568265144
! 10 929928805 526256345
! 3 955876694 353014660
? 926594875
? 964073470
! 1 965648351 137008668
? 49
! 6 995028081 241977962
! 7 978430412 370165213
! 7 953636218 240401712
! 5 948521632 838039624
? 924547358
? 975569870
? 901271463
? 1
! 10 915713897 408628457
! 7 929255519 944733415
! 10 963624075 439938377
! 5 950064575 194914355
! 9 983458967 785211563
? 16
! 1 913345432 407729437
? 47
? 937609768
! 10 973877333 349656610
! 3 902970895 786466546
! 1 985383027 562755314
! 1 961951317 622735604
! 2 976242984 615423913
! 6 919599553 833159647
! 1 957776126 547836936
! 2 946122916 384991879
! 4 961586292 263940338
! 1 946567486 309550845
? 960180574
? 10
? 42
! 1 942467957 850119463
! 3 918122363 445156949
? 12
! 8 945111049 602637868
? 49
! 7 923230420 393152057
? 11
! 10 934398213 810816826
? 934061990
! 6 915557314 631657582
! 2 981603050 617070834
! 7 980118206 801786392
! 6 908127423 511376534
? 962514918
! 4 915402884 741466467
! 6 972182274 323430825
! 6 910085452 682900913
! 10 981578572 302886616
! 9 976280885 507362661
! 8 944142283 395516363
! 5 901893823 455167379
? 923795171
! 3 973575329 864981874
? 41
! 4 951259453 156109792
! 8 940760702 485467632
! 9 946520314 226894068
! 9 904267090 361499711
! 2 947663546 603364739
! 9 956634139 652057214
! 6 931844814 225896388
! 9 912275362 869535545
! 8 936521823 305694483
! 7 954922516 179123278
! 1 907350347 555131601
? 926634888
? 936222865
? 15
! 10 917459589 395968251
! 4 970021318 476417484
! 9 985143988 371442591
! 10 945278787 587693137
! 8 977847741 139773614
? 911627059
! 8 949197843 586694461
! 3 999821989 962459411
! 4 911207479 890498124
? 7
! 3 922261890 107410278
? 20
! 9 981200528 412459425
! 3 945176634 440261188
! 1 926993855 644569749
! 6 953895264 122909094
! 2 942646162 989930669
! 8 906650683 734549494
! 10 947155375 178974732
? 40
! 5 954415019 885422367
! 6 940672876 245447912
! 7 941221871 176936047
! 7 967664525 793478162
? 32
! 6 948989910 819280389
! 7 917484786 245740568
? 926589512
! 9 956627290 784133320
! 2 952863877 913778393
! 9 995949954 624720946
! 7 922566581 292715462
! 3 906393314 164352227
! 4 967070097 332759191
! 2 941370989 939187114
! 3 906059793 495100562
! 7 907433157 621965834
? 974728356
! 3 983495243 934411962
! 4 927495975 197964755
! 7 976265656 428568471
! 7 913834686 383719808
! 9 982685008 542758805
! 10 967326121 364778936
! 6 902350699 377574039
! 6 960758784 752943868
! 4 991114666 570900327
? 3
? 917726562
! 6 967498502 700686568
! 5 924240576 706975789
! 1 939311323 903580030
! 7 909655122 495328894
! 8 932574020 762721123
! 1 905026917 724035723
! 8 995438388 299786865
? 905741795
? 50
? 11
! 2 980746556 605010840
! 10 976161691 996622313
! 10 910701592 762419247
? 1
? 31
! 7 910807870 646359954
! 1 955743358 852329377
! 2 912428858 409729647
? 3
? 5
! 8 945716580 374319521
! 4 975401531 602243211
! 6 995336541 989882117
! 10 962787977 553490444
! 9 968974110 957139254
! 9 985150993 806775508
! 6 941326324 567784015
? 32
! 5 997648955 380363532
! 5 985056633 404876830
! 7 919836691 831751176
! 8 995245958 158621994
? 35
? 18
? 12
! 10 957694564 732106372
! 9 911735339 218222945
! 6 923226290 818511881
! 3 981514504 616229521
! 4 921388620 407057124
! 6 908293806 415659960
! 3 985723196 150419975
! 5 923536941 813976033
? 9
! 7 939252672 749572559
! 6 985046521 620706525
! 6 970197981 686434194
! 3 987646130 216712256
? 30
! 1 943736456 226697715
? 7
! 10 922876750 716262360
! 4 965456655 868729437
! 6 940317356 880742742
! 4 925195862 955092763
? 5
! 5 962076960 778783099
! 10 941277353 448948602
! 1 977523026 625360502
! 7 986829391 616082323
! 1 939107947 370210737
! 3 960511905 513336396
! 10 981573014 754832223
! 5 916279696 801229213
! 7 940491683 844517038
! 7 974017198 358232807
! 2 912743418 835231879
! 6 923348199 204590068
! 9 935708970 161523915
? 4
? 970485482
? 7
! 10 973627124 184239424
! 5 983813321 731585143
! 8 946130724 155464810
! 4 903596267 850901333
? 985047688
! 9 971768945 231656518
! 10 999006783 728894266
! 10 926307400 452181631
! 8 960063185 431700165
! 3 965599486 360168652
? 911681566
! 10 943166665 950707837
! 10 978922306 893939641
? 13
! 8 989245761 236575908
? 997800759
! 8 915480573 876281300
! 8 940004985 488981061
! 5 924481746 875731090
? 4
! 8 997010119 510198561
? 929095238
! 8 947445527 510982002
! 8 982573484 128948623
! 5 919919993 605706472
! 3 919823462 169011246
? 1
! 1 978369160 478610454
? 41
! 5 906963873 672631583
! 6 901435738 230317197
! 8 989177740 549767610
! 3 947462021 156549290
! 2 920725375 241693584
? 962893149
! 2 970743749 579880537
! 9 971293510 970060580
! 3 950683415 519908729
? 953544071
? 1
! 10 972787966 538765621
? 3
! 4 937101124 582692292
! 2 906319971 273868526
! 4 951774270 472151131
! 2 917441959 931207710
! 5 979524765 612073026
! 7 915071725 964718110
? 1
! 7 955813165 629688490
? 943924848
? 952455745
! 2 911758353 337348782
? 20
! 2 906845971 846505409
! 6 916262361 652516100
! 4 979639693 780263593
! 1 940005244 864501184
! 5 932146450 395815880
! 6 947917365 929332246
! 10 934519694 762789043
! 1 996841607 663968782
? 981117925
? 12
? 40
! 10 912700025 300833187
? 8
! 5 983538034 170411368
! 4 928077922 816508122
! 4 919328106 581392152
! 2 908352984 341802930
! 5 993762915 794507864
? 34
! 7 948984367 400494031
! 2 990658693 640443015
! 3 952790075 965193624
? 32
! 5 908377870 618292181
? 1
? 4
! 7 913370559 875801444
? 966247551
? 903554685
! 8 985933080 681131475
! 8 990934986 202912035
! 2 935672192 806542589
! 5 955912343 177925524
! 10 979056148 904034543
! 9 936437091 998979849
! 10 957158309 160195444
! 7 991317363 778767387
! 8 929861561 324875505
! 5 956051517 127589844
! 6 948479677 660709155
! 6 976631146 683345726
! 2 953983950 415192183
? 4
! 2 995674143 638677279
! 2 916607245 810357989
? 43
? 1
! 8 924184631 220379834
! 1 937904241 464717288
! 7 956869840 458327417
! 1 944984418 434869780
? 10
! 4 993315656 837104795
! 7 938121431 300639641
! 4 972555363 306776197
! 6 994907095 262797933
? 32
! 8 903318316 260631276
? 983724524
! 1 987753144 252374082
? 50
? 13
! 3 963509866 172976273
! 8 942523727 402878213
! 1 915244644 713950055
? 33
! 9 937361249 438959050
! 10 924186261 132843817
! 9 951530684 129666876
? 31
? 906060635
! 5 907632761 838746352
? 35
? 34
! 7 981014643 595439759
! 8 934717745 367995392
! 1 918495211 187403806
! 3 943712048 543361640
? 974183059
! 3 906020709 908863914
? 42
! 10 925080974 788430214
! 5 913159531 789155652
? 44
! 9 923250844 719052630
! 9 983593502 953919942
? 10
? 967489140
! 7 907056113 493354538
! 8 929071471 633244604
? 18
! 9 947646033 686495763
! 7 985651013 566150870
! 4 976087289 555020184
! 10 905049504 125896463
! 6 900983081 151163309
? 951065737
! 3 953475469 476795296
! 1 942251634 188269915
? 34
! 1 938242335 336342736
! 10 925029186 346335999
! 4 948174535 627785365
? 50
? 30
! 5 920254014 202179407
? 1
! 5 973379793 537072975
! 9 958169890 959235911
! 5 965603791 990151848
! 5 927507949 851598406
! 2 999081281 444205601
! 9 967767738 275636155
! 2 993997030 440224815
! 9 980636245 123055965
! 8 975643324 488982382
? 19
? 34
? 48
? 33
! 2 974769890 459521024
! 5 965073211 978965583
? 30
! 7 966533989 366903706
! 2 961771930 996818860
? 2
! 8 973930091 703953825
? 959583503
? 10
! 5 937600105 851886478
! 3 939886880 414916889
! 4 927603207 267279938
! 2 931042247 941113970
! 10 941722587 900327762
? 46
? 32
? 992067637
! 2 943384039 812082918
! 10 936556593 475064950
? 9
! 7 903166763 895921229
! 2 953856422 828743856
? 9
! 5 971445705 783328158
! 9 953756806 356904992
! 8 991418132 156289890
? 48
! 9 948335008 731766395
! 10 925084584 780309407
! 9 927724929 460565288
! 3 900322506 150934381
? 2
! 10 966542481 706641936
! 7 925351363 726847439
! 1 902004353 524833199
! 5 947483905 541871720
! 8 996704204 375365302
? 49
! 10 917914114 811933526
! 6 979265793 810159927
! 5 989920965 476898377
? 34
! 1 928437525 699184180
? 997777682
! 2 912166324 587989314
! 10 904101538 731537404
! 5 931110930 111605067
! 8 987249104 246356193
! 5 979355408 435569773
! 1 966977827 852387194
! 3 909612795 750527730
? 18
! 7 958314129 620227694
! 7 971859991 317943685
! 3 943863687 247126911
! 3 933829899 158956338
! 8 929961982 710176210
! 1 913843039 479960638
? 968491324
! 4 999735046 191306699
! 2 918537890 372125457
! 10 922819507 340650439
? 963189163
! 4 956642943 531551395
! 2 900031683 355540617
? 6
! 8 948498770 846576386
? 31
! 1 968245486 427789687
? 44
? 3
! 3 946590517 746999852
! 7 997355488 277931746
! 6 948609581 110929989
! 3 938651641 555405955
! 10 912956694 392511970
! 4 936089157 357851289
! 1 985761977 372284806
! 4 932706702 727108345
? 43
! 1 971352495 255381057
! 8 956379898 278927862
! 5 941602860 227808066
? 961847481
! 3 917024894 512598205
? 15
! 6 961300583 693272667
? 17
? 933674753
! 8 944476705 535552902
! 10 922353505 383389683
! 10 983446484 234402465
? 41
? 7
? 33
! 9 981962992 594906505
! 7 974706601 929578487
! 4 940880464 233100960
! 3 966292734 871677175
? 941538758
! 6 951067826 254757607
! 7 952704614 133432837
! 1 921754384 356597783
! 1 984544341 924241478
! 10 909765511 479800993
! 4 953929475 410074486
! 8 936374064 116046458
? 47
? 3
! 5 940124629 638516093
? 50
! 7 981722295 145851642
! 6 933183752 138933544
! 10 949870938 996944318
? 49
! 6 972347339 911251950
? 13
! 10 959120036 388005452
! 1 968525770 832370797
! 3 951325488 272113218
! 2 901793272 381713150
! 2 987300133 738578800
! 3 916852159 590892164
? 6
? 903475011
! 3 926320631 261443411
? 34
! 5 965823380 107421565
? 18
! 8 964930054 768718662
? 4
? 50
! 3 917280403 942430708
! 10 967960672 362495980
! 9 958505843 705758837
! 6 922986258 490718563
! 1 904275520 896610394
! 1 907755395 705438593
? 40
! 5 914553664 819808349
! 5 918874027 325588809
! 10 952935774 729046436
! 3 904862042 770213590
! 4 989400531 377168993
! 2 944010054 875176602
? 911040932
! 3 936874304 735503672
? 2
! 1 947210746 460727926
! 1 936926053 349287578
! 8 914568865 130307032
! 4 987496537 828989882
! 6 952640804 142201283
! 2 922675167 410368619
? 949621412
! 10 926616661 206808332
! 1 933512135 452783317
? 6
! 10 983441277 149730574
? 929279749
! 8 964365984 696253737
! 10 907744875 952783618
? 951870437
! 4 958318460 284992192
! 10 901358079 911476670
! 7 959577325 273994079
? 990097441
? 972438801
! 4 926931706 831319513
! 4 943848448 648506828
! 1 967060018 352241656
! 8 946059480 492614130
! 2 989483348 403303200
! 9 965199110 667791373
! 10 955484075 482919982
? 5
! 5 927646804 102810456
! 8 925957730 421760547
? 5
! 4 996285844 241380476
! 9 943059149 381078936
! 5 944640960 143226197
? 994010298
! 10 959320947 198819743
! 1 907064630 122451534
? 901669807
? 11
! 6 980455995 798777932
! 8 969799171 774504523
! 7 985674877 898246166
! 10 971597316 920307744
? 6
! 8 978340395 666075023
? 8
! 1 904287889 139500327
! 1 999361058 760479240
! 9 902361166 468613699
! 2 937696794 197674013
? 4
! 8 964945672 854506405
! 6 954011882 752877663
! 7 901662096 405760920
? 18
! 9 928398888 668136078
! 8 969926185 730402513
! 6 987171575 217592389
! 1 981433033 426785111
? 10
! 3 918174532 654178289
? 11
! 7 932490998 433156197
! 2 984981561 759918171
! 1 949238710 583268911
? 957442381
? 32
! 7 997912264 877884622
? 934908760
? 949245439
! 9 963626189 784323699
! 3 913624835 645000155
? 910126846
! 4 940781408 955736006
! 5 964661353 121085796
! 5 943230888 347775963
? 4
! 5 962388354 666789200
! 3 912971713 940253090
! 3 942472318 806927247
? 15
! 4 938947006 277091244
! 3 993899558 828923538
! 10 961299715 702557478
! 8 925352816 824354012
! 5 926534675 621200471
! 3 940893825 166179459
? 3
? 39
! 7 939014213 173872087
! 3 969275566 770854755
! 5 967048635 803690305
! 9 992199533 300030758
! 7 902271714 601076361
! 10 958988683 934992529
! 9 967710445 292393644
? 17
! 1 939885693 293082846
? 920986598
! 7 977400299 324539911
! 3 931468903 732205734
? 15
! 3 966068145 527788339
! 6 998539715 722806526
! 6 910408675 951287047
! 5 906992995 937091188
? 38
! 6 955089031 681975965
! 6 979263370 850056138
! 8 936616384 851011873
? 11
! 5 940845247 548760471
! 1 933861301 644959879
! 10 979996670 567286084
? 49
! 5 994185145 763363463
? 903699589
! 6 918276221 757216921
? 33
! 2 929063675 336769049
! 2 947268493 879338378
? 33
? 10
? 936805855
! 7 983637752 946271544
! 2 937616261 493872395
! 5 936507034 575994247
! 3 997256953 750220465
! 2 919711034 973412269
? 6
! 4 904427840 362544133
! 6 928847469 596610458
? 8
! 9 981268502 946350901
? 12
! 1 931795019 769544346
! 4 956607836 367362834
! 1 989854724 620799505
? 32
! 8 929843293 138585177
! 3 941666941 625409070
! 1 904020561 389439864
! 6 900001279 950938960
! 6 941448999 173119633
! 4 935213129 814096913
! 6 947594822 123120767
! 1 983435243 819719785
! 1 968923465 331571421
! 6 977463252 605512651
! 3 955136882 770348737
! 2 916995142 610184564
? 16
! 5 948799384 612013592
! 9 908057004 417205750
! 7 977858669 390196673
? 966443260
! 9 928189079 270260916
! 9 999192087 560172093
! 5 983316137 647331118
! 5 936408414 134507678
! 4 994851037 407634070
! 7 998990437 627470252
! 2 976761204 973014615
? 47
! 4 991518723 306906043
! 2 998034029 560881481
! 10 948042899 470675953
? 50
? 34
! 4 982531867 519652096
! 9 976655155 334130974
? 33
! 2 956846816 369611169
! 4 913869604 832777854
! 5 945368630 290562736
! 9 925504315 822874928
? 2
! 3 959422883 184349734
! 6 929946954 382944994
! 9 941839501 331627365
! 4 922299707 619452419
! 7 951349620 356447535
! 2 937867259 966172154
! 4 956204281 703539414
! 2 919921075 187743002
! 3 960856925 700635766
! 5 930221000 126358127
? 933681247
! 6 908848253 795370025
! 8 942135874 274052241
! 10 980341459 935646692
! 3 954654365 244553758
! 7 922265570 827466037
! 7 952505083 245982500
! 8 952709801 505904828
! 9 921215204 509993999
! 7 990671274 483788166
! 4 957499225 933120131
! 10 989723883 103886745
! 8 924593076 481574731
! 7 903315876 646281431
! 1 991868228 986519777
! 8 986556920 561467443
! 3 928314868 649306180
! 10 922867287 421465589
! 9 944330437 104433993
! 1 949917420 567186852
? 4
! 5 919272131 199917479
! 2 900526820 740756417
! 2 957412120 668067301
! 10 973201323 453906464
! 3 946109519 703024552
! 7 961039045 382368234
! 6 954512426 904976067
? 6
! 2 918127630 220309956
! 3 959145404 748394302
! 1 956881979 615756114
? 992745941
? 43
! 9 924697252 630885182
? 19
? 40
! 2 976469222 101696799
! 7 946987111 899352118
! 9 938902662 297122190
! 4 925523270 105351239
! 3 939894299 608710455
! 10 904410234 109339012
? 901793622
! 9 975120103 710048032
! 6 928631800 531403981
? 950243635
! 5 969057952 317881968
! 8 955667649 816678597
? 45
! 10 961063299 813730243
! 3 971938551 545940275
! 4 940847486 383242608
! 6 942269322 597135545
? 20
! 3 998479248 639986670
? 40
! 7 936555640 553776112
? 962034390
! 6 946734192 770411128
? 50
! 10 982247084 147290486
! 7 958073924 220897513
? 1
! 7 939769208 447983332
! 4 949976385 746465420
! 5 905266109 764950232
! 6 929394379 391675240
! 3 986917430 909109137
! 7 912493837 629100978
! 2 979125650 907243578
! 2 910430679 764867462
! 6 965967320 424243638
? 43
! 7 964812163 807337065
! 5 901074738 652719557
! 1 909984784 296205117
! 6 997448750 693605394
? 1
! 9 983603115 470631486
! 1 900535923 690062727
! 5 976135076 951132079
! 5 972712302 308321814
! 2 908796450 194005508
! 2 900959968 685485502
! 7 939234461 873787588
? 963356126
! 2 900777654 116129906
! 8 967335811 829405327
! 5 967926816 576702013
! 5 954410746 585009505
! 3 972697793 716949117
? 39
? 15
! 8 925998869 318297341
! 5 948881235 248273113
! 1 943045765 593706255
! 6 902352383 384440719
? 34
! 2 926523735 696001670
! 10 920862286 380338993
! 7 981079257 340453676
! 9 924780357 483243078
! 4 945070220 971562505
! 6 976906787 205178026
? 47
! 6 900987182 198688693
! 4 979358213 241637503
! 7 908455529 922419413
? 3
? 989365944
! 9 963164018 468167812
! 3 949001461 837971012
! 8 960854018 126985065
! 4 976701428 270268006
? 10
! 8 989183685 703793183
? 922771068
! 10 977895005 563776173
! 3 931764140 710686208
? 19
! 4 969135117 918036808
? 12
! 1 943506099 221697663
! 3 921911930 151029762
! 5 968547819 660538303
? 5
? 983820428
! 2 910577676 202647147
! 5 904486103 613529553
! 8 991325286 139074246
! 5 956770686 498588557
! 1 970578869 366097490
! 8 916594662 198122932
! 2 920730370 638497512
! 5 985348002 616197641
? 10
! 10 983627117 693124560
? 927455749
? 13
? 11
! 3 927688050 598086565
! 2 913291174 963471904
? 4
! 6 919778722 395561802
! 1 951038161 150279886
! 6 998938675 228120393
! 5 964175958 802317139
! 9 945413140 548871951
! 2 978881644 361385410
! 4 952558537 225572578
! 4 950960199 286488318
! 3 965283552 781607450
? 968960007
! 8 927404593 915036974
! 8 985701597 687817472
? 906842594
! 2 995840715 641209520
! 7 995673183 350256486
! 4 921371311 118748710
! 10 908603617 321790904
? 11
! 6 907446699 960049632
! 2 945290051 857339127
! 2 938215818 944870986
! 9 964952598 670919164
! 6 995972832 617676285
? 15
! 10 967020493 122143862
! 1 958873630 145148360
! 8 961937513 762137522
? 945383831
? 951722228
! 3 931114727 535595940
! 10 982596302 905064343
! 10 969732807 944645409
! 6 988659295 183718661
! 6 997728102 121817249
! 5 929016175 233718258
! 3 985673162 802035119
! 8 940552473 659093622
? 49
! 6 976565579 418920508
! 9 904211550 332180046
? 36
! 6 970981615 684921685
! 7 966574070 520754454
! 2 997749351 246952704
! 8 950817344 168283647
! 7 969463900 211801183
! 5 987423122 552153646
! 1 922179755 508990090
! 9 957443644 651666587
! 7 905716440 350735309
! 1 979146995 379266178
! 10 965771867 829876787
? 50
! 6 936964320 663862603
! 7 925537286 714272593
! 6 990196421 235584796
! 10 964272182 671041042
! 9 943401996 700162033
! 8 985144010 264997712
? 5
? 18
! 3 950555278 434707294
! 7 950706169 463999444
! 1 985954074 509798061
! 8 997534956 950601543
! 9 906471898 961986473
! 2 956628097 878884735
! 3 905182549 969289204
! 4 988800426 890779639
! 2 993966250 461109405
! 4 966931038 213199275
! 8 950444049 185792839
! 7 951282153 751996091
! 3 929693778 691532771
! 6 920460027 444284020
! 4 936550376 690511805
! 8 934856309 581110270
! 5 949475212 552970469
! 3 961236972 103811338
! 10 956213177 338136929
? 43
? 46
? 944909927
? 995793622
! 10 928711577 641883846
! 8 980315493 465893045
! 9 953188329 281494516
! 1 940679462 551867596
! 5 902635634 102776225
! 5 933423211 331636220
! 6 979560774 394171393
! 6 982176419 456888400
! 7 959342138 760335813
? 33
! 6 925413890 133240432
! 2 991139862 732782778
! 10 947416420 481614827
! 4 981182914 204549115
! 4 993800780 253135933
! 8 943362264 166717274
! 1 965676335 566987036
! 10 996464353 832310457
! 10 985840672 275958473
! 6 999465013 296132045
? 10
! 1 996987352 624064023
! 3 952005166 531476106
! 4 961356980 371114158
! 8 946108187 514069177
! 10 944220877 948121821
! 5 993920758 430522439
! 9 965174050 127508517
! 9 911178061 977309960
? 45
! 8 956127005 359521203
? 1
! 2 908938227 668873632
! 1 906593114 621650700
! 3 905429463 719955300
! 1 903313928 632827185
! 10 925418723 187521086
! 1 901687226 468139919
! 9 917503526 117789363
? 44
! 6 978285177 350225636
? 903308440
! 6 983819753 257473195
! 4 979475911 206936538
! 1 927751026 148630332
! 6 970133727 436100298
? 924741058
! 2 990165298 434299677
! 4 995006123 831900855
! 7 932199015 549660491
! 9 978085828 674217806
! 9 962028845 125923057
? 33
? 47
? 31
! 2 986489262 521803154
! 8 982142912 241184219
! 6 900657529 638461322
? 922897523
! 9 967838569 190720278
! 9 927320187 580106439
! 9 989753753 969103528
! 3 949403930 630740230
? 978029667
! 3 928823717 832508525
! 1 901467525 805959136
? 42
! 6 972088129 962191367
! 6 981639145 673093183
? 31
! 10 910196765 396346514
! 8 987454811 115502461
! 6 951062243 157747058
? 2
! 6 976781288 126515205
? 3
? 939895384
! 2 948634987 268451647
? 46
! 1 994125265 350914249
! 6 916302947 466731206
! 3 973016349 841897869
! 5 927104858 389910542
? 982343405
! 8 932213381 160554031
? 915182490
? 923891638
? 40
! 2 942502599 519772472
! 9 930982289 654039384
! 1 908004405 196275025
! 8 984640758 479666568
! 10 956722479 595950568
? 44
? 975045519
? 942727745
! 10 903358652 901325131
! 9 901679190 469775749
! 5 919210424 355098507
? 964524603
? 932814715
? 13
! 1 939911279 506919014
? 976159283
? 32
! 6 947338946 982439631
! 5 902970463 879261702
! 7 996938439 790563336
! 4 975077273 105842174
! 2 909892525 580750958
! 1 927133106 683551544
? 18
? 8
! 8 992639954 273642710
! 8 986037869 354018576
! 9 972200763 625453099
! 4 986288201 105970039
! 10 921036695 805335914
! 8 981488232 225616893
! 6 957258284 566455904
! 1 979778000 768260728
? 42
! 9 980844404 743886410
! 6 936191870 570830328
? 975353948
? 918183089
! 10 960428801 990728439
? 17
! 2 934017528 395118909
! 1 922376531 840278918
? 35
? 49
? 971950639
! 6 980001364 561418808
! 1 986699219 502026059
! 4 966160904 973232255
! 3 975041790 166272214
! 7 979223536 875751584
? 905319021
! 5 980106037 604507271
! 10 945553210 668646514
! 5 914434228 974650064
! 7 905578046 900924554
! 7 923588576 786316336
! 10 982053024 528817724
! 9 967313414 737411550
! 8 970966346 793938101
! 9 939992776 949214778
! 9 994905640 937206098
? 911372363
! 10 918869036 863733481
! 8 919336143 141586458
! 3 914511038 498205683
! 2 900331244 575199572
? 14
! 8 983788136 477895064
! 7 948301578 126871651
! 2 919464932 469498576
! 1 968727871 280883426
! 9 961733827 215438898
! 5 947550966 104394988
! 8 935603347 796625402
! 1 923923086 149950767
! 4 937471059 926763603
? 2
! 2 978049816 737797237
? 985103337
! 9 943094986 144929051
! 4 997589552 836138419
! 4 999965698 384786172
! 7 979404234 536183696
! 4 966968760 546799870
? 33
! 9 985783470 317392665
! 3 973203793 541574061
? 18
! 6 950993580 314977754
? 910305351
! 1 973673811 831658289
! 1 941743893 602616137
! 3 999643255 686688459
! 1 968760500 554129049
? 19
! 6 979398637 149192949
! 1 997182764 139900014
? 14
! 2 929681216 587604709
? 37
? 15
! 4 983047053 460892633
! 6 902315502 813973669
! 3 978024568 925420858
! 6 966839017 988919436
? 19
! 4 906148819 602944240
! 3 992583885 791459012
? 13
! 3 925383742 801103501
! 3 964632232 450189944
! 3 980032960 834260127
! 7 967655621 763030416
? 34
! 4 982021562 164793391
! 7 957036154 247176563
! 4 997065464 265531102
! 8 982270191 526754083
! 10 922047455 952712907
? 17
? 36
? 989869942
! 3 972427697 256615350
! 5 997162436 596620288
? 43
! 6 910277613 124165533
! 1 985760845 825067426
? 32
! 4 995722365 847778420
? 6
! 8 933019697 818456252
? 20
! 3 966945371 477750376
! 8 948363334 129359368
? 40
? 977152869
? 946270322
! 5 928745085 956631573
! 2 992261924 169076029
! 7 999070217 161501684
? 40
! 6 977310844 773839071
! 10 963229612 955360150
! 5 949179368 516260168
! 3 974817404 153027672
? 996913587
! 4 909974384 142366733
! 6 911777139 743226782
! 10 954043363 100732128
! 5 993463234 915825266
! 2 953501783 981062925
! 4 925243970 596288622
? 3
