-1350744097
0
0
0
0
304712656
594535213
-296448028
-668404428
4134478757
-3696746719
823350889
-1876901159
-1876901159
-695144086
-1223134592
1097917547
156371
2704635373
1439520283
2704635373
-3435885242
4668566396
4477126743
-4660903449
-4232723377
4232723377
-2462423911
-3487441287
7904208024
-7465022402
1717474017
-7303649580
-9837815117
-7841739035
-5804993437
8103734549
-5420917462
-10618349613
8622273531
-8545612796
10505836651
-6451881834
11076638895
-6538638094
-7092635613
6546112432
2652357967
4512676998
5101897919
-1824926776
3492642874
-415503029
-9591706943
-720928690
-5932822766
3310559900
3379123156
1785250761
1664689289
-10915266101
-10915266101
4403641878
-10915266101
8877608091
12317977722
-1373135156
1764440187
407527211
-2464528971
-2464528971
-2464528971
1452578224
2046020655
3151178793
-1231040121
-13044666068
1177899775
5801790139
829727198
-989150278
10850150507
15479872717
2495203145
-15277602343
-12519103889
-7349766938
15225459290
16002759650
828066991
14697924135
14697924135
-14973199296
-8621268295
15694227580
15297075231
-17403199891
-14949934834
15459567325
17471920088
15481903453
15704052259
-17778450675
8724115786
-17358887715
11170044782
-1215737350
16584200755
-16847769489
-5872256385
1943877980
3025759323
17782058166
-18010129570
-17851928832
-779606426
17461392848
-2538437965
6759660852
18493805391
-1747986194
-5375952352
-24102237378
23765371367
18707816652
-19463788761
19463788761
-19328999550
19328999550
1776042544
-19328999550
-19328999550
1181957575
-20383807702
24897003936
-21293675180
-472070725
-23583203705
-28148739677
-25376029202
-4308977139
-10939176057
-1248259550
11205569651
2198953064
33502820988
1349345285
-1328839274
33401315910
-7784442083
12676124935
-25317112237
32042100218
-29382921000
34050529839
-31344878774
26333437546
-232843877
33467236078
34498363277
-34498363277
-32612131491
33792156380
33792156380
33764118674
34700521302
36020669161
-3679995338
-37010364348
-32683005393
-37768933943
32901151480
21780781605
-4475633180
-32789506839
-32789506839
11455546467
33115531886
1006125847
-41535189426
42940019818
-14051975277
-30028572476
30028572476
-41624762946
-32947807918
33407660406
-31499223288
32222912629
-32576499605
-22049986727
41818442697
-21077882294
29982669679
6018682249
32778763455
-32778763455
-32778763455
-46451852306
6375481829
23524042012
-47905979310
7694180375
34361886266
34361886266
-34361886266
32571850827
-32457649291
50922502577
6119599577
-6627115528
27483148155
11011313247
-50712256337
-31840506593
33764324172
-32905417676
49653526044
50935665928
52271972033
-36258950592
-4391923387
12251870774
-36836426520
-36087351395
-36861362857
40515792441
-51182746637
7155191968
47683959916
-39241844226
18705551301
42379903157
-23954907638
-7287881950
-12213537754
42856943525
-8996061591
-47527137545
36250616606
36250616606
-29341621869
2795678016
-36619195802
3738916494
46461273895
-34996109725
-35234777209
-9792255815
35234777209
33489011191
2919408219
-47927665848
-47927665848
37601156443
39119202859
8169468449
735294277
-39119202859
-32078213710
-48621549347
39119202859
-40522801620
-7301571659
-48517930555
-39929762420
-250994446
40163602771
39482492784
2287692250
2801610694
-2227597873
15036289852
-48495582735
-48216681430
7679495729
40948913004
-31782072642
-50111149892
-40579531711
-3902137076
-42100124890
-22184336044
44911141464
-48157720224
-8115420619
42302166573
42302166573
42302166573
1162308933
-933483546
7978408309
7654604043
-47076040610
-27330593813
3604165936
-6288779172
-44137541084
43573335636
47277930832
-43573335636
44935242372
46182555488
50417920458
-48577307056
50070566180
2431285218
-45615799737
-42551693601
47834923858
-1537891282
-50770340575
-50770340575
48715328476
-2851176090
-50071801686
-46978021055
1590608599
53271884529
51095985859
22600283859
-51095985859
6297704591
-48381306236
-52642798152
18748411322
-53561660819
47519280604
57746937271
39750966024
37977691966
-39824548843
48614462691
-48614462691
-54421603488
-22863236775
-52941120186
-55612148714
4347577693
-55612148714
55421367807
54184120736
61702058107
-53808642301
55388314204
42533924307
27275238363
-44912198783
-53108693016
56518023688
-57618867760
-55214809050
19847414658
40391445680
-35143719259
54641375562
-35143719259
53406133965
53406133965
21397593497
53770741535
56956263217
40298762807
-47320746478
-54582867499
47112415674
-54949368028
23078339658
-54949368028
373072376
2259068234
-60627681991
56336871604
-57078615577
59501496758
-58228777832
-56453524041
935116923
-56453524041
47300546094
-59518563069
-56740204085
2989806431
58700671858
10693272442
-59296975212
5604900433
-3420529509
-12539995649
-56059400716
-56098469323
-61115016911
-761021709
70359422770
-20213247065
-59121727686
-6382614271
8142323309
1436860118
-59585213311
-60006646923
-63050451326
-22047697051
709336318
-5901477606
-61197668029
52633339588
61387987880
-61387987880
7002997144
42661814802
-60615993901
65400793747
-58453113391
45327377347
9561307345
5004296090
58170564244
-8092067291
-69641952751
-62249253393
70914751894
-62249253393
63310473579
-29285859036
-64730297253
70861257818
-51592902452
4201815155
63630659488
63208971291
-51201615448
20538103240
71118575404
63287783736
16318635061
-13841192
64559363694
64936424973
10022501082
-73406047985
22541527312
-72694569536
72694569536
-73053732041
-67730436512
67552965410
5940414963
67482211579
-19515036427
-4684749488
74914179688
378637177
-77250652241
-60770393110
77961563754
1475883834
77694553962
61825671695
-77802768184
11203660179
-48413867703
61920700305
-79892479608
16233443295
62476884308
3979601671
81925819330
-82630242243
83590974545
83590974545
1452086349
83331613686
-67941412327
81845218863
-68147252381
69179722652
-57250013110
-37077899162
3814384111
-82232927459
-82485728747
33312805005
6064266393
86100449057
2902849853
-71061539329
63198353408
70114312558
64445238407
70114312558
48023414985
86207694291
10275889897
87050164708
52632130579
86190513810
68025495998
-146709493
-36380757903
85713310187
85713310187
86880591915
71699788282
86236559109
6693224202
-85770550274
8074681482
-20964547771
72515401773
-29832234930
-50933290702
3905621890
-19419738577
88500541162
73783970447
-88639750690
74813830074
89119642632
75309876893
-40688843653
-87551038115
56054394682
89093684948
-89814362867
88621203914
-41923884663
-88621203914
73745658717
9362605269
-4422559592
-87999173796
87468354874
75429508798
91026105327
75949813585
92408841963
-30874905079
40761686729
3055368336
90069589018
-90069589018
57709208217
-80144153476
-90158521867
-9810733366
89815782603
5582459012
-58239792784
91937330078
-93954464884
56357798488
-79442147788
-79442147788
79442147788
3800571794
-7441293606
7864495305
92948964038
-92948964038
2708305326
-10503082273
85591726095
94180262942
86075609589
-8599842829
86075609589
-87057673082
20598082256
-95309248322
-95206657631
94806063688
-95073506513
87712666361
-86520587633
96175627234
-96809454865
2805586591
71734946129
-50257342307
-95591904358
86745334559
11090948934
-96304641475
-85996937515
28318137339
86295686704
5705753196
2360126636
100091938689
101611052228
86768830948
86768830948
101453627513
6728168477
-85938883113
-24668931391
38353726510
-817158346
-27938762041
-66908732352
-86556295806
102916566628
-36658068280
-88747488205
88747488205
-29818321353
100864457059
-2305540619
-26776091310
92290426019
15866575107
101858960718
105908901119
10596614890
-94639354591
94348965162
-95767334939
97948670117
-56978407357
55869963044
98745010783
23415101640
19409469388
31365841998
-83053567823
-111591965188
107239786376
113106664316
114867376167
114867376167
-115609402274
-115056257363
-115779274600
103206825126
103206825126
116508499932
91707355038
116223795134
-430641346
-104933525758
-116466277899
117463987686
-106535297223
5981780080
118140827542
-107524386356
83613140417
119487390930
55608985985
-118642485573
107756442576
-107837151003
86308351030
119812406278
109721581065
-120157169235
109331148671
55383602866
-77900564251
51144606810
120897421663
86045818083
40305276367
-120438670235
116700080283
-110149922141
-121568016302
-79207129807
57295022524
112069213852
112069213852
-112069213852
123229390969
-122836238912
79066700697
57025366861
-86251752385
122132000686
-88755595537
61493762930
-124617995547
-113821551347
-1401536695
-112982000209
-113539265210
-113784713122
-90362421305
-42512927040
6375052368
89286241326
-120957811842
116488810168
-124675645418
122828124985
-124675645418
3895107238
125312754141
-120397186059
-126599018789
120238564065
-120238564065
126864568271
123104925873
846671064
126155306499
-591618524
50716035033
603256077
-19310678487
100979684831
127132993082
803947815
259282809
97660495929
124902723316
128924029852
32435165812
-43615714479
125381333770
4896563895
125381333770
-77689068598
43329133535
-125670111507
23815341046
-128080990712
-128080990712
2241726349
127325726555
-127966169570
126909803736
-700460394
-27556735901
128748639783
-1922195166
-130699666412
126909803736
131615925629
-130734842570
-21979400248
130474211294
131092660504
131633634286
-132202260212
-128163870069
-133041006564
130204176898
-22400993555
129836181506
-130624611720
130624611720
-53604631867
129991367116
44108815798
129713406704
129431957338
129431957338
129487731398
-137256611658
129827405372
-129827405372
137256611658
130286926396
132803973435
-41151522566
130579791431
132153953225
-132153953225
6631418395
138305643124
137409721895
-134113555059
135385914179
139931209827
136847234553
-434304674
137920405078
-53325407682
-38571006792
140215092477
-140892032698
-136709110901
2595664365
-140111769638
43469581401
-140082360556
140082360556
79433412788
140082360556
-4913228492
140082360556
82211927335
-140023417823
3373840428
136599513973
140516082274
140516082274
141716395104
-138359007780
140154941187
140154941187
-5684929163
139386222525
-140239437068
-114027980242
138697038119
-78608588353
142428701296
92122514858
50913439929
11000489781
23458524792
145780555809
145883366265
2420894195
-142858637448
-144094887749
141624583419
4589911185
-4359093713
141123330198
140610520074
-144600216829
47871267686
-141370438245
-95758283244
-53106448034
115580621391
-4163275878
-143400239087
4905953585
-143026336561
142876648065
106405068853
-142112985266
142624900563
-142522288115
143716008465
144140275548
144479371928
144479371928
145846531225
-77812402048
148966553093
274149989
-147547882214
-147180519380
-148690713865
-61215961431
-147464366403
149980745801
149980745801
147798497377
145665386042
-85043835420
-4370097803
152708491444
4204938720
-146181130552
-146812015734
-151700061219
139905482933
-54620884782
146629005351
-152548094355
-152548094355
68374396617
153318505483
146500917193
-143447161566
146797122310
65626645613
-145579872094
-145579872094
156133324828
-146564640864
8115186143
-10280927740
156003079131
-111701269165
-144561732043
-154945025313
151792364348
-21911658016
155448972794
99669312338
147387351488
-147387351488
-7632714376
-30975838851
132825514006
-147158869963
-147829789127
-58346893494
-81925424470
146871024686
-161474988153
163068455682
153941326072
164373946411
-146807298588
162984366129
-60883779925
2272506342
147314737332
166139053413
149509653201
152105087675
-166698865414
-150899039581
117847956064
151029215772
-151029215772
-151029215772
-115844189742
-25007887235
168057207084
-152111856398
160467992988
10744815312
-107047592731
170526049597
24588749683
130091684479
117835075295
-170832226772
-171468283244
-31325307738
64395535728
-42493459028
-88533042226
153685971985
-28622565622
-172369608375
173826956790
-11518011678
174239500390
-54293879117
127410842412
157102741146
-157943020064
157943020064
-29138817440
147673601925
-144479960129
177485237351
163276785122
16622893319
159653107296
174723524634
-144085012322
-160730640916
175187695337
160870540930
-160870540930
-159945120072
159153661060
176514356278
156057900509
-176509990609
8978111552
-156397905447
-176634156142
174504225015
-174967921470
-174838562102
26396657504
98632766891
-175007638131
1484739968
10936849793
