0
0
0
1133200337
964414325
76988537
-2922882767
24960362
3364997882
1216067238
4354612687
4750019909
-69521733
899854316
-5623814592
6431390210
411421356
4999762379
-2060761554
-2253269911
-408680894
4179458104
-4501075291
-1138229767
-763958317
-634703076
-1670780619
1968901047
538372574
888099157
-4585904651
3507435983
2378131107
-4451054822
3765267535
4840942115
-1185566079
3674530710
897091439
1536304535
-7324065993
-3154271994
-3154271994
691834547
172131993
2889404042
1361849280
-9835868322
-10159987484
1448832897
1663805465
-10826231342
-1424496926
-1463476612
2855385060
13422584355
9816283486
-3439039870
3938648037
-2708546315
14766750521
15579054676
4728040771
6724832496
-15948054217
15551870278
-5021552371
-7822461498
-15346689602
5056464100
-6360545237
-7821001597
-6558587165
1595438156
17276037788
17484758928
17054724425
13462632582
-106222678
-13116028100
-8169549659
-7743958095
-1505046743
19182083851
-12764675839
21904392002
-9197355428
13619115659
18655795649
19112515130
8995611609
-20218796535
-5907091673
-20218796535
21644165106
-4228707182
14912486433
10527443702
-227280643
10564288161
7291565720
-15833585870
19657075334
-5807116299
16289209815
24375051130
-16955317465
-24375051130
19657075334
-22539211134
-9894938387
-18032656873
14009688334
-22603273310
-13572058083
22365627945
-11724470202
-20321548061
22106297782
22516490086
16308945236
24041900497
-25822650755
8930916764
25822650755
9586740569
-24201714851
-26598700350
-23518918400
26916003911
-23518918400
-26581674759
-19244041657
-25639613168
24423087276
-12987821776
-11326763938
-10259691163
24739174905
-25694784108
26227132288
-15977887439
-17496946033
-28850942449
17647377453
24812442824
29683530017
-10395682319
29830689137
22910972617
-3700919365
-29940789441
-4702668619
-8842088495
30748142245
24915315191
-24299091907
-3084826827
29143546839
5414161707
14927607066
26496800162
30084515206
-5651140567
-10641106125
20933327065
31634345227
15436972399
30965516759
28373092583
-31918077491
30776760134
31379877561
-10316117470
-25895972153
32728457681
-13197105593
-16071466920
13162451974
33383487754
-31258144771
-30956786965
18554385444
32712119193
32824721518
1267646397
10752968398
34988848220
33888038179
26305382321
33582532823
-33582532823
-33941570878
-33941570878
34523220658
-2003228367
34281057982
-36490340082
-29726356090
-35239195203
-3453710789
37840460549
21424899348
-25992445443
-35650407009
-36644433196
30686722413
32548091947
32548091947
12151542271
-33129844153
27604252416
21003039619
38181431043
-37194827757
-37194827757
16624323719
41373033059
-7030056852
40783501434
-38336021285
-13210902085
29797254574
2635000703
2635000703
35579511698
27886357498
31317356358
30711470052
35804129562
35422693933
39132357368
41719660924
-31213352586
-36392605038
35525212900
1702197144
36212776602
-31009582321
1882025580
-31869634468
-22065709384
27190195483
35668694111
11490093515
30229694431
-30229694431
30229694431
-36307642235
32371394279
26407448707
30838017986
-37713088917
37286307989
-37621686621
-778166435
-37621686621
45131982429
-39573687944
40317836133
31882735621
-3665817345
-32202129794
-20734796735
-21687590365
18616963028
-39073796833
-24755930551
38713344181
2052069519
-26671646732
-18525251028
-33369807865
29547562141
-33252411554
28075862414
39761788761
-26875799220
-38955922490
-30794790862
-37939019377
37939019377
-37939019377
-26411295595
49793162195
-25301165014
-42018591180
22847711304
32059007607
7866624810
43703159323
33953532086
45387894948
34126563786
27709316165
-47769082723
34768810838
-51313853102
51313853102
-51947832022
58254900549
-36160682315
-38625636025
37102601428
22118123287
6061771681
-54218575889
38786848443
48483355831
-2012265304
38180553921
48483355831
40801638166
56386539623
42029951152
-23219469269
51395029740
57322951057
58188019549
64149027922
2334383694
-59007358967
-43227782905
-28487994056
861544363
-12024613244
24253288388
58179328110
43792644942
-56831439340
5911852796
-58454608691
-27761368948
29300138520
-35059393096
30258885182
55635015651
-1089733838
-51033882700
54992657700
15280826468
38003728758
-34566566253
-55751912408
55751912408
-14376081197
394577122
55763020948
29875613756
-56059048918
47232001675
12407729617
-54389157217
-55776124246
47810928274
56195520639
11142348054
12923406473
-50262391735
747230563
-48822439579
48306961454
-38389859716
-59860142055
-59860142055
51737948110
60020053047
59766764532
49755374375
-40154024950
-61155055636
-61155055636
-2677077790
-51559756578
61800554319
-62515567981
57782108537
-23093122077
4607694889
63790885780
-54731450397
63002815066
73214407292
54817166136
683803259
62185772019
-33303222223
-56854348866
65586601629
58313578101
-59898164504
58612100602
-60293045572
74051613331
65074651144
-66475697874
-59732718465
-55323139381
66315087186
18005760783
-60822664381
47902926072
68120184672
-68120184672
-67942380731
-68703042734
68874908956
-69244936317
-60358131626
69244936317
85077842783
65281298939
15388846557
-67356851175
-41837639470
-67356851175
-50341837370
68419516681
86750188069
-68772256529
-65136943802
-38144563348
1859138818
-12788589150
-59504553905
-27224257226
-72496404358
-16737061127
-63766410791
65602008047
65282163272
65282163272
-65897633528
-6890329326
-73400462277
73555535249
26069377916
72025213657
-29190166365
-60798609970
75207247055
-72553499518
13802436480
-16409863152
-72810490037
74348521732
60349884727
-74237746278
-74515580570
-76459068734
-76247733230
76505653220
-77254742098
46236796009
64023525820
-36489213765
-77630405682
76844565394
77248248452
29806847568
-55148637359
10082524338
-66157352427
-78454999182
-79341017890
-80166212979
-52872917282
20246893387
79683698564
-82260833293
-57691710306
-81970352377
73799573953
-81982050502
82170939789
-46982954869
3719882059
81005447081
-41832290380
-82032866702
80226487580
85943802018
85075139870
68221354814
-48184054812
85075139870
-82337884271
80733883024
72418040180
35616701363
-86556635194
-80714791647
-84868684451
81069398325
-88013505189
-54730208688
-91527972959
-64362681547
-82048786931
91636686429
-24376657920
-82636291526
92262047912
-12712993121
64865677579
-45678552085
-82881156255
79843415862
-4172341607
-97227382576
-85913623588
85913623588
98640528878
99348767565
86571062793
-87004643976
-27208624263
-100513193468
71848941112
87883312152
-13018789547
-6083119484
-88442733301
-14376405769
88436747947
-88436747947
97706956193
-49032270007
-98267959373
95221291424
89429894543
-99567928004
-101235269771
-102122206207
89860432865
-89323100927
-101057815929
101992349571
-90436240999
-90090438868
83869023988
-102917608380
-16688528255
91660458143
-12755559699
-103531255797
67782087116
-22723301776
-41948158050
92267285213
87505471950
-92084308463
12409659015
-92381539192
-16016445134
8866546103
92682132230
-68693360978
105413277634
92375171004
-66766148625
106989534083
92880446473
-17534947582
109097609445
109097609445
-60168828036
-93683190836
9221674491
61914548786
94298628459
103605343890
95104542718
-109600390370
109061907684
-94424552252
-109910183005
98928495680
98342510514
-111160080334
-98342510514
-99345430193
113508819538
-99595298061
28097360090
52373923879
-100695305496
73483765966
-99443026858
99443026858
100290973612
118362952149
-66104088059
-119270974389
52139660910
-99864139860
111661062468
-26913599043
-97983157711
121946311757
-121027067191
-29422536095
68161893238
122189988224
-72488429684
-17891398725
121950590463
-100662040320
71297295597
13652006492
-9936585269
84301545934
3164034592
100348346173
100532825334
112863814251
121864583141
94421112976
72200741432
-103715641539
103715641539
122329161439
-122329161439
57379344481
-87461465296
104536060830
-105738854740
-42925761386
-56991218249
125774332898
97016397860
-54665423284
-4718715081
-34779900921
126270146091
-56631335520
-110672817424
125738750687
-125359402107
46746807628
-41630487481
-5541276245
113996746559
-82656692325
-128643047763
75329847975
-92847613852
-18944013615
-113927159121
-111170995444
49210557646
128633110273
113157668500
122432155616
103256777101
-113009105710
113009105710
-113472644640
-131820145638
94132906825
-117054567413
-7262074737
131903422754
-76719869075
-92393427513
-117392245228
5138768391
-131494390039
26343785059
-131679393316
-120366160317
14400094398
-121404239197
123055690551
123329968355
122582764417
-181693871
30639290922
130111969249
-108875037305
-130251367990
-117506247271
-131400334954
108472531896
-116732452215
114078483113
127213742729
-117349496229
132443360724
125231767700
119204796045
119522882342
109434302562
-121058861983
59443154287
-121964088939
-131060400114
-68335085660
-136338964288
95865731850
88220681500
137329586197
137080908214
137080908214
136045627676
-35960824487
-136045627676
5246359015
-98754620476
88063454457
138703656476
112132939880
103082327824
92414363464
129116184811
142375079778
142367219468
-143663804127
-134024595816
-53153348597
-137143457098
134556580859
139477637153
145215676142
-146204258217
144108179829
-87800164998
-144589334740
-146828311568
-143863650975
-144604948010
-90728644546
-145736345361
-28624667998
15879769858
136044814752
139060989908
-141771485575
-14636284180
-43815522173
-61438725205
-69551969874
143448739324
-145752001569
-25933745800
58597061295
-64362775653
-143857617565
38622658749
-1286044525
-144617312059
64023050128
145447383317
-66525145186
-152568981387
-42930426104
152243752794
-54843493899
-145400064653
782845346
145400064653
153292565803
152799960264
148667340391
148667340391
-100160355828
86325934493
-154654820189
154793908735
150328366712
-75359026327
100684967991
-155759727978
-4906253930
127863197610
156214128606
-17090559073
91209132767
-72521134123
-155662734817
77063236355
-91804499858
156923089151
-65560615150
156794572896
158019085194
158019085194
-141949872630
-151421633525
-110290819208
-158345957455
-151421633525
428377601
154063991148
-154063991148
154334208980
92377338117
83212587988
-154563909777
75475285715
-13143852575
-155758216711
146891827009
156651305901
-77741187614
-157550847048
156315600047
-155455502879
-25756114461
157268977391
45703175228
157529915925
54331058285
134856966119
157387939452
-156066165396
-71045144580
159890508711
-119006424675
-159965055945
-80038306978
160418488121
-160418488121
-156772133973
-156772133973
-15545362313
-156772133973
1375689624
149418340588
161137751016
160085194236
-159946972664
-48994761985
-159518791912
158747651943
-130204957299
-159152200463
156794766839
159263083269
141817785189
134538706520
-159669575740
-147211975434
162675309326
51201381277
161272627981
-134995518322
163907200679
-166322378535
-69398620169
-166322378535
-163907200679
166537282126
88948676649
77080799525
-169213553366
77278582715
-162800526763
-162877745710
-169910956955
-102941199571
-161950118166
103432059890
901348755
-32958118107
-97159615178
162167476277
171789661506
-171789661506
-171789661506
-149706090188
-172939619674
44747258774
172789492670
157578708227
-79597533628
157578708227
-172534922487
156813586899
172534922487
172534922487
1065821889
157853273362
165408468607
-158314957238
-21304519392
-67685241695
95198974577
7889111527
95585860027
-28094821954
-147219285402
-91624020411
157096894676
-37892335970
172139506167
-107087023811
119191910650
-171880169568
172696216200
-171987503372
-173520558459
-173628410494
-69385722582
162528599129
173628410494
171308161787
-162380070857
-161612818623
173998775769
152628528877
-162450085447
-21068762847
-78073226902
-114139499271
65075621115
-161676986503
172143359176
165558121567
174461899088
174461899088
-162674082107
-175808736957
6599260468
-175954329475
162499359531
-231036236
166124415396
166124415396
74737312519
59659635743
-176618971199
176618971199
-165801399688
-123377871968
-165853286163
137282757276
-154059388152
-173607870518
-180052424191
180548324001
180548324001
-181217853438
174943711059
-176066921385
-181223285743
181223285743
-176780436897
-180606471159
-175732586993
-181261104462
176714836947
-123398150468
182966947548
-58681485078
162782479481
177879835388
55860444917
-176656195697
-60035059218
140405387131
-182659941825
-182659941825
-178410202129
182266015278
-182945010913
179063983866
140230090572
-180480288948
-180480288948
-180480288948
27965288951
185470467071
-186279284829
76730161225
162769999436
-180482341330
-187897688751
-183616096478
-17411440614
28823908140
188621592889
124285816635
188038483386
181357500605
31947536951
185579127472
-121113307103
