4000 1000000000
? 39
! 2 946299687 800357728
? 43
? 1
! 8 965877444 305515528
! 6 996735757 140799885
! 1 931621065 711767834
! 10 964173744 497558252
! 7 984459832 760361745
? 46
! 1 996850556 390241541
! 9 952576656 123852105
! 6 973346579 770474939
! 2 990913423 853448611
! 4 933404196 220619230
! 5 913947229 498914590
? 13
! 9 978137293 415037788
! 9 985481122 239765850
! 1 977123077 349896065
! 3 987130774 781712004
! 3 925343398 408638003
! 3 986830276 855752558
? 47
! 1 966052044 823423241
! 3 966108384 316719350
! 6 946191681 386378110
! 9 993695718 347368705
? 32
! 2 938569956 831710123
? 950003623
! 7 982783683 210180250
! 9 910536285 344501084
! 6 937391347 378523912
! 10 949042279 849854524
! 4 950633202 628358639
! 9 971964975 304662345
? 944284202
? 49
? 905816054
! 2 952454336 395407222
? 46
! 2 928556746 701662690
! 6 998160475 172131993
? 946466243
? 986029787
? 20
! 6 983193938 807575618
? 907120158
? 5
! 9 910206565 289344822
! 4 909376083 302885508
! 5 954229765 501294347
! 7 966540013 354407501
! 1 935141053 384243939
! 3 918072598 590184713
! 2 903469701 101437780
! 4 913730635 188282855
? 6
! 4 932987073 447643601
! 4 978774254 875712216
! 5 992371488 806911779
! 2 910717819 495433950
? 957022940
! 4 945350234 949186192
? 35
! 1 947953412 298130078
! 6 950160904 515604246
? 977267277
! 7 947469828 239498147
! 7 982936007 334712162
? 2
! 4 911938613 277824960
! 5 991239923 489878132
! 6 990817422 100182217
? 903680248
! 7 959100247 844234866
! 9 996260375 505848227
? 947775431
! 7 954521703 822147073
? 920780703
! 7 940386598 537893244
! 8 950291426 555589648
! 10 909897318 790507837
! 10 925348383 941406197
? 929380679
! 1 918530648 590928579
! 5 968673807 937509936
! 1 966601864 507205610
! 8 934908294 111322103
? 920317699
! 3 908147462 899967321
! 3 967146512 138426906
! 4 944015539 752414411
! 3 952757377 183098753
! 8 961292185 132629033
! 5 901289724 687178578
! 1 997079567 283979833
! 4 900518464 368835806
? 972613838
! 9 930417549 663831219
! 2 917353387 293932740
! 8 967774975 895801830
! 9 974481504 784845300
! 3 968265941 871668643
? 4
? 7
! 2 922372926 525612249
! 6 909664706 248525388
? 36
! 10 956383626 452597171
! 8 941035826 647403567
? 6
! 3 965412446 268680354
! 7 965407305 484146827
! 8 959242534 410590165
? 37
! 6 990517549 470546732
! 9 912043503 573268772
? 32
! 5 971832681 813867656
! 2 913106231 389887293
? 13
? 50
! 1 920185278 408807469
! 8 900980650 123452055
! 5 907835259 388455575
! 1 944092097 862437425
! 10 933668948 488964778
! 5 980315275 247406100
? 8
! 7 942183937 710321566
! 8 911938176 121698785
! 6 900044616 261240511
! 8 951783661 569493757
! 4 901866388 690056413
! 3 960880102 610701893
! 5 911970262 500011021
! 9 910726851 750394002
? 911444898
! 1 913181916 298038137
! 1 930712983 982916498
! 4 947492573 962649074
! 1 978258070 932504345
! 3 924830131 155489896
? 8
! 7 935957363 710992318
! 7 968482422 392772847
! 8 917723124 639213096
? 8
! 8 951012798 845399698
! 6 932595876 931343496
! 1 914075111 276666315
! 7 914489749 125245503
! 2 960184000 566149042
! 9 998070245 867685990
! 7 970674011 248715518
! 9 982423642 761795862
! 4 937374896 625385002
! 7 961015817 764080740
! 2 905967762 642979932
? 35
? 20
? 44
! 9 944054804 678789147
? 4
! 8 905574119 706432527
! 5 949788962 999384792
! 7 990725862 890640618
? 996977858
! 1 925775935 179317361
! 5 938668459 464614661
! 2 970490019 816824733
! 5 983981393 603941375
! 4 998534064 375260158
! 1 951467994 977773713
! 3 982479424 521009748
! 3 964765509 959762369
! 9 957073119 326351802
? 46
! 4 908234922 710502677
! 1 964721800 946982722
! 4 951707213 701553701
? 990335910
! 7 944228490 293940509
? 31
! 8 901900404 270428843
! 8 999130018 536377627
! 7 948354817 433115677
! 5 980008737 757234839
? 31
! 9 931606335 666243858
? 967758350
? 956973286
! 2 908545633 449590603
? 31
! 2 961867214 886603427
! 4 920567360 582238298
! 9 999069168 660790724
? 40
? 948711396
! 2 962454770 771410051
! 4 981283302 371624913
! 2 957860946 863753055
! 6 992906768 167349941
! 5 989326371 985415711
? 42
! 6 905871441 229595199
! 5 954310868 950146578
? 13
? 927342681
! 7 942864943 679166883
! 10 984928417 853667778
? 7
? 38
? 993845775
! 1 994092830 476832174
! 1 984781532 723624584
! 1 977554908 822876291
! 2 964603770 789392734
? 45
! 5 901286070 812304155
? 13
? 14
! 9 910303437 778139954
! 3 964716516 658447648
! 1 969169751 249307235
? 6
? 19
! 3 955668327 396183939
! 4 928746515 543390846
! 6 955431338 725129457
! 6 955536763 111772989
? 33
? 12
! 7 973291612 424617487
! 8 981969934 550918651
! 7 926400640 192056867
! 1 900232072 144690073
! 10 931231959 543005460
! 10 911536659 623780476
! 10 968099798 855718707
! 9 936678901 266803605
! 4 953213473 399643532
? 949101699
? 11
! 1 989331181 943846755
! 3 966809318 254545979
! 7 915875022 526612568
! 6 980304761 739628946
! 7 921347672 527723437
! 1 943848234 958890519
? 946684138
? 915547044
! 5 939926552 339054855
! 1 963118906 918585905
! 6 903651091 987877820
! 7 968182644 773648701
? 48
! 1 952377764 771494038
! 7 944246582 135236026
! 3 965710506 152886637
? 7
! 2 942687883 338418862
! 7 938662164 172806195
! 6 939362162 858605825
! 1 935559570 540935657
? 977052530
! 4 948584065 557287892
? 17
! 7 962657445 214971871
! 5 945854423 423693011
? 41
! 9 952620015 173502518
! 7 956031886 603537021
! 6 953298043 867723936
? 37
! 1 914153197 902747893
! 6 922671595 996826257
! 9 941775597 471216690
! 3 956165982 554447997
! 5 981934476 296951210
! 6 922597514 566488683
! 2 947246340 906629762
! 1 933170542 920311856
! 10 988908431 780395972
! 3 939067188 102718165
! 2 972296591 309404420
! 7 923902474 564023452
! 2 934136158 323969209
! 6 924746169 250455951
? 10
! 8 900805783 204882650
! 7 979809092 515453808
! 10 979473616 762490633
! 4 903188937 732560393
! 9 943739378 844901402
! 10 999926683 512225149
! 5 994486358 554664275
! 4 940003375 683877221
? 4
! 5 943828812 274025537
? 16
! 10 931173425 302392708
? 957974216
! 4 983051875 891567671
? 7
? 989119092
! 7 957914166 139631754
! 3 902115788 929507686
! 1 993027187 602680166
? 1
! 10 916411046 237822702
! 9 973134338 215477137
? 20
! 2 924505019 854439820
? 5
! 9 971612854 694285068
? 976657515
? 10
! 4 966584967 906501770
! 5 956811601 235733433
! 8 944386954 555523446
! 7 902630018 869077782
! 7 986031313 737062799
! 6 978601015 223526636
! 4 966907023 538979461
! 6 974914225 630232062
? 41
! 9 927762264 456719481
? 17
! 8 922986681 250637692
! 8 913849546 483079198
! 8 982945935 420036710
! 2 929417602 912325161
! 10 920251601 971097016
? 925459154
! 9 997852750 626379212
! 8 904567323 590320616
! 6 934517323 627978682
! 6 936059673 241632239
! 9 979699270 479902193
? 39
? 7
? 47
! 1 981058581 897235766
! 10 936701555 463400996
! 9 955509167 528132805
! 4 949843405 458819501
! 10 901420627 802213159
! 2 989416421 624863217
? 33
? 966071648
? 10
! 7 956400979 286205136
! 6 917582731 318248095
! 2 987151770 490022345
! 5 920985645 333625129
! 1 930715124 483643197
! 3 924454175 200528356
! 3 962369690 618099615
! 4 910556976 825161651
? 962226053
! 10 956790571 291842668
! 9 927180530 404256759
! 3 997332599 346552500
? 997159746
! 8 987844029 284360873
! 9 940829173 168247576
! 5 907439921 233354461
! 9 939829322 453907873
! 2 982441515 654901391
? 949680433
! 9 974515990 284924469
! 4 961097838 525055373
! 5 976472041 993245477
! 2 913472340 800690157
! 7 900800894 852415670
! 10 944230919 238598584
? 949393410
! 8 969088660 448464659
! 1 920729693 673302409
! 2 990026612 860991844
! 10 982475042 318318480
! 1 913294513 732944744
! 4 957591986 705824886
! 8 973428204 399597873
! 3 961143987 548879981
! 5 969275151 274131931
! 8 945284222 612748702
! 1 998835263 636547704
! 2 996006090 748699890
? 20
! 7 978687185 350294020
! 6 944463922 670924432
! 9 980474775 593697867
! 2 996025118 656125293
? 2
? 984792927
! 9 921657826 576583861
! 10 947794267 330847238
! 6 919113295 854620877
! 4 920335179 820106742
! 7 948469814 744989637
! 8 946582017 570679503
! 9 983901861 786397995
! 7 988048313 949960513
? 6
? 41
? 40
! 10 936180984 582378614
! 10 927670767 343589497
! 4 982135153 270939985
? 15
! 7 963582647 954998873
! 7 997862196 166483784
! 7 937911965 328149069
! 1 922050374 577871876
! 1 902006413 494407641
? 2
! 10 946640450 762402645
! 4 999286733 631101709
! 3 904937153 844285446
! 6 900492296 460398910
! 6 986122976 597201696
! 3 925494983 614202341
? 35
! 8 919111419 567177229
! 5 989287211 894665312
! 8 934327460 939362750
? 3
! 10 989964091 908488400
? 912163504
! 4 964732403 315849226
? 966602917
! 7 999988447 830603136
? 43
? 968165927
! 4 980906203 266377265
! 4 926962846 282564202
! 3 948220380 723487961
! 7 928586891 573179202
! 9 959379477 237687270
! 8 932973351 813957118
! 5 938314521 821334528
! 4 972185860 736546838
! 4 933358440 786319198
? 49
! 10 994901188 930718944
! 1 954488979 372591120
! 8 985843409 102341691
! 5 974992870 419438337
! 2 902284263 863292810
? 976437155
! 10 974683437 987493586
! 7 942024853 211555895
! 6 958414946 620343035
! 6 952140156 789501698
! 5 925205872 704675271
! 6 975653590 579115061
! 2 905954175 233702833
! 2 930257548 523953185
! 7 994727638 386486152
! 2 990608737 538466126
! 3 930324351 720021585
! 8 998402919 181448756
! 10 952863675 713117470
! 8 974553845 377347299
! 6 984022665 988149073
! 9 973404155 690404220
? 915146444
! 9 932873710 788907607
? 42
! 2 911575384 699999798
! 3 942796448 302967573
! 1 928155134 321287202
? 2
? 927977862
? 17
! 9 952928380 916599485
! 9 954019644 864150773
? 11
? 981671974
? 17
! 2 995319075 103383734
! 6 911906739 762931095
! 6 946677076 911500921
? 964881146
! 7 954926977 918673552
! 10 967217268 926190428
! 3 963761394 702262352
! 6 949068314 464281055
? 31
! 8 968390946 145775253
! 2 901369658 700823895
! 8 963034791 443970273
! 2 907157600 696324070
! 7 968950746 682796451
! 8 906620785 183286902
? 12
? 39
! 2 996448622 317303561
? 34
? 43
! 3 948048767 400400270
! 5 929464426 687390942
! 5 990315044 154740680
! 4 927169199 334329152
! 9 985329211 342990876
? 44
? 928947327
! 4 930589615 750644248
! 4 908723332 938770542
! 2 943829528 747353199
? 16
! 5 977025847 229342348
! 3 976202030 109895700
? 13
! 9 930132577 326348132
! 9 905438109 563779188
! 5 944642324 381569512
? 958308556
? 971048208
! 2 989466035 696155283
? 976300612
? 905968506
? 15
! 10 964947943 320104335
! 2 932517825 449298460
! 8 985264674 116536724
! 7 970144764 270765578
! 3 984651109 862828404
! 6 939731700 603886231
! 3 903364183 750852516
! 9 961779386 406879560
! 7 934763418 471777983
! 3 915348015 474209630
! 6 977419141 198385459
! 1 912080827 473412447
! 3 901238014 594275697
! 10 980472487 989589302
? 2
! 3 947227165 362228437
? 956284016
! 4 950766155 277985966
! 5 908689060 516953275
! 3 918651415 232563102
? 930238371
! 2 913037005 348432901
? 16
! 6 970304525 137593360
! 6 974370907 694994208
! 3 975751973 737235716
? 955089830
! 1 978856296 259175944
! 7 910397468 969305985
! 9 958259021 211124901
! 1 917228219 457395898
! 1 938002869 619500567
? 909318301
! 7 994357557 165786671
? 42
! 2 926113554 631852178
! 2 902596260 704740922
! 3 909895505 180400618
! 5 963303783 789188384
! 8 972625342 251661092
? 8
! 8 986161850 937772888
! 5 912412885 944692515
! 7 971315472 700593121
! 3 910645489 689311524
? 10
? 49
! 1 947783274 147308139
? 4
! 10 909356454 110100304
? 12
! 5 949743714 912879350
! 7 908227650 543230959
! 10 961900516 511704476
? 3
! 4 940207090 616092538
? 982788148
! 10 958065822 911740866
? 46
! 5 931187900 691220618
! 9 997210191 796165426
? 41
! 7 941434649 616223284
? 31
! 10 995742254 699329389
! 5 910274152 286146415
! 1 941540666 248853068
? 4
! 9 984155717 779479584
! 1 940046742 483306177
! 8 985975198 859839623
! 3 934526187 974378949
! 2 941320462 491103925
! 8 973368713 785684188
! 2 912429403 740284625
! 10 940512092 706546483
! 9 900167965 122928424
! 8 922405923 667051380
? 2
! 1 982810353 957963811
! 9 965050708 228720461
! 2 927514282 465810641
! 6 984636929 355384677
! 1 902860186 511536696
? 989623809
! 9 988188206 336039109
! 4 989947312 781629719
! 9 952633993 612761970
? 956814330
! 7 934948159 123278998
! 8 960159067 164771373
! 7 924063730 765048713
! 5 965256256 317379153
! 7 922359873 504290090
? 901539785
! 9 922856409 786674850
? 5
! 10 983707612 223932640
! 5 994135261 207493676
! 3 973314962 583285819
! 1 964427617 466004513
! 5 990816449 232749726
! 7 981845825 979426036
! 8 920894358 786394662
! 7 915820429 281944575
! 3 933348337 665911414
! 10 945823171 185619792
! 3 929173758 575267246
! 8 908830008 615910876
! 9 914488453 639903330
! 4 952933066 110372309
! 5 932328546 237857832
! 9 960731706 269789630
! 9 999804211 455101268
! 3 933186440 694062032
! 1 920844051 692462004
! 1 912606675 475206019
! 5 930879716 770984087
! 9 987718802 268256269
! 7 957894337 327396747
! 10 904658065 337340623
! 2 961290552 917537173
! 6 904628385 660629682
! 1 983789987 606045120
! 8 974448754 880399788
? 3
! 9 902789266 615597326
! 7 997115873 246771738
! 10 906921976 380236508
? 954937439
! 1 952215589 900884717
! 4 983275460 919368073
! 6 968890222 891908797
! 5 985433066 854609013
! 5 925072670 137666190
! 1 911300237 127281811
! 7 990692046 141857311
! 6 946228093 401960018
? 935034549
? 30
! 2 945946947 249865481
! 8 946116605 132265592
? 947328238
! 7 937459837 745932023
! 5 915104623 645594294
! 10 981589837 781175508
! 4 981949278 482743592
! 4 961698895 315430431
! 6 977207391 647926947
! 4 967436509 984828962
? 33
! 9 968659368 668056132
! 1 937402948 265799168
! 7 909649279 802273062
! 9 949139231 820978494
? 6
? 39
! 8 959759758 662026729
! 10 903169906 643859704
? 2
! 5 994749579 714431476
! 5 927830784 745064586
! 9 947896225 878207985
! 5 941595737 180089948
! 7 932556202 955943623
! 9 981188860 227211002
? 14
! 1 994592917 579521752
! 3 992753602 871164050
! 1 948877492 553117238
! 6 996733247 315747244
? 964999864
! 10 976942876 885494454
! 6 966793901 748822752
! 4 932295411 601484330
! 7 913875349 778686072
! 5 907394460 284382556
? 914309472
? 10
! 8 913727526 669888954
! 3 920316423 955087288
? 968651852
? 976432511
! 4 921840819 519652551
? 966698934
! 3 953067443 952451694
! 10 991924637 981041732
! 2 937429877 761734362
! 1 914681380 242473940
! 4 962930132 513415880
! 1 986446461 597206134
! 8 972803356 500157331
! 6 979298035 527334655
! 4 949085555 920090312
! 5 939737744 369549915
! 8 981345246 918576437
? 903681965
? 912596827
! 1 959925013 108560369
? 32
! 10 947463257 222234435
? 952223774
! 7 961301593 792662337
! 2 941168836 123827624
! 2 942486518 475199589
! 10 991963754 934070580
? 18
! 4 909523356 679068334
! 2 935080593 551906510
! 8 939145905 683246069
! 3 936090813 577051102
! 9 998797954 793848846
! 7 922465013 681184060
! 2 960423459 923010218
? 38
! 8 998723114 696198259
! 9 996002291 623208709
! 10 984524569 280117028
! 10 943398626 807807855
! 1 960712924 563619582
! 3 915945527 702332806
! 9 988354674 309480896
! 10 975446425 655391428
? 7
! 5 943164523 310404483
! 9 913379847 284840972
! 2 915210941 293859080
! 2 988468679 755859503
! 8 948402445 610682671
? 979817990
! 4 919207485 468588994
! 1 970976134 871303331
? 911021961
! 4 974383270 259753665
? 45
? 934780905
? 10
! 5 900948143 619887779
? 20
! 1 940151330 369303998
! 7 965518874 935659078
? 11
? 43
! 2 997212325 739997770
! 1 915642453 581649780
! 4 914114829 871439380
? 41
! 1 971515906 813261670
! 8 922336884 270467271
! 6 982060411 168869280
! 10 992211405 128616239
! 6 993209212 802948521
! 1 978033319 640722801
? 7
? 10
! 1 902294798 513134953
? 19
! 2 913962912 838572076
! 10 981570694 166557232
! 9 943230117 232462732
! 6 914686368 920704082
? 928516231
! 8 990448988 967696169
! 3 948816382 940345892
? 48
! 8 978865199 161545133
! 3 952793740 114408881
! 2 938777669 468181917
! 1 946569283 763690737
! 9 902474575 649297064
! 7 914600948 240256933
! 5 968712828 137934730
! 6 974690372 866502118
! 1 959582672 861746910
? 4
? 17
! 7 924179322 573911253
! 3 930744088 820558165
! 5 929443580 218160704
! 8 914901303 769427813
! 7 922193171 465339997
! 7 992646335 346339749
! 10 945282874 499157030
? 955134954
! 9 957921361 284226973
? 940442579
! 8 929435580 999714180
! 7 934469395 486292053
? 31
! 9 980975636 380051954
! 1 941108902 132478381
! 9 910604018 481495852
! 4 917042917 759749619
? 19
! 4 903327040 781025420
! 2 922610451 266190548
! 5 963088214 273653317
? 916269797
! 3 968499238 755376258
? 6
? 6
! 3 901741424 307441200
? 982519513
! 1 975295591 974591557
! 10 955700188 170579652
! 9 992037441 316724861
! 8 958178371 908500150
? 48
! 2 928006408 518933747
! 1 950118907 142598317
? 933720241
! 5 914385414 272331439
? 973989173
! 2 953447303 687397965
! 7 992270504 366687472
? 2
? 15
! 4 905378803 510697715
? 19
? 977616669
! 4 953961165 917471255
! 8 905664901 317038700
! 3 973425979 160286577
! 9 904164903 982974006
! 3 973368997 232268925
? 1
? 994078147
! 8 998319870 981076307
! 2 992357345 256171530
! 4 974043263 378448654
! 4 989471731 128825192
! 6 909450082 429343326
! 3 914238101 187906913
! 5 991882715 738681937
? 5
! 6 915002792 177618829
? 11
! 5 907516109 968294042
! 8 991697879 859541746
! 7 995032787 742657461
? 970810940
! 8 939977469 632203506
! 5 955800891 331206932
! 8 999528871 676751901
? 34
! 8 972272508 836821613
? 8
? 8
! 10 950572856 115372594
! 7 933562336 858404129
! 6 934177083 721990185
! 3 923462674 491500877
! 2 984610705 694754795
! 3 945400003 957367396
! 10 909078517 824805823
? 905047225
! 1 904458181 346627865
? 935342065
? 46
! 7 933307951 727023812
! 3 927438752 401066887
! 4 983447487 605886306
? 14
! 6 939587907 128634550
? 49
! 7 998008885 760360268
! 5 913492181 378924639
? 13
! 5 922531568 833616191
? 2
! 10 988266236 220545181
! 10 959725308 751056728
! 9 912958100 793591978
! 5 933067187 293197157
! 10 907741184 363684520
! 7 970083997 950494221
! 8 914155459 962038445
? 1
? 44
? 35
? 903672753
? 7
! 6 960274624 407495767
! 7 915852120 179828436
! 4 975115803 774362383
? 33
! 6 982568487 163096351
? 32
? 7
! 5 916257037 601121778
! 10 917150599 860052147
? 12
! 4 994575123 643268079
! 1 992728101 733746299
? 946950351
? 917528357
! 7 981542282 335390629
! 4 970049364 168432583
! 3 936624785 960715284
! 4 907398645 838731341
! 1 917347008 809935322
! 3 933749166 413278169
! 8 956794052 699917789
! 2 998598611 737885385
! 3 983974858 979501808
? 41
! 1 919544462 691689380
! 4 921876375 236201717
! 10 902328549 106420960
! 7 970485375 520246195
? 971632446
! 9 949726781 366864312
! 6 958869305 102305127
? 34
! 1 928053246 100640627
? 20
? 46
? 19
? 6
! 9 984768377 766384206
? 912025906
! 2 974332601 608323555
! 1 938710331 639062476
? 18
! 8 954258940 973542000
? 35
! 2 969184367 297898385
! 7 953459492 426780928
? 13
! 1 946463834 166701141
! 1 980249136 760648656
! 3 950933714 591971165
? 31
? 4
? 43
! 6 915528157 405506906
! 7 951566667 406156039
! 1 902839085 871230989
! 6 995621909 409224186
! 9 990828856 869687286
! 4 966302301 537000055
! 5 927660958 617239087
? 5
! 10 998771537 162801061
? 15
! 7 945021043 220495327
! 10 932214194 133179527
! 6 986317703 937855066
! 10 936316993 331132276
! 5 916497951 964643516
! 8 983500913 310511671
? 37
! 1 917690487 140459347
! 7 907344337 622820823
! 7 924402139 871165463
! 2 988464299 298109689
! 9 900458699 784421873
! 1 950240058 641271160
! 4 967680485 772840509
! 5 934797755 545559625
! 2 914352669 662904774
! 1 936919337 201428797
? 50
! 10 936733207 166846673
! 10 950416651 152547500
? 996230323
? 36
! 8 925225921 561638596
! 10 913895957 280466484
? 937489236
? 973672963
! 5 967259381 477211813
! 7 940700349 765567942
! 9 988377866 590171993
! 6 999583639 649865487
! 9 953940078 148128823
! 7 978620145 467550538
! 8 922086692 902870256
! 6 969950663 579822673
? 954110222
! 3 999617643 536086371
! 4 936967747 684867803
! 7 949357113 817755956
! 6 969735265 178536942
! 1 909116301 162384210
! 3 929642856 275367333
! 3 960097317 578762515
? 43
! 5 974892209 392070895
! 7 982978508 915996122
? 928108144
! 10 928237514 384320876
! 5 942441386 163472575
? 33
! 2 991265197 731888916
! 5 939209487 718197211
! 1 989183258 777035425
! 10 936222756 320377562
! 7 903873654 640185661
? 7
? 938318723
? 976523315
! 1 900850889 290290808
! 10 983040235 191775786
! 7 995692674 283539287
? 44
! 5 974742884 515430071
? 912229638
! 4 957086707 713660218
! 2 968242133 596263907
! 5 969545137 745890754
! 3 942977963 753210689
? 12
! 9 961961068 278168116
! 1 957986468 158605265
! 3 943287939 954697713
! 4 916620233 256435586
! 4 980837355 233550959
! 8 940214960 785440088
? 923539362
! 10 956346885 497130420
! 1 962493898 196460280
? 37
! 8 987366509 444271006
! 6 928806893 521606681
! 3 903881631 254129862
? 918892011
! 3 992212559 724539203
! 1 936554921 172802794
? 35
! 8 931781490 675210659
! 7 956953997 596686677
! 8 915310608 812558176
! 7 913667086 834182806
! 5 906716610 413966370
! 4 901892483 268891319
? 16
? 35
? 37
! 8 999351399 168959662
! 2 978288964 343297330
! 10 911913329 684292206
? 15
! 5 915140129 472313936
! 4 992634941 238537727
! 1 945313569 588478600
? 927261176
! 10 926049549 993840292
? 5
! 10 905780842 389086472
! 1 919996182 398624601
! 9 933744915 648311033
! 6 912494170 501906814
! 8 914870064 693985630
! 10 976642597 400463665
! 1 945619280 637142987
! 2 936343397 776101694
! 1 980993506 910553479
! 4 901248096 872534103
! 6 945020615 929280400
! 5 962925402 293289914
! 2 918990314 517858144
! 1 978688094 130857253
! 4 945797840 910832073
! 4 902296134 970208432
? 929947448
? 15
! 5 938017487 695020961
? 940240542
! 1 922728597 989547182
! 4 927358069 416852645
? 46
? 8
? 17
! 9 945418965 252436093
! 2 909124942 756739004
! 1 926095832 338832282
! 9 943634911 982624113
! 7 996380478 556269541
! 6 960391635 829854248
! 4 980942239 776059029
! 6 910410116 660194356
! 9 950920517 667112678
! 4 970541976 502248949
! 6 946545767 926044849
? 42
? 49
! 3 940542346 995521439
! 9 913652620 839218416
! 7 904805604 923102645
! 1 953644544 886427297
! 1 972023786 802141693
! 8 909928031 780717950
! 1 906209151 674753235
! 6 974110997 953749650
? 30
? 928211390
! 9 974999647 251077696
! 2 912087349 973022978
! 1 967366695 846193522
! 10 933805978 902217062
? 39
! 4 905000162 119692275
! 4 946013914 366351290
! 9 937745237 827645385
! 9 980109367 347317172
! 2 971052589 564822383
! 9 954143686 355411897
! 8 915255979 827547689
! 4 915582965 484224117
! 1 951302401 841764862
! 5 925144047 197101407
? 50
! 10 954791670 881024657
! 1 951870149 975529656
? 31
! 6 961009504 838644238
? 13
! 4 930855130 135097676
! 9 911746337 633978920
? 15
? 1
! 9 900912736 908610956
! 4 920495816 600465873
! 9 923381030 818428344
! 2 995388887 407766131
? 32
? 917864087
! 10 941078401 941919113
! 9 930324988 513889112
? 42
? 973981321
! 10 963932440 849527057
! 1 991663371 420302959
! 2 931802034 101577827
! 4 994941395 615157687
? 8
! 2 964299819 976538361
! 9 927120326 272844433
! 7 966726007 663331937
! 6 944135855 371761457
? 47
! 5 965271636 917202276
! 9 950241464 177887460
? 18
! 3 935894930 378450198
! 5 913038067 117591935
! 9 909883063 325978485
? 2
! 6 965625480 180141001
! 1 927166878 329759067
! 5 990513765 833735940
! 1 959883429 677718548
! 3 953892304 621559436
! 1 975432077 918432353
? 997591722
? 922151150
! 10 997286107 371484895
! 8 983188464 226330336
! 6 952673770 811797354
? 2
! 5 949030334 694598085
! 7 978808174 433145490
? 921408505
! 7 985142402 498624904
! 1 964803998 268917362
! 3 968422353 891082275
! 7 947815679 384980718
! 1 916017339 664436402
! 3 955693177 674295230
! 6 993874082 835159812
! 9 947358232 123844072
? 37
! 3 975005365 834883087
! 1 919627549 813579201
? 6
! 1 990338487 935912989
? 967980763
! 2 949786333 743217785
? 911754909
! 5 920443554 149862366
! 6 986091808 346662976
! 3 962120866 128060035
? 37
! 1 935974872 865068492
! 6 908102950 248672866
! 10 913296943 866513799
? 33
! 4 994045584 163205281
! 6 953290284 590698874
! 8 933103519 852742187
! 3 945647444 295291422
! 9 975378147 854537724
? 1
! 8 938149598 974497911
! 6 919936375 839513216
? 8
! 2 977885588 370347893
! 2 930888228 268235552
! 1 992014432 260093116
! 2 957642723 315105700
? 39
! 3 902514198 362768384
? 903048968
! 3 937794753 809666351
! 10 916529936 491095536
? 951299155
! 4 952435267 404795260
! 3 950255464 580548127
! 9 970616948 799648228
? 4
! 3 997654348 860905263
! 1 950552795 986209040
? 981941784
? 958997390
? 13
! 3 911242503 918890564
? 917227777
! 10 981679289 766098936
! 5 923765300 416111377
! 10 910733750 720814401
! 2 900970857 561276443
! 7 950736602 340085490
! 7 943330599 872950959
! 10 962478882 766296847
! 5 971728683 367926866
! 6 996441897 497889343
? 15
! 6 939454988 740028419
! 5 974295451 481452706
! 2 971417336 355771235
! 10 955767747 313766835
! 7 917423623 985426349
! 3 984931116 391037750
! 5 902341431 761950726
? 991344942
! 1 917138851 939751764
! 1 983884521 539778164
! 9 968631421 556276214
! 4 948294194 381119158
! 8 938999200 576038634
! 3 975921376 279576124
? 35
! 3 930174241 827907170
! 3 992026174 202975378
! 2 994535352 943751173
! 4 972215960 547615852
? 957895872
! 9 917457296 720930487
! 7 980642912 921127396
! 6 928353602 603153692
! 3 968109345 842345949
! 6 997690589 693070289
! 1 942106686 146077217
! 8 973222869 641600374
! 6 992582683 244641098
! 4 927098744 282634334
? 950221410
! 8 961895454 435024201
! 8 974254687 645642994
? 937214327
? 951380918
! 2 953128443 179507379
! 7 918609502 883005218
! 8 954404559 269974784
! 9 954263466 417504840
! 6 927492433 634258723
! 3 920708945 426744473
? 49
! 5 920468264 641487136
! 3 911351111 992626400
? 7
! 3 903234467 291218687
? 908356139
? 9
? 979591498
! 8 999185703 241696799
! 1 918343218 275018775
! 10 999658018 757671883
! 1 938395979 726655023
! 2 965078312 317865325
! 5 994309258 528184744
! 6 995176075 609071744
! 7 941463689 546952818
! 1 997607961 975654751
! 7 944140133 910930648
? 924301297
! 4 934640728 679834970
! 7 985624286 137872534
! 8 941705159 622885842
! 7 939832857 150502585
? 941793556
? 11
? 41
! 3 977428202 448010464
? 3
? 4
! 5 933867732 177677471
! 9 900580475 894783121
! 7 930561773 613341588
? 17
! 9 918915943 527027635
! 9 965980474 301747004
! 7 974272675 456578515
! 1 940691805 670329947
? 950146361
! 7 908090885 728255556
! 3 911507270 762164806
! 5 981584558 721569105
! 2 937844254 385502511
! 8 971765229 920233443
! 8 933293895 239218487
! 9 929101932 179175924
! 7 982460625 579589491
! 5 964702340 422766723
? 43
! 10 961122230 181160544
! 1 950517443 176804536
? 14
! 7 982134304 369449473
! 9 937691794 203938272
! 2 953348997 139266088
! 3 933187867 821501275
? 984558221
! 7 935769671 636709199
! 3 956042445 555409567
! 9 905254678 527151602
! 6 946111512 784921771
! 7 986480985 194716597
? 11
! 6 971520729 528071181
! 8 960149944 356643818
! 9 929212852 302470648
! 1 953340479 990546805
! 4 947443581 831542637
! 6 975307927 314854014
! 1 944407974 721000077
! 7 960385518 627050501
? 35
? 14
! 1 977423130 419396393
! 2 902609864 981067637
? 45
! 1 985429381 355840188
! 10 930294311 356495040
! 4 968864661 626917617
! 10 936365101 525235291
? 990521222
! 7 914871699 825310168
! 9 918374443 380790633
! 1 970888550 612040709
! 6 971096228 366822508
! 3 929304186 357376429
! 6 939779992 354591596
! 8 946788071 405207005
! 10 988620325 503538371
! 6 977233170 395837640
! 9 989580790 710995859
? 983945985
? 44
! 4 978691021 400029423
! 6 983644571 769618187
? 4
! 7 936957220 628686414
! 7 972477307 497090152
! 6 977906900 700247532
! 2 999833991 497495301
! 6 901881478 455402881
! 7 917769654 316540675
! 6 985998557 133994899
! 10 905763736 498653379
! 8 930141394 751694508
! 9 916876151 340007989
! 7 918700943 708033652
! 3 968293404 759732980
? 910016576
! 8 962206120 764134244
! 1 973687335 795602708
? 906116946
! 5 990451719 245833321
! 6 977258340 466869465
! 10 960005370 380931105
! 7 954438152 111666681
! 3 911735903 644882303
! 9 992623967 792020793
! 9 995627563 764306429
! 1 911862868 670519671
! 5 997711021 815508117
! 9 938021356 611667119
! 7 966110571 332404248
! 9 918886005 902569099
! 4 987773042 574616485
! 6 949281225 412686822
! 2 945854366 885993141
! 10 942785775 303284869
? 934212799
! 5 958339703 154051710
! 5 920028282 350502391
! 8 950729567 874406449
! 8 939827291 955206136
! 5 943157637 344088382
? 11
! 2 987625936 290466039
? 35
? 30
! 9 938703144 159910992
! 4 941248256 413015635
? 37
! 7 938862067 385663900
! 8 924672163 579876371
! 5 980038224 700862653
! 1 908150802 228230586
! 8 924156806 989681729
! 7 906799488 855678998
! 7 958911315 490014560
! 5 993613274 548975704
? 17
? 18
! 4 948526458 514583877
? 919392712
! 9 900834107 846118336
! 5 945930484 542172768
? 47
! 10 900970994 363101652
? 15
! 4 981186549 264104585
? 997424143
! 3 961033030 463928268
! 7 931627888 997584429
! 10 945909499 964130685
! 6 943890667 369456164
! 9 914919404 553617823
! 2 920619021 886382164
! 3 959901277 186745443
? 40
! 8 978135080 678062209
! 9 968573219 352696267
! 5 962187009 334892448
! 1 913209038 713295610
! 3 927394869 151677911
! 10 920966916 863592803
! 6 905058097 409878156
! 4 930986310 652102777
! 2 941123624 539289320
! 7 927094155 519480190
! 1 949544638 850289288
! 6 912431943 871201067
! 4 938343772 791992359
! 10 922258974 861357864
! 9 980175007 160123488
? 49
! 10 997593343 596833654
! 10 918156868 777561982
! 2 977256610 638212020
! 1 992651224 715013662
? 31
! 5 933986817 595716078
? 2
! 1 936257851 738121256
? 966486284
! 9 991301648 256600171
? 995039465
! 6 916684096 669651215
! 4 938019393 537309555
! 7 962411091 157276487
! 9 999360778 236286561
! 8 929720624 133900564
! 3 980661326 913285882
! 9 997081852 349833526
! 4 937758054 998905488
! 6 975791681 614397870
! 7 912576991 137893986
! 9 984510371 307216562
? 9
! 4 978824047 460858194
! 2 924633791 582849014
? 32
! 7 991343434 743011533
! 7 900091111 285569791
! 5 971413063 240510610
! 4 958540918 828841969
? 45
! 8 937919768 576039333
! 1 945352732 408823829
! 8 991894881 592091076
! 7 933185598 524783735
! 2 979419203 568627940
! 5 956200310 560081710
? 5
! 4 911349252 703636515
! 2 900278933 287576184
! 7 989612912 120825541
! 7 953506619 700279036
! 9 999986178 648909265
! 1 905858817 247811226
! 6 962169932 544158414
! 2 947272895 398350082
! 2 949317417 987612012
! 3 934954798 574054379
? 42
! 1 996167200 564389194
! 2 953528971 240541526
! 3 928882111 761777750
! 9 951458757 202642323
! 3 984066674 948192880
? 4
! 9 993779989 180212727
? 37
! 10 911017462 280156868
? 949132368
! 10 906632713 364718973
! 1 977377886 834576167
! 9 916004877 773981562
! 1 972530557 518518745
! 6 931950014 280090792
! 3 934477721 876105163
! 7 930763534 114514348
! 10 994930481 266835980
! 6 947690470 604838591
! 1 900151445 609932530
! 1 963870966 374616345
! 1 916227074 900368393
? 44
! 7 939621010 231352865
! 2 959282145 509808026
! 1 966323519 610808244
? 49
! 3 903523212 503345296
! 3 924165507 905267268
! 9 978130107 513816164
! 5 936383413 533939766
! 6 969736114 627973522
! 5 934566308 543578886
! 3 974705752 332590721
! 2 934331932 321447687
! 7 910540869 951689478
? 42
! 10 954646508 612189197
! 4 918535933 791657885
? 905347087
! 9 979956316 504812079
! 8 960005824 404044155
! 2 926023539 882035344
! 9 902558343 406781140
! 7 978118824 359586846
? 18
! 4 918384551 832749822
! 2 924724190 748915446
! 2 974662366 935633021
! 2 924569108 829146325
? 12
? 5
? 2
! 7 972415248 303972893
! 1 990537093 157729723
! 7 906331993 165288103
! 9 989712583 627749275
! 1 920988172 379000049
! 9 976587776 149242554
! 3 917465648 233410082
! 9 926761122 181794057
! 10 902068401 245400052
! 7 998020260 354769646
! 5 960511440 757928596
! 4 990022433 805727159
! 9 926038526 242644289
? 43
? 12
! 8 917493692 518925040
! 6 988139058 691718356
? 906696864
! 3 965957446 265783231
! 9 948029708 105172543
? 9
! 1 938869592 310865246
! 10 962612603 743022777
? 981600937
! 2 977566102 117683355
! 6 951643462 834369035
! 3 970159162 766722356
! 8 938873709 853790308
! 5 981440640 374308526
! 2 936144802 611763753
! 10 911492150 836329622
! 1 973908853 903841643
! 4 937817158 930295898
! 4 957231785 346912365
! 2 934076272 822490304
? 906498071
? 926005897
! 9 913926114 982804427
? 45
? 39
! 4 949557288 423008639
! 2 973517657 690717783
! 8 930408475 802808349
! 10 919479420 660131072
! 7 939992614 177803941
? 43
! 9 980355976 613809645
! 1 909874442 146852358
? 43
! 1 940551468 224202583
! 1 911849500 230209300
! 3 985767035 729307899
! 9 934977257 446762238
? 9
! 2 964879531 566446842
! 9 926240409 370027361
! 6 973966965 901895466
! 8 939765604 413896410
? 35
! 10 966639687 872836885
! 4 950161929 191099194
? 903958108
? 17
! 10 977760838 551062330
! 2 940188083 787762723
? 1
! 4 907204893 580251697
! 10 951790942 448795530
! 3 905745331 671002282
! 8 960211606 139181475
! 7 926906602 987261637
! 9 960718039 239836125
! 4 969008816 189845449
! 10 947044427 801569465
? 50
! 7 955370746 469657348
? 989383837
? 35
? 945991027
? 15
! 1 941527152 551195894
! 9 915150421 103063033
! 7 994255137 246238600
! 1 952163050 654645179
! 8 922993958 590825176
? 919612991
? 41
! 7 976046645 113764365
! 1 925752249 466504213
? 1
! 8 971135120 296991762
? 31
! 2 924514095 743461801
? 44
! 6 950837087 808062927
! 9 915524321 898337766
! 5 982951458 646814305
! 8 947812365 699262705
! 9 968089053 895134186
! 6 915247988 122377716
? 951741739
? 996462838
! 7 938713821 163916856
! 3 941468471 570341496
! 7 977157864 183886263
! 3 953832687 834369529
! 4 985316685 477958543
! 3 902376511 867573600
! 1 994379623 996044816
! 5 986444756 701032830
! 5 911626666 923908213
! 3 996429564 930438387
? 988949760
! 8 941485128 157739695
! 9 985112126 730346221
! 4 910734521 265260689
? 907060560
! 2 937849102 707966392
! 9 975444604 667741361
? 972640992
! 5 926257099 671070567
! 5 901499358 144243695
! 4 937296257 492636716
! 10 911359251 602796261
? 15
? 3
! 6 908369569 269948771
! 1 918171307 155391864
! 9 941316859 445854082
! 4 911140754 833465523
! 8 961724430 955361207
? 44
! 10 985466765 837233978
! 6 981492324 998363278
! 7 919925344 445008301
? 42
! 1 951728052 133294490
! 9 956516095 582840859
! 2 914409949 887584237
! 4 932718168 908435408
! 4 922662502 298993604
! 9 946583842 515695218
! 3 924059080 936394058
? 46
? 10
! 10 955943988 615470256
! 7 923588949 578338169
? 16
! 8 978867677 506527362
! 6 962057207 888485676
! 9 983336089 770874640
! 1 969154172 822013053
! 6 988778703 511169281
! 6 913490203 972133467
! 2 990197070 149799296
! 2 924706696 750211852
! 3 980068736 562165759
! 10 959856056 292232781
! 6 991086952 149464272
! 4 948051812 234422551
? 994587056
? 11
! 3 916901135 441745683
! 2 900428823 389823232
! 4 908451874 110367961
! 1 946772667 465663906
! 9 929602644 537637270
! 10 992894628 302724592
! 2 994773849 771304430
! 9 976875633 389498402
! 7 911483410 355707603
! 3 922912408 681891656
! 6 918567058 874335131
! 9 983646188 419041139
! 8 975664919 289882219
! 7 955374832 177422803
? 9
! 9 979941066 276127018
? 979544049
! 3 958545979 979854706
! 6 920981550 432153363
! 1 999007354 902795356
? 6
! 1 913133257 795695218
? 965808292
! 10 983507627 967903322
? 912984900
! 9 908976655 656948920
! 10 955765955 926072113
? 49
! 8 984762669 580746725
? 48
! 2 928022468 441619524
! 9 915990305 313605668
? 990371257
! 8 950780436 184629005
? 3
? 44
! 5 901603095 397988378
! 7 974005388 950270530
! 2 976654044 659611806
! 3 962988565 576222862
! 6 915492942 214494497
! 1 907900736 353003354
! 3 975337885 367173901
! 4 997222493 839008298
! 2 977002469 588402407
! 6 982574763 914531283
? 46
! 2 919899967 175140844
? 914769425
! 4 904223410 285916298
? 44
! 1 955762046 649307151
! 4 951620604 719102283
! 6 905094192 996936575
! 5 979365248 554865314
? 12
! 10 964143178 835303867
! 6 987968763 973189891
! 5 913241363 950088230
! 7 971011376 345831360
! 1 927745937 777592493
! 2 958903173 134994406
? 12
! 4 908570621 551203837
! 6 907848445 339868333
? 12
! 6 975849205 257919990
! 1 913478204 317297102
! 7 975916676 639893190
? 50
! 2 917881592 306042155
! 10 919764049 443046723
! 3 947575578 101661558
? 44
! 3 929128998 625851909
! 5 905512598 923022064
! 8 901061594 912819778
? 948065182
? 914287262
? 960881971
! 2 962273750 736457805
! 3 928318649 299646106
! 7 933576855 624872281
! 1 982542392 475592518
! 9 903144976 923853475
! 4 949953044 393088307
! 5 964968337 496244254
! 6 935513586 945113864
? 44
! 4 965302841 785840288
? 38
! 4 953519800 586266137
! 10 942731948 989949195
? 18
! 4 978836204 497516026
! 5 988601345 522679063
! 7 919742425 626656580
! 6 946804017 953063958
! 10 902108679 592444975
? 977933525
! 6 984322363 240411481
! 7 937618136 886394943
! 1 925084957 122716332
? 930870636
! 6 991676193 213874890
? 992654001
! 9 941111042 264957038
! 3 925010851 511003899
! 9 912448710 586116867
! 9 973283564 792612474
! 10 981499015 887455520
? 916643916
! 1 920667308 381689471
? 11
! 10 916961933 910903065
! 9 986645201 886018708
? 11
! 4 920844228 522794968
! 6 961338470 140121632
? 48
! 10 925242067 395585153
! 4 931812253 291897224
? 939808091
! 9 995143929 572547810
! 2 968582760 348447017
! 2 919872962 726443785
! 2 979333080 809527638
! 4 992844983 668149056
! 3 964672844 229867136
? 985716673
? 9
! 2 987062851 774663001
? 32
! 1 960990619 475363814
! 3 913222748 713955163
? 942220148
! 5 966401083 345052356
! 5 956137231 869401645
! 4 932973679 290480916
? 36
! 9 915352311 726757939
? 907598273
! 10 952828967 497854445
! 5 972389553 654439312
! 1 965248074 535533312
! 2 916750168 903778887
! 6 997775032 232863611
! 7 980878734 594241277
! 4 966257816 418235601
! 6 934280806 813010972
! 4 950402060 898057116
? 15
! 9 991981686 334297475
! 7 944433824 292385724
! 5 998803133 851138785
! 4 954303644 580703785
! 4 949102072 188171847
! 7 925646926 954930725
! 8 930453864 161752154
! 1 970256185 275143735
? 38
! 7 906522312 700088890
! 5 901928275 491282771
! 2 936706827 121915331
? 949622888
! 3 948312929 370286243
! 10 916022749 458955716
! 9 929859888 388507559
? 7
! 3 994278314 789981482
! 4 901611434 718944134
! 3 910816034 209300682
? 17
? 957799427
? 20
! 6 928636737 530914468
! 7 901529725 283273070
! 1 931539099 753404728
! 4 911334801 309072980
! 3 944277404 900956398
! 4 962156361 392338405
! 7 912517650 634184315
! 3 958153474 562585373
! 9 938475028 586445681
! 7 921121854 242913644
! 5 923533266 175485341
! 8 963439678 632447643
! 2 952638127 826611464
! 3 977439448 935275884
! 1 936988029 138207163
! 2 937307190 960981888
! 10 901586192 560658180
! 10 963289783 303137430
! 6 904820884 467426788
! 3 971961678 541875903
! 3 997946731 992281571
! 7 911705731 696641853
! 10 932213746 771961555
! 8 975630059 690655461
! 9 941690782 139142968
! 9 958268353 698650443
! 10 903924974 554487268
! 4 987033287 416107609
! 5 971159655 644245448
! 2 970585691 387915899
! 9 949778863 816946190
! 9 942008761 942725920
! 6 986680317 938743620
! 7 962245959 958753806
! 9 975040059 848411191
! 9 939884154 226117243
? 13
! 7 926530598 401878762
! 8 926856038 256753703
! 6 965720920 305472557
? 14
! 1 956586846 577288416
! 7 965565848 932447547
! 4 920327978 868662148
? 14
! 9 902399919 942585549
! 7 911995357 772683795
! 1 955536630 964903995
? 917515286
? 954765676
! 7 942722509 637210390
? 14
! 2 990502409 108872582
! 3 997243649 117449961
? 903221568
! 7 975003630 502145265
! 1 997434800 593532402
! 7 973490272 161688283
! 9 964564451 954589085
? 9
! 2 938882894 699965075
! 3 901124614 546671172
! 6 918115092 127578390
! 6 921236486 445969613
? 906447965
? 969588634
! 2 924280430 488475141
! 4 966197577 723186282
! 3 990824031 367161061
! 5 987525577 712465752
! 2 993388261 333820805
! 5 916041989 832950549
? 48
! 3 971052645 650675445
? 47
! 5 905304200 767120509
! 5 989091509 434561358
! 8 960443173 905941392
! 3 939900289 593460882
! 7 992377116 688501906
! 5 962292409 940538946
! 8 965856903 967559338
! 7 902233225 339804180
! 3 951522915 165847167
! 10 928507573 185549987
? 16
! 10 953207747 429682546
! 2 957788131 646608119
? 41
! 2 939726373 802027816
! 10 963634784 759377587
! 2 946653640 507124670
? 44
! 2 980893131 886682568
! 10 915927099 656778920
! 2 937095361 988569482
! 7 918046191 461438320
! 9 963771010 605467307
! 2 949950724 131842418
! 6 962251020 854014187
! 5 932356950 736433157
! 8 962268996 865256590
! 8 974183983 251547253
! 10 973715103 642912191
! 3 962521807 496330241
? 945459995
! 4 968401953 761807109
! 10 960314824 840724065
! 2 920131660 810871177
! 8 904264735 419316286
? 40
! 4 929993482 621571022
! 9 947077418 595256703
? 927048832
! 10 927733682 167369323
! 2 993843695 562915169
? 15
? 38
! 6 905379686 228691132
! 5 950607626 471280260
! 2 994417818 681646514
! 8 942533176 284976163
? 981990359
! 1 983898600 116224335
? 35
! 1 911696615 461851647
! 9 928768687 558469857
? 10
? 3
! 2 923292890 311492936
! 6 935898328 993820526
! 3 916288531 924789388
! 3 915453791 459781065
? 934222302
! 9 941097900 398927959
! 3 949747885 172466533
! 6 955586499 561487087
? 958308384
! 9 998534383 347461886
! 10 931161014 196978908
! 3 909034256 444802670
! 1 999869418 479993036
? 35
! 5 968159443 954194923
! 10 975721316 507437148
! 2 904901105 973781079
! 5 971415179 450278987
! 10 906415994 707179946
? 901408349
? 995692696
! 2 988397074 583109287
! 8 954872446 983893903
! 5 984244446 675010164
! 6 967867026 851028922
! 10 980802374 262912728
! 1 912246881 624134120
? 12
! 5 909946323 328849139
? 39
? 37
! 10 941522101 749864314
! 10 970769152 663281988
! 3 990326953 150686987
! 3 981514355 155359525
? 10
! 3 915765206 443079397
! 2 929352634 708238687
! 5 910820532 248887463
! 1 936236165 523977873
? 42
! 1 979667627 633699778
! 10 979641182 870530001
! 10 962356635 530804949
? 49
! 1 950384186 433581183
? 39
! 2 983414777 717656151
? 980269267
! 9 914680811 431010076
! 4 967588595 954565198
? 36
! 9 979780818 455836503
! 4 942201049 741502405
! 4 942921882 802987568
! 2 946251533 611286969
! 1 912563241 735237138
! 1 966427847 346688963
! 3 935550590 720550100
? 927466534
! 7 914316476 369554404
! 4 900384960 863431796
? 13
! 4 991294320 814856050
! 2 914518053 135010440
! 6 950669273 399811391
! 9 981759889 572116396
? 3
! 7 906203173 627101604
? 996125995
! 6 973169848 831071865
! 7 930538948 805552396
! 4 905699252 111804712
! 5 990139370 859246842
! 9 913806701 526677074
! 5 932574414 272727298
! 8 959206264 757003990
! 4 954267402 691831419
! 7 905357880 238692461
? 35
? 8
! 1 963011337 389329714
! 3 995409597 395315068
? 33
? 31
! 1 923330983 119651151
! 9 971887893 218104609
? 50
! 2 950515804 561003180
? 956852020
? 16
! 2 974814217 996070158
? 2
! 10 989689114 516626207
! 1 909936309 353039854
! 10 909540811 357836973
! 4 960266238 174411138
! 1 923730447 302350982
? 45
! 6 947042283 426116500
! 4 989436872 822270069
? 12
! 2 978281784 403405340
! 6 943737691 911854884
! 4 956913247 404202388
! 6 917892305 804084842
! 6 984136894 358167731
! 7 970707811 240819446
! 8 952412270 138793510
! 4 933351933 301946350
! 2 913549071 846172758
! 8 973349747 811401540
? 20
! 7 944676333 163303389
! 7 930713683 500962584
! 3 926517112 239458076
! 4 950417695 337445000
! 10 972967871 762953969
! 3 932493590 388606734
! 3 918883525 415915057
! 2 937531418 461427467
! 9 988011732 657277950
? 12
! 1 980597536 733340785
! 8 905179510 906975185
! 8 937650896 238561787
! 3 931405718 669039904
! 9 940026489 287668400
! 9 953329988 403272350
! 4 950349200 351038432
! 1 999183996 967084027
? 49
! 3 998637379 537331938
? 39
! 10 968602193 432185126
? 16
! 5 993329163 147993401
! 8 952035522 481465460
! 6 970759101 339907300
! 9 903612458 150992449
! 1 912659337 814154222
! 6 947585104 993674427
! 2 927307710 169525741
! 2 919452184 592054758
! 8 969872506 949069189
! 2 980457987 675264800
! 4 954321074 405358735
? 50
! 10 995923911 828927426
? 47
! 9 903664188 120171412
! 8 929696747 379320260
! 3 972823752 465973543
? 11
! 1 901509404 562929481
! 1 932030828 680354027
! 3 902234697 792745827
? 906639725
! 2 911288898 475651643
! 5 915470764 744327965
! 3 990387057 108980760
? 44
? 8
! 8 974776706 329185020
! 9 954944784 911199872
! 9 972564498 182913771
! 7 984065455 353386060
! 1 949246087 806475240
! 8 982107683 451517569
! 3 971200213 660226424
! 3 970185420 340228238
! 3 939945454 978117762
! 8 981206490 145357224
! 2 969164309 946948590
! 6 945534270 112487310
! 6 925168099 606782085
! 9 913010232 915503990
? 37
? 3
! 4 982742206 298581342
! 8 928695416 738623646
! 10 970412283 910694233
! 3 989756560 640373153
! 9 985492394 777526046
? 12
! 1 953494636 516139081
? 927687413
! 4 910667191 845974623
? 985439003
! 3 986418307 344331117
! 7 972428603 654919637
! 7 968581066 197241016
! 2 944192704 581742059
! 5 979237701 125816485
! 8 921430897 368645853
! 6 947807471 763915676
! 7 961609348 244465892
! 8 980693376 994251397
! 2 909477472 105434762
? 966087792
! 4 973513780 529637200
! 3 923109154 997853355
! 3 987949023 263489591
! 8 960384464 257535687
! 10 967504116 702578634
! 9 978339636 555446149
! 9 927310973 804734472
! 5 909697887 856219662
! 9 935243581 313618936
? 17
! 3 977754655 518542378
! 3 928235742 757534738
! 6 954231495 884922342
! 9 964829321 514589562
? 913599906
! 4 954156872 585687304
! 5 965809482 578510804
! 4 954836839 349222168
! 2 975638139 817958160
! 10 986613265 455917295
! 6 956755435 830994262
? 35
! 7 945214176 989809650
! 6 968900425 698771304
! 4 989150626 113668958
! 9 915815910 545566157
! 9 982961086 531934968
! 7 933054192 319688525
! 6 982308490 636799652
! 4 936981787 951182349
? 7
! 1 942734808 529227779
! 8 915179466 699768983
? 47
? 8
! 10 907862229 998441668
! 1 912460775 300593038
! 8 953508735 547517461
! 6 974969100 673083829
? 994063014
! 6 978477116 376087264
? 41
! 6 922898533 281978431
! 8 924484092 670578559
! 6 979590162 893254430
! 5 988780919 408800807
! 2 984393058 547260353
! 9 980049070 132642634
! 5 914949676 221857499
! 4 943598395 731045731
? 916465087
! 3 984115434 988414137
! 4 963871589 722402011
? 30
! 9 901554772 749481440
! 6 916409670 713213927
! 8 969611448 864771085
! 3 978000537 831329469
! 8 914968262 258610085
? 45
! 3 929646528 956744445
! 10 987915913 198988073
! 3 991838883 615765771
! 10 991743681 441099377
! 8 920150008 671558981
! 2 908722948 157410539
! 2 971292813 940788140
! 3 967634886 286805822
! 5 998530937 178403952
? 915669647
! 7 956164808 245682940
! 10 994750777 919696544
! 5 982455822 976784283
? 18
! 2 981250328 619234105
! 5 952486930 533842524
! 4 958300075 156263100
! 2 967050710 600686777
! 1 946742385 921243688
! 6 981685133 338251666
? 17
? 8
! 6 919211837 706165914
! 9 989867249 610163836
! 3 952213994 649111756
? 46
! 1 971128495 841692283
? 34
! 2 998038127 756829731
? 956264360
? 35
! 4 919902039 281877934
? 994132653
! 4 976498645 717919413
? 950673090
! 1 955876688 615437623
? 9
? 6
! 9 987592494 805914259
? 41
! 2 978101698 745748541
? 48
! 3 922944774 679990466
! 8 930158602 538482686
? 50
! 8 996677913 450392094
! 2 998327140 980617308
? 31
! 4 931222275 260048758
! 2 913410253 155428070
! 10 982923313 296363218
! 9 983933810 322111752
! 1 976980099 317677447
! 4 918434266 862421282
! 2 959214717 988728859
! 3 908928351 260111602
! 5 934768187 893225303
! 5 911681814 822887342
! 5 995292321 648880017
! 9 957805606 713914388
! 9 916861388 311369238
? 36
! 6 903098283 158444991
! 5 933277515 733989543
? 13
! 7 990367828 889394261
! 6 902957470 933278442
! 1 988559500 101264185
! 10 907889433 158173896
! 5 993272403 202144910
? 17
? 16
! 2 903415867 150666219
? 11
! 1 998598877 155587276
! 2 980245120 646242236
! 9 930499031 486371872
! 5 995909318 319596191
! 3 974601633 554760827
! 2 999756516 610584776
! 5 989870459 596125167
? 19
! 6 996383316 941245973
! 9 979687384 802947805
? 34
! 8 999766140 194498121
! 10 971444730 824423718
! 3 952984104 553079937
! 6 996187345 792044592
? 11
! 5 975863638 484185985
! 6 980800431 521429878
! 7 922667675 581165824
! 4 908317058 745479089
! 2 935355334 539627340
! 2 953773068 719047061
! 6 998878357 207898861
! 4 922908615 109729033
! 3 972327612 596278829
! 6 981082706 209789336
? 984511810
! 6 920575843 444008975
? 974450970
! 9 966992178 732607668
! 2 935608835 331894885
! 7 993008592 207437984
! 9 917551477 528833755
! 1 925507127 739262664
? 15
? 946334838
! 7 914450706 282206757
! 7 955719048 970071881
? 11
? 37
! 5 996972194 847946754
! 2 957805815 873390026
! 10 966744357 440284182
? 9
! 3 940323838 801783523
! 9 929226164 952728806
? 10
! 9 921035646 841434210
? 956780868
! 6 962560396 130106588
! 7 999758731 569217292
! 10 994758928 777915652
? 44
! 4 952647137 481489938
? 959168761
! 6 921443952 754464343
! 10 943403288 360150175
! 3 921773314 849995953
! 8 976357890 789215124
? 11
! 1 961950160 201982483
! 7 971776923 422862470
! 6 973476590 413744149
! 6 947409820 905039239
? 2
? 986475208
! 6 917004568 512916778
! 7 929754856 924352161
! 3 917264339 735750001
! 10 944202471 999727746
? 31
! 9 977019759 487640901
! 3 906810221 933744687
! 9 984030733 342149543
! 9 987372235 324561133
? 14
! 9 973094675 907203144
! 8 939543194 919244566
? 36
? 984374592
? 921145265
! 1 928154004 681085529
! 7 929465455 940550109
! 10 982676585 993223392
! 1 934098101 558814150
! 3 928760561 616185152
! 2 918990816 169697641
? 46
! 4 949046759 908068058
! 3 987867797 372618646
! 6 949551415 695283351
? 927744927
! 1 988296768 735817198
? 991616852
! 3 937474328 218385253
! 10 915456729 879622937
! 5 924568496 730944651
! 5 985825564 992150207
! 8 973683090 212217879
! 8 942121179 694018112
? 14
? 31
? 939218137
? 7
! 9 951598500 500535509
! 4 935757252 919110915
! 4 936871592 272670673
! 2 985571883 298635632
? 4
! 3 949469864 814229656
! 6 986368029 237332936
? 941731790
! 8 960604833 450685041
? 996636370
! 8 916847630 264454621
? 9
! 1 984709556 376584745
! 4 936160497 517827715
! 8 948757915 239317382
! 10 995730224 626960313
! 7 985004444 192105584
? 45
! 2 903162540 120144314
! 2 983091006 614274196
? 2
! 9 906122601 686127595
! 6 946485270 680711634
! 3 968227428 784610454
? 30
! 5 981183565 214112202
! 5 989375973 519815472
! 5 901108060 669924314
! 10 902636922 461078962
? 5
! 9 939924919 545455578
! 2 959703756 924857606
! 10 996365527 193066914
? 953425586
! 8 938412713 827533383
! 5 960786618 336723077
! 4 910220653 660997491
! 1 909581805 824166649
! 7 902037291 218950452
! 1 912095100 390052224
! 6 943780981 374105690
? 11
? 13
! 9 985032064 143315474
? 18
? 48
! 6 969760053 716121956
! 9 953284058 677103817
! 4 974853362 110611568
? 970512218
? 929291704
? 37
! 2 906558776 752039265
! 8 949369226 831881523
! 6 934925628 783078756
! 1 993321352 541652686
! 5 983936474 661141224
? 43
! 3 900905315 734526161
! 2 970174204 812364591
! 4 974259969 293522165
! 9 900172592 484977447
! 6 999498134 267505509
! 6 976304054 533376037
! 9 992498427 635697528
! 9 955072976 125692180
! 10 926428101 816700601
? 979577756
? 957043227
? 42
! 10 984233631 921955831
! 10 938828763 773249540
! 3 928572710 229197177
! 8 963823624 981175957
! 4 996138581 890906211
! 6 966955462 233421938
! 5 935757861 757933669
! 7 952116001 443260864
! 3 986462828 268879226
! 5 991222080 919156351
! 1 932302547 469297936
! 10 968660601 707735902
! 2 915412272 785891547
! 5 997011482 735569160
! 6 902602869 263256909
! 4 911333935 960048841
? 925063646
! 7 948357860 674541894
! 8 961042552 135525493
? 972112076
! 9 954982614 761990591
! 8 909154507 470277010
? 3
! 7 907420339 539110811
! 5 919336416 922506004
! 9 995504099 830706952
? 983611799
! 7 915468150 278578011
! 4 974337045 476036613
! 2 962505612 724271651
! 9 980676586 834579549
! 1 959968357 623949461
? 30
! 2 901435081 302750545
? 969380583
? 47
! 3 952640865 867422673
! 7 956222697 768973704
! 8 972402175 577476449
! 9 992530115 748264377
! 8 992247983 733259805
! 7 975120915 401940931
! 6 984421389 476590305
? 42
! 8 933862763 590368245
! 10 927289396 211019665
! 9 917100329 143236479
? 44
! 9 901192808 777388639
! 1 926231245 452697309
! 7 924495366 296628520
? 978322689
! 6 989094106 694130406
! 6 900344736 441866146
! 5 971727338 517565564
! 5 908592837 702113016
! 10 939734390 556852969
? 979962128
! 6 917147759 896722327
! 8 974850437 118719146
! 2 967192980 574360847
! 6 952723515 113169499
! 1 955563991 613337067
! 5 974716038 738363944
? 3
! 1 943344863 965928568
? 33
! 9 971479766 206223943
! 10 967536198 238889759
! 1 925571889 987773666
! 10 928788739 305332176
! 4 919260944 891713285
! 10 945721225 472753958
! 3 947346296 746077386
? 936708011
? 32
? 947873289
! 1 946359337 773193115
! 9 961165851 554241212
! 8 999139549 799541175
! 3 970593778 228836463
? 914592355
! 3 950053525 235438531
! 7 999582149 754003731
! 2 944797809 548299359
? 989200164
! 7 914864106 132535914
! 7 979145366 494127349
? 19
? 900799479
! 8 937728771 245540976
! 4 982001382 124438007
! 6 965758108 611283309
? 976856614
? 42
! 1 969319618 221907503
! 10 923613925 832156309
! 7 985634002 534645288
! 3 987569204 456752836
? 45
? 6
! 2 980048364 821713052
! 3 977131489 552233615
! 2 908458006 452965028
! 6 946221546 262774880
! 9 915835469 403670825
! 2 912103969 689394919
? 5
? 15
? 49
! 9 971886009 463538930
? 43
! 9 979023388 817249805
! 8 990580561 367407082
! 6 902193469 495438259
? 40
! 1 956129749 991334471
! 6 991744647 333949797
! 6 916407747 381041156
! 4 930999474 769561302
? 931678306
! 5 902675959 837013498
! 5 921079574 936324999
? 11
! 9 987666352 143106649
! 9 918988858 354045586
? 3
! 9 952384445 294307890
! 7 993456459 905702745
! 2 979127842 182416227
! 6 982651958 692040298
! 7 978633994 386464532
! 7 906933145 599958850
! 4 903522576 736609060
? 10
? 948959135
! 1 989040659 223901366
! 8 981765268 668651972
! 1 992200644 948697168
! 3 931940039 328092918
! 5 972067817 593838201
? 939258464
? 11
! 5 983410025 234536872
! 1 939858364 795150511
! 8 962213248 229244066
? 996010810
! 10 930230245 383175973
! 2 994236283 105687350
! 5 925376599 582471828
! 9 939620890 919488191
? 40
! 3 993959845 329814722
! 5 938423565 540750882
? 986396706
! 2 972809051 437613976
! 1 979374920 138536569
! 8 986872398 252610699
! 3 931707833 774713206
? 44
! 2 985894977 897326351
! 5 913386529 867508164
? 43
! 5 903625423 608944408
! 1 930644795 429134472
! 8 996846547 879858132
? 993317682
? 47
! 9 990757940 743201494
! 4 991369907 982814944
! 5 982643078 908249860
? 49
! 4 927340252 451529927
! 5 901942815 274277804
? 37
! 8 902130326 123347838
! 4 940968765 785994376
! 6 916867428 416049883
! 6 948459880 239617490
! 7 930486214 794056828
! 2 921535247 815122779
! 9 998680242 310350826
! 7 966184417 899123374
! 1 918736121 635625438
! 8 932859464 476548339
? 9
! 7 998224934 444377126
! 5 960069450 246453010
? 999918477
! 3 997598111 908496516
? 985173873
! 3 944783707 980691441
! 3 921776517 913474221
! 9 909763390 931749956
! 4 973942773 717750877
! 2 924053001 482303863
? 14
? 911343275
! 7 991832057 649218157
! 10 970316467 139398741
! 7 999471524 708144587
? 40
! 2 940656631 705621509
! 7 970622442 976457364
! 10 934360576 392541803
! 1 926191041 595739720
! 10 926594239 876921417
! 7 928224096 915077747
! 6 904665818 163143113
! 3 995275537 354522673
? 35
! 3 963958409 732391719
! 8 946559581 989260878
! 3 905587026 850537030
? 36
! 2 988342777 112107768
! 9 938964302 246907719
? 5
! 6 940102969 539519901
! 1 956171562 562225974
? 19
! 1 924468873 449137509
? 915484702
! 9 991300397 610830273
? 6
! 3 955233452 882192176
! 4 916053891 529473291
! 2 960807786 131673501
! 1 917246208 439268408
! 2 900810742 789197891
? 47
? 50
! 5 901894503 926317842
! 9 954581510 899258130
! 8 991752360 477761072
! 10 954675009 413642454
! 10 932777342 793700739
! 1 973268340 539253801
! 10 989690555 159529380
! 6 909133587 511858036
! 2 981711528 319973824
! 4 968145698 293634337
! 10 953920665 210907934
! 7 902176301 509529957
! 10 965184728 781967399
? 2
? 37
! 5 937762280 318086297
! 8 965625690 455501065
? 45
! 9 928675284 465089518
! 6 971495358 510448111
! 9 995887470 251920249
? 917496538
! 5 962508843 818969874
! 6 971711374 731279426
? 39
! 9 948463506 768118685
! 9 995814171 137108271
? 964044573
! 10 918532058 202762533
? 43
! 3 965935048 800624405
! 5 905830423 267521271
! 8 902037705 758129628
! 8 969884185 375880313
! 1 958917639 482781751
! 3 978810670 167461021
! 9 936933095 302572934
! 3 964052979 499535979
! 10 971025718 877341241
! 2 982907124 440542561
! 6 952660501 148700507
! 8 904801996 626462522
! 8 911007443 261751188
! 6 981283202 747093071
! 8 908370191 935630916
? 904627060
! 2 978692994 374294122
! 3 916682871 484096595
! 9 945971566 192120238
! 3 937196412 142313855
! 1 979105554 500327641
! 8 949308279 295548029
! 10 915720866 815034494
! 6 963593978 146146162
! 9 907492239 656976198
! 4 906994395 370682277
? 963984380
! 2 919421206 561362917
? 40
? 914868909
! 2 930476961 775173180
! 9 901432250 841155202
? 924589621
! 10 939490205 215448729
? 10
! 8 909494672 387116643
! 6 979963441 138438660
! 9 908768411 477816808
! 7 900108877 307840070
? 42
! 7 913988288 355107320
! 3 940872108 745865146
? 42
! 1 969916051 524173490
! 9 945286925 261780531
! 7 953261621 457282687
! 1 976240614 727454193
! 9 912655569 749692334
! 6 937691216 643869573
! 9 901575768 769314386
! 2 926459274 433741075
! 3 950736179 571599500
! 4 954167001 786887539
! 1 963128065 491272412
! 8 975797778 614957295
! 8 997621723 711046352
! 9 941118439 462038034
? 42
? 981523580
! 5 943984081 503253473
? 44
! 3 997002270 526601781
! 6 992862039 489527742
? 996589509
! 5 997057629 786914031
! 1 961746441 559179252
? 933235632
! 10 931162171 872818768
? 919872329
! 6 983934427 529748022
! 8 950616007 420674817
! 3 938156860 253076873
! 2 982793267 857940050
! 2 916148028 328669035
? 46
! 3 954781073 947919728
! 2 969973963 995250656
! 9 950304433 853748293
! 4 990168760 829307984
! 6 946772681 463811132
! 1 964721923 785557824
! 2 974383663 670038308
! 10 962336771 291571482
! 10 935437270 221227234
? 5
? 933543142
! 9 922661587 749232028
! 4 975721774 832389540
! 5 967696467 479239484
! 6 991410735 611786641
? 917515041
! 10 925278166 132012546
! 10 916482071 667096192
! 9 964305546 987299024
? 41
! 5 927340937 536715527
! 10 987028773 469643788
! 2 974492652 810682847
? 38
! 5 907600702 868129807
! 4 951423673 347564742
! 9 984499227 793276942
! 10 945903685 770052456
! 1 919123276 727175516
! 4 916260566 430348024
! 9 914633927 120070546
! 1 987462156 194055748
? 18
! 2 928120906 607807297
! 2 986660652 688777362
! 1 903400812 186762053
! 1 913597323 156390783
? 20
! 8 969467404 358593106
! 2 991413817 404474926
! 4 986742370 351078775
! 5 980788525 352510158
! 6 942078032 759591064
! 2 954399745 647425753
! 5 991396339 973323925
? 35
! 9 999126578 333139405
! 1 971656834 661103705
! 5 910876528 968322906
! 6 944297426 227023209
? 976107796
! 5 979856384 631350127
! 1 936396549 524945139
! 10 962039899 917169278
! 8 940928687 714394093
! 2 913168057 242468322
! 10 967288036 371322964
? 47
! 6 914071812 501600094
! 1 928872584 643647501
! 5 972337906 797538874
! 4 990670982 691318892
! 7 900432235 940503425
! 2 965199533 486164748
! 8 901897647 164786063
! 1 960964203 613547610
! 1 925675242 511103215
! 9 928251946 702924151
? 2
! 1 990395725 852223079
! 1 972927095 630480847
! 1 947163287 826203904
! 9 951564014 450316346
? 6
! 8 918907140 354094947
! 7 980388046 908351168
! 7 991288404 483346503
! 1 977607903 772462575
! 2 949536461 211197809
! 9 992307059 120939556
! 8 915170980 873550791
! 1 942154444 990750115
! 5 982947817 622806592
! 9 915667867 534715256
! 8 995983505 427091987
! 10 963228939 718342502
? 50
! 10 976421414 988582075
? 20
! 9 933472423 227264206
! 10 960403900 725331477
! 2 969838172 349374962
? 37
! 5 965704360 947269560
! 5 948247083 499386056
! 8 909738483 450653088
? 947456459
! 7 902886419 965500705
? 19
? 48
! 9 947880222 220012343
! 4 944610662 825391811
! 3 932437808 945696108
? 39
! 4 965420155 266574396
! 1 940398003 741297035
? 35
! 1 950196496 199371563
? 946292376
! 7 988607063 991346999
? 36
! 10 978917990 712905621
? 8
? 989455514
! 3 985106715 174313721
! 4 948086831 276353340
! 10 912472592 326298222
! 2 983760279 927661122
? 2
! 3 979625775 925079305
! 3 957311000 942093973
! 4 915698959 536561591
! 8 952667847 120803166
! 8 909308753 993440024
? 6
? 35
? 989906724
! 5 955251883 820881910
? 979660456
? 971711651
? 965624908
! 6 951277943 379863516
! 4 968107471 403914152
! 5 979494671 549176062
! 9 942930968 307195777
? 13
? 40
! 7 928496248 889067439
! 9 967536011 669744082
! 9 947816529 774196618
! 8 971527856 525023509
! 2 982177088 331767126
! 8 998886803 767401463
! 4 986518254 706716717
? 8
! 4 903497325 227009441
! 9 913822712 741484857
? 974602354
? 971430603
? 20
! 1 945526147 261891758
! 5 985385903 364668611
! 4 961481427 987417610
! 6 935842262 955174077
! 7 997678858 797742695
! 10 969559393 969186515
! 2 992430262 735057418
! 3 966765176 332030338
? 982356085
! 10 913112675 938635171
? 998905119
! 6 919855601 718382965
! 10 925241467 775436708
! 6 927801836 103360743
! 7 998626583 495052497
! 5 984334309 870479778
? 47
! 6 936768935 884046801
! 9 923120570 830071258
! 6 990287056 913920183
! 4 980013816 516489513
? 965842581
! 6 932682111 568041179
? 9
! 5 929958035 396822737
! 6 987923974 173469124
! 3 902548403 260985019
! 6 924100820 764055859
! 10 927553985 206311079
! 5 988369553 853570130
! 7 906186922 369456727
! 7 959229664 107118327
! 8 949101414 693526059
! 2 980010083 287859519
! 2 984365870 262350999
! 8 925354990 165156840
! 3 979768148 165245402
! 2 975015632 907884172
! 1 902709971 620287462
! 6 999345748 971824975
! 6 981940907 299136454
! 9 998149671 324285967
! 4 935705545 360180097
? 966243579
? 12
! 3 913008692 616306195
! 10 968888806 212172941
! 5 950052386 568783124
? 980956951
! 8 929415792 537401534
! 7 989366089 751714505
? 50
! 1 919276486 552472668
! 7 956910633 189972534
! 3 964891127 119262117
? 975162355
! 7 929092567 783479926
! 6 992522516 285336533
! 2 996927515 300609968
? 11
? 7
? 9
! 9 952849223 595031910
! 3 981513764 877768441
! 2 964681467 462866508
! 5 915940646 871495481
! 1 929032843 740796350
! 1 995978994 652401684
? 18
! 6 977200980 285726161
! 4 926760286 778331700
? 18
! 3 982062126 273590938
! 1 961256172 336164214
! 1 904964042 832763347
! 9 973433854 190254593
! 5 972677866 199727538
? 41
! 2 948353736 287273851
? 13
! 5 993676005 469043715
! 9 918282925 762413823
! 3 973336084 253520981
! 6 917233525 322298401
? 927844099
! 2 973387767 996951514
! 1 980894276 345830944
? 960050190
! 10 959920914 248336159
! 1 919530259 298818333
? 48
! 4 999365424 179897521
! 4 950092784 957591051
! 3 976228162 495013309
! 3 916216995 370092675
! 2 951024665 521679044
! 3 996826631 679593918
! 2 951617456 754898074
? 38
! 9 987403787 273618417
! 1 995889529 618970075
! 4 979405455 260996185
! 4 965385767 576345929
! 5 973681361 589677131
! 2 924708475 313715844
! 2 988956081 304385484
! 8 926961621 518058669
! 5 911106729 100874766
! 10 924410468 123848317
? 33
! 7 993772086 447021233
! 10 927981361 396553216
! 4 991752664 224802526
! 7 990551786 211588562
! 3 945844924 813047355
! 5 979921056 103619039
! 4 916939796 667874378
! 5 927923869 741118489
? 966850392
! 2 970781486 352293505
! 7 900074904 113570558
! 3 937088735 440790957
! 9 973082206 892758645
! 9 933379093 976674002
! 10 911904473 769880205
! 9 973512374 874107980
! 10 911150776 953220359
! 5 999146027 187944622
! 7 900466881 366926779
? 944523658
! 9 978659413 542852907
? 36
! 2 960750145 454400628
! 7 995167044 688634185
? 996793859
? 919989958
? 42
! 8 985715262 551684161
! 4 989131150 449943120
? 4
! 1 935877759 410925665
? 947492325
! 10 902025095 829813642
! 4 947242882 379580150
? 960011339
? 36
? 953716049
! 2 928011093 588763008
? 954777132
! 6 924315276 671591326
? 42
! 1 955158180 246575363
! 3 961869904 311312435
! 5 904034815 786970462
! 8 974787124 506517300
! 5 940938446 189082491
! 8 976573664 649304166
? 971582375
! 8 921042060 192377289
! 3 980595301 709569607
! 10 939000136 920852676
! 5 982472207 960099762
! 7 992066173 761034718
! 6 955791222 298829824
? 14
! 10 991094458 288684193
! 2 924557900 137693124
! 6 960101454 798134981
! 3 917938744 771916392
? 18
! 7 968895494 824265129
? 42
! 7 923415005 219864820
! 4 929775173 915444164
! 8 938569788 765525808
! 7 912854216 804417905
! 10 938157383 216592366
! 5 965240803 936169972
! 7 957798482 396094655
! 10 929186921 121459017
! 6 997711701 801504026
! 9 961380530 430249921
! 9 988826357 694172783
? 913156004
? 19
? 928646456
! 2 929037216 765798746
! 2 962456058 102488078
? 12
! 4 967199386 269710395
! 8 968506945 605976651
! 4 927997597 392739932
? 39
! 1 993313483 565033854
! 6 999238757 147288148
! 8 900127822 895170496
! 6 991053411 127293970
! 4 962116553 724575098
! 10 911618001 718315911
? 7
! 1 994648538 989507144
! 1 958179159 672263662
! 1 915677229 415552963
! 6 917442984 368580519
! 8 954530563 120065608
! 4 979494651 516923568
! 4 992010917 644507173
! 4 901952781 466404243
? 33
? 35
! 9 986060135 898338586
! 8 934832068 371977601
! 4 920613776 576743806
! 2 909649584 717968924
! 9 973566448 684596570
! 4 953810964 506401376
? 38
! 1 957920549 618691595
! 6 997935588 415739098
? 951354326
? 953937793
! 1 931196185 315143561
! 2 961455992 185837562
! 10 941954151 506709140
! 4 986589181 878585003
? 12
? 960961097
! 6 902502625 192514940
? 3
! 4 907143176 342784391
! 2 979196202 524089441
! 8 973714433 134744132
! 10 922856853 955231076
? 20
? 6
! 2 920304370 893089190
! 9 903783314 948794866
! 9 921446767 343256513
? 50
! 7 999965666 802230027
? 957718955
! 3 964314679 754982765
! 2 964365523 899541147
? 44
! 4 992982999 709076967
! 6 928722853 268817800
? 17
! 3 918758878 860097168
? 31
! 1 973859293 410386814
? 986174448
! 2 964381094 655835804
! 3 907246144 879969869
! 6 969590164 421950052
! 8 917738248 308041752
! 10 961299227 434205159
! 8 968220683 324517517
! 3 964295021 129477133
! 8 949263918 721042236
? 42
! 10 957436860 260938534
? 979594266
? 18
! 4 969932459 602034616
? 976454766
! 5 972617506 496458337
! 7 922656938 820562705
? 912617581
! 2 935335951 460058143
? 34
! 7 939969084 487730570
! 9 931599765 577956870
! 9 926815613 713066432
! 4 964403258 899889366
! 7 975964124 781319483
! 6 938420472 950359414
! 1 977316849 221789127
! 4 991014068 212415730
! 10 976679910 942802835
! 2 906410663 654571343
! 9 973115703 908025078
! 9 954970989 382039619
! 2 923480950 934177293
? 39
! 9 923272199 276704083
? 971325127
! 1 908115905 429264494
! 6 923708664 132963470
? 50
! 4 905224409 631927639
! 6 985501793 706474873
? 925444220
? 16
? 954481355
! 10 993458615 337349867
! 2 902660323 604635054
! 8 954733674 706775180
! 10 971464665 218222435
? 30
? 20
? 11
? 15
! 6 997569469 290089155
! 10 923013168 672634623
! 8 900516769 243460883
? 4
? 43
? 7
! 7 985533045 338629336
? 912297346
! 9 987485374 288064472
! 1 933250880 360839211
? 10
! 1 932784033 600194614
! 2 984928230 660887276
! 8 933633788 844715856
! 1 961336990 740131242
! 1 952816744 692009890
! 10 988226030 410954761
! 5 955616055 453776169
! 7 980704377 565131272
! 1 933213625 322975278
! 1 935876978 391109466
! 4 945501271 821405484
! 7 996641966 346511796
! 8 912088256 674885560
! 2 987248664 177696681
! 9 983481995 714232325
! 4 980777927 567195488
? 45
! 8 935882021 731435403
! 5 971655967 309891848
! 3 921844955 448113420
? 19
? 979297591
! 3 949233834 428180752
? 11
? 42
! 7 920749940 288994772
! 6 913633884 404548520
? 922137188
? 36
! 10 970247054 315340484
! 7 905181618 526357007
! 4 990526245 598161652
! 1 945781929 129578036
! 8 969519150 151127898
! 10 913310099 100051534
! 5 911704523 592371910
! 2 933229140 614857613
! 5 913732777 481751662
? 1
! 8 971493244 118687247
! 5 951720700 330952453
! 2 923676666 854424797
! 5 932865070 434694344
! 3 936203935 604985454
! 3 947992390 846700410
! 8 947170495 905814825
! 3 903183197 190142134
! 5 911186359 404442618
! 7 915388723 305523639
? 34
! 10 941000413 766991038
! 1 989796417 539696221
! 4 937613121 157500428
? 5
! 2 944475452 836976462
! 10 945603449 741785499
! 2 970740211 529232196
! 2 948223069 718106425
? 913348841
! 8 984699930 895474564
? 31
! 5 997513441 614404687
! 10 944537256 742764849
! 1 920059907 408387874
! 10 949496200 383671070
! 5 937151966 652422888
! 5 981550583 513015051
! 3 998628157 625716836
! 2 998171740 655762377
! 2 911117569 652508224
! 5 949335613 599045688
! 8 933918154 845000246
! 9 933828146 607412019
! 2 925627212 971265613
! 1 941567792 199689372
? 911775727
! 10 994281535 329511661
! 7 962859277 865273280
! 10 978068902 952233801
! 6 903954293 830042351
! 3 938493734 500335222
? 902795294
? 978869834
! 4 932396559 907569687
! 2 910513996 263297754
? 33
! 9 921875836 957729472
! 1 945635076 475834054
! 10 923866352 230993230
! 2 916817729 183208466
! 1 940395976 274195747
! 2 905991217 197044060
! 4 943816168 719025414
! 1 952717983 576648707
! 2 915917123 380711218
! 8 910049808 165875034
! 7 986901143 941361441
! 5 921378661 678439007
! 1 950528193 708962975
! 1 989723537 704957701
! 9 936953847 896992091
! 6 966270409 445005869
! 6 911192255 341561592
! 3 926504254 770863331
! 7 991137540 926962284
? 922096872
? 17
! 8 927067307 402933116
? 12
? 969326391
? 16
! 4 921388064 398037314
? 39
! 6 943629619 298588132
! 7 998173777 321254009
! 2 954183859 736426796
! 4 961203814 824648194
! 6 902475172 813713769
! 4 934864255 411139598
! 5 962351565 381793415
? 50
! 6 996096983 535314936
! 7 942578325 733292170
! 2 941091724 948670306
! 2 906315750 132764624
? 951580489
! 7 974339005 181806008
! 6 965746496 476176377
! 2 979337130 435080365
! 4 918952778 333750193
! 4 904154150 709176800
! 8 964398076 230172357
! 6 917301388 775224496
! 2 983759526 488699923
! 7 987238504 440858930
? 964919642
! 2 992993921 400988609
! 4 955455730 243549046
? 44
! 10 976997409 566348917
! 3 927428494 698504219
! 2 931090559 670403409
! 8 905087093 208930619
? 955679941
! 4 997785550 148792527
! 3 970276748 207035187
! 3 938224603 268627607
! 6 993663498 342100198
! 9 985276852 516314203
! 6 997419628 113613111
! 1 909580937 846596596
? 31
! 9 922623399 572411184
! 10 974097836 125001077
! 4 946092583 762339977
! 3 962849649 495192237
? 11
? 36
! 3 934556848 452875539
! 9 977818753 568190026
! 3 969657694 954734420
! 7 971855840 489944779
! 1 924688045 401737168
? 941238939
? 11
? 945014146
! 8 900751704 621456695
? 998146606
! 6 985746029 243734096
! 2 984659539 258805022
? 8
! 5 954379415 366411465
! 9 945052224 692907691
! 3 939985507 841961045
! 2 900672468 981503443
! 2 954849056 314068766
? 946769943
! 10 987776792 702049919
? 9
! 3 932594239 585346230
! 7 923714841 630914125
! 3 947681874 327349375
? 34
? 16
! 3 943934757 423913754
! 7 978245230 535910077
? 36
! 8 975929622 371819001
! 3 987086636 513452497
? 916350756
! 3 948189402 974243455
! 2 961610349 218371437
! 2 998697194 555415265
! 3 945905187 597638537
! 10 928199656 747990467
? 40
! 4 956337862 444690990
! 8 980222234 358666822
! 2 986789006 127936217
! 10 973424257 243808641
? 982294178
! 10 943995013 900832832
! 8 915994238 619346882
? 38
? 33
! 4 900101640 254570183
? 968153708
? 9
? 20
! 7 996892422 765121328
? 45
? 30
? 30
! 4 964833374 295340697
! 1 956910621 233051647
! 5 916044402 192224069
! 8 910144961 452308342
! 6 924980331 397281984
! 4 901091785 838936072
! 5 955775250 614410747
? 997788217
? 13
? 2
! 8 985673654 604771634
! 9 965843561 340998579
! 1 931752201 120685297
? 11
! 2 945281774 533217072
! 4 993258615 655491530
! 7 997719290 400962314
? 988778856
! 7 908467160 943031209
! 7 963751007 380749631
! 3 931391723 706604118
! 2 905474357 728307489
! 2 935370716 575966444
! 2 902290122 991772455
! 5 929691175 262656327
! 1 986491427 734372180
! 6 975052729 826471147
? 966290243
! 7 941453117 973662964
! 9 905645430 777605059
? 955935350
! 4 909624853 732291721
! 4 967253814 564974774
! 7 950423865 195534402
! 8 967600072 210037166
! 9 903209379 395669237
! 1 978333271 292666416
! 5 926096237 409856609
? 7
! 2 924293196 151022458
? 949689697
! 9 994634461 577745191
? 986011363
? 905208627
! 3 920077989 829933623
! 9 910707154 703512595
! 3 909088977 227824668
! 7 941311191 713843247
? 958487092
! 4 929224656 748056897
! 2 945090878 801125467
? 33
! 5 918209694 903634480
! 7 917234436 757840314
? 983616840
! 8 976919262 775746676
! 2 978282715 477374673
? 14
! 4 915287161 259336599
? 928574435
? 931713442
! 9 984104923 636377630
? 44
! 6 944275700 816046632
? 18
! 6 947441695 409349905
! 5 903443444 741106378
! 4 987564321 842944895
! 4 979358929 275117838
! 5 912151791 226906116
? 36
! 2 975359993 431164915
! 1 919344900 849762109
! 2 903670012 808973015
! 9 934587392 754664714
! 1 965932556 554911656
! 2 924084011 292917157
? 16
! 2 971935319 107852035
? 12
! 5 976268618 566586341
? 970148363
! 1 927928640 955595343
? 33
? 10
! 3 966310468 148528272
? 2
! 10 908037481 370365275
? 15
! 7 948251756 767252234
? 15
! 3 931848845 211441918
! 9 984142743 811946063
? 34
! 8 942149208 432262467
? 902942333
! 10 940282899 812433214
! 4 996560831 827361992
! 1 940595169 236762679
? 31
! 8 997964563 855279067
! 3 922434327 773098944
? 4
? 957574699
? 937058236
? 972932693
! 4 946350718 558919523
? 15
! 9 943904200 902476827
! 4 932975876 462294401
! 1 941754787 571131835
! 6 954670558 468267643
! 1 906483536 193984648
! 7 955143981 138886386
! 7 922171106 838222833
? 14
! 6 975077743 178268205
! 5 942424669 306611513
! 6 942274097 631580565
? 6
! 2 952231657 927151983
! 6 923130309 581539159
? 38
? 34
! 2 904579290 722054470
? 19
! 10 929101634 795346676
! 6 962826119 205454809
! 1 926021383 467420460
! 4 931206894 376018086
? 16
! 3 919436246 718961009
! 1 951152687 964667729
! 5 960435021 614434904
! 7 949347480 737831684
? 7
! 1 962030081 976047696
! 4 956589273 505719162
! 5 913745867 235705591
! 10 956128519 567667250
! 8 938859259 569926416
! 4 941144979 198182356
! 7 948147746 769816523
! 6 976340822 465235896
! 3 962887961 706292551
! 7 970982561 676160687
! 5 947704961 179471273
! 6 948169456 611073062
! 7 907380877 826412932
! 8 938324184 224555756
? 12
! 3 990560875 176042441
! 2 978908427 880107165
! 1 994050363 999047598
? 49
! 1 933128554 744585540
! 1 949006361 784937062
! 5 949701324 511524736
! 5 937437585 587024661
! 8 996120233 879113600
? 999040437
! 8 932913023 416089920
! 1 983718373 996983866
! 6 963262237 509624391
? 13
? 17
! 1 990414423 560294395
! 6 982992952 379137722
? 962484253
! 7 988580171 163166459
! 9 932308558 404098186
? 975016273
! 8 998586128 676216567
! 10 951375219 867192533
! 9 997923340 188445033
? 40
! 7 969479279 522649127
? 38
! 7 976453360 686194690
! 9 984362084 839405729
! 7 982378606 437954597
! 2 928899169 347283144
! 5 913505608 254210538
! 3 995836386 759504716
? 47
! 6 995902489 884953817
! 7 933938067 876606989
! 9 900080692 928493464
? 917729607
! 10 993088602 247712892
? 43
! 9 900991233 701155430
! 9 987452985 926715719
! 1 926679644 534012208
! 2 906764167 568245273
! 7 995185392 956811264
! 5 915919551 494967563
! 10 961475253 862570164
! 9 986960069 542159662
! 5 934505074 817566790
? 913751873
! 1 941854843 989662049
! 9 925737760 942930633
! 9 955711666 461670388
! 8 938646668 728543355
? 910610059
! 5 994034442 959100795
! 9 955697480 243750678
! 5 907574367 425699778
! 6 931428004 916713622
! 9 995591987 745502012
! 2 973214365 334517435
! 9 903500785 116435953
! 3 923299230 189934039
? 11
! 1 992961716 894250139
? 48
! 3 914847813 187991020
! 6 929821784 495899810
? 46
? 30
! 10 915920560 669529437
? 36
! 8 935810749 550784055
! 9 975304808 629581422
! 8 984757506 399282603
! 8 903316743 603726267
! 2 979481104 770213008
! 6 947745513 475566037
! 10 954926692 225936271
? 49
! 9 905491354 513379330
! 9 941444804 207719802
! 5 972099132 368672030
! 10 959237785 348903588
! 8 953829428 676466993
! 3 992541624 110717730
! 4 962352083 443755995
! 3 903519710 647775903
! 2 971807598 866661695
! 4 903975489 217237732
! 1 942968484 791932797
! 6 936403979 209405351
? 19
? 12
? 42
! 7 928541804 188675924
! 5 957829667 125730600
! 1 946183594 776460836
! 4 952144623 113942527
? 15
! 1 996466260 982401194
! 7 948645966 765402948
! 4 919304915 247925706
! 8 942647970 216890015
! 2 995602293 685069273
! 3 918283881 697835511
! 8 990316500 723125609
? 32
! 10 925889657 534629913
! 8 922273061 613214111
! 7 931689534 567012639
? 31
! 5 906313025 244076928
! 4 971098914 598145292
! 2 991109571 919300629
! 6 978990506 412062164
? 48
! 1 910979695 738173026
! 2 930206627 858503765
? 13
! 10 968783219 644906629
? 932151727
! 6 913929962 810973586
! 4 999870137 608540894
? 30
! 7 941382720 723857630
? 976836892
! 3 997166748 826831873
! 5 912522713 312225100
! 5 902314205 508986472
! 2 903893849 644285837
? 907289697
! 5 915273546 456234035
! 10 935318768 882659308
! 5 961392744 293784999
! 7 910153969 386188877
! 6 965751609 150148468
! 8 933764662 747578304
? 6
! 5 978761988 307006524
! 4 937624296 467586189
? 978865373
! 4 929234446 428482139
! 6 968560427 370102868
? 35
? 976533360
! 10 945230990 537657923
? 914215769
! 9 949731131 724956551
! 8 981542319 123207401
! 4 988470309 330667658
! 4 971426872 794338436
? 16
? 44
! 1 991165819 188710207
! 5 976153651 840339674
! 4 990683757 629484989
! 8 960605511 323818662
! 2 916586056 878069082
? 35
! 3 932655253 196497405
! 5 909586652 179662240
! 9 951121990 913484886
! 9 939686857 580002642
! 7 955403151 789420563
! 4 976221816 318691978
! 9 938159656 221921113
? 30
! 6 953451923 106763987
! 6 992038518 556167188
? 901627092
? 1
? 915569109
! 9 999431629 697184336
! 3 951577321 707038534
! 10 907641421 189513758
! 1 978638893 852910135
! 3 986999109 284034663
! 1 921982719 569195339
! 6 910943674 861092150
! 4 916996196 372587072
! 3 995100943 374981604
! 3 930891070 146285459
! 9 987385463 553984356
? 31
? 39
? 19
! 2 990894684 250547859
! 10 994747759 669382281
! 6 980011505 749248958
! 6 980068525 395727257
? 985318710
! 9 966392646 492088205
! 8 932388270 201404573
! 1 913840887 734999786
? 46
! 10 924412950 808817758
! 3 910309730 814416339
? 12
? 967080269
! 2 960664563 324496667
! 2 968264959 580789558
? 5
! 6 924399171 142815485
! 3 907819493 538170863
! 9 975648092 127551593
? 31
! 9 946904252 918510477
! 7 916897968 155203572
! 6 943456229 227508687
! 1 901256135 919405237
! 5 922457774 457659222
! 6 976155992 341739730
! 9 952792528 799922369
! 1 964544459 929010424
! 7 910239644 458996490
! 10 986948150 918588730
! 3 933318834 708315260
! 8 942631702 917534935
? 12
! 4 950945784 421354499
! 5 903765677 431762741
! 4 916903641 579683772
? 11
! 7 932806226 424148450
! 3 946105806 964253944
! 7 975451335 335823744
! 4 947527182 347397431
! 3 934981500 950768319
? 992125136
! 3 982464850 179035412
! 5 972711887 153555037
! 1 962701508 664542319
! 6 925470608 414193196
? 984751274
! 3 950598447 660387471
! 2 922273898 499731460
! 10 911564380 201624442
! 10 927672925 956790742
? 46
! 2 967281704 339845050
? 929178822
! 4 993493458 922954553
? 30
! 6 939599745 736725826
! 7 921709737 389880988
! 10 997214745 393271971
! 4 919120419 951972237
! 3 973918883 902716065
! 7 986875718 136780148
! 4 992310058 164923826
! 1 919090905 767856325
! 8 936531835 582397993
! 4 972269778 108811163
! 4 953837660 208318872
! 8 981697504 849202557
! 5 975335245 543960870
! 4 915336012 956871330
! 1 945031352 455051826
! 9 933111251 574794035
! 3 906637959 474561744
! 4 988903754 717970741
? 49
! 3 903785624 909581859
? 987007385
! 2 939980952 776364162
! 6 928888253 174750846
! 5 942138701 816968653
? 46
! 1 948807779 468396705
! 3 949333378 814641826
! 3 906994077 524244893
! 9 944615401 520101344
! 9 906485645 152202469
! 1 970109520 587899885
? 940022944
! 7 903682108 969377764
! 2 994750695 368961429
! 6 980511443 947676092
! 2 930767790 790001257
! 8 916642323 783822531
! 3 935586320 419504856
