999600226
-725264621
0
-160082263
-870399523
1133136395
3492346269
-2080596097
4274941572
2663891261
3205682230
4420668569
669574009
-6180972274
76787712
805541827
-757329586
6180972274
2785221083
2369947236
-2667777109
3208886557
6792779634
-7167254579
5638686558
-3029443461
-7411983182
-7204637862
1063260575
-2490492524
-1925991240
-885076961
-2696018788
2561571917
6404632482
-2645776359
401046417
-6532607900
177650730
4509432249
-40329338
5828508742
7103570581
-5955721980
-7170435836
7170435836
1295201212
1899201000
-2816730856
4160223805
5828924496
-807255455
4397446833
4397446833
-4397446833
1519654598
-5568709419
3923384790
-1384532883
-3469330384
-1043093044
7344397834
-9144277653
3008252049
-8904219232
3252913862
-2119656643
-8904219232
-6361342169
-9212161116
8993569712
1645708524
7089696420
11797137524
-7666595479
-945097178
4438269957
-10591306019
-12055598912
10400882165
-9893511008
10198334694
10774816127
1636077542
2548366623
-1009654892
4449076113
13261618642
12226775698
13261618642
789463380
-5678452035
-12008954256
14952317842
17536410324
13932632372
14952317842
-15005356666
849468226
-1362511078
-15663274206
-15663274206
-5963717758
6695545495
-12209112830
-5638053806
-16041768678
-9990463093
5461185412
13684123941
-16952927257
-14013518651
9819774634
-1281952539
17288087820
-16509235523
-16509235523
-18501849216
-1222034813
15304561740
-18138985786
-5564990629
14748728124
1697976724
17678033009
-14594361209
17384766756
-20375495076
17384766756
-17508058041
-14625223302
18481632707
5331370455
-12164705102
-21713222910
15780599768
15780599768
-24621892336
24621892336
24621892336
-15373073253
24621892336
-5845987981
-349269518
-9529670110
1486082822
14477603301
5481336799
177707284
1533256987
-1002038316
-25479833644
-14082788520
-15120006221
14033043243
-26962981036
-1125614359
19383470939
8536517932
-15987526850
-19154285958
19154285958
-19154285958
25981083854
-25799586301
-24966375563
3160582878
17770392454
-18744788085
24151361899
-26223599327
18826913500
-18826913500
-6020648921
-19398436839
23279092490
-29837472757
-29348326473
28949382272
-24394338718
12309979672
-24662376639
19163978726
11593961558
-31859208864
16732544303
-19986547290
-632814362
988331693
-14297823279
26212186543
26102651729
33044314066
329602654
-19071444660
26060877672
29991665342
-2313820014
-31923695299
-31923695299
31923695299
-42693632654
32548488871
-204912075
-863207307
26606395216
47153468052
7515680030
-53231807413
48061462100
-16810615973
36575094733
-16556032375
36582872497
19370304779
8401149228
45941726355
-39743349446
44346504836
-5961107732
-40557146949
-40557146949
40557146949
-40376316256
46543442290
31895825179
41300953227
41300953227
-703248780
-11723729742
45805129025
-44005168057
-20450590182
52072935057
-51055950591
52355664227
53117236111
-45619376911
46553767651
-51885392888
46069400412
-50451531056
50451531056
49038059660
106352265
48041164128
-33894692451
-2533161298
49891570795
-45990949713
36687144221
42460260658
51196282741
45750835696
31466946463
5630268660
45648879697
-47128460989
-47570042119
55644490077
-5894980361
52200726009
-53263520875
-53263520875
-52536210180
-55028986632
-54612698168
-55430182807
44956176723
2473259812
-9644486373
-9644486373
55739183097
-54128051705
54577464202
55350601154
-54391194681
-56040487687
56452239011
12122563531
-55397176243
24198575867
-55727470684
-57394213300
57924160029
-56755311810
56755311810
-37777530998
51316111481
-58641789587
57567913353
51969960941
-59582385909
59582385909
22368479082
59376712563
-59856416229
2394016368
53296820639
8630846385
-51063876453
-58569224844
-58569224844
-342899912
8796494606
59898200852
-29118069796
1127267589
59975562190
544480046
48152893279
29404645997
346124220
-61266946996
-62109468182
-63330189050
-60478474244
62628553204
-11605268591
-62600293328
-573117589
63743038490
-61638104934
-64824350207
55641043961
67253970688
65169125104
-34611775470
-58884671541
-66169729870
66169729870
-66169729870
66169729870
13290628843
66169729870
-39383356275
25176077029
7405365361
72524094127
70716009549
-11300351017
-324901316
48059348211
-70748144165
-69175308720
68434645155
-60477216938
60762896955
61773067756
4508708273
59001500183
60328815074
70673010031
-63520595612
-71608063554
64983862246
65375476285
-16598283586
-46228141314
-71575118384
71575118384
-64439666181
64439666181
64439666181
63751270993
4122172373
63751270993
-73747692230
5645120950
13044536485
32315819119
-39403448990
75826349783
-20074669298
62210243410
4507901099
61436424465
-62376364335
-78773593288
-61617603190
-61617603190
-68428067
42867077566
79696296719
-79696296719
14732522815
4317090459
-80806547661
-80806547661
-80806547661
-14592955087
58612093267
-79775657873
72028998007
-13053948256
79605775341
61100150347
61972288461
80906370216
52322532493
40797232295
63232203965
-79495678681
80238346623
-64838149653
-14627529073
-14762997980
-67519185151
68844946953
-2965529306
-24190230208
82771003895
-34288447807
-70043187877
69904623724
-8198543657
-2430906558
71456938641
30081685089
-80990566220
-70329220256
-48323811550
82715513820
83580386702
74282886407
-84678165391
-84678165391
-3096492153
-51412038121
84010612962
77171812730
-62672326326
-77171812730
2786970900
83242478419
83242478419
83242478419
83242478419
76552394850
77394799210
-8797798469
-71421403173
81680482660
70582246711
16452696170
-76622616226
5565011869
6826207802
83487011577
8458225624
77407009396
77407009396
36012230089
-84095616820
77407009396
35395341899
-84118291593
84118291593
84118291593
80549789155
63175938518
73500674382
-80368184175
-80368184175
-83578585274
83578585274
69510122610
85417005195
80743249907
-86041593971
87280995051
5282725426
-87280995051
87280995051
9091784499
-65734786862
73129661813
-86859971738
71373893174
79487639968
3238391918
72341066642
74335525056
-87506026016
87256179223
-87235703232
-91043646962
-59726633330
4523236845
35475049992
79164343146
-17724689219
-91004341375
-83135627383
91207144467
4544459006
84408194163
6645825178
-94648294086
83310667265
95255868915
-92377530088
82747632106
5008552192
-92490476254
45921932026
82324732826
17156132391
-81181042128
81181042128
96826605764
27908541146
82099173058
-96808597032
94362118921
94362118921
-12389790365
83088236936
-96181975259
94391507248
-83883176222
83883176222
93044095466
84476731563
82941841384
-17617066495
96305335165
83432708389
-95716064741
-21718792963
95716064741
-96107682552
21213461496
-97222346150
-11470546411
-88883479379
88883479379
-98201284660
-102396324201
67310652050
98842541016
-98905656500
43404643759
-87752614401
24348339369
87045621705
10350205812
-88990758903
4081081137
-91733988578
-99148521253
15710645482
91378899931
80285352661
92588371852
17386699531
-91109305792
33688752122
85497972933
-983819236
-100405876561
92588371852
-31049682744
-8972867025
-81386539762
89001182621
-36151289596
102472868100
101708968520
92845036699
83398256023
-102752141264
-4003443807
5694877538
109506008105
94669760227
-88350348345
88028116264
-105821710350
-43912959332
-103320202664
43325482231
-105018188041
103320202664
64690695479
23548410860
89139079435
105076798206
-88305064189
106711468722
107537568172
-105405279562
-89859652451
4824400306
106123876062
87437165255
22647552535
-4331554809
-16388457145
-106564559400
-106564559400
61410378935
94332751876
93425002054
77898006820
106755048161
-110225515574
107716768080
-108233209226
16337682403
100626099101
108382425079
-73462342847
-93548162358
100626099101
-107172114431
95477250364
12050489270
-90343420380
-52171869187
-96242283979
110498035342
96457582422
12700073266
72405914843
25879425030
-29561944173
103708985393
-98311239069
11421243802
-43271344656
94868782906
-97659297963
97659297963
99217619048
83221742693
-99377327865
-112899278761
-112899278761
-26665008259
99757297563
113600271582
100121529822
6814348155
98726953411
-1935863143
25926251780
-25052711766
1944414548
24663191550
99564826764
6426483904
115607192111
79535924081
-89186950727
102663812262
11935453057
101720129707
101580032671
102218665730
114811085492
114811085492
73431811631
-114811085492
-33421892666
114159342216
113779493541
-103470175940
115614012168
-114209085059
-8639722338
-79031504517
112747301706
-102513578212
7284676866
-113047165075
-115939598743
115827797066
-115827797066
108262820164
-107333404319
5852761896
-106573193798
2581431574
6631908144
-115932600508
113949317694
-37701512385
115523056390
-114811248683
-106826932512
6578978351
117376740306
109466357761
116399998522
83828875044
117633548814
21318434754
117633548814
7733392339
-108871513255
-109944552421
-79151409365
-117205117964
-107460635617
22906740625
51016369186
85036737936
-119261521615
23974609688
8785337823
-117748867398
12218748647
-117094967231
116319324752
-116319324752
-105435329726
-37335081972
105435329726
106825996873
-107218814592
-107218814592
116920032713
-78061223049
-49098199741
120000359956
24895287170
117873318378
-99548678934
125253784416
-3020834922
-106535802592
119680654518
87389791648
-105223446385
104181430031
121629646918
104617965249
-122206114497
103664253934
103664253934
98330687776
-125124581588
43533202341
125328500199
86474024993
-17862289382
125720722725
11451131862
11862404720
-104025299971
103477328684
112221108599
-103992363206
8503372128
129081468974
90634905449
-42493038108
-114876147501
-100494749128
100494749128
129707335749
129003155044
129162968679
129162968679
-126710330022
-96609014615
-133281554732
-128301389883
-128112776619
128112776619
-126963579001
103098197703
126963579001
127179751386
-128993343099
-103704751101
50981127697
-130977494950
-39194953437
129908706523
-107044825417
41365949951
-129908706523
36325910550
109176282849
-129124606026
-129124606026
-109176282849
129659907836
-129592988226
-129592988226
-108444643115
44235210167
-109123932512
35377455970
-80821689942
-8182768671
109892057942
-126721197373
110981235829
41127595842
126721197373
17666669433
-110263438789
-3928411337
18561021259
-22277754365
18193111016
-128297986894
21596218906
125492200456
-112981124265
56881542024
-39761244669
-126373658758
-73492037187
113951279365
109289290255
65539826735
-18718241602
49291797417
-113961763244
40356388078
117976846567
78344350384
-118439869648
-118920288383
131719797314
5267875133
129022743934
129971513356
48537854283
-11490261712
122345191366
130613026899
-129992787344
83981762016
-98601069809
31954965309
-125634823791
130134857266
-125525441475
11490261712
125524621580
125524621580
125292671893
32223367179
139467313408
130385097606
126336899121
-126662952456
127652952988
6302187488
18151835774
-142359796062
142359796062
141523788302
127727678619
17634726385
-48852083411
-17874321929
-145814460248
127195682380
18181535300
135318998510
128490961460
141956307804
-1434382587
-127458334031
-126647594829
15209386422
-126358211491
134376085185
-95913888300
26499218572
127571046942
33698032534
144756150493
145408879216
140756379055
-130725378711
-147313165286
132807989442
-108262648620
-144552180551
143585577078
-132594312642
-145073144341
-27115923816
-145073144341
133958662910
-131736928344
146864160202
146864160202
-60597065099
130424371605
92871715535
-134948964201
136552533329
-145772300683
146201906826
148711472813
-49706708849
148711472813
-1550209496
150459333849
36758423360
101198590179
-30876903874
141280554450
-152465426085
148280164454
141737357447
140667471618
-107000339343
141990127755
153986535403
-43123972738
54183019500
149416871805
140914952987
-74113914297
-80782587006
-155270223369
-155270223369
155270223369
155578023164
-141676707739
141676707739
155967911541
-15409538698
155414915834
155820670049
6380157044
144680609686
24106002165
144680609686
145233165120
-102085738742
85624802429
156853960543
-144820178017
105339974892
160146059400
160128838919
-145408907220
145408907220
-158890457119
155334578518
-147582761289
158358960991
159042661122
-146303658762
145568782088
-146206379816
146206379816
148367615263
31338155493
159104969185
-159549994539
-148847774067
7894580500
127710925565
-159985582563
148726577175
-148726577175
150698032987
-159612421042
7613429278
145933182770
53887337440
144417655599
-144417655599
-159731539281
-38347117339
-97760019463
-159731539281
-160342535861
144178288175
22060854588
143216197696
58551373736
154508400428
-146075792053
-114116252959
-162512336514
20532882881
163301550941
145130145148
144529916787
162318098643
162323221883
-146314069664
24542703939
-93088720886
436133071
103641840028
161394885232
-161394885232
147236449943
148706863686
148365230113
26003049886
