-447588452
0
0
0
0
71436362
-2080823624
-689737640
853587730
-105044397
-142868033
1193030268
-853587730
-1519353484
520283370
520283370
1519353484
520283370
-1519353484
0
1383495264
-4317852
0
1706427439
1059630375
-71436362
1059630375
968238634
489582163
-1519353484
2709075395
2206809749
-1411453683
-2647968772
-1458402435
-413309012
-3358349781
-76942333
1601918679
3000955878
2724656753
-1778440095
1778440095
1472309005
1411453683
-2868552975
2891117270
-697270222
-580926712
76942333
1411453683
615572964
-1675203339
1900678659
1778440095
580926712
1165481120
2264524323
3348062986
-2213662449
589417759
589417759
-3353744488
-2213662449
-1737565831
489582163
-1200127372
1558389917
-2857565803
-3539535212
-272586393
-2437909082
-2441005082
3916487747
-2079967272
-2730011219
-1710005175
3599662758
-489582163
1792187775
-225030758
-4545287764
-4322858352
-5015869663
-3149428486
754328864
4396556361
767131412
1081863829
1180440424
-54610485
-2685266915
1446669543
367920152
-3415969864
1307345959
-730797541
4297264724
-3124089381
-2209899867
3866336349
1421673812
1675902092
367920152
2155885083
2991624440
517181013
-3385217708
983928714
2264861211
2915054819
2893956008
-1303054892
-1751046272
-36850333
2320897377
1307565213
-3246283246
1400789871
-706155002
1550572175
-349912257
1106068080
-1993083699
-1092861664
-352451255
1955816622
-352451255
-167932701
-4613380952
1711818476
-290775006
0
-2746988758
607895057
1293083752
0
-2746988758
-669729726
-1522428698
-1634299390
2082377290
689319037
5043225369
-1344475069
1207279377
559241344
1397798526
-489675229
-2082377290
-163591142
-951421697
3894596698
2882204692
-2849208292
1048585752
1510126821
-1233586712
2082377290
-2982090252
-542100654
-649032304
769227940
-2638465844
3405296846
1874878255
-2307392519
-4720595046
-564842223
-1982592605
-248678405
-3176237990
-3405296846
3832429253
1522399664
-2697611753
2912803007
1424498059
-2727852702
-189919721
1233586712
-1614284026
8836741
-2015185325
8836741
1623056575
2498115173
2918859983
-3658367862
1610838225
2322476151
622369588
1130037552
172818003
-361592652
3130523331
796787736
2606654490
1264394240
3075990964
1314434057
-3249345036
502856997
-3249345036
3018263825
-1862147233
4139629169
-418684707
3946138411
2702366686
3042289739
510441507
3476571282
2935124810
-700738640
1514468099
0
-2146278132
-3370229727
-2106506873
-2554268303
3645067672
-2570234484
106399489
-1946964893
-1992197586
2015379440
-1474782409
3537790468
2741663383
2481779749
0
-1264394240
-3595579602
1976583576
-3537790468
-1553734499
3006056949
-2938843251
-3767202318
-154276439
-614873654
4384795211
-536398691
2645031555
506757152
3107946051
3494471686
-272586393
-248277011
-635846648
3187990771
-1191416199
588757661
2215625341
2905837911
3749510512
3100688720
4312182121
-1600735406
242986835
536398691
-1416824578
-1520560756
3744220336
-1887989634
-2098113864
-4502255958
-3334181020
4079959614
4759033729
-280581435
3615942359
153662912
-3561849837
148058852
4738238466
46816528
-663880511
3172590800
915612019
-3526061572
-2260177512
-2364355170
847145306
1073471689
5976060
-2762550484
-1433027196
2117209019
-2023644103
1624716475
-2792829945
-915612019
-1231115861
-2829249951
4093182720
-796787736
1885122617
-2149190899
2829249951
-376569817
1398522993
640361318
-26610149
2184821396
3005285002
605108824
1350135632
-5444296731
4411246097
-1133236333
1189175558
352125389
898101882
4882915881
1306784312
-689180214
476184077
-4621339993
1549203527
-1944791365
3406246716
0
1558976148
56180600
951350194
1633686016
-1480365878
2612035342
1210530581
-563848330
942051335
1951547393
322738033
1767680912
56180600
-1775493029
-422033182
-3900920397
1560509884
-150101236
2607847156
-1803262021
-643609438
-1612849713
1527216567
-834329185
-1891304637
4459899537
-5898170438
-2750603490
-46816528
-2649088835
-3281273988
-5011979866
7109884983
-2582983035
3168317119
-220477182
-2204991886
3374884457
-479527768
-2073668949
2890450774
5876042847
129479882
-222602833
398937408
557347271
-6055616659
2784089930
-455980861
717629905
-7163700354
1702844979
1043659060
874213898
2480311478
-6371515328
-633084849
-4689184378
265272784
-3562317014
-6531204411
4533178575
-822118387
4533178575
-736265698
994491411
-1735834317
-2377926753
-1819038882
-2732124802
-230238638
872520685
1622212343
-874142810
-641418845
862414758
-1498294122
-3027254166
874213898
662459104
-1965528260
803649680
1324944859
-2355649271
774349712
1628089690
-2745197960
-4670380926
-2013745430
1055071902
-1294155973
2315793641
-1463601135
-659947827
242186847
3639554456
1262436580
-1359365351
221888382
4308778542
1251251998
582376898
2754997768
1448343082
-1155790578
-803649680
2602302972
-2685583241
-4049549297
-970351793
516996098
4132943280
1875170071
-1443579830
-2941834599
-1623282782
2224751567
-235643305
-6854929095
0
0
2749673396
5521473582
1187601932
2443282817
-2136270343
2245560938
-3753722016
-5438887873
1779800183
-3953002991
1562553860
3978003902
1823619264
2826915585
7536516403
506517025
9775275511
-4249832273
1794429391
3896329684
-2783768524
-1369914667
-354703781
1454230647
1286246215
-3762146432
-4962392700
-4177460060
1792063017
-5384560588
-937830419
1625957286
-4103736329
-4272541993
-2062728939
1761697474
1936939584
4577405307
-5825914721
2946376418
-1147085617
5341925944
-1961812217
2744796586
0
705842913
-2127774537
2173828851
3940010835
3939554568
4039111713
-7450837422
2933992722
-5446154268
4201244485
-1076366473
8996946050
5335250685
-6225760278
-4200999600
4464477288
-84991227
2234587666
1494844192
-5324869579
-5612238749
9518852288
-2836232953
12690029267
-316873662
-1499292926
-2855509739
-5717853985
-2244146110
2292493978
-7396427224
-211740099
-9620798074
-1095788586
-4668007219
2067682442
9165077278
14475749842
4170096673
-1684574415
-5559107523
5666634983
-5936187361
12693890922
262294581
3725335713
1673286760
3209148723
3727946728
-1832395570
-2655231268
-11550017546
-3470782780
-8543282122
-254554371
-250586851
6250490406
4273412948
9974986708
9909026742
679376737
46816528
-1886473176
6556931775
2334007038
-10081372975
1295667312
4345408130
-4053079660
967963256
-1200464896
-605250758
0
1547312289
-4891343699
-566980007
-2431506352
-2520623397
10727175859
3359480878
3077002227
-1339310048
912027990
-9634959317
2501729064
-9666710421
5670290573
2726144405
360389569
3292184401
9858220977
-6765007427
-3763861413
9984176818
5273846590
6401308017
-2154096401
1599375255
2409673011
8838917598
3991857705
63793296
11374053201
2784240877
-2980703135
-10487438208
-1647024627
-8143655004
-9561863430
-115318646
-11786445609
-5329826558
12523597102
657338114
-1817339795
-3463972516
-522181141
1903832221
-12884446437
4928951348
-1379254162
-776463352
-966698961
10878359838
12291508412
-15564861085
8197113830
-5962057484
1289069116
-786844246
7782996532
-5659002338
-5173735777
-4337180991
3772518933
-5529863759
-2911689232
138739338
7837159855
2665194154
184260502
890243767
-90566546
7934625627
-2136434959
172307229
-6401308017
-102416659
-5723806014
-1611377329
985630551
-5564049043
6379248364
6765007427
-4155352421
5407346441
5009829857
6765007427
-5083431809
3101143621
7369412134
-1055850252
-2986169710
812808600
2565740806
6401308017
1914367207
-5023575496
1228411838
-1607524982
-10839465129
-1225162949
-2591320591
-1420051131
11113539261
4781813595
-10148830625
-6006793597
-10319820825
4807025607
-6128712851
1460652652
3688725223
825986314
7676073238
6266448992
-4358652500
-1714166857
-5251132237
-192868515
-6137805273
433911323
6177263309
3677268772
-8375612367
9184639591
3239096898
-1871020507
3835019612
3208311993
1474186195
6915610325
3082716677
5402657144
-3112220494
-6100296840
2090443621
-2765203019
3572163055
6029437812
-7330233056
-6496099403
-782005625
12098934461
8718020720
7515815121
613158539
2527739354
-3616263558
4399649815
4411077606
8834052232
-6105661297
768921264
-5636048691
-2774487270
-5051758660
7849108863
4616409638
426887573
1088454992
1205587282
5237252785
-1408954970
-673970501
2854454435
-6705279551
-685697430
-1775453250
-6773460447
-2052873591
473366957
7796059779
4170313885
5056749483
1506039155
-3946707501
-2658196339
1908463801
10076093201
8401311159
2310034149
4663437167
7355063858
-1569340634
-6233013971
-574018830
-2757410539
-549059767
1320824761
-5756208337
-8361074511
-1507840986
4872514938
6277494882
-4466919608
6237085640
4218544184
-5250790553
1357955310
-2019150889
905367025
4085144112
6082076746
-4961984004
-244221559
1480058792
-5694866631
2838794946
3918514570
-10067271224
-6233175862
-68502118
-5114221466
-6237748050
569437834
4504194418
-112338304
3002342167
-6899897065
2132169982
-3216961254
-5470740499
-2650027602
-266800659
-6105373118
6966592795
11278573292
2914124545
-317672533
-6464908360
4839547773
9500391193
8966225670
-4788962743
-5925671918
-6105373118
-8397664455
6966592795
-3371877443
-3632441250
6080893855
-1816214673
-8388778436
6397650062
6127280561
5590862219
-4842993606
5283713776
3661469513
544165577
-876380363
-837954169
2116124203
1880221906
-7915370967
-4538770600
-6404151569
9236799326
-492320578
-48211128
8248131260
378830701
-4891611603
-1015225434
-1215923465
1165752484
8600952275
-4599530286
5898775223
1476888247
-9579233619
-10393001235
-8026104443
7458034248
10536161806
-7341723267
-1934067880
9764862497
98728182
9736503830
-7448873935
-4864975620
1457446780
7235368848
-3480613465
-829928969
-1486987251
8653306526
-3664364004
-2700680820
-9642339999
-8613922992
-6537957163
-7863875602
8920038458
-7473219856
-10194771975
-278539657
1231598240
2492899907
7546588974
-6592351185
5243795611
-1746057843
5476221759
2729911152
-8736356964
-7743123607
11377567551
-11405761774
-8421034294
7720651002
11752501146
-4866128766
7850563792
7405930549
-11327717704
-8069678882
-11793998948
-790458511
-8028241503
-6407601326
-2438726973
-11467031199
33490272
7360981619
10540534974
-3727788675
5651783191
1091939653
5305026949
-12457709774
1647006913
-3233205452
67433928
-10502370744
-9088097728
8709956830
6448868808
2859760266
845246664
-8187075400
2743242896
1834517061
-9750340567
-3604798446
-5052172293
11974483534
4479172566
-6323561986
-7665771738
-7835569573
10719338635
-592103054
8255589301
-5971929117
4986856938
-5497646155
7091419419
5927576809
-6704131222
-1209137286
1501408135
-361221181
3404698525
10163654374
-10001109823
-1448859806
-1484609588
-2433138650
6690334920
10073466878
-10296282837
7850081583
-7074945239
-2949523316
-845246664
-8085215985
-8180611257
-929689452
-9818410139
-7725348631
3729123814
270657073
-711579814
-3319682464
-1462446916
-6755472342
-3322850029
-9121277500
4961126857
4946255950
12039044846
6365234728
-181876755
14399489
-3343961850
2584727366
9933545210
-4719177665
-7970395333
10977784870
-2472847380
-6849926159
2817751054
-9668025841
-958337347
998988802
9092972019
-10920072644
-1872686617
12726943845
2024462938
10690173185
-713018149
-3214318118
-3004334439
-550866685
-7030339697
-2066360600
335572830
7302074680
4038024417
1042074331
8235239875
-11363295784
11778400267
-809524232
7817630722
-10831415082
2535443671
10185150762
-656860995
-10548244240
10585273446
9316706125
-6541696014
667743628
364635197
1602660546
623585080
-6989424896
-7999762512
6133143765
5543612785
-7921027804
4408534222
-8891883300
762095099
-1375917896
4265680675
-9772314210
4111337141
2335067263
-2962130305
-9803453743
984293589
10886832008
1233369327
10893503152
3708332433
5607075846
-2330785673
-4323081694
2462810718
-10806408811
-606072611
-4819929344
-6872463990
9580495177
4921603401
8743263010
951665462
-7986640243
2035320154
-5811505750
-6420881500
-4269364239
-12461836184
-5051083047
8606374275
291395990
-9804959325
-6552724606
-3147529894
8897687083
-4253321434
-2889142716
2102486312
-193807915
-928898833
1303599276
8524501111
-4182598849
7562736201
719128697
-12252852685
-8587818868
3056807553
1981148533
-552741209
-1496368600
2248183620
-8070565781
-7052263584
2560237117
-748412958
9017271636
655042900
2626479546
3528332695
-1649958713
10286662713
895752405
7806050438
-1089845008
-3665529784
-2681024394
-6212413240
699583897
5240332711
-9363071686
2965212849
-4613406772
-6193056239
-4212608021
-416061411
-4580515183
6552724606
-6372491857
594906690
-7214747067
-3468213448
11114150362
-3250091569
-1030491062
15930336734
13736755066
13766864134
-6561686405
-6730987148
3489574769
-12748383648
8708472947
5048235050
9566989299
-7999659298
7426355735
-756193054
14314174547
2491770324
-692403841
12109960201
9203494300
462409399
5031926300
6168683249
-7344420509
-5468812514
14881444033
6802222789
7165678153
-10788528235
4120609953
6482548014
16297929362
4580245730
1362217630
136473875
-3838029325
-9184879238
10523304787
4845175725
11806827056
-3981747830
3219411733
8009420179
4531853992
-6860142774
-13106095072
13753087285
-3261059257
-12986334660
5670131004
777796674
-1528169689
-8317239967
-332414691
-3395975116
6531556376
4772970507
-11443460463
-4406957533
8834747527
-3845345840
-11764853058
-6631721226
5956222646
-18912452312
10272904567
4782674792
1062868949
15368642211
1956766808
-4724174250
-12560406216
-7676550564
-7446326879
-5632606707
15081817309
15280113402
1680445692
-13571861496
7358306890
-2259730694
-8469773239
-1083762749
-12269315518
-2322015270
6502423795
3395799973
12120359566
-10894303013
-1130962784
-5281201319
10404007547
5282344587
1025674553
4548125737
-2897372922
4332616793
-14677835624
4202474622
-5033865089
-6182252337
13435526890
10875099443
1120180842
14243939137
16199616761
-7218144758
5879160621
-11685503007
6512778120
927530092
2416646960
9599831607
-1123650469
8394379024
5425836528
489122178
-5971511743
370530891
4887786434
-13545195627
1232488835
4747339471
493023650
12921178767
-7058029720
-509237725
3148546812
11809297598
5628716757
-2854953414
-1815105654
3011720786
-3494961767
3736544712
-11290432025
-7109935086
289136180
12546549024
11274438122
2737638655
-103378091
1887661918
5942463394
6641035149
2952450695
8879825809
2441493263
-9842809679
-9432161761
40922704
-10783403891
8311285785
-682828194
-2896285840
2201857099
-7541479129
10884738405
-9945229221
8191822013
6783325490
2621244384
-13616867578
-3804155256
-6671914814
-8530749369
-6882452207
5263985815
-512396057
-13979315598
3573459267
-6566129926
-8018812449
-2143758472
10844348618
2075834330
4390883900
1138277683
7395123295
-1571010480
-9290288835
-1343534321
-6566129926
8850184418
7303046975
6438258946
13497063547
7365338932
-8097946425
13082333686
6043003760
-12691330610
4719189731
-13638130730
4454971816
9571707918
-17477559158
-46420989
7391340757
8218499016
-3561094091
-10524777262
-13929669582
14632776566
-11589933224
-11157205062
2250354451
-1954468233
-4518126927
3782731146
216306748
2226902248
10184689980
1930234029
10948549411
-9936722399
10003551384
-15826149085
1516229949
-13680458689
-8174117046
16479149369
-11805001197
1765918292
-1797392244
-12899915483
2471767841
-11903445855
13254991059
-4995074293
3235093024
14443402175
-7841151709
13135928273
2589290666
538496606
-1140237010
-7648145491
13178523728
-17647421703
-8477726138
3782731146
4009901898
8752982874
-16248857079
8259671012
8842837978
-7270107396
-14808133348
17537350989
2471896749
13135510744
-7270107396
5402900437
2681692732
3869407089
8963569895
16308584161
11541920502
68410382
-2895282278
-1159241453
1540366941
-9043365969
-8265459428
-6712726146
16936924052
-9392748070
2739519260
589242926
-3882888808
-880545522
-945140226
14403474551
-12314747204
657238122
4953408384
6454942158
-293817745
-7394734438
-1057014383
2942235206
-760675235
-14837783957
1085493497
-76101114
-3653682767
7122047874
840892173
5584886407
3381047993
1583295679
-423454148
-15350818484
15507393886
-856356721
7023091487
-5432640123
12657957826
8304789275
10568374947
5090556276
-7676557278
-6398691391
1458349241
1427693346
7148611333
446858352
-15323133712
5723268253
1419785801
8618709973
-49550859
-11078320390
-263129408
666154475
14628894694
-9049940035
1351279110
-14409856849
-149872442
-3443286991
-11197125643
-8847266238
-12537930536
8644055213
-14155978371
647066790
4761549422
4406425580
10125531640
30951561
13137935490
11002071307
9741425726
-6392829589
5604166227
-8842148289
-14244243757
-7814539259
16370816474
2141607117
-4458569517
2727268565
-2883208026
-4380184460
11095235224
5753008532
1757088568
3582838032
2362578694
5835894232
5478248746
6917628787
-10109257653
13163678753
286954858
3833426810
-13411758222
3018969092
7074730558
-12520738294
-7929528858
-7166528308
-8707496753
-13936898451
-431303940
254564408
-5717543279
3812905976
7286357852
2943920818
5243465869
2920290999
-2802184075
3883303814
1574299115
1618740878
-4247354339
2112627919
8848521822
-251808363
-1101494534
1231253088
9500467981
-12534702196
-6379932372
7586330526
-12061530773
2711363609
-3524622012
1160501336
8015397678
-608618581
-2483548865
-4868362430
-5118256170
-5656649400
-2797498134
-5055858775
281109083
-6338940874
11476736659
3730895079
-2972344859
1903380922
-454686668
-2083135460
3690023265
131137670
-10864548577
-15530560685
-11712053937
673092034
-4262427151
-2539527423
6561206195
9349306636
-1097857456
-1553675198
-1647695549
-6418760799
1341907969
-10629211858
341416345
2957475162
8077279126
-374934631
-5253793931
-4092193164
5336831721
-7154293140
-2756703179
2420781248
7324993531
-4677760285
360095083
-4863591903
-5854019755
-1321608562
-842276938
-7540848186
6464924278
58096893
-5625807875
13032321659
-2998456315
3822694006
7971323685
2976779649
-375337048
153683027
-7279011892
-1990987337
953883177
-9480075722
6976044221
-10713609159
855458111
-5774549118
1656611340
188165925
7611867101
-450511004
-128595342
-5128990823
7893165602
6615261506
8286299983
-6615261506
-13706400636
1927966424
4871694010
3462175162
3640923672
-10663308430
230762374
-194681215
-1927966424
-1799371757
10430170772
-5168420711
-7136357521
-1844285597
12787657037
-7925097049
5581915326
-4819724293
-5281156090
-1191617294
-480621987
6857109240
2445361804
4185869698
-2588833566
-1239557274
5937227118
-338969859
-2069903789
-956100979
-13448329491
-114911102
-4934121766
-5229430747
-4792187579
-8251254393
-8687094257
-2825154266
3459756194
-1691662111
-15136054125
2252408439
-6441016191
4377189834
1881719466
5245416805
3534629723
-3430121666
-14466244533
2531422478
-12174983384
8690205937
7418771148
2652679908
3684580825
378385349
1366754898
4273016736
1706301002
-2818921003
5255789364
-785304661
-2930799685
-4490927246
-735496485
-7464646844
12166917943
-1981740175
-7665696856
-19315711
-6430571184
12694910646
370448124
4582923091
1490718436
-2352061015
-2918109284
-1913535203
5594093576
-10110294484
13981066346
404659086
-3505376043
1538744795
-10474224437
8638934048
4319660266
-701340562
-13530277129
-9904892524
-4656502010
3502455818
5108435491
3820403896
-7042527887
-5997146954
809795980
-4359019871
36829184
-6064456630
-1593557584
3447424703
-4205115177
-4570761044
-9999801035
2199885541
3569948344
4469172569
-3537893088
-6622497917
-7125557542
1447604742
10211834961
-292939254
-14314279283
-793162058
6180002675
6902073942
12521110879
3703163352
653863135
1178814829
-2252400233
-3041639591
782397311
-7947992298
-6107725961
-4357734627
8729954226
10667420750
9431899476
9595071459
6777020739
12695552722
-2483894703
-7947992298
-12725306153
2337137116
5636900557
-514847472
2272682600
-5334464730
-2499347762
-10919273063
-7942383403
-8497208451
-9353188733
-6038890507
-4238518754
-8998714474
-5084311420
4482187332
-6109854810
5239325720
120897025
8063457186
5058739145
-5645798394
-2466807670
-915089550
3928474271
8274740509
5404778444
-1730317329
-5785325858
-6572973562
-5998693056
-2607671499
2227820073
9830641993
4805788351
-3919475215
-2778195093
-3092954260
-2131538940
5413769233
6741953418
13976627713
-5796317796
-5370080263
-2232877691
-7412006954
-3869170321
5135133073
-10826267326
11581642959
-890528321
214213105
-2439630774
-5234451148
-8949171616
2079299073
-7605534395
-1994472105
-2165945672
-6082779614
-1801913402
923189808
-1914346016
1131108361
2665261759
-255286901
-2891874224
2601339347
1776982452
-2316596887
1051213788
-8468964767
0
-2287392982
-8521062048
12841647560
-4685966175
-1579260792
-8858605300
-14714102404
10151180698
-95153157
-113597190
5067903550
6026017478
-1297442180
-13532900411
-2466807670
10044396564
-599344513
11913746367
-7277303862
-1601052560
-2104628786
-13863571642
3357277908
3809833920
12025893652
-6076140985
195539199
-1679029235
7024879045
-11907679529
