5000
1000 0 1
1000 0 2
1000 0 3
1000 1 1
1000 1 2
1000 1 3
1000 2 1
1000 2 2
1000 2 3
1000 3 1
1000 3 2
1000 3 3
1000 4 1
1000 4 2
1000 4 3
1000 5 1
1000 5 2
1000 5 3
1000 6 1
1000 6 2
1000 6 3
1000 7 1
1000 7 2
1000 7 3
1000 8 1
1000 8 2
1000 8 3
1000 9 1
1000 9 2
1000 9 3
1000 10 1
1000 10 2
1000 10 3
1000 11 1
1000 11 2
1000 11 3
1000 12 1
1000 12 2
1000 12 3
1000 13 1
1000 13 2
1000 13 3
1000 14 1
1000 14 2
1000 14 3
1000 15 1
1000 15 2
1000 15 3
1000 16 1
1000 16 2
1000 16 3
1000 17 1
1000 17 2
1000 17 3
1000 18 1
1000 18 2
1000 18 3
1000 19 1
1000 19 2
1000 19 3
1000 20 1
1000 20 2
1000 20 3
1000 21 1
1000 21 2
1000 21 3
1000 22 1
1000 22 2
1000 22 3
1000 23 1
1000 23 2
1000 23 3
1000 24 1
1000 24 2
1000 24 3
1000 25 1
1000 25 2
1000 25 3
1000 26 1
1000 26 2
1000 26 3
1000 27 1
1000 27 2
1000 27 3
1000 28 1
1000 28 2
1000 28 3
1000 29 1
1000 29 2
1000 29 3
1000 30 1
1000 30 2
1000 30 3
1000 31 1
1000 31 2
1000 31 3
1000 32 1
1000 32 2
1000 32 3
1000 33 1
1000 33 2
1000 33 3
1000 34 1
1000 34 2
1000 34 3
1000 35 1
1000 35 2
1000 35 3
1000 36 1
1000 36 2
1000 36 3
1000 37 1
1000 37 2
1000 37 3
1000 38 1
1000 38 2
1000 38 3
1000 39 1
1000 39 2
1000 39 3
1000 40 1
1000 40 2
1000 40 3
1000 41 1
1000 41 2
1000 41 3
1000 42 1
1000 42 2
1000 42 3
1000 43 1
1000 43 2
1000 43 3
1000 44 1
1000 44 2
1000 44 3
1000 45 1
1000 45 2
1000 45 3
1000 46 1
1000 46 2
1000 46 3
1000 47 1
1000 47 2
1000 47 3
1000 48 1
1000 48 2
1000 48 3
1000 49 1
1000 49 2
1000 49 3
1000 50 1
1000 50 2
1000 50 3
1000 51 1
1000 51 2
1000 51 3
1000 52 1
1000 52 2
1000 52 3
1000 53 1
1000 53 2
1000 53 3
1000 54 1
1000 54 2
1000 54 3
1000 55 1
1000 55 2
1000 55 3
1000 56 1
1000 56 2
1000 56 3
1000 57 1
1000 57 2
1000 57 3
1000 58 1
1000 58 2
1000 58 3
1000 59 1
1000 59 2
1000 59 3
1000 60 1
1000 60 2
1000 60 3
1000 61 1
1000 61 2
1000 61 3
1000 62 1
1000 62 2
1000 62 3
1000 63 1
1000 63 2
1000 63 3
1000 64 1
1000 64 2
1000 64 3
1000 65 1
1000 65 2
1000 65 3
1000 66 1
1000 66 2
1000 66 3
1000 67 1
1000 67 2
1000 67 3
1000 68 1
1000 68 2
1000 68 3
1000 69 1
1000 69 2
1000 69 3
1000 70 1
1000 70 2
1000 70 3
1000 71 1
1000 71 2
1000 71 3
1000 72 1
1000 72 2
1000 72 3
1000 73 1
1000 73 2
1000 73 3
1000 74 1
1000 74 2
1000 74 3
1000 75 1
1000 75 2
1000 75 3
1000 76 1
1000 76 2
1000 76 3
1000 77 1
1000 77 2
1000 77 3
1000 78 1
1000 78 2
1000 78 3
1000 79 1
1000 79 2
1000 79 3
1000 80 1
1000 80 2
1000 80 3
1000 81 1
1000 81 2
1000 81 3
1000 82 1
1000 82 2
1000 82 3
1000 83 1
1000 83 2
1000 83 3
1000 84 1
1000 84 2
1000 84 3
1000 85 1
1000 85 2
1000 85 3
1000 86 1
1000 86 2
1000 86 3
1000 87 1
1000 87 2
1000 87 3
1000 88 1
1000 88 2
1000 88 3
1000 89 1
1000 89 2
1000 89 3
1000 90 1
1000 90 2
1000 90 3
1000 91 1
1000 91 2
1000 91 3
1000 92 1
1000 92 2
1000 92 3
1000 93 1
1000 93 2
1000 93 3
1000 94 1
1000 94 2
1000 94 3
1000 95 1
1000 95 2
1000 95 3
1000 96 1
1000 96 2
1000 96 3
1000 97 1
1000 97 2
1000 97 3
1000 98 1
1000 98 2
1000 98 3
1000 99 1
1000 99 2
1000 99 3
101 0 1
101 0 2
101 0 3
101 1 1
101 1 2
101 1 3
101 2 1
101 2 2
101 2 3
101 3 1
101 3 2
101 3 3
101 4 1
101 4 2
101 4 3
101 5 1
101 5 2
101 5 3
101 6 1
101 6 2
101 6 3
101 7 1
101 7 2
101 7 3
101 8 1
101 8 2
101 8 3
101 9 1
101 9 2
101 9 3
101 10 1
101 10 2
101 10 3
101 11 1
101 11 2
101 11 3
101 12 1
101 12 2
101 12 3
101 13 1
101 13 2
101 13 3
101 14 1
101 14 2
101 14 3
101 15 1
101 15 2
101 15 3
101 16 1
101 16 2
101 16 3
101 17 1
101 17 2
101 17 3
101 18 1
101 18 2
101 18 3
101 19 1
101 19 2
101 19 3
101 20 1
101 20 2
101 20 3
101 21 1
101 21 2
101 21 3
101 22 1
101 22 2
101 22 3
101 23 1
101 23 2
101 23 3
101 24 1
101 24 2
101 24 3
101 25 1
101 25 2
101 25 3
101 26 1
101 26 2
101 26 3
101 27 1
101 27 2
101 27 3
101 28 1
101 28 2
101 28 3
101 29 1
101 29 2
101 29 3
101 30 1
101 30 2
101 30 3
101 31 1
101 31 2
101 31 3
101 32 1
101 32 2
101 32 3
101 33 1
101 33 2
101 33 3
101 34 1
101 34 2
101 34 3
101 35 1
101 35 2
101 35 3
101 36 1
101 36 2
101 36 3
101 37 1
101 37 2
101 37 3
101 38 1
101 38 2
101 38 3
101 39 1
101 39 2
101 39 3
101 40 1
101 40 2
101 40 3
101 41 1
101 41 2
101 41 3
101 42 1
101 42 2
101 42 3
101 43 1
101 43 2
101 43 3
101 44 1
101 44 2
101 44 3
101 45 1
101 45 2
101 45 3
101 46 1
101 46 2
101 46 3
101 47 1
101 47 2
101 47 3
101 48 1
101 48 2
101 48 3
101 49 1
101 49 2
101 49 3
101 50 1
101 50 2
101 50 3
101 51 1
101 51 2
101 51 3
101 52 1
101 52 2
101 52 3
101 53 1
101 53 2
101 53 3
101 54 1
101 54 2
101 54 3
101 55 1
101 55 2
101 55 3
101 56 1
101 56 2
101 56 3
101 57 1
101 57 2
101 57 3
101 58 1
101 58 2
101 58 3
101 59 1
101 59 2
101 59 3
101 60 1
101 60 2
101 60 3
101 61 1
101 61 2
101 61 3
101 62 1
101 62 2
101 62 3
101 63 1
101 63 2
101 63 3
101 64 1
101 64 2
101 64 3
101 65 1
101 65 2
101 65 3
101 66 1
101 66 2
101 66 3
101 67 1
101 67 2
101 67 3
101 68 1
101 68 2
101 68 3
101 69 1
101 69 2
101 69 3
101 70 1
101 70 2
101 70 3
101 71 1
101 71 2
101 71 3
101 72 1
101 72 2
101 72 3
101 73 1
101 73 2
101 73 3
101 74 1
101 74 2
101 74 3
101 75 1
101 75 2
101 75 3
101 76 1
101 76 2
101 76 3
101 77 1
101 77 2
101 77 3
101 78 1
101 78 2
101 78 3
101 79 1
101 79 2
101 79 3
101 80 1
101 80 2
101 80 3
101 81 1
101 81 2
101 81 3
101 82 1
101 82 2
101 82 3
101 83 1
101 83 2
101 83 3
101 84 1
101 84 2
101 84 3
101 85 1
101 85 2
101 85 3
101 86 1
101 86 2
101 86 3
101 87 1
101 87 2
101 87 3
101 88 1
101 88 2
101 88 3
101 89 1
101 89 2
101 89 3
101 90 1
101 90 2
101 90 3
101 91 1
101 91 2
101 91 3
101 92 1
101 92 2
101 92 3
101 93 1
101 93 2
101 93 3
101 94 1
101 94 2
101 94 3
101 95 1
101 95 2
101 95 3
101 96 1
101 96 2
101 96 3
101 97 1
101 97 2
101 97 3
101 98 1
101 98 2
101 98 3
101 99 1
101 99 2
101 99 3
101 100 1
101 100 2
101 100 3
102 0 1
102 0 2
102 0 3
102 1 1
102 1 2
102 1 3
102 2 1
102 2 2
102 2 3
102 3 1
102 3 2
102 3 3
102 4 1
102 4 2
102 4 3
102 5 1
102 5 2
102 5 3
102 6 1
102 6 2
102 6 3
102 7 1
102 7 2
102 7 3
102 8 1
102 8 2
102 8 3
102 9 1
102 9 2
102 9 3
102 10 1
102 10 2
102 10 3
102 11 1
102 11 2
102 11 3
102 12 1
102 12 2
102 12 3
102 13 1
102 13 2
102 13 3
102 14 1
102 14 2
102 14 3
102 15 1
102 15 2
102 15 3
102 16 1
102 16 2
102 16 3
102 17 1
102 17 2
102 17 3
102 18 1
102 18 2
102 18 3
102 19 1
102 19 2
102 19 3
102 20 1
102 20 2
102 20 3
102 21 1
102 21 2
102 21 3
102 22 1
102 22 2
102 22 3
102 23 1
102 23 2
102 23 3
102 24 1
102 24 2
102 24 3
102 25 1
102 25 2
102 25 3
102 26 1
102 26 2
102 26 3
102 27 1
102 27 2
102 27 3
102 28 1
102 28 2
102 28 3
102 29 1
102 29 2
102 29 3
102 30 1
102 30 2
102 30 3
102 31 1
102 31 2
102 31 3
102 32 1
102 32 2
102 32 3
102 33 1
102 33 2
102 33 3
102 34 1
102 34 2
102 34 3
102 35 1
102 35 2
102 35 3
102 36 1
102 36 2
102 36 3
102 37 1
102 37 2
102 37 3
102 38 1
102 38 2
102 38 3
102 39 1
102 39 2
102 39 3
102 40 1
102 40 2
102 40 3
102 41 1
102 41 2
102 41 3
102 42 1
102 42 2
102 42 3
102 43 1
102 43 2
102 43 3
102 44 1
102 44 2
102 44 3
102 45 1
102 45 2
102 45 3
102 46 1
102 46 2
102 46 3
102 47 1
102 47 2
102 47 3
102 48 1
102 48 2
102 48 3
102 49 1
102 49 2
102 49 3
102 50 1
102 50 2
102 50 3
102 51 1
102 51 2
102 51 3
102 52 1
102 52 2
102 52 3
102 53 1
102 53 2
102 53 3
102 54 1
102 54 2
102 54 3
102 55 1
102 55 2
102 55 3
102 56 1
102 56 2
102 56 3
102 57 1
102 57 2
102 57 3
102 58 1
102 58 2
102 58 3
102 59 1
102 59 2
102 59 3
102 60 1
102 60 2
102 60 3
102 61 1
102 61 2
102 61 3
102 62 1
102 62 2
102 62 3
102 63 1
102 63 2
102 63 3
102 64 1
102 64 2
102 64 3
102 65 1
102 65 2
102 65 3
102 66 1
102 66 2
102 66 3
102 67 1
102 67 2
102 67 3
102 68 1
102 68 2
102 68 3
102 69 1
102 69 2
102 69 3
102 70 1
102 70 2
102 70 3
102 71 1
102 71 2
102 71 3
102 72 1
102 72 2
102 72 3
102 73 1
102 73 2
102 73 3
102 74 1
102 74 2
102 74 3
102 75 1
102 75 2
102 75 3
102 76 1
102 76 2
102 76 3
102 77 1
102 77 2
102 77 3
102 78 1
102 78 2
102 78 3
102 79 1
102 79 2
102 79 3
102 80 1
102 80 2
102 80 3
102 81 1
102 81 2
102 81 3
102 82 1
102 82 2
102 82 3
102 83 1
102 83 2
102 83 3
102 84 1
102 84 2
102 84 3
102 85 1
102 85 2
102 85 3
102 86 1
102 86 2
102 86 3
102 87 1
102 87 2
102 87 3
102 88 1
102 88 2
102 88 3
102 89 1
102 89 2
102 89 3
102 90 1
102 90 2
102 90 3
102 91 1
102 91 2
102 91 3
102 92 1
102 92 2
102 92 3
102 93 1
102 93 2
102 93 3
102 94 1
102 94 2
102 94 3
102 95 1
102 95 2
102 95 3
102 96 1
102 96 2
102 96 3
102 97 1
102 97 2
102 97 3
102 98 1
102 98 2
102 98 3
102 99 1
102 99 2
102 99 3
102 100 1
102 100 2
102 100 3
102 101 1
102 101 2
102 101 3
103 0 1
103 0 2
103 0 3
103 1 1
103 1 2
103 1 3
103 2 1
103 2 2
103 2 3
103 3 1
103 3 2
103 3 3
103 4 1
103 4 2
103 4 3
103 5 1
103 5 2
103 5 3
103 6 1
103 6 2
103 6 3
103 7 1
103 7 2
103 7 3
103 8 1
103 8 2
103 8 3
103 9 1
103 9 2
103 9 3
103 10 1
103 10 2
103 10 3
103 11 1
103 11 2
103 11 3
103 12 1
103 12 2
103 12 3
103 13 1
103 13 2
103 13 3
103 14 1
103 14 2
103 14 3
103 15 1
103 15 2
103 15 3
103 16 1
103 16 2
103 16 3
103 17 1
103 17 2
103 17 3
103 18 1
103 18 2
103 18 3
103 19 1
103 19 2
103 19 3
103 20 1
103 20 2
103 20 3
103 21 1
103 21 2
103 21 3
103 22 1
103 22 2
103 22 3
103 23 1
103 23 2
103 23 3
103 24 1
103 24 2
103 24 3
103 25 1
103 25 2
103 25 3
103 26 1
103 26 2
103 26 3
103 27 1
103 27 2
103 27 3
103 28 1
103 28 2
103 28 3
103 29 1
103 29 2
103 29 3
103 30 1
103 30 2
103 30 3
103 31 1
103 31 2
103 31 3
103 32 1
103 32 2
103 32 3
103 33 1
103 33 2
103 33 3
103 34 1
103 34 2
103 34 3
103 35 1
103 35 2
103 35 3
103 36 1
103 36 2
103 36 3
103 37 1
103 37 2
103 37 3
103 38 1
103 38 2
103 38 3
103 39 1
103 39 2
103 39 3
103 40 1
103 40 2
103 40 3
103 41 1
103 41 2
103 41 3
103 42 1
103 42 2
103 42 3
103 43 1
103 43 2
103 43 3
103 44 1
103 44 2
103 44 3
103 45 1
103 45 2
103 45 3
103 46 1
103 46 2
103 46 3
103 47 1
103 47 2
103 47 3
103 48 1
103 48 2
103 48 3
103 49 1
103 49 2
103 49 3
103 50 1
103 50 2
103 50 3
103 51 1
103 51 2
103 51 3
103 52 1
103 52 2
103 52 3
103 53 1
103 53 2
103 53 3
103 54 1
103 54 2
103 54 3
103 55 1
103 55 2
103 55 3
103 56 1
103 56 2
103 56 3
103 57 1
103 57 2
103 57 3
103 58 1
103 58 2
103 58 3
103 59 1
103 59 2
103 59 3
103 60 1
103 60 2
103 60 3
103 61 1
103 61 2
103 61 3
103 62 1
103 62 2
103 62 3
103 63 1
103 63 2
103 63 3
103 64 1
103 64 2
103 64 3
103 65 1
103 65 2
103 65 3
103 66 1
103 66 2
103 66 3
103 67 1
103 67 2
103 67 3
103 68 1
103 68 2
103 68 3
103 69 1
103 69 2
103 69 3
103 70 1
103 70 2
103 70 3
103 71 1
103 71 2
103 71 3
103 72 1
103 72 2
103 72 3
103 73 1
103 73 2
103 73 3
103 74 1
103 74 2
103 74 3
103 75 1
103 75 2
103 75 3
103 76 1
103 76 2
103 76 3
103 77 1
103 77 2
103 77 3
103 78 1
103 78 2
103 78 3
103 79 1
103 79 2
103 79 3
103 80 1
103 80 2
103 80 3
103 81 1
103 81 2
103 81 3
103 82 1
103 82 2
103 82 3
103 83 1
103 83 2
103 83 3
103 84 1
103 84 2
103 84 3
103 85 1
103 85 2
103 85 3
103 86 1
103 86 2
103 86 3
103 87 1
103 87 2
103 87 3
103 88 1
103 88 2
103 88 3
103 89 1
103 89 2
103 89 3
103 90 1
103 90 2
103 90 3
103 91 1
103 91 2
103 91 3
103 92 1
103 92 2
103 92 3
103 93 1
103 93 2
103 93 3
103 94 1
103 94 2
103 94 3
103 95 1
103 95 2
103 95 3
103 96 1
103 96 2
103 96 3
103 97 1
103 97 2
103 97 3
103 98 1
103 98 2
103 98 3
103 99 1
103 99 2
103 99 3
103 100 1
103 100 2
103 100 3
103 101 1
103 101 2
103 101 3
103 102 1
103 102 2
103 102 3
104 0 1
104 0 2
104 0 3
104 1 1
104 1 2
104 1 3
104 2 1
104 2 2
104 2 3
104 3 1
104 3 2
104 3 3
104 4 1
104 4 2
104 4 3
104 5 1
104 5 2
104 5 3
104 6 1
104 6 2
104 6 3
104 7 1
104 7 2
104 7 3
104 8 1
104 8 2
104 8 3
104 9 1
104 9 2
104 9 3
104 10 1
104 10 2
104 10 3
104 11 1
104 11 2
104 11 3
104 12 1
104 12 2
104 12 3
104 13 1
104 13 2
104 13 3
104 14 1
104 14 2
104 14 3
104 15 1
104 15 2
104 15 3
104 16 1
104 16 2
104 16 3
104 17 1
104 17 2
104 17 3
104 18 1
104 18 2
104 18 3
104 19 1
104 19 2
104 19 3
104 20 1
104 20 2
104 20 3
104 21 1
104 21 2
104 21 3
104 22 1
104 22 2
104 22 3
104 23 1
104 23 2
104 23 3
104 24 1
104 24 2
104 24 3
104 25 1
104 25 2
104 25 3
104 26 1
104 26 2
104 26 3
104 27 1
104 27 2
104 27 3
104 28 1
104 28 2
104 28 3
104 29 1
104 29 2
104 29 3
104 30 1
104 30 2
104 30 3
104 31 1
104 31 2
104 31 3
104 32 1
104 32 2
104 32 3
104 33 1
104 33 2
104 33 3
104 34 1
104 34 2
104 34 3
104 35 1
104 35 2
104 35 3
104 36 1
104 36 2
104 36 3
104 37 1
104 37 2
104 37 3
104 38 1
104 38 2
104 38 3
104 39 1
104 39 2
104 39 3
104 40 1
104 40 2
104 40 3
104 41 1
104 41 2
104 41 3
104 42 1
104 42 2
104 42 3
104 43 1
104 43 2
104 43 3
104 44 1
104 44 2
104 44 3
104 45 1
104 45 2
104 45 3
104 46 1
104 46 2
104 46 3
104 47 1
104 47 2
104 47 3
104 48 1
104 48 2
104 48 3
104 49 1
104 49 2
104 49 3
104 50 1
104 50 2
104 50 3
104 51 1
104 51 2
104 51 3
104 52 1
104 52 2
104 52 3
104 53 1
104 53 2
104 53 3
104 54 1
104 54 2
104 54 3
104 55 1
104 55 2
104 55 3
104 56 1
104 56 2
104 56 3
104 57 1
104 57 2
104 57 3
104 58 1
104 58 2
104 58 3
104 59 1
104 59 2
104 59 3
104 60 1
104 60 2
104 60 3
104 61 1
104 61 2
104 61 3
104 62 1
104 62 2
104 62 3
104 63 1
104 63 2
104 63 3
104 64 1
104 64 2
104 64 3
104 65 1
104 65 2
104 65 3
104 66 1
104 66 2
104 66 3
104 67 1
104 67 2
104 67 3
104 68 1
104 68 2
104 68 3
104 69 1
104 69 2
104 69 3
104 70 1
104 70 2
104 70 3
104 71 1
104 71 2
104 71 3
104 72 1
104 72 2
104 72 3
104 73 1
104 73 2
104 73 3
104 74 1
104 74 2
104 74 3
104 75 1
104 75 2
104 75 3
104 76 1
104 76 2
104 76 3
104 77 1
104 77 2
104 77 3
104 78 1
104 78 2
104 78 3
104 79 1
104 79 2
104 79 3
104 80 1
104 80 2
104 80 3
104 81 1
104 81 2
104 81 3
104 82 1
104 82 2
104 82 3
104 83 1
104 83 2
104 83 3
104 84 1
104 84 2
104 84 3
104 85 1
104 85 2
104 85 3
104 86 1
104 86 2
104 86 3
104 87 1
104 87 2
104 87 3
104 88 1
104 88 2
104 88 3
104 89 1
104 89 2
104 89 3
104 90 1
104 90 2
104 90 3
104 91 1
104 91 2
104 91 3
104 92 1
104 92 2
104 92 3
104 93 1
104 93 2
104 93 3
104 94 1
104 94 2
104 94 3
104 95 1
104 95 2
104 95 3
104 96 1
104 96 2
104 96 3
104 97 1
104 97 2
104 97 3
104 98 1
104 98 2
104 98 3
104 99 1
104 99 2
104 99 3
104 100 1
104 100 2
104 100 3
104 101 1
104 101 2
104 101 3
104 102 1
104 102 2
104 102 3
104 103 1
104 103 2
104 103 3
105 0 1
105 0 2
105 0 3
105 1 1
105 1 2
105 1 3
105 2 1
105 2 2
105 2 3
105 3 1
105 3 2
105 3 3
105 4 1
105 4 2
105 4 3
105 5 1
105 5 2
105 5 3
105 6 1
105 6 2
105 6 3
105 7 1
105 7 2
105 7 3
105 8 1
105 8 2
105 8 3
105 9 1
105 9 2
105 9 3
105 10 1
105 10 2
105 10 3
105 11 1
105 11 2
105 11 3
105 12 1
105 12 2
105 12 3
105 13 1
105 13 2
105 13 3
105 14 1
105 14 2
105 14 3
105 15 1
105 15 2
105 15 3
105 16 1
105 16 2
105 16 3
105 17 1
105 17 2
105 17 3
105 18 1
105 18 2
105 18 3
105 19 1
105 19 2
105 19 3
105 20 1
105 20 2
105 20 3
105 21 1
105 21 2
105 21 3
105 22 1
105 22 2
105 22 3
105 23 1
105 23 2
105 23 3
105 24 1
105 24 2
105 24 3
105 25 1
105 25 2
105 25 3
105 26 1
105 26 2
105 26 3
105 27 1
105 27 2
105 27 3
105 28 1
105 28 2
105 28 3
105 29 1
105 29 2
105 29 3
105 30 1
105 30 2
105 30 3
105 31 1
105 31 2
105 31 3
105 32 1
105 32 2
105 32 3
105 33 1
105 33 2
105 33 3
105 34 1
105 34 2
105 34 3
105 35 1
105 35 2
105 35 3
105 36 1
105 36 2
105 36 3
105 37 1
105 37 2
105 37 3
105 38 1
105 38 2
105 38 3
105 39 1
105 39 2
105 39 3
105 40 1
105 40 2
105 40 3
105 41 1
105 41 2
105 41 3
105 42 1
105 42 2
105 42 3
105 43 1
105 43 2
105 43 3
105 44 1
105 44 2
105 44 3
105 45 1
105 45 2
105 45 3
105 46 1
105 46 2
105 46 3
105 47 1
105 47 2
105 47 3
105 48 1
105 48 2
105 48 3
105 49 1
105 49 2
105 49 3
105 50 1
105 50 2
105 50 3
105 51 1
105 51 2
105 51 3
105 52 1
105 52 2
105 52 3
105 53 1
105 53 2
105 53 3
105 54 1
105 54 2
105 54 3
105 55 1
105 55 2
105 55 3
105 56 1
105 56 2
105 56 3
105 57 1
105 57 2
105 57 3
105 58 1
105 58 2
105 58 3
105 59 1
105 59 2
105 59 3
105 60 1
105 60 2
105 60 3
105 61 1
105 61 2
105 61 3
105 62 1
105 62 2
105 62 3
105 63 1
105 63 2
105 63 3
105 64 1
105 64 2
105 64 3
105 65 1
105 65 2
105 65 3
105 66 1
105 66 2
105 66 3
105 67 1
105 67 2
105 67 3
105 68 1
105 68 2
105 68 3
105 69 1
105 69 2
105 69 3
105 70 1
105 70 2
105 70 3
105 71 1
105 71 2
105 71 3
105 72 1
105 72 2
105 72 3
105 73 1
105 73 2
105 73 3
105 74 1
105 74 2
105 74 3
105 75 1
105 75 2
105 75 3
105 76 1
105 76 2
105 76 3
105 77 1
105 77 2
105 77 3
105 78 1
105 78 2
105 78 3
105 79 1
105 79 2
105 79 3
105 80 1
105 80 2
105 80 3
105 81 1
105 81 2
105 81 3
105 82 1
105 82 2
105 82 3
105 83 1
105 83 2
105 83 3
105 84 1
105 84 2
105 84 3
105 85 1
105 85 2
105 85 3
105 86 1
105 86 2
105 86 3
105 87 1
105 87 2
105 87 3
105 88 1
105 88 2
105 88 3
105 89 1
105 89 2
105 89 3
105 90 1
105 90 2
105 90 3
105 91 1
105 91 2
105 91 3
105 92 1
105 92 2
105 92 3
105 93 1
105 93 2
105 93 3
105 94 1
105 94 2
105 94 3
105 95 1
105 95 2
105 95 3
105 96 1
105 96 2
105 96 3
105 97 1
105 97 2
105 97 3
105 98 1
105 98 2
105 98 3
105 99 1
105 99 2
105 99 3
105 100 1
105 100 2
105 100 3
105 101 1
105 101 2
105 101 3
105 102 1
105 102 2
105 102 3
105 103 1
105 103 2
105 103 3
105 104 1
105 104 2
105 104 3
106 0 1
106 0 2
106 0 3
106 1 1
106 1 2
106 1 3
106 2 1
106 2 2
106 2 3
106 3 1
106 3 2
106 3 3
106 4 1
106 4 2
106 4 3
106 5 1
106 5 2
106 5 3
106 6 1
106 6 2
106 6 3
106 7 1
106 7 2
106 7 3
106 8 1
106 8 2
106 8 3
106 9 1
106 9 2
106 9 3
106 10 1
106 10 2
106 10 3
106 11 1
106 11 2
106 11 3
106 12 1
106 12 2
106 12 3
106 13 1
106 13 2
106 13 3
106 14 1
106 14 2
106 14 3
106 15 1
106 15 2
106 15 3
106 16 1
106 16 2
106 16 3
106 17 1
106 17 2
106 17 3
106 18 1
106 18 2
106 18 3
106 19 1
106 19 2
106 19 3
106 20 1
106 20 2
106 20 3
106 21 1
106 21 2
106 21 3
106 22 1
106 22 2
106 22 3
106 23 1
106 23 2
106 23 3
106 24 1
106 24 2
106 24 3
106 25 1
106 25 2
106 25 3
106 26 1
106 26 2
106 26 3
106 27 1
106 27 2
106 27 3
106 28 1
106 28 2
106 28 3
106 29 1
106 29 2
106 29 3
106 30 1
106 30 2
106 30 3
106 31 1
106 31 2
106 31 3
106 32 1
106 32 2
106 32 3
106 33 1
106 33 2
106 33 3
106 34 1
106 34 2
106 34 3
106 35 1
106 35 2
106 35 3
106 36 1
106 36 2
106 36 3
106 37 1
106 37 2
106 37 3
106 38 1
106 38 2
106 38 3
106 39 1
106 39 2
106 39 3
106 40 1
106 40 2
106 40 3
106 41 1
106 41 2
106 41 3
106 42 1
106 42 2
106 42 3
106 43 1
106 43 2
106 43 3
106 44 1
106 44 2
106 44 3
106 45 1
106 45 2
106 45 3
106 46 1
106 46 2
106 46 3
106 47 1
106 47 2
106 47 3
106 48 1
106 48 2
106 48 3
106 49 1
106 49 2
106 49 3
106 50 1
106 50 2
106 50 3
106 51 1
106 51 2
106 51 3
106 52 1
106 52 2
106 52 3
106 53 1
106 53 2
106 53 3
106 54 1
106 54 2
106 54 3
106 55 1
106 55 2
106 55 3
106 56 1
106 56 2
106 56 3
106 57 1
106 57 2
106 57 3
106 58 1
106 58 2
106 58 3
106 59 1
106 59 2
106 59 3
106 60 1
106 60 2
106 60 3
106 61 1
106 61 2
106 61 3
106 62 1
106 62 2
106 62 3
106 63 1
106 63 2
106 63 3
106 64 1
106 64 2
106 64 3
106 65 1
106 65 2
106 65 3
106 66 1
106 66 2
106 66 3
106 67 1
106 67 2
106 67 3
106 68 1
106 68 2
106 68 3
106 69 1
106 69 2
106 69 3
106 70 1
106 70 2
106 70 3
106 71 1
106 71 2
106 71 3
106 72 1
106 72 2
106 72 3
106 73 1
106 73 2
106 73 3
106 74 1
106 74 2
106 74 3
106 75 1
106 75 2
106 75 3
106 76 1
106 76 2
106 76 3
106 77 1
106 77 2
106 77 3
106 78 1
106 78 2
106 78 3
106 79 1
106 79 2
106 79 3
106 80 1
106 80 2
106 80 3
106 81 1
106 81 2
106 81 3
106 82 1
106 82 2
106 82 3
106 83 1
106 83 2
106 83 3
106 84 1
106 84 2
106 84 3
106 85 1
106 85 2
106 85 3
106 86 1
106 86 2
106 86 3
106 87 1
106 87 2
106 87 3
106 88 1
106 88 2
106 88 3
106 89 1
106 89 2
106 89 3
106 90 1
106 90 2
106 90 3
106 91 1
106 91 2
106 91 3
106 92 1
106 92 2
106 92 3
106 93 1
106 93 2
106 93 3
106 94 1
106 94 2
106 94 3
106 95 1
106 95 2
106 95 3
106 96 1
106 96 2
106 96 3
106 97 1
106 97 2
106 97 3
106 98 1
106 98 2
106 98 3
106 99 1
106 99 2
106 99 3
106 100 1
106 100 2
106 100 3
106 101 1
106 101 2
106 101 3
106 102 1
106 102 2
106 102 3
106 103 1
106 103 2
106 103 3
106 104 1
106 104 2
106 104 3
106 105 1
106 105 2
106 105 3
107 0 1
107 0 2
107 0 3
107 1 1
107 1 2
107 1 3
107 2 1
107 2 2
107 2 3
107 3 1
107 3 2
107 3 3
107 4 1
107 4 2
107 4 3
107 5 1
107 5 2
107 5 3
107 6 1
107 6 2
107 6 3
107 7 1
107 7 2
107 7 3
107 8 1
107 8 2
107 8 3
107 9 1
107 9 2
107 9 3
107 10 1
107 10 2
107 10 3
107 11 1
107 11 2
107 11 3
107 12 1
107 12 2
107 12 3
107 13 1
107 13 2
107 13 3
107 14 1
107 14 2
107 14 3
107 15 1
107 15 2
107 15 3
107 16 1
107 16 2
107 16 3
107 17 1
107 17 2
107 17 3
107 18 1
107 18 2
107 18 3
107 19 1
107 19 2
107 19 3
107 20 1
107 20 2
107 20 3
107 21 1
107 21 2
107 21 3
107 22 1
107 22 2
107 22 3
107 23 1
107 23 2
107 23 3
107 24 1
107 24 2
107 24 3
107 25 1
107 25 2
107 25 3
107 26 1
107 26 2
107 26 3
107 27 1
107 27 2
107 27 3
107 28 1
107 28 2
107 28 3
107 29 1
107 29 2
107 29 3
107 30 1
107 30 2
107 30 3
107 31 1
107 31 2
107 31 3
107 32 1
107 32 2
107 32 3
107 33 1
107 33 2
107 33 3
107 34 1
107 34 2
107 34 3
107 35 1
107 35 2
107 35 3
107 36 1
107 36 2
107 36 3
107 37 1
107 37 2
107 37 3
107 38 1
107 38 2
107 38 3
107 39 1
107 39 2
107 39 3
107 40 1
107 40 2
107 40 3
107 41 1
107 41 2
107 41 3
107 42 1
107 42 2
107 42 3
107 43 1
107 43 2
107 43 3
107 44 1
107 44 2
107 44 3
107 45 1
107 45 2
107 45 3
107 46 1
107 46 2
107 46 3
107 47 1
107 47 2
107 47 3
107 48 1
107 48 2
107 48 3
107 49 1
107 49 2
107 49 3
107 50 1
107 50 2
107 50 3
107 51 1
107 51 2
107 51 3
107 52 1
107 52 2
107 52 3
107 53 1
107 53 2
107 53 3
107 54 1
107 54 2
107 54 3
107 55 1
107 55 2
107 55 3
107 56 1
107 56 2
107 56 3
107 57 1
107 57 2
107 57 3
107 58 1
107 58 2
107 58 3
107 59 1
107 59 2
107 59 3
107 60 1
107 60 2
107 60 3
107 61 1
107 61 2
107 61 3
107 62 1
107 62 2
107 62 3
107 63 1
107 63 2
107 63 3
107 64 1
107 64 2
107 64 3
107 65 1
107 65 2
107 65 3
107 66 1
107 66 2
107 66 3
107 67 1
107 67 2
107 67 3
107 68 1
107 68 2
107 68 3
107 69 1
107 69 2
107 69 3
107 70 1
107 70 2
107 70 3
107 71 1
107 71 2
107 71 3
107 72 1
107 72 2
107 72 3
107 73 1
107 73 2
107 73 3
107 74 1
107 74 2
107 74 3
107 75 1
107 75 2
107 75 3
107 76 1
107 76 2
107 76 3
107 77 1
107 77 2
107 77 3
107 78 1
107 78 2
107 78 3
107 79 1
107 79 2
107 79 3
107 80 1
107 80 2
107 80 3
107 81 1
107 81 2
107 81 3
107 82 1
107 82 2
107 82 3
107 83 1
107 83 2
107 83 3
107 84 1
107 84 2
107 84 3
107 85 1
107 85 2
107 85 3
107 86 1
107 86 2
107 86 3
107 87 1
107 87 2
107 87 3
107 88 1
107 88 2
107 88 3
107 89 1
107 89 2
107 89 3
107 90 1
107 90 2
107 90 3
107 91 1
107 91 2
107 91 3
107 92 1
107 92 2
107 92 3
107 93 1
107 93 2
107 93 3
107 94 1
107 94 2
107 94 3
107 95 1
107 95 2
107 95 3
107 96 1
107 96 2
107 96 3
107 97 1
107 97 2
107 97 3
107 98 1
107 98 2
107 98 3
107 99 1
107 99 2
107 99 3
107 100 1
107 100 2
107 100 3
107 101 1
107 101 2
107 101 3
107 102 1
107 102 2
107 102 3
107 103 1
107 103 2
107 103 3
107 104 1
107 104 2
107 104 3
107 105 1
107 105 2
107 105 3
107 106 1
107 106 2
107 106 3
108 0 1
108 0 2
108 0 3
108 1 1
108 1 2
108 1 3
108 2 1
108 2 2
108 2 3
108 3 1
108 3 2
108 3 3
108 4 1
108 4 2
108 4 3
108 5 1
108 5 2
108 5 3
108 6 1
108 6 2
108 6 3
108 7 1
108 7 2
108 7 3
108 8 1
108 8 2
108 8 3
108 9 1
108 9 2
108 9 3
108 10 1
108 10 2
108 10 3
108 11 1
108 11 2
108 11 3
108 12 1
108 12 2
108 12 3
108 13 1
108 13 2
108 13 3
108 14 1
108 14 2
108 14 3
108 15 1
108 15 2
108 15 3
108 16 1
108 16 2
108 16 3
108 17 1
108 17 2
108 17 3
108 18 1
108 18 2
108 18 3
108 19 1
108 19 2
108 19 3
108 20 1
108 20 2
108 20 3
108 21 1
108 21 2
108 21 3
108 22 1
108 22 2
108 22 3
108 23 1
108 23 2
108 23 3
108 24 1
108 24 2
108 24 3
108 25 1
108 25 2
108 25 3
108 26 1
108 26 2
108 26 3
108 27 1
108 27 2
108 27 3
108 28 1
108 28 2
108 28 3
108 29 1
108 29 2
108 29 3
108 30 1
108 30 2
108 30 3
108 31 1
108 31 2
108 31 3
108 32 1
108 32 2
108 32 3
108 33 1
108 33 2
108 33 3
108 34 1
108 34 2
108 34 3
108 35 1
108 35 2
108 35 3
108 36 1
108 36 2
108 36 3
108 37 1
108 37 2
108 37 3
108 38 1
108 38 2
108 38 3
108 39 1
108 39 2
108 39 3
108 40 1
108 40 2
108 40 3
108 41 1
108 41 2
108 41 3
108 42 1
108 42 2
108 42 3
108 43 1
108 43 2
108 43 3
108 44 1
108 44 2
108 44 3
108 45 1
108 45 2
108 45 3
108 46 1
108 46 2
108 46 3
108 47 1
108 47 2
108 47 3
108 48 1
108 48 2
108 48 3
108 49 1
108 49 2
108 49 3
108 50 1
108 50 2
108 50 3
108 51 1
108 51 2
108 51 3
108 52 1
108 52 2
108 52 3
108 53 1
108 53 2
108 53 3
108 54 1
108 54 2
108 54 3
108 55 1
108 55 2
108 55 3
108 56 1
108 56 2
108 56 3
108 57 1
108 57 2
108 57 3
108 58 1
108 58 2
108 58 3
108 59 1
108 59 2
108 59 3
108 60 1
108 60 2
108 60 3
108 61 1
108 61 2
108 61 3
108 62 1
108 62 2
108 62 3
108 63 1
108 63 2
108 63 3
108 64 1
108 64 2
108 64 3
108 65 1
108 65 2
108 65 3
108 66 1
108 66 2
108 66 3
108 67 1
108 67 2
108 67 3
108 68 1
108 68 2
108 68 3
108 69 1
108 69 2
108 69 3
108 70 1
108 70 2
108 70 3
108 71 1
108 71 2
108 71 3
108 72 1
108 72 2
108 72 3
108 73 1
108 73 2
108 73 3
108 74 1
108 74 2
108 74 3
108 75 1
108 75 2
108 75 3
108 76 1
108 76 2
108 76 3
108 77 1
108 77 2
108 77 3
108 78 1
108 78 2
108 78 3
108 79 1
108 79 2
108 79 3
108 80 1
108 80 2
108 80 3
108 81 1
108 81 2
108 81 3
108 82 1
108 82 2
108 82 3
108 83 1
108 83 2
108 83 3
108 84 1
108 84 2
108 84 3
108 85 1
108 85 2
108 85 3
108 86 1
108 86 2
108 86 3
108 87 1
108 87 2
108 87 3
108 88 1
108 88 2
108 88 3
108 89 1
108 89 2
108 89 3
108 90 1
108 90 2
108 90 3
108 91 1
108 91 2
108 91 3
108 92 1
108 92 2
108 92 3
108 93 1
108 93 2
108 93 3
108 94 1
108 94 2
108 94 3
108 95 1
108 95 2
108 95 3
108 96 1
108 96 2
108 96 3
108 97 1
108 97 2
108 97 3
108 98 1
108 98 2
108 98 3
108 99 1
108 99 2
108 99 3
108 100 1
108 100 2
108 100 3
108 101 1
108 101 2
108 101 3
108 102 1
108 102 2
108 102 3
108 103 1
108 103 2
108 103 3
108 104 1
108 104 2
108 104 3
108 105 1
108 105 2
108 105 3
108 106 1
108 106 2
108 106 3
108 107 1
108 107 2
108 107 3
109 0 1
109 0 2
109 0 3
109 1 1
109 1 2
109 1 3
109 2 1
109 2 2
109 2 3
109 3 1
109 3 2
109 3 3
109 4 1
109 4 2
109 4 3
109 5 1
109 5 2
109 5 3
109 6 1
109 6 2
109 6 3
109 7 1
109 7 2
109 7 3
109 8 1
109 8 2
109 8 3
109 9 1
109 9 2
109 9 3
109 10 1
109 10 2
109 10 3
109 11 1
109 11 2
109 11 3
109 12 1
109 12 2
109 12 3
109 13 1
109 13 2
109 13 3
109 14 1
109 14 2
109 14 3
109 15 1
109 15 2
109 15 3
109 16 1
109 16 2
109 16 3
109 17 1
109 17 2
109 17 3
109 18 1
109 18 2
109 18 3
109 19 1
109 19 2
109 19 3
109 20 1
109 20 2
109 20 3
109 21 1
109 21 2
109 21 3
109 22 1
109 22 2
109 22 3
109 23 1
109 23 2
109 23 3
109 24 1
109 24 2
109 24 3
109 25 1
109 25 2
109 25 3
109 26 1
109 26 2
109 26 3
109 27 1
109 27 2
109 27 3
109 28 1
109 28 2
109 28 3
109 29 1
109 29 2
109 29 3
109 30 1
109 30 2
109 30 3
109 31 1
109 31 2
109 31 3
109 32 1
109 32 2
109 32 3
109 33 1
109 33 2
109 33 3
109 34 1
109 34 2
109 34 3
109 35 1
109 35 2
109 35 3
109 36 1
109 36 2
109 36 3
109 37 1
109 37 2
109 37 3
109 38 1
109 38 2
109 38 3
109 39 1
109 39 2
109 39 3
109 40 1
109 40 2
109 40 3
109 41 1
109 41 2
109 41 3
109 42 1
109 42 2
109 42 3
109 43 1
109 43 2
109 43 3
109 44 1
109 44 2
109 44 3
109 45 1
109 45 2
109 45 3
109 46 1
109 46 2
109 46 3
109 47 1
109 47 2
109 47 3
109 48 1
109 48 2
109 48 3
109 49 1
109 49 2
109 49 3
109 50 1
109 50 2
109 50 3
109 51 1
109 51 2
109 51 3
109 52 1
109 52 2
109 52 3
109 53 1
109 53 2
109 53 3
109 54 1
109 54 2
109 54 3
109 55 1
109 55 2
109 55 3
109 56 1
109 56 2
109 56 3
109 57 1
109 57 2
109 57 3
109 58 1
109 58 2
109 58 3
109 59 1
109 59 2
109 59 3
109 60 1
109 60 2
109 60 3
109 61 1
109 61 2
109 61 3
109 62 1
109 62 2
109 62 3
109 63 1
109 63 2
109 63 3
109 64 1
109 64 2
109 64 3
109 65 1
109 65 2
109 65 3
109 66 1
109 66 2
109 66 3
109 67 1
109 67 2
109 67 3
109 68 1
109 68 2
109 68 3
109 69 1
109 69 2
109 69 3
109 70 1
109 70 2
109 70 3
109 71 1
109 71 2
109 71 3
109 72 1
109 72 2
109 72 3
109 73 1
109 73 2
109 73 3
109 74 1
109 74 2
109 74 3
109 75 1
109 75 2
109 75 3
109 76 1
109 76 2
109 76 3
109 77 1
109 77 2
109 77 3
109 78 1
109 78 2
109 78 3
109 79 1
109 79 2
109 79 3
109 80 1
109 80 2
109 80 3
109 81 1
109 81 2
109 81 3
109 82 1
109 82 2
109 82 3
109 83 1
109 83 2
109 83 3
109 84 1
109 84 2
109 84 3
109 85 1
109 85 2
109 85 3
109 86 1
109 86 2
109 86 3
109 87 1
109 87 2
109 87 3
109 88 1
109 88 2
109 88 3
109 89 1
109 89 2
109 89 3
109 90 1
109 90 2
109 90 3
109 91 1
109 91 2
109 91 3
109 92 1
109 92 2
109 92 3
109 93 1
109 93 2
109 93 3
109 94 1
109 94 2
109 94 3
109 95 1
109 95 2
109 95 3
109 96 1
109 96 2
109 96 3
109 97 1
109 97 2
109 97 3
109 98 1
109 98 2
109 98 3
109 99 1
109 99 2
109 99 3
109 100 1
109 100 2
109 100 3
109 101 1
109 101 2
109 101 3
109 102 1
109 102 2
109 102 3
109 103 1
109 103 2
109 103 3
109 104 1
109 104 2
109 104 3
109 105 1
109 105 2
109 105 3
109 106 1
109 106 2
109 106 3
109 107 1
109 107 2
109 107 3
109 108 1
109 108 2
109 108 3
110 0 1
110 0 2
110 0 3
110 1 1
110 1 2
110 1 3
110 2 1
110 2 2
110 2 3
110 3 1
110 3 2
110 3 3
110 4 1
110 4 2
110 4 3
110 5 1
110 5 2
110 5 3
110 6 1
110 6 2
110 6 3
110 7 1
110 7 2
110 7 3
110 8 1
110 8 2
110 8 3
110 9 1
110 9 2
110 9 3
110 10 1
110 10 2
110 10 3
110 11 1
110 11 2
110 11 3
110 12 1
110 12 2
110 12 3
110 13 1
110 13 2
110 13 3
110 14 1
110 14 2
110 14 3
110 15 1
110 15 2
110 15 3
110 16 1
110 16 2
110 16 3
110 17 1
110 17 2
110 17 3
110 18 1
110 18 2
110 18 3
110 19 1
110 19 2
110 19 3
110 20 1
110 20 2
110 20 3
110 21 1
110 21 2
110 21 3
110 22 1
110 22 2
110 22 3
110 23 1
110 23 2
110 23 3
110 24 1
110 24 2
110 24 3
110 25 1
110 25 2
110 25 3
110 26 1
110 26 2
110 26 3
110 27 1
110 27 2
110 27 3
110 28 1
110 28 2
110 28 3
110 29 1
110 29 2
110 29 3
110 30 1
110 30 2
110 30 3
110 31 1
110 31 2
110 31 3
110 32 1
110 32 2
110 32 3
110 33 1
110 33 2
110 33 3
110 34 1
110 34 2
110 34 3
110 35 1
110 35 2
110 35 3
110 36 1
110 36 2
110 36 3
110 37 1
110 37 2
110 37 3
110 38 1
110 38 2
110 38 3
110 39 1
110 39 2
110 39 3
110 40 1
110 40 2
110 40 3
110 41 1
110 41 2
110 41 3
110 42 1
110 42 2
110 42 3
110 43 1
110 43 2
110 43 3
110 44 1
110 44 2
110 44 3
110 45 1
110 45 2
110 45 3
110 46 1
110 46 2
110 46 3
110 47 1
110 47 2
110 47 3
110 48 1
110 48 2
110 48 3
110 49 1
110 49 2
110 49 3
110 50 1
110 50 2
110 50 3
110 51 1
110 51 2
110 51 3
110 52 1
110 52 2
110 52 3
110 53 1
110 53 2
110 53 3
110 54 1
110 54 2
110 54 3
110 55 1
110 55 2
110 55 3
110 56 1
110 56 2
110 56 3
110 57 1
110 57 2
110 57 3
110 58 1
110 58 2
110 58 3
110 59 1
110 59 2
110 59 3
110 60 1
110 60 2
110 60 3
110 61 1
110 61 2
110 61 3
110 62 1
110 62 2
110 62 3
110 63 1
110 63 2
110 63 3
110 64 1
110 64 2
110 64 3
110 65 1
110 65 2
110 65 3
110 66 1
110 66 2
110 66 3
110 67 1
110 67 2
110 67 3
110 68 1
110 68 2
110 68 3
110 69 1
110 69 2
110 69 3
110 70 1
110 70 2
110 70 3
110 71 1
110 71 2
110 71 3
110 72 1
110 72 2
110 72 3
110 73 1
110 73 2
110 73 3
110 74 1
110 74 2
110 74 3
110 75 1
110 75 2
110 75 3
110 76 1
110 76 2
110 76 3
110 77 1
110 77 2
110 77 3
110 78 1
110 78 2
110 78 3
110 79 1
110 79 2
110 79 3
110 80 1
110 80 2
110 80 3
110 81 1
110 81 2
110 81 3
110 82 1
110 82 2
110 82 3
110 83 1
110 83 2
110 83 3
110 84 1
110 84 2
110 84 3
110 85 1
110 85 2
110 85 3
110 86 1
110 86 2
110 86 3
110 87 1
110 87 2
110 87 3
110 88 1
110 88 2
110 88 3
110 89 1
110 89 2
110 89 3
110 90 1
110 90 2
110 90 3
110 91 1
110 91 2
110 91 3
110 92 1
110 92 2
110 92 3
110 93 1
110 93 2
110 93 3
110 94 1
110 94 2
110 94 3
110 95 1
110 95 2
110 95 3
110 96 1
110 96 2
110 96 3
110 97 1
110 97 2
110 97 3
110 98 1
110 98 2
110 98 3
110 99 1
110 99 2
110 99 3
110 100 1
110 100 2
110 100 3
110 101 1
110 101 2
110 101 3
110 102 1
110 102 2
110 102 3
110 103 1
110 103 2
110 103 3
110 104 1
110 104 2
110 104 3
110 105 1
110 105 2
110 105 3
110 106 1
110 106 2
110 106 3
110 107 1
110 107 2
110 107 3
110 108 1
110 108 2
110 108 3
110 109 1
110 109 2
110 109 3
111 0 1
111 0 2
111 0 3
111 1 1
111 1 2
111 1 3
111 2 1
111 2 2
111 2 3
111 3 1
111 3 2
111 3 3
111 4 1
111 4 2
111 4 3
111 5 1
111 5 2
111 5 3
111 6 1
111 6 2
111 6 3
111 7 1
111 7 2
111 7 3
111 8 1
111 8 2
111 8 3
111 9 1
111 9 2
111 9 3
111 10 1
111 10 2
111 10 3
111 11 1
111 11 2
111 11 3
111 12 1
111 12 2
111 12 3
111 13 1
111 13 2
111 13 3
111 14 1
111 14 2
111 14 3
111 15 1
111 15 2
111 15 3
111 16 1
111 16 2
111 16 3
111 17 1
111 17 2
111 17 3
111 18 1
111 18 2
111 18 3
111 19 1
111 19 2
111 19 3
111 20 1
111 20 2
111 20 3
111 21 1
111 21 2
111 21 3
111 22 1
111 22 2
111 22 3
111 23 1
111 23 2
111 23 3
111 24 1
111 24 2
111 24 3
111 25 1
111 25 2
111 25 3
111 26 1
111 26 2
111 26 3
111 27 1
111 27 2
111 27 3
111 28 1
111 28 2
111 28 3
111 29 1
111 29 2
111 29 3
111 30 1
111 30 2
111 30 3
111 31 1
111 31 2
111 31 3
111 32 1
111 32 2
111 32 3
111 33 1
111 33 2
111 33 3
111 34 1
111 34 2
111 34 3
111 35 1
111 35 2
111 35 3
111 36 1
111 36 2
111 36 3
111 37 1
111 37 2
111 37 3
111 38 1
111 38 2
111 38 3
111 39 1
111 39 2
111 39 3
111 40 1
111 40 2
111 40 3
111 41 1
111 41 2
111 41 3
111 42 1
111 42 2
111 42 3
111 43 1
111 43 2
111 43 3
111 44 1
111 44 2
111 44 3
111 45 1
111 45 2
111 45 3
111 46 1
111 46 2
111 46 3
111 47 1
111 47 2
111 47 3
111 48 1
111 48 2
111 48 3
111 49 1
111 49 2
111 49 3
111 50 1
111 50 2
111 50 3
111 51 1
111 51 2
111 51 3
111 52 1
111 52 2
111 52 3
111 53 1
111 53 2
111 53 3
111 54 1
111 54 2
111 54 3
111 55 1
111 55 2
111 55 3
111 56 1
111 56 2
111 56 3
111 57 1
111 57 2
111 57 3
111 58 1
111 58 2
111 58 3
111 59 1
111 59 2
111 59 3
111 60 1
111 60 2
111 60 3
111 61 1
111 61 2
111 61 3
111 62 1
111 62 2
111 62 3
111 63 1
111 63 2
111 63 3
111 64 1
111 64 2
111 64 3
111 65 1
111 65 2
111 65 3
111 66 1
111 66 2
111 66 3
111 67 1
111 67 2
111 67 3
111 68 1
111 68 2
111 68 3
111 69 1
111 69 2
111 69 3
111 70 1
111 70 2
111 70 3
111 71 1
111 71 2
111 71 3
111 72 1
111 72 2
111 72 3
111 73 1
111 73 2
111 73 3
111 74 1
111 74 2
111 74 3
111 75 1
111 75 2
111 75 3
111 76 1
111 76 2
111 76 3
111 77 1
111 77 2
111 77 3
111 78 1
111 78 2
111 78 3
111 79 1
111 79 2
111 79 3
111 80 1
111 80 2
111 80 3
111 81 1
111 81 2
111 81 3
111 82 1
111 82 2
111 82 3
111 83 1
111 83 2
111 83 3
111 84 1
111 84 2
111 84 3
111 85 1
111 85 2
111 85 3
111 86 1
111 86 2
111 86 3
111 87 1
111 87 2
111 87 3
111 88 1
111 88 2
111 88 3
111 89 1
111 89 2
111 89 3
111 90 1
111 90 2
111 90 3
111 91 1
111 91 2
111 91 3
111 92 1
111 92 2
111 92 3
111 93 1
111 93 2
111 93 3
111 94 1
111 94 2
111 94 3
111 95 1
111 95 2
111 95 3
111 96 1
111 96 2
111 96 3
111 97 1
111 97 2
111 97 3
111 98 1
111 98 2
111 98 3
111 99 1
111 99 2
111 99 3
111 100 1
111 100 2
111 100 3
111 101 1
111 101 2
111 101 3
111 102 1
111 102 2
111 102 3
111 103 1
111 103 2
111 103 3
111 104 1
111 104 2
111 104 3
111 105 1
111 105 2
111 105 3
111 106 1
111 106 2
111 106 3
111 107 1
111 107 2
111 107 3
111 108 1
111 108 2
111 108 3
111 109 1
111 109 2
111 109 3
111 110 1
111 110 2
111 110 3
112 0 1
112 0 2
112 0 3
112 1 1
112 1 2
112 1 3
112 2 1
112 2 2
112 2 3
112 3 1
112 3 2
112 3 3
112 4 1
112 4 2
112 4 3
112 5 1
112 5 2
112 5 3
112 6 1
112 6 2
112 6 3
112 7 1
112 7 2
112 7 3
112 8 1
112 8 2
112 8 3
112 9 1
112 9 2
112 9 3
112 10 1
112 10 2
112 10 3
112 11 1
112 11 2
112 11 3
112 12 1
112 12 2
112 12 3
112 13 1
112 13 2
112 13 3
112 14 1
112 14 2
112 14 3
112 15 1
112 15 2
112 15 3
112 16 1
112 16 2
112 16 3
112 17 1
112 17 2
112 17 3
112 18 1
112 18 2
112 18 3
112 19 1
112 19 2
112 19 3
112 20 1
112 20 2
112 20 3
112 21 1
112 21 2
112 21 3
112 22 1
112 22 2
112 22 3
112 23 1
112 23 2
112 23 3
112 24 1
112 24 2
112 24 3
112 25 1
112 25 2
112 25 3
112 26 1
112 26 2
112 26 3
112 27 1
112 27 2
112 27 3
112 28 1
112 28 2
112 28 3
112 29 1
112 29 2
112 29 3
112 30 1
112 30 2
112 30 3
112 31 1
112 31 2
112 31 3
112 32 1
112 32 2
112 32 3
112 33 1
112 33 2
112 33 3
112 34 1
112 34 2
112 34 3
112 35 1
112 35 2
112 35 3
112 36 1
112 36 2
112 36 3
112 37 1
112 37 2
112 37 3
112 38 1
112 38 2
112 38 3
112 39 1
112 39 2
112 39 3
112 40 1
112 40 2
112 40 3
112 41 1
112 41 2
112 41 3
112 42 1
112 42 2
112 42 3
112 43 1
112 43 2
112 43 3
112 44 1
112 44 2
112 44 3
112 45 1
112 45 2
112 45 3
112 46 1
112 46 2
112 46 3
112 47 1
112 47 2
112 47 3
112 48 1
112 48 2
112 48 3
112 49 1
112 49 2
112 49 3
112 50 1
112 50 2
112 50 3
112 51 1
112 51 2
112 51 3
112 52 1
112 52 2
112 52 3
112 53 1
112 53 2
112 53 3
112 54 1
112 54 2
112 54 3
112 55 1
112 55 2
112 55 3
112 56 1
112 56 2
112 56 3
112 57 1
112 57 2
112 57 3
112 58 1
112 58 2
112 58 3
112 59 1
112 59 2
112 59 3
112 60 1
112 60 2
112 60 3
112 61 1
112 61 2
112 61 3
112 62 1
112 62 2
112 62 3
112 63 1
112 63 2
112 63 3
112 64 1
112 64 2
112 64 3
112 65 1
112 65 2
112 65 3
112 66 1
112 66 2
112 66 3
112 67 1
112 67 2
112 67 3
112 68 1
112 68 2
112 68 3
112 69 1
112 69 2
112 69 3
112 70 1
112 70 2
112 70 3
112 71 1
112 71 2
112 71 3
112 72 1
112 72 2
112 72 3
112 73 1
112 73 2
112 73 3
112 74 1
112 74 2
112 74 3
112 75 1
112 75 2
112 75 3
112 76 1
112 76 2
112 76 3
112 77 1
112 77 2
112 77 3
112 78 1
112 78 2
112 78 3
112 79 1
112 79 2
112 79 3
112 80 1
112 80 2
112 80 3
112 81 1
112 81 2
112 81 3
112 82 1
112 82 2
112 82 3
112 83 1
112 83 2
112 83 3
112 84 1
112 84 2
112 84 3
112 85 1
112 85 2
112 85 3
112 86 1
112 86 2
112 86 3
112 87 1
112 87 2
112 87 3
112 88 1
112 88 2
112 88 3
112 89 1
112 89 2
112 89 3
112 90 1
112 90 2
112 90 3
112 91 1
112 91 2
112 91 3
112 92 1
112 92 2
112 92 3
112 93 1
112 93 2
112 93 3
112 94 1
112 94 2
112 94 3
112 95 1
112 95 2
112 95 3
112 96 1
112 96 2
112 96 3
112 97 1
112 97 2
112 97 3
112 98 1
112 98 2
112 98 3
112 99 1
112 99 2
112 99 3
112 100 1
112 100 2
112 100 3
112 101 1
112 101 2
112 101 3
112 102 1
112 102 2
112 102 3
112 103 1
112 103 2
112 103 3
112 104 1
112 104 2
112 104 3
112 105 1
112 105 2
112 105 3
112 106 1
112 106 2
112 106 3
112 107 1
112 107 2
112 107 3
112 108 1
112 108 2
112 108 3
112 109 1
112 109 2
112 109 3
112 110 1
112 110 2
112 110 3
112 111 1
112 111 2
112 111 3
113 0 1
113 0 2
113 0 3
113 1 1
113 1 2
113 1 3
113 2 1
113 2 2
113 2 3
113 3 1
113 3 2
113 3 3
113 4 1
113 4 2
113 4 3
113 5 1
113 5 2
113 5 3
113 6 1
113 6 2
113 6 3
113 7 1
113 7 2
113 7 3
113 8 1
113 8 2
113 8 3
113 9 1
113 9 2
113 9 3
113 10 1
113 10 2
113 10 3
113 11 1
113 11 2
113 11 3
113 12 1
113 12 2
113 12 3
113 13 1
113 13 2
113 13 3
113 14 1
113 14 2
113 14 3
113 15 1
113 15 2
113 15 3
113 16 1
113 16 2
113 16 3
113 17 1
113 17 2
113 17 3
113 18 1
113 18 2
113 18 3
113 19 1
113 19 2
113 19 3
113 20 1
113 20 2
113 20 3
113 21 1
113 21 2
113 21 3
113 22 1
113 22 2
113 22 3
113 23 1
113 23 2
113 23 3
113 24 1
113 24 2
113 24 3
113 25 1
113 25 2
113 25 3
113 26 1
113 26 2
113 26 3
113 27 1
113 27 2
113 27 3
113 28 1
113 28 2
113 28 3
113 29 1
113 29 2
113 29 3
113 30 1
113 30 2
113 30 3
113 31 1
113 31 2
113 31 3
113 32 1
113 32 2
113 32 3
113 33 1
113 33 2
113 33 3
113 34 1
113 34 2
113 34 3
113 35 1
113 35 2
113 35 3
113 36 1
113 36 2
113 36 3
113 37 1
113 37 2
113 37 3
113 38 1
113 38 2
113 38 3
113 39 1
113 39 2
113 39 3
113 40 1
113 40 2
113 40 3
113 41 1
113 41 2
113 41 3
113 42 1
113 42 2
113 42 3
113 43 1
113 43 2
113 43 3
113 44 1
113 44 2
113 44 3
113 45 1
113 45 2
113 45 3
113 46 1
113 46 2
113 46 3
113 47 1
113 47 2
113 47 3
113 48 1
113 48 2
113 48 3
113 49 1
113 49 2
113 49 3
113 50 1
113 50 2
113 50 3
113 51 1
113 51 2
113 51 3
113 52 1
113 52 2
113 52 3
113 53 1
113 53 2
113 53 3
113 54 1
113 54 2
113 54 3
113 55 1
113 55 2
113 55 3
113 56 1
113 56 2
113 56 3
113 57 1
113 57 2
113 57 3
113 58 1
113 58 2
113 58 3
113 59 1
113 59 2
113 59 3
113 60 1
113 60 2
113 60 3
113 61 1
113 61 2
113 61 3
113 62 1
113 62 2
113 62 3
113 63 1
113 63 2
113 63 3
113 64 1
113 64 2
113 64 3
113 65 1
113 65 2
113 65 3
113 66 1
113 66 2
113 66 3
113 67 1
113 67 2
113 67 3
113 68 1
113 68 2
113 68 3
113 69 1
113 69 2
113 69 3
113 70 1
113 70 2
113 70 3
113 71 1
113 71 2
113 71 3
113 72 1
113 72 2
113 72 3
113 73 1
113 73 2
113 73 3
113 74 1
113 74 2
113 74 3
113 75 1
113 75 2
113 75 3
113 76 1
113 76 2
113 76 3
113 77 1
113 77 2
113 77 3
113 78 1
113 78 2
113 78 3
113 79 1
113 79 2
113 79 3
113 80 1
113 80 2
113 80 3
113 81 1
113 81 2
113 81 3
113 82 1
113 82 2
113 82 3
113 83 1
113 83 2
113 83 3
113 84 1
113 84 2
113 84 3
113 85 1
113 85 2
113 85 3
113 86 1
113 86 2
113 86 3
113 87 1
113 87 2
113 87 3
113 88 1
113 88 2
113 88 3
113 89 1
113 89 2
113 89 3
113 90 1
113 90 2
113 90 3
113 91 1
113 91 2
113 91 3
113 92 1
113 92 2
113 92 3
113 93 1
113 93 2
113 93 3
113 94 1
113 94 2
113 94 3
113 95 1
113 95 2
113 95 3
113 96 1
113 96 2
113 96 3
113 97 1
113 97 2
113 97 3
113 98 1
113 98 2
113 98 3
113 99 1
113 99 2
113 99 3
113 100 1
113 100 2
113 100 3
113 101 1
113 101 2
113 101 3
113 102 1
113 102 2
113 102 3
113 103 1
113 103 2
113 103 3
113 104 1
113 104 2
113 104 3
113 105 1
113 105 2
113 105 3
113 106 1
113 106 2
113 106 3
113 107 1
113 107 2
113 107 3
113 108 1
113 108 2
113 108 3
113 109 1
113 109 2
113 109 3
113 110 1
113 110 2
113 110 3
113 111 1
113 111 2
113 111 3
113 112 1
113 112 2
113 112 3
114 0 1
114 0 2
114 0 3
114 1 1
114 1 2
114 1 3
114 2 1
114 2 2
114 2 3
114 3 1
114 3 2
114 3 3
114 4 1
114 4 2
114 4 3
114 5 1
114 5 2
114 5 3
114 6 1
114 6 2
114 6 3
114 7 1
114 7 2
114 7 3
114 8 1
114 8 2
114 8 3
114 9 1
114 9 2
114 9 3
114 10 1
114 10 2
114 10 3
114 11 1
114 11 2
114 11 3
114 12 1
114 12 2
114 12 3
114 13 1
114 13 2
114 13 3
114 14 1
114 14 2
114 14 3
114 15 1
114 15 2
114 15 3
114 16 1
114 16 2
114 16 3
114 17 1
114 17 2
114 17 3
114 18 1
114 18 2
114 18 3
114 19 1
114 19 2
114 19 3
114 20 1
114 20 2
114 20 3
114 21 1
114 21 2
114 21 3
114 22 1
114 22 2
114 22 3
114 23 1
114 23 2
114 23 3
114 24 1
114 24 2
114 24 3
114 25 1
114 25 2
114 25 3
114 26 1
114 26 2
114 26 3
114 27 1
114 27 2
114 27 3
114 28 1
114 28 2
114 28 3
114 29 1
114 29 2
114 29 3
114 30 1
114 30 2
114 30 3
114 31 1
114 31 2
114 31 3
114 32 1
114 32 2
114 32 3
114 33 1
114 33 2
114 33 3
114 34 1
114 34 2
114 34 3
114 35 1
114 35 2
114 35 3
114 36 1
114 36 2
114 36 3
114 37 1
114 37 2
114 37 3
114 38 1
114 38 2
114 38 3
114 39 1
114 39 2
114 39 3
114 40 1
114 40 2
114 40 3
114 41 1
114 41 2
114 41 3
114 42 1
114 42 2
114 42 3
114 43 1
114 43 2
114 43 3
114 44 1
114 44 2
114 44 3
114 45 1
114 45 2
114 45 3
114 46 1
114 46 2
114 46 3
114 47 1
114 47 2
114 47 3
114 48 1
114 48 2
114 48 3
114 49 1
114 49 2
114 49 3
114 50 1
114 50 2
114 50 3
114 51 1
114 51 2
114 51 3
114 52 1
114 52 2
114 52 3
114 53 1
114 53 2
114 53 3
114 54 1
114 54 2
114 54 3
114 55 1
114 55 2
114 55 3
114 56 1
114 56 2
114 56 3
114 57 1
114 57 2
114 57 3
114 58 1
114 58 2
114 58 3
114 59 1
114 59 2
114 59 3
114 60 1
114 60 2
114 60 3
114 61 1
114 61 2
114 61 3
114 62 1
114 62 2
114 62 3
114 63 1
114 63 2
114 63 3
114 64 1
114 64 2
114 64 3
114 65 1
114 65 2
114 65 3
114 66 1
114 66 2
114 66 3
114 67 1
114 67 2
114 67 3
114 68 1
114 68 2
114 68 3
114 69 1
114 69 2
114 69 3
114 70 1
114 70 2
114 70 3
114 71 1
114 71 2
114 71 3
114 72 1
114 72 2
114 72 3
114 73 1
114 73 2
114 73 3
114 74 1
114 74 2
114 74 3
114 75 1
114 75 2
114 75 3
114 76 1
114 76 2
114 76 3
114 77 1
114 77 2
114 77 3
114 78 1
114 78 2
114 78 3
114 79 1
114 79 2
114 79 3
114 80 1
114 80 2
114 80 3
114 81 1
114 81 2
114 81 3
114 82 1
114 82 2
114 82 3
114 83 1
114 83 2
114 83 3
114 84 1
114 84 2
114 84 3
114 85 1
114 85 2
114 85 3
114 86 1
114 86 2
114 86 3
114 87 1
114 87 2
114 87 3
114 88 1
114 88 2
114 88 3
114 89 1
114 89 2
114 89 3
114 90 1
114 90 2
114 90 3
114 91 1
114 91 2
114 91 3
114 92 1
114 92 2
114 92 3
114 93 1
114 93 2
114 93 3
114 94 1
114 94 2
114 94 3
114 95 1
114 95 2
114 95 3
114 96 1
114 96 2
114 96 3
114 97 1
114 97 2
114 97 3
114 98 1
114 98 2
114 98 3
114 99 1
114 99 2
114 99 3
114 100 1
114 100 2
114 100 3
114 101 1
114 101 2
114 101 3
114 102 1
114 102 2
114 102 3
114 103 1
114 103 2
114 103 3
114 104 1
114 104 2
114 104 3
114 105 1
114 105 2
114 105 3
114 106 1
114 106 2
114 106 3
114 107 1
114 107 2
114 107 3
114 108 1
114 108 2
114 108 3
114 109 1
114 109 2
114 109 3
114 110 1
114 110 2
114 110 3
114 111 1
114 111 2
114 111 3
114 112 1
114 112 2
114 112 3
114 113 1
114 113 2
114 113 3
115 0 1
115 0 2
115 0 3
115 1 1
115 1 2
115 1 3
115 2 1
115 2 2
115 2 3
115 3 1
115 3 2
115 3 3
115 4 1
115 4 2
115 4 3
115 5 1
115 5 2
115 5 3
115 6 1
115 6 2
115 6 3
115 7 1
115 7 2
115 7 3
115 8 1
115 8 2
115 8 3
115 9 1
115 9 2
115 9 3
115 10 1
115 10 2
115 10 3
115 11 1
115 11 2
115 11 3
115 12 1
115 12 2
115 12 3
115 13 1
115 13 2
115 13 3
115 14 1
115 14 2
115 14 3
115 15 1
115 15 2
115 15 3
115 16 1
115 16 2
115 16 3
115 17 1
115 17 2
115 17 3
115 18 1
115 18 2
115 18 3
115 19 1
115 19 2
115 19 3
115 20 1
115 20 2
115 20 3
115 21 1
115 21 2
115 21 3
115 22 1
115 22 2
115 22 3
115 23 1
115 23 2
115 23 3
115 24 1
115 24 2
115 24 3
115 25 1
115 25 2
115 25 3
115 26 1
115 26 2
115 26 3
115 27 1
115 27 2
115 27 3
115 28 1
115 28 2
115 28 3
115 29 1
115 29 2
115 29 3
115 30 1
115 30 2
115 30 3
115 31 1
115 31 2
115 31 3
115 32 1
115 32 2
115 32 3
115 33 1
115 33 2
115 33 3
115 34 1
115 34 2
115 34 3
115 35 1
115 35 2
115 35 3
115 36 1
115 36 2
115 36 3
115 37 1
115 37 2
115 37 3
115 38 1
115 38 2
115 38 3
115 39 1
115 39 2
115 39 3
115 40 1
115 40 2
115 40 3
115 41 1
115 41 2
115 41 3
115 42 1
115 42 2
115 42 3
115 43 1
115 43 2
115 43 3
115 44 1
115 44 2
115 44 3
115 45 1
115 45 2
115 45 3
115 46 1
115 46 2
115 46 3
115 47 1
115 47 2
115 47 3
115 48 1
115 48 2
115 48 3
115 49 1
115 49 2
115 49 3
115 50 1
115 50 2
115 50 3
115 51 1
115 51 2
115 51 3
115 52 1
115 52 2
115 52 3
115 53 1
115 53 2
115 53 3
115 54 1
115 54 2
115 54 3
115 55 1
115 55 2
115 55 3
115 56 1
115 56 2
115 56 3
115 57 1
115 57 2
115 57 3
115 58 1
115 58 2
115 58 3
115 59 1
115 59 2
115 59 3
115 60 1
115 60 2
115 60 3
115 61 1
115 61 2
