974667
880949
662435
949949
712758
626342
818099
598788
651454
564111
659214
929437
957658
594473
902811
937882
602737
846070
607865
654439
726347
580497
898768
841488
631961
931792
604156
752450
796861
910010
683960
819069
924550
607348
913808
611421
623630
935417
607812
646592
607348
706384
651856
654108
693529
736229
721555
878443
846595
830200
991111
839204
631961
612018
975629
695909
853483
650463
591210
987362
802678
638737
984946
724381
763287
640745
908753
729403
604852
831145
855384
844261
611519
552666
822747
873567
614348
864349
669798
897014
803763
919936
662308
812289
836074
868577
609335
588493
835998
602737
591210
659165
604958
684662
594473
987402
681544
570669
899572
703131
636260
685069
638699
832248
666374
987289
656593
605292
883522
753280
602737
615707
781896
673908
665181
988749
604958
885834
939827
811865
614155
646248
615460
788899
893989
980059
712599
658057
803939
617492
609641
983024
991182
629679
929436
886513
890496
655482
993760
894001
604958
604958
849882
949824
637548
990457
594966
604958
837969
588626
810360
879604
617413
962259
664700
568217
736123
609335
972098
638606
841830
692136
885354
942642
607168
649882
602690
639392
839861
847108
919884
982267
930364
783162
893698
680857
910118
630892
604958
652021
872643
607348
602737
948585
891197
853601
630931
956166
759447
648656
933264
591210
677775
616305
700278
712889
960088
602737
924932
731290
981159
773725
706630
604958
839434
980613
868964
611519
594473
700104
998742
602737
922441
612112
601770
583002
922751
808564
638274
594473
594473
815594
885215
594473
602737
604958
998516
855935
923540
929671
594473
997718
725087
786981
865437
728509
987688
584997
609641
631961
778774
793026
604958
996982
921496
604958
594473
927914
809535
596969
674642
650855
604958
985295
601770
783062
584997
743025
645097
951434
700855
829977
614099
607168
750554
602737
789193
948250
604958
831118
978199
640208
594473
885543
956810
622219
616219
896736
603439
662837
776167
949369
680409
741536
594473
994681
992938
674364
574508
653057
730381
805873
664399
936174
962011
594473
671489
845551
584997
988996
593208
875384
783678
742078
585591
604958
682420
631961
698171
914594
676063
592299
611028
609641
959354
804867
591449
980026
591819
592848
876433
615707
628238
760893
789363
879252
720605
594473
892773
856879
937455
635818
778980
594473
616802
875474
673908
594473
674367
625178
638402
591819
646248
943249
602737
657192
746754
991653
839375
594473
603591
615056
815307
912486
599726
884350
909936
698218
958723
838734
802742
855525
838415
829251
835433
609641
629929
594473
812216
802465
598769
965396
671567
855621
742325
887880
746188
818312
728801
610497
803207
594473
615912
614348
868337
610104
932475
603577
722093
594473
695242
924914
815458
783874
910292
699751
602737
652629
933176
988441
588493
956717
979364
594473
604958
739732
713560
760563
990035
642352
749470
612154
770412
604958
940544
619209
651227
577245
628028
675286
591210
594966
670152
784076
991436
947583
732582
629701
946733
546024
640033
883124
662026
904229
616072
786249
838142
946752
914620
604958
956489
655505
600150
943757
916332
728022
923791
662814
615707
845340
651943
586317
725418
594473
697728
879868
812999
670736
618679
945854
997943
602737
893835
602737
664765
594966
594966
665922
853310
718518
746998
681177
587057
604958
947491
880741
610497
724071
679370
668264
761567
855015
594473
759067
641923
616324
865235
817567
704073
842340
604958
761421
594473
970506
940706
809615
607168
616219
605853
604958
573313
694035
830426
594473
800668
913491
602737
846094
596851
590406
660562
974213
863483
662963
689548
594473
633900
639586
636095
615482
653683
922438
746277
744762
860360
614614
598046
607168
742592
732248
862203
639218
782154
619457
845112
637339
774784
996887
882774
620571
632170
594473
913903
813193
638940
658340
705747
839963
900501
732930
602737
694405
839245
643594
602737
630200
800594
842194
604910
700972
770012
759840
753661
953257
631961
749262
617125
732282
822298
577245
604958
678915
839379
951824
947178
584997
604958
604958
659529
584997
594694
595073
944153
953797
706916
807487
602737
982464
591772
693040
694387
775764
894591
879527
585317
998392
763160
671640
604958
601567
772079
680207
601768
644385
909570
938223
835890
604958
759081
767441
615133
871747
602859
919242
774516
625103
594473
715296
610497
703136
982943
922318
891178
612018
614348
658400
948809
900785
613070
988917
710151
615707
910637
707933
914513
923143
651676
694666
629978
612018
594473
850594
855274
618811
831862
591819
602737
861977
594473
811077
632781
944966
638087
796214
786852
914804
602737
900819
856496
816687
809097
641486
849858
872357
584997
583002
594473
924508
793901
739614
591210
594473
643907
639299
736156
602737
758136
671757
977172
946543
640192
590467
838249
658596
685582
803245
956190
558055
683643
962238
604958
585591
654372
594966
709016
996342
771170
878835
614487
612112
982897
702608
768107
841506
833070
942014
738942
620503
602737
913856
668767
594473
980382
729663
850961
931479
738348
602737
604958
612508
799970
584997
594473
965392
713161
584997
954281
656867
651454
665708
640745
688354
993796
588523
635062
682272
594473
781136
928073
683813
992377
613032
585193
677009
878987
608000
641358
827391
766139
747956
640745
908743
705885
915413
736941
674369
740701
950642
604958
906203
804985
618321
664979
938081
641974
950791
594473
614348
845159
516386
978127
674513
622871
976189
958661
600150
834895
594473
604910
640464
584997
623165
613533
764333
670621
672699
607168
591819
966517
591819
744681
726103
612048
763003
621985
978350
627950
953213
664143
866051
695621
587057
890016
957494
594473
918043
763547
642898
692767
906962
989658
590467
612048
688195
645913
745162
625014
640593
668463
742592
717819
923017
808301
996643
602737
891947
721016
932475
825383
818973
604958
590467
604910
742773
594966
627619
741657
941942
615056
602737
717787
646248
648089
558326
958301
649439
886063
888022
983880
896784
909778
704215
787730
722370
868039
574352
791454
635936
598046
642018
943790
703085
865696
946160
680781
965592
820616
641289
749357
839802
612423
679191
710179
980840
874580
602737
594473
594473
594473
583002
962972
830609
594473
648351
857479
584997
669421
968863
584997
994186
710198
627523
989531
612048
880965
761592
588493
877582
612018
594473
677003
759208
628767
660790
790112
721876
775706
591819
620373
852226
849646
918082
611421
850106
629453
684221
798984
673119
974505
883490
935062
604958
940738
627456
625301
720315
859346
602737
740852
701953
698430
929014
590467
602737
934231
801593
612018
877694
948826
596553
602737
963229
584997
762496
614348
836355
697636
699890
594473
773247
701588
607168
673483
610996
777787
969924
699988
594473
584997
602737
919202
818679
822938
926265
594473
874604
594473
591210
585317
611787
763346
813101
626493
811991
643010
659602
640782
948923
950734
610075
584997
711123
604958
679440
889558
603577
856148
858597
756314
764351
878822
963377
676197
620503
600150
988225
857326
746476
872725
670318
594473
672170
611519
602737
594277
602737
615552
817547
860758
745366
775833
605831
598788
747867
653995
584997
719896
604958
602737
732437
964334
960020
604958
963726
570318
810272
984198
646186
912341
616219
594473
785983
588493
616802
968516
721026
588493
696305
826377
889841
633900
956639
630713
581418
901382
604958
654372
874699
971745
963046
770842
587057
923538
830452
614019
623223
731852
833092
754953
771396
602737
671834
594966
761559
652151
947368
654319
686021
783222
926719
595241
965526
737780
667747
634585
683375
924933
919077
913596
662315
679597
656774
584997
736071
791278
697198
614586
716246
591819
850364
760046
602737
702789
741762
594473
697980
672121
633900
845266
594831
658535
782766
628060
812837
674164
722441
999712
604958
972337
584997
604958
864484
614099
636434
988188
668398
734887
606516
935604
975825
810679
940559
596084
602737
813894
627456
989053
604958
806789
994081
635974
612018
753256
934895
810383
604958
994859
594966
866798
588493
951772
761180
606403
614348
704555
905803
602737
714696
888054
594473
612018
599690
947239
913477
953926
891182
831791
587057
670773
701509
918533
602737
594473
837092
715182
953668
602737
951942
884752
885440
781630
743739
612914
602737
984452
774231
631961
921025
570318
956688
594473
663741
594473
821792
612508
662963
594473
880243
970957
861655
993154
640467
795181
776914
986673
859161
600150
726328
702732
604958
970390
909767
907747
564111
944715
826082
969588
690370
727548
754977
814779
607096
588493
952318
776427
591819
862774
844178
879994
853974
840870
831587
705366
594966
722991
648456
750980
657294
626261
876882
855974
713393
826470
852365
710405
924152
843661
773319
774246
682970
604958
594473
726515
601522
951629
673908
874354
735650
685685
594473
568217
987878
955342
699258
936997
692949
629835
602737
609979
941881
943572
591819
604958
590467
589032
585193
602737
599414
594473
952629
636519
815204
707358
602619
604958
675237
767739
947914
840050
929355
639374
612018
610748
594473
973334
702226
691245
609342
944663
596710
870737
752927
706010
699938
646248
608974
627453
609362
588493
614908
598236
627824
735971
594473
969501
602737
607348
964723
846545
681585
984437
671720
604958
673908
808545
856780
715889
615092
710237
863569
604958
580658
594473
983531
614348
689582
815346
765256
924579
606290
639238
706245
616347
691597
765753
816473
799233
746643
774125
832248
604958
909570
719516
890506
860517
618569
951426
608252
607168
604958
642073
646248
646592
898449
591210
591819
944544
723358
951884
726276
803799
631961
976092
758442
800917
871190
604156
920148
917835
804820
766006
862151
909905
657828
915083
620373
604958
613370
752595
614207
997142
884794
881970
745900
809374
858668
834118
871634
684478
678257
601768
774038
954026
779605
783728
770065
602737
858590
594473
839644
641900
812205
615399
806145
909447
789136
738479
602737
926277
996314
584997
700017
713544
869554
912930
724862
816291
612226
932959
871648
969045
962413
671287
632066
602737
692622
602737
761845
954169
745956
609407
988536
594473
602737
644143
646617
718737
730480
585193
602737
722404
945020
734990
769139
688803
617209
627523
594473
876249
925014
943672
954047
656935
766144
710099
584997
591819
772587
807114
782108
974702
870934
621249
953493
717273
584997
591827
686228
608625
938360
594473
635682
958661
590467
771633
802167
754763
985484
633900
607168
597714
807184
678771
854822
594473
843186
668705
716114
594473
753755
794899
729888
739803
998345
953792
867091
986980
714505
839238
886440
606798
590467
659823
604958
584997
570984
820957
594473
768844
634862
960071
820162
978231
899169
980908
843545
846545
691895
978872
998246
594473
602737
782237
598201
909601
951031
685420
970340
844964
685974
594473
959552
594473
995266
981258
856247
591210
866215
824030
985571
638751
722883
809876
768315
725417
698190
706105
602737
972513
977108
685833
596011
774354
717536
731463
604958
778124
916223
880162
607585
810015
594966
583139
594966
784389
999986
591210
647266
599352
616164
775251
935315
602737
726994
781743
683223
800531
881632
618326
594473
617043
587057
602737
609366
766216
740026
854665
707544
594473
716369
810701
591210
932487
594473
761898
602737
889376
690420
695258
628195
700733
706639
612018
849261
604958
612112
997538
891703
641775
688900
892564
693821
594473
900889
995751
612112
602737
800451
827483
738245
602737
923383
606516
602518
976553
982594
771419
602737
693590
923064
817825
872144
612018
591819
591494
858600
901014
615707
594473
836122
692051
913602
607348
904431
950012
604958
711328
820232
597407
898656
942354
783672
923902
614314
742681
892901
730716
718453
608975
761071
706631
693586
967678
689344
638590
891636
594473
728137
768775
584997
848953
983122
748329
798086
604958
580392
893322
843646
758442
726559
761131
598726
646050
806468
846201
975004
637837
716669
813985
653614
843946
660017
894206
676186
607348
711176
797215
772690
910547
986000
604958
708745
773788
647654
602737
614348
756859
974027
823654
769697
646912
688211
607940
997780
855753
869303
580291
900276
636629
960174
972930
670956
594473
738697
880545
947811
923531
607168
907838
573667
899300
903388
695754
969759
899422
672413
896563
704994
985546
876177
684619
602737
665711
659149
780724
594473
670700
602737
604958
953714
653699
854777
904273
602737
974419
617250
590493
634888
596197
903433
760627
875450
897012
880622
887292
976018
666994
871811
594473
637877
921522
607168
602371
945127
630892
732589
604958
820628
698261
591819
847555
803735
604958
602737
876929
907631
829666
679906
880741
846703
594473
584997
809568
666940
700559
796602
818306
886657
778058
612018
572843
598357
855753
580749
707922
702825
862587
961586
781674
735324
594473
734640
849725
708001
602737
669972
817327
877172
924942
609407
602737
588493
641836
766610
599770
669349
881951
657103
725591
711587
697198
550204
662207
729834
851395
878809
591210
594473
939060
610497
996753
810426
604958
625290
604958
772921
860351
604958
666202
627183
998521
999824
784285
591819
586317
696199
907020
952712
602737
975066
711283
585317
927465
723047
971440
879402
648561
981757
696395
807395
736934
771147
932648
706043
949797
980992
593208
905829
640745
883104
961243
584997
590467
832931
636251
954667
601522
931308
757661
604958
608260
647212
591819
898390
984454
604958
810901
634941
845851
891520
588751
845719
802561
992428
925715
584997
594473
591208
863608
591819
877921
804600
862108
594473
795383
602859
594473
737574
935523
591210
843936
842877
602737
903328
820515
604958
592827
844241
940907
823803
722788
602737
855032
588493
594966
926414
623857
945394
647063
617091
594473
584997
604958
985703
667430
976086
704823
594473
936759
619397
849778
686630
604958
700495
788899
987706
838397
741461
757207
619455
903534
588493
666389
604958
873549
654951
642644
736465
806160
744961
923973
880530
639619
620876
672984
863292
605585
612048
822658
817533
708745
594473
602791
708121
594473
591210
738478
692693
604958
600150
644070
817961
594966
747830
619904
641690
834687
594473
648011
594088
647212
584997
912895
632539
832455
737559
758534
879893
604958
604958
836861
579017
638964
591819
990444
784087
899054
798428
830254
720315
687208
829973
602518
839285
977607
946467
790096
728690
730320
673177
757487
866740
602737
746135
591210
915484
591819
588751
771181
617357
817631
594473
602737
763089
594473
715209
726515
760532
806458
594473
873227
740283
808097
956614
995113
675372
681802
611772
726282
733201
670880
594966
602737
664461
698350
996962
749043
584997
594473
604958
819013
659365
879005
846578
580749
809129
897294
920329
840160
593208
594473
770645
604958
602737
825436
664613
748178
594473
956820
668868
602432
591210
702857
591819
827344
996210
604958
607865
639809
604958
594473
666722
751666
811762
695566
591819
928082
602737
699199
607168
756507
584997
810877
731194
790510
745161
813258
611329
584997
756061
605341
780391
775591
911910
711509
768075
594473
967049
968987
869526
962565
650510
586706
904998
640869
770445
602737
943467
763992
926620
993154
570318
651734
643440
970990
828734
886838
722280
816024
611519
591819
804528
702391
600150
919482
811417
961432
963479
594473
810074
829403
640745
584997
940800
642504
979767
785360
686623
593208
944623
591210
594473
598201
577245
604958
742288
885921
586317
999064
832865
604958
692858
584997
621985
767839
594473
602737
900047
853513
594966
594473
990153
604958
580749
602737
940721
710714
676193
761353
649439
584997
879252
585317
657544
716103
703866
604958
706261
799131
901199
682124
812941
809729
985856
593851
727224
816666
789783
595951
861148
621985
828258
602737
594473
640003
584997
985675
791144
714661
708789
637238
798079
612665
594473
597714
955716
937217
849807
969299
902148
638590
963665
975965
875150
858578
613370
619686
719384
722072
642344
594473
871170
615552
627523
965445
938550
968325
917295
682261
705425
725247
805147
844319
604958
957490
854464
982255
633900
862946
976578
672815
989814
860246
991811
784932
764851
884962
768051
610294
625178
755538
920585
648351
976230
692964
898019
776427
627523
646760
594473
602737
855636
594966
945764
745634
596210
614080
776303
612018
845567
954633
840501
803341
594473
859926
594966
927227
854476
783103
594473
693485
745415
701509
590467
604958
902626
979236
769545
733472
680553
604958
803473
610075
992146
808191
640118
859071
710654
604910
974901
800501
648977
716011
898389
656547
778018
843982
952235
576533
692906
628028
725649
602737
626526
703225
788625
740268
910275
792182
815200
780500
882622
612018
584997
970887
810701
604958
609636
666716
864435
650182
594966
965807
761245
741657
591819
827221
604958
684684
862866
905574
669103
872801
635993
591210
646689
908703
637047
594473
630142
630137
972611
786456
604958
604958
916650
631808
875277
618679
715457
757251
604910
790262
929183
594473
734970
878285
689166
935636
740837
588626
850645
584997
612112
850366
987081
762510
673907
819521
664737
585317
594473
844642
877255
577245
851645
594473
605585
646778
866573
697198
626662
649331
604958
645724
991716
910085
664255
820886
693321
652986
590467
745227
660319
822843
884708
620354
845615
590693
897390
636790
850085
594473
632823
917543
607168
720335
594473
844766
989021
852484
602737
638763
880489
594473
753572
767600
901743
930188
926974
712722
650472
676940
865146
594473
960915
599335
608611
578342
591210
868842
700400
585317
605585
795815
973205
849013
690986
604958
584997
607168
947872
722439
594473
590467
991382
634353
651734
717993
594473
594473
594473
586317
658363
707659
879224
665088
851243
676505
715777
615156
798183
699548
884322
609335
631961
814419
634941
932641
716369
951168
697201
910726
604958
930846
871411
583002
911605
591210
652156
602737
718669
875786
591819
614586
902123
980485
784682
705574
648351
596237
594473
940902
701047
632388
954866
652494
805669
962140
790035
604958
677824
837742
711600
648915
717274
945661
958539
594473
997953
606516
706010
719046
794648
781968
586317
956745
733968
999312
725586
574508
668463
606047
729196
693588
614635
938642
594473
689191
986718
724944
604958
617119
586317
821775
821342
594473
840788
594473
600150
584997
935668
749155
576427
811165
619904
602737
864402
622430
761236
647264
673908
857195
613370
660245
604958
617125
602737
739707
781437
707933
892995
661785
604653
902110
713199
564111
916416
683926
588339
700577
942340
865983
655873
734527
616219
768000
570318
766281
666449
789197
991670
658578
899769
961243
992439
858107
602737
635935
704651
999458
777825
973638
641289
607168
855422
849722
594473
849274
594473
596237
770634
700556
796818
797846
619455
604958
854254
671781
783248
978007
902325
587057
937979
585193
743136
773176
607348
797566
604958
602737
588493
771170
694173
608260
604958
746934
862210
950380
842658
989343
852076
623312
967308
602737
600150
886001
974583
586317
591819
591819
613370
594473
949680
597317
789263
748821
607168
902630
734731
831808
883236
721346
738701
955910
612018
620373
611421
693913
594473
750242
662416
594473
612048
604958
777068
847552
897140
939619
683880
902414
666832
611421
770858
936158
690549
746176
765327
911437
850961
601282
604958
670621
591819
591819
869304
920024
594473
573313
949861
974841
797399
594473
860374
711798
972005
750931
594473
830016
845692
822498
590917
880567
604958
707852
604958
642220
627523
871024
612112
594473
602737
887292
898784
620503
606047
577936
934061
924397
594966
869378
620954
693741
701382
806248
835646
635046
594473
611902
836040
953593
945437
863595
728046
857004
891636
631285
648858
799438
695561
594473
795517
796025
951272
981987
754738
906562
758442
657544
853839
604156
783445
639238
627479
611772
606652
638787
663724
572088
862738
902232
617820
779414
611421
594473
965934
604958
601770
594473
836521
594473
670718
591210
867069
598788
881194
864313
774703
594473
987335
590406
774024
835825
729312
591210
910017
594473
588522
584997
798002
604958
591210
594473
965495
764344
604958
591819
715296
990097
623630
611421
655718
607348
611728
947113
617820
793934
980744
795381
983564
613788
609641
726634
670607
819866
879993
809961
602737
883792
649690
611519
674506
822525
925240
959854
696234
584997
563511
802487
621985
612018
658757
916397
938043
877643
640970
602737
591210
864058
620150
858268
980797
813423
584997
990118
837352
982404
976185
890880
594966
873455
668337
594473
810463
686326
593208
865148
614586
902682
958917
611421
604958
618646
602737
706004
902284
896038
869799
942070
602737
827266
949861
591819
951725
614348
594966
929434
966390
623817
602737
594473
638139
591819
720117
986058
660117
574508
614099
855152
829441
961457
992704
755076
726596
946303
602737
591210
868102
837001
594473
594473
718875
646677
674291
935144
619397
844417
988429
728292
591819
594473
739786
644464
723370
702971
957685
604958
709512
648850
640745
614158
711972
594473
668245
933143
604958
654495
995429
584997
594473
873973
975373
602737
745287
636095
602737
993035
604958
651669
766202
624539
580842
605730
892718
604958
944362
783438
584997
852144
588493
594473
594473
594473
849483
619904
753211
857655
830278
721884
638725
619697
602737
618712
738476
918629
961848
901568
719652
751067
587057
886476
606531
818699
583002
966596
702857
952845
594473
596851
974303
828082
604958
884066
917817
781528
602737
665707
813606
591819
799427
674131
567213
598788
719827
796090
955422
923092
875674
786777
720269
648351
637874
612018
969296
955683
871086
599181
604958
752668
840686
835658
759888
604958
690306
602737
594473
988411
600017
719183
584997
867871
603577
700322
584997
761011
635145
987877
604958
958226
853076
584997
922123
730575
780957
765945
960185
756990
612018
974906
601607
940721
629424
840726
614348
718837
591819
641060
651454
594473
602737
906070
668851
604958
717932
604958
610075
857402
598287
732326
764984
822363
958665
871667
692752
869245
753248
876017
969626
615707
585193
758643
645959
607168
747964
892107
810438
979102
910264
645724
668477
959121
836260
767054
840967
939853
639784
891992
616305
974339
889755
964210
585591
747028
984840
850631
927827
674773
715134
862346
974689
940548
774265
944579
803226
693239
876115
868459
629570
701179
926414
969913
611519
591210
792611
612018
906781
944145
891724
604958
644086
594966
634823
708186
752803
611519
723885
691466
580497
896981
994551
795182
651734
607168
604958
729700
595951
595073
594473
846256
881529
605341
825806
644981
845492
952556
591819
748916
604958
591210
584997
919619
698617
605489
607168
604958
943940
829241
921658
614348
882238
604958
774382
989621
577245
602737
776776
596851
916685
671686
583462
591819
777710
583139
893649
721036
699440
847279
918304
758873
987984
638745
728622
627523
591210
965393
616219
537374
982084
896952
793945
999220
604910
583093
775769
602737
602791
976867
670532
579655
584997
959637
614348
973135
706224
634215
688625
584997
622081
653493
738831
600150
860925
647069
591819
932470
647791
835321
873769
919437
685229
739995
584997
731742
934256
789103
889066
609943
968957
604958
958559
980846
813524
840449
772213
716856
584997
681484
604958
604958
977918
594694
594473
977809
571585
713513
872696
609117
925998
819533
978938
763190
602574
623854
805408
821698
721825
594473
862705
602737
748585
602737
642121
997442
934809
600150
602737
604958
956519
598788
930846
604958
848179
749317
850005
591827
735412
713136
995865
836731
578342
949136
978938
742542
715754
946342
673561
702857
892359
604958
640745
825981
591210
989049
661864
901607
594473
646592
595557
609328
667139
621828
584997
787293
774000
938274
875277
591819
605341
686123
916722
724421
892952
850791
699487
799403
644385
594473
810087
591210
841537
604958
863833
637429
926704
981964
702021
594473
594473
797656
586317
742128
586317
649180
923639
809250
857379
618425
629401
611421
634941
753762
882436
609335
571851
591210
879725
652293
869950
775584
652627
607168
678564
626744
719612
611519
584997
865715
591819
602737
633278
594473
767078
759954
851727
611421
824358
836068
973966
645913
594473
609407
601522
591210
960908
995480
594473
642331
604958
636217
611772
686895
756579
590467
611904
824988
605341
888838
867832
681649
594473
879782
862090
667853
602791
756931
643599
996783
604958
594473
611519
799295
869892
759271
869918
594473
983369
869518
648395
685583
611519
584997
908986
643010
604958
624057
903675
632537
994300
587057
604958
659440
923710
644516
591772
811594
906823
641125
609641
721367
594473
761613
778763
844326
658497
910547
849472
889976
934042
637598
633278
831462
663355
685582
607865
713797
977295
648351
602737
782778
984789
614586
651174
806335
604958
615056
594473
891891
739762
604958
596851
604958
631285
604958
811974
655929
906275
894437
785609
954027
855120
980066
906319
634640
704084
765019
618840
940725
775500
616384
764493
603577
732520
732564
740312
875058
691947
966075
672466
819129
993574
699536
936874
607168
607168
674773
602737
594473
947231
611421
988507
867603
957450
736989
940446
863574
640408
595241
771010
710575
926015
602737
641380
604958
595510
982737
749647
596558
584997
597362
604020
596339
776669
678707
695918
841306
844254
942323
854459
598046
611519
616423
615707
678742
602737
604958
607062
700559
604910
594473
809362
621454
640192
920925
590467
594473
828992
628502
594473
701922
594473
907012
849258
607168
718491
749232
874088
624917
833490
826208
634215
591210
612018
684144
604958
601770
876546
883492
715887
618817
862330
834799
692650
957068
627523
594473
966343
974659
641486
635688
812820
588426
606798
607865
684414
681315
681226
966127
946125
892849
576720
781437
979337
616608
730650
741656
993506
794066
644516
836508
882048
724722
604958
976580
964030
902711
608037
644573
607168
613439
588493
912862
688083
602737
571851
944701
690663
881421
887498
817978
604958
957672
966169
592914
823939
736156
984779
773786
594473
665715
684358
602791
754084
813382
661241
809520
722102
719622
604958
810456
799351
890919
663306
897915
931035
750183
611405
644007
765284
693598
627524
962643
790830
891213
596237
584997
897130
900895
950135
602737
884410
916031
993241
652177
586317
610497
693025
604958
969191
956461
573313
604958
678027
604958
637413
602737
714954
604958
630021
884626
829164
928721
734980
887953
894836
912736
604958
854239
956448
634505
648913
594473
854936
591210
654451
583002
611421
919008
640118
726100
984583
693385
956454
960831
604958
584997
858434
944088
594473
908477
759888
710234
602791
594473
584997
763011
720396
849330
656432
919734
746161
943111
683469
717005
643010
732586
594966
604958
937953
584997
584997
697198
604958
814299
594473
812094
911096
875832
586317
739444
697198
944010
638725
648568
604958
594473
590467
613237
613790
602737
706689
801914
894660
694481
594473
887097
850795
942547
923023
602737
933070
631017
614348
919005
951426
812797
912664
811594
588493
834625
950004
602605
989489
616384
932032
868522
674692
591819
604958
674671
665323
833519
939234
594473
968002
696317
815151
830395
612112
623718
878222
924645
612112
667556
643318
604958
937318
604958
817598
820994
613559
623537
622145
596210
907477
681332
623447
891753
746277
678707
815549
688204
594473
707638
584997
886097
714644
875127
584997
594966
968951
966482
726276
661296
762155
604958
757411
719875
705994
619572
629931
854092
640765
634941
652629
740701
647654
627523
997628
602737
633900
881686
642544
987157
596237
742726
830086
687692
577245
978364
647576
755513
859638
615056
617820
878222
881157
584997
584997
607168
673458
658154
787679
598422
594473
601037
602737
584997
657029
614207
928535
584997
711729
995634
570898
584997
889896
906790
761557
604958
674157
631961
590467
991992
687544
604958
939995
882145
607168
594473
936361
813482
663031
591210
588493
691991
694126
903727
892803
588493
613370
614348
625616
832787
895129
977104
704981
672957
803424
604958
747267
844768
597362
741408
602859
730132
754929
735319
602737
761132
694438
805070
658356
604910
865516
591210
604958
848346
732520
746150
934232
592043
713675
684535
594473
602791
728279
855015
896291
651734
854975
899819
648014
593539
716146
960897
584997
593208
904378
604958
688174
609943
598788
688498
633166
861075
586317
604958
607348
889142
604958
740980
805206
768192
801907
640467
696811
741177
867333
736872
740842
719815
809194
883052
682076
637598
594473
864163
636217
790187
940736
670432
594473
607348
591819
594473
934564
895999
809430
601567
775090
590406
599414
783627
612018
685175
996982
621507
710877
649488
717624
612228
618026
618326
632027
618646
586317
790757
621583
841756
925444
609335
586677
847279
813592
604958
923015
819362
700495
917798
594473
588815
790495
640192
952054
716840
755657
591819
600512
995731
591210
682124
727973
624470
620503
887203
869664
614487
926667
986556
584997
967693
939997
675940
986675
811000
537374
996781
718461
740307
914301
613370
590743
806383
619397
594473
853681
992569
756990
604958
604958
759158
704562
972513
729444
707074
588183
640364
898936
684707
621828
934893
988844
656891
623136
737519
602737
594473
769003
591210
900793
585193
643318
935368
693131
898957
638839
629835
998192
955575
602737
604958
602432
958832
936556
647642
965451
710151
967241
978215
930826
906286
742693
772513
603577
897487
956865
961669
565851
679689
722055
873764
532760
570669
644470
591210
831819
884220
688578
584997
755658
594966
823221
614207
666202
944823
933584
858412
868034
604958
788020
594473
640192
971036
861136
626311
751550
702445
650194
814446
611772
742591
616219
587057
695493
644279
649099
879739
755076
621811
588751
569880
789395
954066
777427
986880
612018
936423
852946
604085
664441
936421
829481
659165
584997
849751
584997
610069
850795
604958
618326
809174
642587
733035
618712
767291
944073
805994
963674
618301
700623
577245
723386
841702
917097
997178
609641
594473
776785
763296
594473
721703
951586
579868
641420
905106
768350
631961
614099
704590
591819
594473
922523
911919
655810
862751
807239
773991
977608
760909
958109
637413
849596
751337
591827
673920
862841
690353
974552
614586
798870
594473
604958
754816
888096
621376
789191
889066
825050
788379
985710
594473
604958
972405
687029
796637
715682
843972
942619
638229
753591
730649
810888
912778
664900
731045
644728
648351
604958
931860
844802
604958
860123
559329
927360
604156
821124
591819
691465
591819
736472
869075
651567
613790
591210
696664
588493
604958
994471
610069
897740
736729
948107
760188
604958
774394
880044
570318
834688
604958
731107
617451
615707
594473
960280
855194
617939
828636
604958
608488
953540
774707
602737
607348
833568
805243
612610
647556
753047
591210
676754
635571
614099
749198
974582
921594
585591
714580
977534
936934
966822
609641
967027
883468
817539
863637
863442
615012
604958
906303
807734
639919
598788
673908
648273
801147
732712
838337
604958
658072
673908
584997
652882
776668
604958
640167
687930
658117
923540
921809
620791
672693
780724
891721
738091
953062
845112
838070
896696
594473
963563
618326
584997
937327
585297
900569
729125
831926
853613
939498
727020
593956
588470
613878
591210
646362
844303
789780
602737
632301
591210
702021
902203
685294
628223
731118
628154
994892
602737
887992
955129
680018
667075
622411
918200
863971
634353
773231
604958
596851
984269
800699
907509
901014
938431
852484
978051
594473
980304
992831
868959
594473
669936
609636
750847
712225
870385
632388
690453
908689
792924
594473
594704
851123
999493
594473
937102
602737
612018
685638
892097
820427
604958
828928
618326
693263
877561
724399
748152
735520
749082
709218
830200
988250
980096
602737
627183
671927
609435
955387
602822
945420
993315
881243
648351
885360
862946
983997
963639
904833
822950
875925
906015
854613
821189
743206
998045
954261
640745
587117
653493
987443
770198
698630
585193
602737
833892
932094
985320
874447
941555
924554
768410
594473
832723
979723
605966
764972
585193
604958
573667
744537
594473
669476
704251
594473
741542
672413
870546
608482
792959
861963
703445
844385
986742
993279
604910
684643
614268
755827
774363
917811
832221
973671
762988
735505
919323
753799
585193
707602
604958
580497
612018
646373
619397
590406
728735
700868
610497
824229
807442
762211
705782
806352
590406
645712
908584
786315
717516
930732
618255
798408
825555
665983
672644
604958
594473
604910
688582
617091
729204
611421
568217
795206
714394
617234
852990
570318
620571
591210
816363
988271
577245
663285
631285
672571
978838
902963
949856
610769
884062
943005
891232
985801
789850
614348
771986
915219
694046
986758
938640
590216
870883
863985
788820
570318
954867
815850
740268
870258
779135
723665
898812
619904
857526
823383
960535
709143
594473
861653
680662
617797
591819
601522
800398
956971
594473
599318
766815
845698
584997
584997
602737
650809
800917
594473
865804
658354
916887
747838
602737
594088
613584
980306
642493
700268
660967
614224
604958
833393
590467
614324
976589
881479
845909
602737
968325
922015
602737
591210
594473
925341
973374
634939
952054
594473
594473
928931
935534
594473
602737
594473
604958
611519
946759
604958
962140
745443
971864
871924
778847
710892
910355
641841
799965
594473
594473
602737
767738
636879
880382
619457
882981
604958
645913
661103
813500
624057
591819
591819
836832
959693
584997
591210
594473
594473
970864
595719
584997
895323
596462
594473
594473
608945
584997
594473
597937
681649
574508
753591
688211
591210
844920
594473
632066
975557
959572
646545
978309
594473
807141
984200
735370
867475
625809
657425
609641
602737
921877
970238
770044
585591
659947
606403
983100
784380
758058
999975
839354
648351
995268
720496
631961
685197
681198
916276
588751
591210
925252
649331
935859
673908
604958
990668
618840
803732
837134
648395
836386
604958
850849
986146
656421
592827
629835
585193
970595
710742
838425
604958
784086
941186
688566
709704
724302
605585
624872
883373
732043
620897
669993
675021
841969
940353
629083
604958
604958
664272
594473
703760
604958
703467
908525
703652
652261
609641
618982
673908
870423
762008
803673
756660
952200
736540
895031
652352
594473
612361
789165
724115
825226
766497
594473
737701
892133
577873
742860
620593
667283
911748
635974
919753
929856
584997
634353
595396
641325
862729
692526
617820
607585
609641
899826
847775
903251
873769
961685
950329
911983
662413
855390
974045
902366
591210
967787
931165
719194
854637
997071
612886
597640
843314
564111
693864
706279
697198
739073
901599
607348
590467
764004
990674
649068
594473
584997
971262
609641
830360
811087
604958
984561
642409
759380
719875
614348
732789
602737
844385
646592
699107
602737
615934
888114
925361
617040
594473
594966
690153
609081
607773
701423
623415
829906
711551
981629
837636
596969
647396
921459
594473
699171
611519
993724
594966
841078
734507
695843
808423
922692
885513
611519
789499
694046
984909
830515
602737
688460
688520
792815
594473
612835
707028
613989
604958
925100
594473
649690
912368
602737
920090
594473
909151
920399
591819
700713
923087
711420
716735
644385
602737
668660
758638
790726
788384
809971
880680
631961
757666
837175
584997
746998
799606
594473
863402
607409
610411
584585
640230
737413
985703
920234
926721
712718
931908
607585
654098
960093
812121
758442
584997
690306
888777
805303
644028
642426
604958
799293
614348
984334
869632
748322
682124
963303
720690
594966
594473
584997
604958
687477
611773
830048
610497
903504
947944
656758
604958
593851
708960
604958
602737
630741
631777
915807
595241
637661
594473
618646
577984
835998
696582
617927
903725
594473
610252
780151
594473
953769
594473
594473
938848
884484
982115
604958
610497
733557
604958
670916
594966
891843
609641
761234
869913
659165
722887
936894
604958
615707
594473
936787
602737
611882
617125
594473
690306
915586
584997
602737
601409
889376
793214
611405
900034
951147
758966
993982
591819
604958
636719
634941
868693
630892
577245
821931
594473
596237
632876
966607
784633
700135
639385
604958
613370
805896
604958
862526
962950
614586
722832
976566
890131
594473
659578
613790
693282
805338
573313
713267
995760
853984
888877
979804
948503
611421
962197
668604
851078
956161
613790
975773
906477
989386
767936
651525
570318
707638
705488
591210
979333
629720
906826
919100
944541
889146
790350
638139
602737
912604
656332
770265
621583
594473
864029
796646
640890
679938
648351
634094
703527
701098
963082
721562
836145
602737
792812
606690
778130
980540
775585
614348
764180
758442
723370
770651
594446
596237
597302
902560
691397
588493
676193
948147
757294
882111
811321
875127
633469
626551
550730
594966
886372
784871
921365
678930
606403
902718
585863
787679
702707
609641
967128
621828
902969
829418
594473
954447
734442
602737
621214
546906
710151
679153
737451
594473
594704
897902
610717
734211
746944
602737
846472
614306
918182
762171
947944
766042
929630
610075
642574
618321
889829
968209
791160
594473
924515
787694
825035
585193
594473
601768
702205
741408
669203
615482
584997
668700
604958
596237
974861
829632
619535
959648
960543
781040
697333
775077
613788
997041
621985
615675
730452
927552
835738
604958
914827
602737
715621
999084
763096
591210
664429
594473
720535
633088
898248
889135
919275
936483
893283
929485
591210
946345
892301
584997
590406
573667
826426
950962
590406
585193
594473
967017
604958
826674
932213
754147
644731
745735
604958
766428
834680
618301
602737
998394
594473
642297
741408
795551
859280
892464
919936
741408
801684
919203
870972
594473
711246
824138
782440
736332
970697
591210
913380
585193
617779
611421
568217
955385
787507
604958
640745
603577
747557
738448
751873
642403
606564
643901
765088
624262
594473
617109
902879
594473
593851
983362
566556
702098
573313
594088
636498
797219
892740
696342
738745
962353
745095
915403
892860
989782
689331
784451
781399
840666
745250
956572
701847
862117
591210
668616
604958
590831
894048
822843
887678
756392
596851
788186
720308
866605
620944
587057
549378
788749
984423
960426
977173
604958
615707
819476
604958
859940
970425
974901
607865
602737
604958
968017
836559
772469
941953
604958
794072
942547
595396
869304
761828
990867
815624
622336
997758
840411
707823
996418
695246
603002
844636
611772
736164
602737
761303
810392
873365
641449
661168
602737
595719
741307
929700
832536
594473
604958
732642
904804
857448
607168
590406
600150
799103
706546
645676
682770
924625
594473
604958
621107
585317
618326
594473
835828
680125
604958
899351
603886
645913
731950
603577
801494
626346
812635
873220
942226
594966
787181
929237
594966
670598
911554
897077
671307
602737
957112
731253
594473
626298
913750
913596
634505
602737
640455
883792
604958
801798
749892
648813
640745
809296
956371
962749
591210
947092
592299
744139
674552
956881
993138
749760
661939
964341
980657
733873
782596
594473
781968
939552
591210
594473
989612
845997
916397
775189
573667
970323
586317
913666
604958
604958
736780
887880
584997
596237
604910
649131
753248
656497
602737
609081
584997
993823
983261
626740
564111
623041
591819
854748
613237
856454
808097
988897
929966
959984
772867
701077
614268
826600
742746
631285
850364
657141
775103
795404
594473
791055
921927
631878
628024
849248
913910
776593
626342
740311
607168
615707
749772
614099
765158
989039
985823
996586
696466
966125
684555
657516
736747
705863
604958
646953
700678
946317
825226
585591
962724
763089
672198
782398
809823
803973
704215
657076
586706
602737
675542
969709
588493
606652
600150
631293
639574
968099
965874
578342
594473
863747
984053
781381
675822
584997
694173
954573
951250
604958
720234
813539
854926
805075
929115
910507
641373
591210
953142
794903
602737
978799
829678
718297
915253
707586
604958
862711
717266
942766
807732
604958
602737
886578
940523
590406
969124
622538
600150
628919
673908
594473
864089
963408
814478
712380
726195
835123
944580
858952
577245
634941
920478
595951
863610
619931
611519
662788
762597
997730
919566
602791
590467
990159
848477
755282
777036
594473
862875
709257
600150
922079
978739
594473
802787
640745
717587
600530
863380
631961
995726
594041
604958
612018
601522
995612
614207
946251
962607
854547
594473
611902
872552
606801
944206
676157
610497
602737
680781
674673
820515
692480
915625
604958
604958
665931
824030
844905
902942
624554
637309
602737
995129
673908
778527
625740
774601
710168
584997
819194
866644
961544
948800
600843
594041
642747
604910
743714
926879
936620
616305
857434
989180
846726
820994
794920
983673
943548
853451
644385
594473
996229
883381
602737
565851
595806
672413
967677
686890
852989
632515
607168
605256
834554
635974
762259
607585
602737
887924
602282
659544
691991
973542
931189
999655
967704
598788
654372
614908
936286
700838
631961
811000
889674
580749
890530
594473
646689
616219
953580
697664
859610
944606
796666
591819
802688
939080
961586
673908
696090
604958
684417
666696
997403
594694
840462
602737
849452
953756
594966
830740
630452
656925
604910
607168
645676
851917
941751
584997
604958
672363
997871
602737
588915
613790
604958
585317
611519
757661
761541
812333
960558
808513
742388
585193
603308
642337
950506
580497
769782
909601
752595
916784
957996
946728
677791
984228
846509
640186
594473
686545
947319
842933
954334
560199
584997
627241
787694
584997
645724
774395
633935
620593
607168
978582
699233
774874
952261
863962
957432
928555
580497
817833
627523
591819
685125
705122
607786
682312
851398
592735
632766
644725
619801
782766
648656
730664
714009
820893
673537
580497
650463
703156
694559
603971
613878
967515
625730
794022
990673
667582
865726
803312
960259
965929
713090
895057
708031
866011
880639
605621
780588
604958
965929
875773
779502
882697
793398
619455
921930
604958
728273
591819
937158
594473
613715
584997
866772
969382
864808
586317
757433
608632
630169
853422
704947
591819
609366
876176
862609
889978
614207
962085
652668
676157
659140
604910
789737
709052
682924
782073
618646
594473
943144
807365
864350
594473
593808
611282
604958
707018
992826
590406
605464
591210
617109
656163
759886
796922
604958
661864
642918
603471
678604
583139
975475
594041
809126
740322
691569
640745
709143
844324
666639
604958
591210
926849
610497
689880
879425
682924
710220
586317
991653
856797
937460
682260
858821
801211
587057
594473
568217
671891
634353
669076
721226
936271
604958
611421
594473
694693
633331
661888
590406
917543
594473
847437
639346
735730
604958
997777
973682
775884
621818
968462
592881
852830
594473
700079
739345
746277
620373
977173
993282
818344
980165
973397
696075
717321
840508
720433
730654
594473
944946
882625
791484
604958
596851
712497
706938
594473
875345
744131
754312
650946
778236
910837
594473
845894
805371
694356
932056
591819
948144
966872
932547
887374
870182
974080
847910
890069
738225
640818
927547
803423
838330
951706
646462
860786
898293
629453
614099
806384
701953
726846
594966
630892
594473
850631
604958
712555
702789
835123
604958
991824
630531
579562
670309
657544
618326
699199
994031
648932
807241
772228
580749
602737
618547
640541
793737
579816
961618
604958
627554
604958
959612
602737
740837
677839
720195
584997
731066
776043
602737
841752
679689
899245
595951
632902
908978
813516
704865
976312
616305
977113
691911
614070
626928
686314
965166
928268
604958
839426
924515
977489
610877
706241
604958
680324
629347
617111
612912
739255
602737
698010
799999
631607
661459
684024
772262
604958
604958
999370
708012
843042
876015
961797
594473
584997
930949
883052
933215
796023
892673
972196
698627
637383
885668
650248
689158
952772
794225
875469
971044
576533
594590
754552
837665
979228
991948
986529
880456
604958
590467
594473
929276
630556
730252
753661
985932
906447
594473
792633
758442
767566
937370
722485
750656
873616
665707
595905
588493
951345
933996
610877
825853
988096
604958
643878
623760
605341
991013
644385
641799
876168
641926
911585
766708
604958
634941
611421
871894
980038
924602
753854
910618
975787
769505
663061
945969
576533
695102
611421
761402
607168
595074
666850
966384
655593
851840
591210
953552
854231
769045
757367
923404
627786
762609
673908
694769
720583
587057
602737
605200
891177
749711
594473
634353
610497
694405
607168
594473
925072
793839
833316
917300
876431
580658
847677
668269
969411
916794
996839
848075
663329
823373
898449
804887
975809
919765
591210
732280
591210
700559
988381
584997
913535
879134
771055
584997
686486
728827
631769
893680
636930
828997
604958
660141
633268
864356
763461
998624
619455
821785
821062
607168
594966
642644
594473
885988
933487
611519
988631
974397
707205
992412
890792
609943
993023
591329
714552
689339
600150
924156
591819
689557
794349
620651
737904
596851
621037
594473
604958
594473
914461
817477
620001
934295
588493
627768
852097
649132
604958
720349
978413
606537
902757
638998
887827
692993
886051
602737
631551
717496
955679
961572
931157
997693
604958
887429
674761
569688
956249
641289
946738
788408
689778
843490
919584
690804
953317
649690
591210
990153
623575
774936
871199
796856
666260
591517
611772
640745
818039
736756
640003
934824
895975
813727
921456
763987
811201
602737
619457
943084
854459
987201
892461
611282
585193
923760
599590
945482
599892
711798
846000
857620
929437
967962
871224
859948
797965
676117
584997
611421
594473
610497
604958
675408
594473
627523
604958
587671
919896
560154
646592
666163
584997
584997
653859
634613
594473
606531
775331
615707
888361
604958
638087
685719
618222
966110
973722
975461
860302
667015
764693
631285
602737
742740
602518
790363
801940
812094
560763
866623
855257
621824
787615
921527
758553
778806
594473
773963
641380
897863
727058
584997
669096
868163
785273
783062
651734
665410
688951
791724
584997
591819
775740
844281
936344
623031
607168
955222
777830
887869
948422
899043
596851
643907
970781
879166
614095
594473
972853
611405
777996
639307
696270
835443
661476
827367
893554
712808
752775
721132
594473
654372
587057
862665
635145
650680
840670
964021
928608
591210
760079
584997
947194
712127
660780
604958
965619
628581
604958
829154
834226
640143
640818
576427
617789
954800
730133
829607
809649
705004
732704
704876
975583
951129
602737
656043
604958
798249
811209
594473
702844
729888
881713
976004
936884
849847
696739
945952
788139
874479
876093
619457
604958
591819
726516
594473
602737
594473
784285
807192
998082
682347
994852
701023
613237
928446
604958
709283
559329
760453
997176
604958
613370
673194
811123
640745
938850
594473
670718
583139
876465
638463
864123
849605
587117
995840
797202
956801
590467
604958
951386
594966
896830
612366
716897
651174
607168
591819
641486
850207
620378
607786
999062
693633
940535
627456
692272
818577
976559
767939
924608
594473
817362
818944
968375
532221
674008
594473
676044
936735
708280
783660
848187
939067
925203
874447
702361
604958
937338
744159
615707
982737
766922
598201
763992
938788
611519
604958
591819
983400
594473
654451
977114
982771
893429
852983
865885
595951
755503
930073
757666
698355
640521
604958
783098
914274
963178
851574
922624
853310
940755
877144
794130
602737
668767
771828
591210
591819
591819
716841
916735
611519
934547
965311
677292
598381
594473
627456
966338
584657
912603
874921
734584
602737
911300
787219
685638
609454
714076
602737
699384
782933
976086
713586
594473
962197
604958
607096
978347
621985
984899
855744
796031
964833
675422
887733
731973
577245
744646
605464
605341
639161
636926
720437
764645
723530
594473
723532
689929
996205
675993
602737
602737
881811
676236
707998
613670
979594
660360
596558
874709
995655
777212
929912
723850
867673
754646
641736
645346
910174
959135
568217
844784
921039
602737
594473
665212
701314
773275
819576
852607
897263
715461
704865
663398
638463
596210
724862
721635
848455
573974
868795
886679
591210
591210
594473
578342
604958
619457
747267
877324
699059
691254
591819
954005
994767
602859
626831
827524
694991
917733
633989
980112
594473
663470
590467
585193
678896
604958
604958
997097
615156
604958
612366
823021
640521
613635
648384
936271
604958
596553
807935
602737
591210
621120
889060
717414
956409
542507
741640
838693
626889
871638
716338
620208
699384
945922
857552
657876
604167
644642
995022
602737
649690
791088
594473
627744
610069
980900
594473
641035
632241
784055
591819
958756
613370
874454
604910
604958
975384
720773
961061
998084
602737
604958
582532
823768
733904
845534
602737
929504
861926
696806
944003
657425
958121
721825
594966
594473
930937
605492
621897
607168
954802
610497
979521
944938
612018
869554
697198
635669
894335
800089
618330
660482
700107
602737
773142
698010
584585
584997
690622
992778
919768
836505
696309
825681
628057
882861
645115
784629
604958
629502
858502
959882
886732
941913
785175
902576
618326
631961
684557
611519
743122
628502
648432
821691
651057
926168
611421
670621
804528
895327
805760
776948
991570
600150
968812
617139
897152
650510
594473
584997
604958
708821
767803
939244
594473
971048
706459
936884
730446
933264
825455
909728
906452
607168
604958
668466
591772
727548
658269
902774
833854
595951
629889
602791
772039
799817
962856
615600
640745
669361
728183
577245
644756
584997
793437
829097
584997
602737
597189
684707
594473
879732
953367
658925
917673
940791
726638
584997
794081
773046
606129
996170
599414
604958
602737
772450
998192
618326
609407
722855
665013
923860
620520
676172
777709
634951
909931
974313
584997
675666
599885
591210
602737
594473
596237
766805
584997
764688
695002
601522
973975
695024
896723
983678
881997
590406
602737
594473
939189
822162
604958
996783
968294
584997
875306
554536
697198
615707
832040
889360
839779
666832
932125
908945
949904
871760
697618
598788
555847
593208
585317
730859
618821
674795
701343
646362
704865
759931
781781
594473
853310
631285
932060
671899
927837
602518
851655
602791
659253
720506
604958
829303
956866
593433
714746
604958
930187
788417
932712
862389
954017
981127
769969
594473
602737
662929
594473
604958
617125
613788
723578
924054
890142
594966
591819
558055
591210
780135
635019
668156
905867
602886
964121
670183
663915
607348
633228
892727
708012
822361
681585
617349
594473
742663
845385
615056
690414
694396
983857
981131
863534
670364
629466
875194
713228
933721
954320
716256
612112
602737
584997
604958
715409
594473
705508
944945
716880
610497
586317
694039
895884
605730
881025
714746
702160
950275
820376
895086
746052
614207
583679
740979
764460
804637
992829
660562
732252
600150
619457
960185
613439
899300
748306
674377
686988
712797
966455
882636
615707
584997
779446
612112
946696
595396
679774
804625
688884
611421
659253
990926
739046
694546
702875
958281
605170
875437
594473
607168
852514
949012
933242
594473
645959
644385
850031
602003
604958
858733
954169
791184
682924
844563
691203
598214
905408
908413
604958
655873
594473
657428
864775
683184
634986
769484
969427
655810
604958
788072
780571
682970
683147
605098
604958
591210
526157
892966
878402
828015
712925
971655
625290
977483
833081
741011
633533
611604
615707
761639
777582
745232
713227
714534
721925
874361
790987
665856
601522
613237
838411
654372
956302
623114
602737
608282
677980
866349
607183
642772
805641
610377
614348
834372
615707
591819
605341
909441
827633
594473
834868
930098
570946
858107
602737
640745
594473
618326
643599
680938
986835
854304
687676
604958
919821
739230
978790
604958
808721
840463
844420
913903
585591
594966
594473
862024
978619
698986
833636
800009
604958
915135
961304
774265
879298
973328
686084
643794
598918
600150
594473
834554
591210
841495
922424
604958
873383
717410
594694
893735
594966
999131
606499
714126
648351
724277
594473
626234
862729
945420
961745
951723
713904
802040
601522
609335
759328
780929
803048
992778
602737
708353
604958
704651
711366
745997
869489
716021
612896
867603
930930
811969
576105
878140
585193
786338
933834
711140
861758
732841
820820
623888
631290
637429
675867
983521
594966
766932
621828
741142
678707
697198
711294
726478
662435
960831
947461
916869
570318
594473
619457
594473
585687
653886
746534
649180
709984
702160
933119
600641
849324
873046
870229
604958
692049
962711
613788
694173
997865
637280
594473
594473
590406
875469
964946
881543
602737
596219
744908
652149
868635
604958
604958
604958
835391
653683
810566
594473
594473
921518
633270
866215
926961
769105
990699
983231
763751
852981
584997
605341
871277
605292
607348
964704
633278
850746
611421
999643
642797
877854
819299
959444
860140
594473
836704
619457
594584
882966
717689
601194
604958
654308
602737
821390
586317
983547
756830
594473
591210
602737
604958
929014
762937
651010
584997
897862
593208
921709
813159
664613
714856
839927
984198
580749
942001
699548
834763
962523
774119
614599
604958
701061
962062
645434
827283
836365
859338
929434
844617
995961
931070
784354
602737
645671
849773
991972
816205
606516
770925
602737
577245
986103
604958
584997
976139
980840
588626
590467
891214
591210
648351
585193
727002
648351
913703
587036
808831
607168
776549
680052
709427
604958
586317
848346
591819
957610
619971
793636
584997
861758
594473
599892
629889
633530
732608
594473
855593
950236
632407
909053
824088
594473
602737
621889
585193
704784
584997
748192
864128
802942
602737
886484
979589
696689
661654
869709
602737
963702
891640
609641
888777
594473
730127
802167
586706
856187
885927
864058
639784
923470
851784
813953
713926
930208
758442
585193
709481
584997
603250
591210
943805
630892
862738
734327
604958
614099
604958
930826
583139
780636
805902
883992
594473
957389
631285
915402
974706
623114
611039
994117
690301
700780
591210
874886
986001
977850
607168
811974
948923
659886
632442
594041
697868
604958
884368
817885
966031
666202
733462
842664
946317
810074
690863
729766
688551
778529
888152
847866
591210
594966
850734
873100
863153
633278
611421
832575
602737
594473
594473
837134
777794
721022
752966
682127
975547
843545
859687
839328
960826
724585
602737
618664
837844
594473
594473
614471
761784
610497
621828
644415
721245
909552
602737
644691
578342
634369
959368
718248
619876
598788
838472
687208
636298
803799
870563
584997
602737
585193
868744
602737
602737
983450
607168
997142
604958
948054
620849
749303
719997
822189
601607
590406
814919
876734
776304
813651
588493
584997
652261
584997
918260
613032
602859
602737
747557
753641
594473
682853
881841
888149
630637
927580
585317
620255
986703
594473
933973
913205
723609
600150
970483
891244
707955
972851
767738
631285
785360
594966
578035
914829
594473
976298
721420
634421
881632
773531
933587
634941
594473
844882
727384
614207
706399
602432
687677
710705
966525
610506
714848
863725
615056
957760
679606
594473
626220
852072
921427
644414
890213
881559
594473
855030
749583
801547
591210
803972
568926
609129
811931
850697
943681
863876
651452
841717
919297
602737
904186
989584
834680
932101
627899
876015
868176
617809
594473
909630
676044
574508
604958
684150
999995
611421
968143
594473
879316
640192
983939
815217
995482
828031
655643
802342
920708
627706
846423
585193
820251
727081
604958
766256
593208
937229
854889
740138
641690
865526
858489
667328
969382
850025
785605
775398
631285
822190
750690
647654
936487
963855
594473
584997
790817
940523
611329
927691
604958
649949
862335
603886
850517
594473
737046
606843
788564
862437
826112
604958
984587
661168
937832
922224
993760
989318
809868
576262
801148
828173
821604
591819
594966
974447
594473
610787
707076
904723
813963
892995
848953
645609
681025
604958
591819
728731
604958
999592
604958
619607
830341
644170
640745
885691
910146
577245
812376
793767
602737
702160
955240
711075
818804
995245
594966
942342
841742
694709
804637
616219
828306
660461
980758
801099
594966
606798
594473
960062
611421
635974
874197
926789
885772
691982
620503
593107
604348
818577
602737
686688
591819
880186
626234
806144
632296
682928
648163
750859
884906
612112
628324
694675
699102
769112
707823
702713
681023
612366
652257
634941
833155
591819
793027
607168
900570
580749
952157
643926
594966
699107
708867
594473
621818
606468
594473
878090
881348
988880
847677
814841
845388
602737
737282
949963
777472
591210
644838
611421
631285
646677
817993
806318
756083
716148
819388
604958
607168
904415
609407
870744
683869
594473
646128
931248
889333
796052
923908
610075
999836
845550
637845
987343
985577
665903
768115
884500
645720
866543
966356
687370
784947
943029
601522
865255
744348
680194
721879
704609
616219
883777
967434
608548
725505
594473
607168
892748
868861
731780
797157
587836
810720
634941
682983
998443
584997
932865
903013
919726
857443
697958
584997
857966
594473
602883
604958
621580
602737
918311
732159
884917
641373
874673
791227
584997
574508
612112
548789
842877
604958
604958
732031
961688
594473
927572
846435
736029
648351
639784
644642
907360
725766
875277
631961
655232
938688
940015
633278
584997
776036
676690
588493
605464
920549
766618
881281
604958
610069
639586
839035
607348
673908
899719
603886
771111
602737
721825
720269
761253
720759
917424
663283
933084
594473
624554
596237
638759
965412
692752
602737
662568
867610
753031
717567
640564
721825
728618
620040
594473
837693
786751
594473
968258
618326
984983
619535
724647
962523
760366
675941
606740
615707
631285
977738
596553
976160
602737
739345
602123
694458
858207
742108
614586
985289
620150
635978
594473
604958
607168
594473
990597
732850
904415
939071
844763
584997
908249
594966
604958
866272
596210
969901
981275
604958
766654
988827
577245
943827
707062
602791
588119
591210
996973
609186
666852
602737
591210
591210
743213
604958
802887
781929
782818
594966
609943
991972
639586
650337
672170
778021
703619
880948
809778
968777
594473
946184
713788
881876
609943
936812
782984
775995
967049
799999
796676
780724
978624
623630
938812
622821
800547
714610
722271
937977
825393
760007
614224
811944
609641
826708
864967
677257
591819
767322
907849
604958
618811
594473
977518
604958
809535
588493
648921
995608
914084
984390
584997
641289
631842
929621
810334
900861
934286
792255
940724
992778
588493
856150
621583
647083
998049
595620
666692
594473
797031
883676
793603
658109
964610
790351
888685
602737
793957
864304
641819
602737
601281
641189
643020
617125
841937
604958
801494
853521
731564
594473
615021
594966
834111
604958
635373
607933
645149
770825
939592
994993
997267
591210
614487
838197
604958
652348
887293
805300
640044
607773
844125
669840
651492
923202
643010
717410
894184
828324
602737
704746
991723
729557
957338
870369
609910
618326
692389
719599
677009
957775
603577
602737
632564
795727
967818
674692
645913
751525
942580
604958
807725
869336
706847
611421
993932
899000
619222
591210
707018
820092
604958
760073
730852
858506
930843
694750
602737
913492
765158
594473
611421
594473
997706
604958
922067
863693
931690
602859
643430
662435
640192
957963
594473
945466
984791
602737
671567
950642
994085
837562
824642
591210
627456
594473
712923
939792
910066
995266
666722
602737
689332
867706
634941
614586
890190
604958
594966
596237
594473
584997
603814
863418
604958
720955
790499
583002
626451
709185
585317
715702
604958
993395
774325
704025
965718
564111
800726
708261
673228
966500
983978
604958
594473
642625
790205
847218
594966
603238
702489
700509
604958
863592
889511
816316
748541
848000
702103
654309
741546
611803
825140
873221
848990
606403
940716
604958
745182
980846
825514
705942
884322
723394
590467
604958
807487
705824
604085
893352
587057
929536
937657
772441
588493
950373
585193
658981
664417
758442
591210
610760
928959
823443
838383
843900
843743
734460
832558
863971
895793
789148
604958
585591
809222
631961
603577
762636
960415
604958
594473
984729
895208
868718
829325
744016
893428
638506
944541
651272
915159
937379
771381
986085
965880
899223
809063
699548
669224
590838
720513
789695
740013
793898
759435
605292
677058
758199
591210
632027
948583
806824
612226
757313
804126
590467
823047
675790
679774
756073
604958
604958
641289
789229
659165
811596
604958
833127
615707
960765
684800
796457
633005
844937
825440
609641
853070
893985
845389
862163
673925
644723
602737
653587
584997
594966
607168
988473
765413
632170
601522
823856
668747
990223
584997
739899
707097
797685
890928
591208
880286
789160
641736
733979
956537
604958
705218
821405
821387
594473
920435
672274
718646
604958
650842
630576
823679
893808
601789
991185
812817
838981
618646
611159
676912
701730
912394
957816
912077
664234
632170
627768
709548
694080
747191
901602
693943
791625
853079
619397
598788
933139
954719
594473
595247
890427
646592
666903
594473
624206
551881
624664
831044
694173
590467
876288
594473
792266
851957
645724
672727
731766
710802
939190
998383
848811
648977
917300
644815
898283
722441
844100
594590
828959
673908
879845
818588
857158
612112
661758
662968
769630
939067
924848
594473
923791
820732
998972
721164
805760
615460
591827
598788
594473
903462
627523
704403
784293
964437
600150
611421
747553
604958
816687
706661
680814
991941
898379
602737
604958
576533
783112
617820
594473
815427
986193
619566
686784
845996
788209
603246
848512
611421
835307
945749
604958
849953
817351
594473
611882
856078
631333
594473
920228
574508
934234
899000
610075
594473
952989
618255
798052
594473
673145
810207
602737
984866
649546
822162
877381
602737
736133
613482
826842
648351
616602
681167
887591
595241
705077
594473
727548
918296
613919
939473
871359
604958
853232
871095
602737
885585
985484
990416
998369
591210
921365
849465
611902
594473
841180
594473
612469
973524
586317
611421
594473
987521
870210
897432
985425
967300
871620
860175
998459
826035
915034
935477
862457
951557
781027
770044
766503
977946
654372
594966
604958
977193
591819
882496
611454
871335
889809
571750
929397
890144
624541
607348
745173
632066
591819
677582
594473
801034
990317
663857
591819
720629
865660
914034
601522
584997
668002
621985
611405
584997
915018
729470
944945
648351
809320
594473
769224
822652
793256
897602
979323
812411
642549
946467
604406
789071
594473
711890
792255
991216
657501
710098
903462
707850
691694
956908
903613
594473
620980
857689
792690
968810
742909
952291
607168
609529
832299
632414
642856
823298
966624
602737
940810
938911
623630
695246
733368
615707
898656
748243
780548
584997
633241
594473
615707
602859
879410
798467
849581
693883
584997
619455
602737
604958
648351
832930
657052
793338
976135
916004
958665
682221
594473
808511
604958
602737
993027
664234
841468
961715
653079
892060
881393
910713
971298
752799
614348
818603
594473
725023
602787
594473
601522
621454
791180
853190
830060
696466
602737
811613
685183
977173
966338
594473
889601
978799
594473
906419
648351
513978
893564
880959
786277
891178
604958
685792
644385
697481
594966
809113
634342
939111
594473
878240
607168
829731
791408
817989
608970
718899
826727
840807
613237
871585
647212
823719
594473
809928
786080
947702
633667
713029
614207
920338
594473
591210
602737
609691
591772
830572
611028
610497
771544
649282
873669
871363
586706
696674
591210
618326
607168
792169
656867
581418
910913
610252
978315
707833
637238
616072
919824
594446
611877
751514
862897
993643
705288
608965
839910
640200
906325
740521
644279
595381
898869
741518
632876
879065
761218
687997
963025
926927
810285
916878
724383
994345
990867
688787
580497
717291
607168
633900
995110
594473
861577
662207
607730
615056
732742
618004
602737
602737
602737
584997
800841
906642
846130
870462
604958
752636
594966
823805
790726
619931
585317
875555
759205
591819
596704
969318
628502
756577
873818
865715
925386
834940
716199
796666
594473
660562
655821
676044
594473
854766
921573
907171
970428
997953
872939
903032
799320
604958
823742
594473
707131
659715
611028
793362
607585
594473
851486
708156
860783
780770
739334
836459
614348
693415
641289
602737
819167
793003
667253
950266
863976
787007
595381
996131
599892
594473
638426
609407
861645
798063
615394
835343
606690
819521
944918
622391
865440
981494
813178
939792
589962
934650
817180
947888
607389
818743
791534
959939
722761
984505
604958
602737
645913
619397
809535
892731
942831
984899
603429
767252
604958
944673
591210
792836
670102
602737
922032
590467
935151
784439
736080
963983
970911
956339
992813
594473
722156
954331
641799
827538
940144
826426
591819
756816
653409
790061
594473
586317
629401
583139
868287
922193
761743
609720
738881
604958
762012
646595
593626
604958
874073
672121
716199
776008
747334
675542
820599
652348
787464
923583
617776
602737
654372
696169
701423
632576
588493
826853
682121
784333
612018
604958
594473
994744
624163
995554
605341
584997
602737
611329
604958
777432
741535
594473
870720
863402
621985
875086
631961
996543
599004
706224
591210
936880
820778
884638
594473
602737
679281
834807
997126
654089
594473
906086
920569
604958
950856
604958
602737
620150
644481
700280
638721
811287
750852
607348
610960
998045
829687
805616
943456
977786
612614
614586
925396
683159
640541
947317
830713
612451
728046
499610
796818
629466
840790
976867
948312
619931
839672
856420
619258
594473
789812
908899
783376
594473
597100
630572
576533
736472
931290
594473
908211
588493
591819
700353
596851
907477
729888
881917
639400
602737
941888
975523
927591
773176
862196
717062
583093
920354
588751
905173
602737
564111
899524
958873
591819
668747
585193
602737
594966
674580
587894
660151
958272
878385
799357
729856
818519
591210
675008
590467
583139
621761
613370
938503
929366
874343
573667
611519
648431
851957
750547
607168
593895
827021
818649
786353
652928
586317
813466
767961
624539
948523
634505
558055
793818
926809
594473
688807
817559
864521
837998
762126
761242
775630
602859
593208
594473
816372
977477
654104
726622
917081
679608
897423
851403
602737
667095
655821
888802
784902
590406
896394
889730
894345
551398
815382
837930
598867
591819
586706
879236
651565
710654
930495
918975
602737
692906
626387
595396
602737
843559
611421
604958
811650
766683
838593
992228
822105
932858
843102
819742
707171
614348
718255
584997
999075
729888
786290
594473
617761
614586
770925
926014
944580
879880
591819
651227
928846
602737
887588
615056
909084
576427
680409
983465
841549
677664
732322
584997
594473
594473
623607
593808
878995
819189
569719
594966
937741
607168
852416
706405
594473
873760
823665
594473
942406
611772
741083
959899
617957
657516
978859
611800
828487
889176
593371
977242
948134
855432
757736
837891
664334
796571
602737
602737
737892
959931
887445
594473
943874
691723
594473
890726
876313
660134
631217
966853
658863
732086
825000
773797
889734
612828
915431
615743
872022
896135
771274
860687
756677
610807
927931
907688
588493
580497
939546
588493
863847
594473
688188
594473
815159
919841
729150
862151
905306
991503
613441
669271
995305
902647
640808
606203
614908
594473
820447
896814
795248
964508
629321
676872
591819
866623
898278
602737
738883
827052
977256
624787
604958
942965
814720
997633
953852
685435
681872
659939
942854
844890
594473
782684
641590
594966
891552
826521
585193
594473
646459
835878
602737
594473
950914
828371
735050
720999
673704
704312
832381
970637
864058
790587
637238
754846
625627
863290
747276
588626
920558
722463
997901
663112
981158
594473
633354
663413
853840
847134
751873
704651
666138
697341
954226
586317
632170
717778
591210
705747
580497
832066
758929
619393
915974
793017
584997
992575
753386
974075
828997
711981
611421
604958
669415
998032
724097
633278
607348
659005
875113
983295
587057
658865
591210
612018
594473
807742
651414
594473
753835
577245
902429
650944
915403
664617
686895
640531
694692
743030
633278
604958
613878
901413
728987
984708
826702
778875
886830
594473
973881
770265
707316
851176
649906
960897
961979
568685
986488
903478
852484
646592
920873
696737
870205
673704
902297
689247
852843
898035
773010
750210
631035
962412
801727
841634
594473
764543
809398
818146
883504
969365
913437
631285
865085
573313
904998
591210
807098
985906
755064
602518
885046
756483
793864
896866
750019
914548
594473
607168
604910
600150
631285
721016
605341
959250
955679
908226
991716
620373
605585
881408
594446
588626
594473
646893
594473
667143
896482
808006
580497
796628
843767
822782
672367
594966
587057
867855
902469
604958
804418
877582
657608
835070
594473
591210
576262
625397
601768
669759
861100
810676
614348
752512
611462
598788
790096
952465
993169
744332
879635
619931
602737
773243
950631
649068
602737
796590
718529
708156
612828
913608
584997
920569
591819
818852
591210
794134
955724
652512
819622
549378
613788
690513
839216
607389
836813
574329
630500
659570
661282
602737
800594
944541
666785
610069
989322
632407
804731
957984
996804
594473
876901
647424
688211
591208
574508
789147
654021
791484
619110
642195
717832
841340
624787
894578
580497
764650
714604
846952
602737
749522
996459
604958
602304
759376
592738
609641
796158
954150
799881
601522
867622
803131
615912
591819
764175
588626
904582
882724
793898
867378
756914
805821
986490
602737
904165
918923
881050
794908
697198
604958
614348
936894
615056
604958
710168
609641
625594
930543
604958
696609
588493
737434
999595
769137
983924
975552
784629
590093
668993
884501
713171
594966
620571
574508
681618
818086
604958
749730
854373
672805
683348
604958
880480
602737
594473
893504
818312
594473
604958
975514
594473
887293
915241
560139
612226
653438
922566
594041
978872
591210
797202
960826
999799
612112
963855
683813
685765
999303
594088
602737
591819
722732
991514
977256
594473
639392
610497
652348
627524
820670
570318
692906
973325
944938
877182
671781
615056
942169
722979
789890
770433
578342
862756
613237
688742
609384
879874
817964
786640
652554
676172
708077
949868
778122
809840
626346
974582
599296
813534
804972
934832
604958
596299
732102
643599
644458
988500
976086
633900
838916
604958
683202
634941
616802
577245
586317
929744
612112
994884
891208
668141
604958
634941
954296
867421
586317
594473
707316
964437
633831
896763
927691
594473
594966
981208
784921
598867
770869
607168
994663
741576
977113
651462
598788
602737
758272
711184
716930
604958
808379
998283
594473
886108
594473
802130
922105
594473
594473
594473
883426
769841
898719
698627
863394
762490
644170
772448
594473
978005
865744
604958
947328
860960
604958
588493
580497
612757
765954
584997
591210
712719
601522
962651
631961
774069
906400
971256
967300
976092
693529
951451
677257
640364
926749
963389
624926
602737
607168
757009
881183
978369
910843
806706
609050
784167
666776
594473
710118
604958
981502
956816
604958
828324
979828
640334
615707
964242
602737
605292
800936
675073
855048
699883
678693
937500
592735
586474
674586
806643
894891
669993
828454
591210
604958
724421
596237
614348
594473
862045
677191
620150
934129
970788
799248
947324
642724
749018
729556
700516
826270
703394
993577
990006
855455
674345
604958
817631
747184
591208
858073
913515
862403
878445
876569
763032
683813
820295
570318
639586
730654
834181
604958
691864
669692
594473
602101
714906
605585
678934
594966
870474
835615
932648
820244
750834
842149
909590
952998
982815
594473
613667
955995
559347
995550
604958
604958
958167
626311
812022
604958
692168
980008
963264
670220
590567
604958
798579
664705
767566
612018
638062
836355
562395
854280
629835
734769
620179
631285
594966
606493
594473
706042
642128
999020
604958
835998
607348
692119
877846
780896
898538
615600
948250
802923
795937
625793
922542
591819
972179
832381
897941
936354
929213
921330
605585
895739
676186
850877
618756
925052
570318
876638
594473
818800
675212
577245
595396
935109
944118
777020
619455
800376
853543
602737
922311
981108
681013
752094
584997
879465
713781
620451
702999
623223
976466
692503
612469
611519
915155
751557
683202
697289
984850
697481
957530
603846
794550
965844
859814
594473
666664
857914
616802
843200
584997
852006
661960
799306
678564
900094
702987
817527
853839
619397
591819
595396
736623
618840
859599
916103
879727
594473
925077
594473
704157
655446
604958
975357
724031
899029
731351
951878
654372
594473
615707
638783
867455
904466
583002
813912
646028
609641
616219
837231
594966
899968
641289
939246
725014
594473
971325
947824
990926
594473
692421
920477
631961
861034
897888
594473
814904
952444
614095
778685
657364
594041
602737
729888
649869
803735
586590
660117
697077
629170
610069
984856
573313
738218
661593
594966
591210
648351
698555
650367
661654
749790
988837
991087
644981
594570
885440
812015
739569
613227
584997
615707
591210
901730
924212
836718
609641
692119
916245
847762
916274
783705
963082
704688
713586
588493
588493
947129
594473
574508
960535
610497
863036
774164
624753
630892
594473
594473
647212
632876
818945
594473
616219
602737
697771
648351
618811
612018
783699
603577
848778
927626
602737
602737
983369
947140
761638
578342
694126
602737
910086
576533
551761
973780
601865
960405
635145
639586
604958
768834
784468
926775
604958
941745
965037
901013
610397
660370
576533
909312
596851
646677
632076
602432
593973
610497
795579
591819
779693
654372
604958
604910
585317
594473
994767
982530
728827
594473
648852
601426
890762
648913
866215
660549
602737
742723
814347
591210
674843
604958
809264
590831
628717
943093
627524
636926
996218
594473
939045
621442
658434
798438
986749
551761
665580
637625
602737
604958
937657
621985
682525
584997
611421
910425
654694
694716
584997
948478
762294
630938
902875
974689
600530
737546
665899
621454
602737
707316
651734
656529
834116
770035
882664
845004
604958
916929
588751
726118
621596
602737
878166
643375
746873
948836
803979
666509
635148
801804
837659
650293
644037
738293
591819
626234
739360
658981
603390
606129
618811
953845
613370
721829
671814
604958
744913
594473
874249
637106
829837
991337
746611
755481
990701
571750
983074
990740
939181
993768
594473
753465
796592
586677
804643
854193
791575
608434
648351
874287
591210
734327
951367
721391
594473
620571
591210
789218
913646
719897
594966
619243
591210
954461
594473
614108
651925
992651
594473
844428
585193
838173
899079
741919
808470
696454
957506
974312
947225
952022
973051
943682
696466
665087
764061
694173
746377
761522
872446
760671
584997
706471
928973
926010
834372
651734
920311
785510
662167
623415
936893
816253
588493
594473
778749
602737
622871
594473
834111
583002
604958
761623
770807
615552
630168
596237
685753
951949
787084
661961
619455
816826
771808
902192
850188
618326
591819
838963
907231
838968
761648
646313
664417
659959
693754
668770
672466
929296
964372
594473
839284
594473
684018
585193
602859
908364
619457
643507
984717
594966
796987
958984
594473
895541
645979
857867
942034
782668
972992
732571
681416
994298
646928
968076
665565
657846
721984
602737
843528
604958
996395
668153
602737
651734
861512
602432
896586
666147
594473
651272
782353
722862
940924
616219
976112
632816
651478
609407
665745
591819
909985
791987
785932
607168
894651
587120
644981
884220
815656
930514
604958
594473
646750
926799
604958
854361
887395
759750
605658
733713
955736
602737
860270
704824
917028
975077
604958
585193
922563
570318
594473
606440
739903
604958
802224
997655
594473
724542
678125
701423
591210
883104
665590
594473
861778
926705
667428
907049
923616
967996
935035
702857
813209
948741
610497
665013
932379
603018
908574
879081
933624
703131
773151
766567
927308
815716
594473
892249
614487
601770
962069
902026
602737
591819
877423
631208
917673
628717
604958
594473
576427
644662
726019
799270
594473
594473
760519
787841
848040
879609
629222
714795
837844
615177
714779
648351
737165
591210
728899
956409
609641
683254
604958
609641
576533
991222
683586
792325
852835
679811
874420
611519
993883
594446
822855
786277
618821
845879
623460
602737
591210
911513
652624
719559
684081
667877
744481
628442
652293
615707
933574
670647
599414
821055
594473
649690
633342
691669
982001
594473
591819
594473
932119
614348
917490
585193
669567
594473
970753
643010
612018
672689
677607
881844
676308
859325
788297
678746
633627
730133
975093
798654
819406
766687
602737
616802
916808
758442
725972
771111
605492
617125
911546
763503
570318
806161
754406
619650
976953
941699
710009
877124
604958
852701
604958
583139
594473
676133
706650
604958
845698
717563
961742
604958
683813
674146
701214
604958
968132
683065
594473
597317
808138
912368
898928
756642
619535
838867
655718
676427
949301
631285
713267
606047
983074
813469
840554
752448
790226
627768
602638
594966
604958
803407
980557
614099
630576
585317
850522
694397
594473
591210
598854
969501
995800
674717
673616
890928
632364
742248
636682
859441
644981
591210
940813
744769
878962
667328
604958
944937
607168
607389
578342
970980
903634
865574
710245
655810
594966
812947
801241
584997
644279
853368
591819
594473
916927
932239
999724
893783
611877
601582
733068
782776
835189
870338
968322
904715
641910
584997
591210
585193
692571
627183
999346
613788
851660
937765
811596
594473
710098
644385
588493
684203
968497
591210
630576
657056
781876
642643
604958
584997
602737
623812
602737
619457
594473
879649
977995
657811
966069
636010
592735
612757
584997
602737
716841
833341
600858
689553
656925
810081
594473
845112
602791
584997
848633
679438
780770
868364
649036
889164
748714
761132
924590
611772
907348
604958
619636
600150
681522
847504
825816
883314
654372
641289
962810
946453
881320
608082
646459
605292
927347
594473
700972
583695
973143
648912
807704
594473
638290
642757
638211
591210
596237
704509
594966
865085
610497
938078
584997
607168
798901
768265
951114
988033
636785
908098
777243
858453
929018
863554
868851
960920
931501
604958
747353
883690
651734
594473
604958
602737
788605
777456
604958
599770
755761
973605
829929
892989
617820
843659
594473
876465
980259
841466
988631
771130
577245
594473
921880
631607
655248
980113
760495
784086
749244
621037
631961
736534
950044
588493
982027
629170
602737
644279
593808
610075
658706
615707
987516
976439
607389
800245
604958
631285
604958
646084
769346
585193
607716
594694
908703
930590
963170
629835
665108
807582
997527
969610
895816
604958
619330
940876
911021
861222
907603
603851
945047
584997
632249
744271
755060
970278
719085
627302
972410
607533
713423
640192
990080
991615
986952
642931
607122
774035
974244
604958
947757
639798
670200
604958
696906
876483
618646
699957
594473
618646
728646
963201
691131
981839
648535
756283
935961
892989
908411
998045
594473
614456
585317
724527
980741
594473
945420
684358
753005
759138
951086
860126
600150
594473
615707
615056
979486
906193
738697
594473
726947
619931
813923
594473
651951
666521
604958
660025
747870
794072
921858
602737
599072
600150
893648
986980
825383
602791
942018
594473
969296
651174
861318
748062
963733
591210
594473
771203
784111
574508
869217
824722
910636
937901
918384
970052
633270
993690
806442
712856
649422
584997
804559
585591
604958
901889
707870
865253
670512
591819
652156
781908
585193
588815
799606
994985
602737
947557
591210
782229
699655
591819
662904
997178
952998
908374
669567
601522
932219
594473
565632
812719
594473
687454
594473
616397
739400
710228
854168
877566
604958
936091
578342
809819
964508
584997
644516
604480
765822
718272
787505
777323
768863
839837
807114
812941
647212
730904
612451
895198
672108
583002
594473
594473
858884
695208
806318
789160
563280
621811
766599
925967
640801
913608
594473
891453
954758
600150
613318
601480
593688
864158
602737
976537
863044
840460
584997
662532
664234
832495
731267
631285
759580
571585
684853
772213
893821
793540
605292
833092
920582
594473
594473
838518
874862
604958
631961
746425
717596
609512
831319
700368
865583
881173
929348
584997
932145
749711
746252
695840
628493
750466
738824
828084
604958
618547
705272
868130
638998
675282
995429
660387
684478
731066
604910
721859
612176
871994
937230
630808
675503
694046
604958
677446
617173
580749
711523
749261
824294
661888
625087
698608
611519
775546
652348
901868
820450
797230
843946
904258
880777
695120
998653
704805
739525
585193
911605
820447
571851
652335
852764
591210
618824
689202
558055
750899
749375
604958
892417
600641
732841
606440
805273
590743
733396
613790
780694
604958
894536
746129
640192
972198
661888
956908
708924
782260
868326
751287
783261
578916
592735
607865
943672
794966
939749
702825
940848
585193
633301
820614
594473
634986
862964
759840
603100
656538
629466
699883
979182
824899
735517
612018
594473
731338
891734
564111
650755
722555
594473
937541
604958
602737
610497
694183
618646
747069
867642
981999
624564
920399
942008
588751
959488
858634
586590
969315
732043
812650
979847
793957
896914
971323
790077
584585
671900
619931
777474
588493
631285
732743
680781
839121
602737
659595
717374
892458
594473
684457
612018
694404
888691
784023
591819
861203
898912
594473
826802
584997
941315
640192
734572
612112
816354
618301
616363
844660
830092
921377
756296
773979
938788
802040
997799
775546
902235
758360
604958
604958
864623
973847
593208
910553
658610
827404
547425
717795
606798
844573
863925
715693
613370
920234
915810
906962
604958
573667
691698
585707
800563
594473
640192
591819
689885
930157
992412
604958
977477
718679
861285
839318
594473
908170
951279
566050
570984
631513
988507
763811
604910
852373
760729
698630
984175
778529
621897
571750
787222
604958
610497
940186
822563
697759
633560
590693
627603
886183
758753
626547
631764
604958
912895
970528
909569
799686
713199
594473
962557
726559
707014
604958
797219
636617
934922
602737
825036
609636
813476
698190
604958
980749
788377
720666
659228
733474
633282
912630
790060
594473
783745
744050
591210
834806
707119
612469
848634
611519
612112
648351
944727
860611
664417
967215
839868
602737
594473
724870
725696
602432
834888
883979
851894
602737
639998
945967
951557
641059
641380
606640
800094
614158
680810
618932
809978
780381
763346
850631
971970
777423
826529
719984
780905
594473
835592
594473
856648
624163
838570
594473
580497
955724
621985
904415
722950
585317
925240
531970
586317
972381
898510
681091
697868
694256
933185
948961
601522
651734
950141
940323
995110
815803
584997
604910
980572
832381
668232
870689
584997
619931
594473
601768
875985
737670
678212
922649
957822
759000
824907
670432
986093
614348
963487
755902
594473
963171
604593
809225
891542
875552
633900
586677
602791
627456
619931
694797
915328
595381
760419
773238
664398
584997
723171
626167
780008
747620
602690
585193
865437
695607
653857
923983
946213
623989
857560
880052
681699
693321
798166
620150
630892
699470
920001
905085
607168
933922
846669
602737
997998
921557
715945
594473
817167
998849
594473
594473
953937
775769
584997
633622
950579
754285
611772
602737
604958
624415
763674
963289
857113
986650
998082
914081
956108
594473
939782
978265
620734
681832
885513
604958
712889
779103
879912
594473
719997
615936
653142
619457
846793
588493
970269
604958
898995
922579
594473
585591
857440
657608
669455
772797
727234
846292
736764
886612
651454
939037
607321
622538
763030
733599
583002
736333
612226
662094
612112
969859
665108
856384
713439
568342
693769
587235
966576
775508
986675
632165
754001
594473
664931
594473
602791
604958
594473
943790
924602
700504
714188
638437
729195
607168
616072
616072
594473
588493
624787
594088
607348
605098
812213
587582
901564
753486
585591
798228
681585
773097
958464
860351
588751
594473
862417
584997
735359
942846
820856
594473
998779
758615
705020
594473
688596
660298
954996
705188
804935
803992
978675
790233
791325
683643
594473
585193
560199
720918
816745
594473
584997
803412
591819
704600
604219
647212
655446
621410
791196
772913
984145
988521
936735
604958
637874
703701
829499
602737
594473
753498
574788
710569
984681
794275
604958
959242
674046
903782
889893
712555
651734
938972
591772
942383
947862
716369
604958
942840
594306
652348
831903
594473
826459
623465
600150
612737
602737
667328
782348
805615
749769
675068
743421
692566
845405
929103
640745
590406
644007
985292
621617
602737
631961
763849
910732
621828
639936
987081
812074
604958
997950
604958
793700
816056
683065
604958
647212
594473
804197
588493
591210
611815
594473
783557
660018
695382
587057
661654
695853
641369
759081
896596
604958
898431
604958
621818
572843
631208
636926
991944
584997
604958
588493
904582
991941
928617
594473
754868
878279
591210
720433
696216
840755
594473
759461
790757
942396
666567
864438
682958
604958
909441
645913
979057
982858
869336
594473
853316
783539
962724
976956
728962
595241
849911
717525
639586
742750
800245
588601
905995
945762
591819
613370
635974
616072
608350
616424
806800
688680
877846
604958
594473
594473
716853
594473
908181
784075
891273
720249
967016
706310
707939
774292
500253
639586
691371
974254
718986
723044
786633
853839
671208
726122
789984
604958
611421
621985
594473
594473
772433
804177
627016
602737
949070
687533
947799
607168
660134
602737
937946
611305
599690
860135
615744
754942
849911
739645
723524
954467
983702
630187
773979
591210
770420
896583
575696
737392
594966
629502
981042
645913
911349
670426
594473
804675
609407
845112
604958
611519
892043
843743
752551
775547
594966
869892
922526
604958
944663
775755
585193
978091
631905
748498
917418
983234
602737
975362
594473
667067
871777
831322
676280
580497
788499
928876
604958
604958
968750
870502
604958
591210
991261
607168
727120
594473
591819
704217
780428
910425
632466
749470
975040
607168
988381
830632
632066
803699
723496
594473
903725
633270
630169
979019
758442
594473
682519
639586
627972
643599
808743
715204
633900
805019
637803
699577
746439
952385
660704
629433
769940
973892
836145
689456
969588
604958
938296
602737
594088
708412
826689
637463
832362
585193
654372
880186
983379
668686
980610
800984
607096
733776
759868
639778
948980
667517
861833
711871
629289
605585
889874
570318
618892
714617
594473
637938
956814
691223
768397
630813
883854
602737
594473
584792
664643
649184
594473
615675
630892
929497
879170
602737
718938
602737
833384
631961
711645
600392
591210
937936
607389
909084
762189
748990
635074
922542
636187
980057
843990
610497
878809
681815
645867
856236
667836
596851
611129
588493
786454
729888
956046
604958
954195
996016
909361
803516
984681
654107
644385
999603
604958
968093
617000
865786
583642
712732
594473
604958
793248
937953
604958
610242
594473
594473
630426
709557
609641
605292
614908
601569
661737
604958
822298
660245
573313
607585
629054
825237
817563
588626
901568
810044
642275
767687
955572
650512
777211
968499
751425
594473
644981
610960
885468
928405
594473
955028
584997
594473
841530
620831
979419
639228
641289
669487
655446
586317
732927
919175
985080
604958
745030
759284
937254
634941
887945
843490
973346
641463
821938
833985
851957
905532
596553
602737
851160
594473
591819
594966
766683
591210
886428
665600
585317
732505
668604
684555
604958
879729
763734
990159
944218
755820
994599
894007
843348
673087
701922
834372
634891
949998
658981
604958
839837
869098
911053
882772
585591
931234
613788
919569
799999
938005
601522
604958
604958
958095
576511
701279
583139
574508
661654
900167
651454
594473
666122
819241
602737
666137
970028
696095
775910
847388
604958
604958
602737
933199
681484
801863
676018
654674
688833
976159
859698
855580
833384
990521
643010
842407
825730
593201
959417
594473
968881
635974
812578
768676
637448
584997
602737
739887
594473
593208
938224
592368
594473
662568
875934
725373
611462
598788
591375
876169
594473
591819
832864
921865
594473
903748
594966
596237
964942
620876
676644
921474
604958
977521
762620
733882
626451
853478
615707
798465
809910
600150
880949
644279
587057
727181
702812
595381
612112
604958
596851
999451
604958
594446
594473
661562
992124
762246
594473
592881
681925
960885
796750
810385
594701
979163
985872
602590
901206
611902
976645
602737
676172
604958
709845
612154
640745
931321
908906
683254
610760
693595
916369
750690
817308
835520
677864
594966
925475
845551
655640
637575
777006
860561
611282
734769
790405
778871
821564
578342
756859
993674
864642
594966
591210
613370
784087
842208
784817
631553
883848
820907
647047
893774
618547
952089
980290
864970
931396
708872
611421
770947
735191
877254
652348
971442
654225
802591
922098
584997
883762
840536
781796
646636
594966
665388
814229
811432
957685
809928
580341
763867
714661
975022
992681
748622
863161
604958
790743
560574
875589
857382
913838
945729
891651
847952
888847
605763
738448
594473
594473
578342
722774
604958
800427
602737
832312
722837
594473
604794
732494
900276
905035
904068
838305
594473
823968
605668
751433
993151
737278
958115
768904
591819
594473
602737
694587
843042
756304
952170
985658
836818
969136
970901
706364
640745
706266
970425
716103
604958
717164
911706
642737
688730
883929
594473
897441
612498
607168
875462
614348
742557
594966
602737
594473
800987
975692
869152
826723
684358
947473
691455
750211
612112
594473
594966
843335
997953
612112
769752
611519
602737
781781
951894
614224
594473
691409
986805
656316
707362
787434
602737
880051
602737
712133
613788
584997
771509
845295
665585
947679
808805
615482
591819
969849
781528
649172
942536
838916
594473
626325
562890
805070
602737
594473
992284
941169
620571
604958
594473
647495
611421
755748
617125
626342
621370
992384
729661
701179
826046
815364
812476
794970
853296
612112
643043
666035
604958
937134
626451
833622
892237
818424
639998
725969
594473
612112
602737
843245
743831
898214
602737
607168
895763
611321
584997
982770
594473
854580
833780
655250
604958
967173
604958
610075
584997
947989
644516
726948
846000
771402
621897
686749
711328
643729
964803
997998
583002
898228
957340
600684
711748
628385
611421
954411
719622
594473
604958
967423
602737
583139
619397
883299
942247
813905
710006
604958
812253
619983
637011
604958
594473
944691
626342
750455
971993
717167
708947
919533
610497
591819
980831
573313
647943
