47
88338 -43529
88989 -43553
89667 -43572
91039 -43300
91302 -43202
92017 -42832
92404 -41556
92450 -41357
92473 -40761
92455 -40324
92420 -39545
92313 -37572
92259 -36874
92156 -36091
91805 -35184
91577 -34730
91000 -34309
90762 -34224
90706 -34206
90293 -34229
90139 -34247
89795 -34357
88950 -34655
87573 -35188
86035 -35974
85462 -36269
84950 -36618
84434 -37040
83512 -37897
83453 -37954
83233 -38246
83175 -38387
83129 -38562
82974 -39345
82920 -39944
82908 -40176
83018 -40695
83127 -41049
83352 -41518
83439 -41685
83684 -42088
84053 -42649
84138 -42742
84508 -43008
86244 -43420
86372 -43447
87250 -43484
