1130
-3649293 9649816
-3685793 9643116
-3799694 9621637
-3884625 9605528
-3977572 9587194
-4014895 9579686
-4136918 9553758
-4209268 9538149
-4224731 9534609
-4256043 9527361
-4301090 9516763
-4459216 9479121
-4494615 9470492
-4555624 9455530
-4585921 9447981
-4660114 9429193
-4705673 9417376
-4775480 9399082
-4799802 9392604
-4878280 9371624
-4916554 9360869
-4966644 9346768
-4969349 9345924
-4980078 9342563
-5009428 9332968
-5012042 9332099
-5026665 9327199
-5028616 9326545
-5126411 9293530
-5136423 9289972
-5179879 9274492
-5215829 9261637
-5250109 9249265
-5253780 9247887
-5259984 9245529
-5272870 9240475
-5329531 9218009
-5350884 9209501
-5387180 9194955
-5397703 9190594
-5462530 9163645
-5502673 9146691
-5569763 9118306
-5606317 9102762
-5676556 9072686
-5762760 9032898
-5792198 9018037
-5865610 8980356
-5890665 8967236
-5900404 8962122
-5929003 8946713
-5971878 8923499
-6048382 8881830
-6066561 8871904
-6078347 8865319
-6156738 8820725
-6184380 8804925
-6255971 8763975
-6334144 8718082
-6377098 8692233
-6396190 8680658
-6424222 8663654
-6448836 8648692
-6453004 8646154
-6509688 8611032
-6522672 8602762
-6562772 8576616
-6585665 8561524
-6599352 8552213
-6661486 8509529
-6692106 8488045
-6728181 8462324
-6741991 8452272
-6780515 8423984
-6822531 8393014
-6862704 8362779
-6884863 8345905
-6902448 8332492
-6948361 8296808
-6966659 8282266
-7019630 8239710
-7111871 8165563
-7154615 8130781
-7164974 8122085
-7176896 8111979
-7196728 8095162
-7209827 8084023
-7296172 8009150
-7398128 7919822
-7451470 7871412
-7483570 7841382
-7506022 7819996
-7535712 7791353
-7584179 7744229
-7634860 7694689
-7648069 7680981
-7678752 7648919
-7708365 7617917
-7743462 7580628
-7831894 7484842
-7864321 7448693
-7890889 7418707
-7919448 7384801
-7941105 7357340
-7990105 7295168
-8012532 7266385
-8051539 7215667
-8127698 7114812
-8171563 7056564
-8184827 7038879
-8223135 6987668
-8276320 6916429
-8300002 6884142
-8319494 6857074
-8325886 6848171
-8352846 6810484
-8386351 6763601
-8421901 6712142
-8446764 6675949
-8460209 6656361
-8499755 6598569
-8513287 6578670
-8557277 6513316
-8569252 6494053
-8576995 6481226
-8608986 6428141
-8648771 6361896
-8656479 6348996
-8660506 6342216
-8666263 6332340
-8677327 6312841
-8692402 6285597
-8698372 6274557
-8740887 6194580
-8783203 6114626
-8804333 6074329
-8884514 5914359
-8918587 5844443
-8953067 5771988
-8971124 5733784
-8983970 5706315
-9034010 5594988
-9042523 5575784
-9079910 5490632
-9120299 5397070
-9136876 5358075
-9147527 5332893
-9182551 5247470
-9193154 5221164
-9203425 5195213
-9227503 5133490
-9282236 4992394
-9319237 4896950
-9356354 4800820
-9373512 4755245
-9381160 4734657
-9395890 4694426
-9428815 4603517
-9436662 4581842
-9443527 4562817
-9457682 4521976
-9475147 4470593
-9494023 4414272
-9510565 4361404
-9520405 4326934
-9532231 4284067
-9554051 4201879
-9562101 4170328
-9581094 4092375
-9591314 4049462
-9596859 4025957
-9616381 3940931
-9629020 3885833
-9638511 3842748
-9645020 3811473
-9652574 3773569
-9667719 3696132
-9674612 3660550
-9675372 3656576
-9693929 3557308
-9702403 3510850
-9716167 3426773
-9733134 3322316
-9738045 3292047
-9742601 3263928
-9767486 3106400
-9769626 3092728
-9774954 3058620
-9788416 2972154
-9793436 2939520
-9794688 2931210
-9799325 2898429
-9811458 2811269
-9816678 2773396
-9826049 2700591
-9839241 2597693
-9844771 2553622
-9857355 2452519
-9872099 2332987
-9879290 2271350
-9885219 2218176
-9891481 2149496
-9897270 2083475
-9899829 2053082
-9913434 1890790
-9917584 1840037
-9919847 1809256
-9920033 1806670
-9927775 1695705
-9930034 1660518
-9942175 1469966
-9943342 1451402
-9948125 1369224
-9956644 1222315
-9957596 1205751
-9961286 1139489
-9963050 1105983
-9965377 1057425
-9970803 935296
-9971803 911253
-9974596 839946
-9979950 703093
-9982239 642125
-9988786 465581
-9995108 288391
-9996252 252560
-9996736 236051
-9997376 212747
-9999219 144953
-9999734 86618
-9999883 39608
-10000000 -10383
-9999943 -33440
-9999843 -60758
-9999236 -166429
-9999116 -178487
-9997769 -250962
-9996406 -311610
-9995724 -337749
-9993743 -412905
-9992867 -440641
-9992039 -464954
-9991830 -470121
-9989120 -530629
-9976773 -803603
-9975516 -827195
-9971481 -893550
-9968241 -946772
-9961912 -1048446
-9957638 -1116889
-9953639 -1175972
-9950476 -1220698
-9945597 -1289530
-9941238 -1345295
-9931861 -1457490
-9927020 -1512987
-9924444 -1540761
-9920834 -1576820
-9919433 -1589146
-9911661 -1655507
-9902098 -1733162
-9887817 -1839836
-9882249 -1881404
-9881213 -1889062
-9880598 -1893509
-9875269 -1932014
-9872950 -1948731
-9861702 -2029671
-9859035 -2048494
-9853631 -2085464
-9848219 -2122211
-9847069 -2129979
-9836789 -2199032
-9831796 -2232374
-9827724 -2259253
-9818589 -2317845
-9808032 -2384143
-9806784 -2391650
-9791943 -2476677
-9788181 -2497668
-9759311 -2652371
-9753777 -2681704
-9743309 -2736007
-9710795 -2895815
-9692945 -2981311
-9670933 -3082147
-9625452 -3288556
-9615868 -3331814
-9610369 -3356594
-9603087 -3387437
-9602853 -3388395
-9600431 -3397751
-9598277 -3405770
-9582460 -3464482
-9566791 -3520586
-9560589 -3541856
-9550444 -3576556
-9539755 -3612676
-9521824 -3673090
-9514563 -3697274
-9503966 -3730363
-9492425 -3766384
-9457170 -3872234
-9442194 -3916993
-9423534 -3972542
-9413159 -4002280
-9369561 -4126875
-9354911 -4168689
-9340140 -4210494
-9331577 -4234307
-9327134 -4246568
-9305804 -4302830
-9282330 -4364554
-9259316 -4424483
-9235454 -4484353
-9212935 -4539803
-9200445 -4569939
-9186748 -4602418
-9181443 -4614920
-9160041 -4664638
-9152188 -4682435
-9148915 -4689810
-9125923 -4740663
-9103203 -4790606
-9080627 -4839196
-9059163 -4884670
-9028757 -4948004
-9009863 -4986811
-9005079 -4996436
-8993233 -5020031
-8949502 -5105844
-8934750 -5134606
-8927045 -5149544
-8910688 -5180069
-8880024 -5234298
-8870957 -5250324
-8832499 -5318183
-8801641 -5372548
-8773889 -5421383
-8753654 -5456929
-8720952 -5512994
-8680309 -5581126
-8622457 -5674371
-8615548 -5685424
-8593826 -5719002
-8525103 -5824912
-8521227 -5830869
-8416389 -5988140
-8409499 -5998247
-8339077 -6100987
-8302659 -6152910
-8256511 -6218585
-8252285 -6224406
-8143543 -6370996
-8072386 -6466618
-8047613 -6499885
-8034312 -6517639
-8002131 -6560123
-7987333 -6578856
-7935907 -6643265
-7913854 -6670336
-7894132 -6694341
-7866440 -6726987
-7810643 -6791812
-7784262 -6822232
-7728323 -6884206
-7714543 -6899379
-7685753 -6930689
-7657550 -6961301
-7588659 -7035605
-7514423 -7114826
-7400782 -7231841
-7373448 -7259297
-7345333 -7287411
-7310015 -7322720
-7198862 -7430546
-7183547 -7445237
-7168331 -7459778
-7130941 -7495019
-7107909 -7516323
-7094893 -7528324
-7055261 -7564816
-7023992 -7593214
-7001242 -7613500
-6995012 -7618944
-6975076 -7636331
-6949328 -7658770
-6918986 -7684553
-6852812 -7740621
-6801028 -7783528
-6791666 -7791254
-6784798 -7796824
-6741339 -7832034
-6585954 -7953068
-6568388 -7966636
-6515450 -8007459
-6431682 -8070339
-6414645 -8083087
-6378956 -8109208
-6338781 -8138515
-6255637 -8198832
-6231043 -8216641
-6211258 -8230936
-6172265 -8258834
-6159080 -8268236
-6138917 -8282467
-6090532 -8316557
-6049821 -8344242
-6000288 -8377771
-5978859 -8392158
-5945429 -8414403
-5926362 -8426890
-5893790 -8448210
-5814334 -8500164
-5783688 -8520046
-5754405 -8538631
-5745444 -8543972
-5712099 -8562930
-5684427 -8578569
-5664145 -8589939
-5648830 -8598493
-5616989 -8615929
-5480159 -8687451
-5418724 -8719436
-5392879 -8732827
-5360309 -8749570
-5321948 -8769243
-5285676 -8787640
-5240036 -8810776
-5184992 -8838619
-5142672 -8859438
-5110193 -8875365
-5060848 -8899265
-4915257 -8969346
-4774507 -9033499
-4760023 -9039915
-4635204 -9095040
-4589260 -9115195
-4552703 -9131185
-4534884 -9138817
-4517775 -9145984
-4461764 -9169067
-4379653 -9202733
-4365125 -9208679
-4316524 -9228314
-4267687 -9247956
-4229442 -9263284
-4223902 -9265497
-4215984 -9268607
-4167438 -9287602
-4145472 -9295951
-4001932 -9348412
-3933168 -9372382
-3892574 -9386348
-3853999 -9398885
-3782833 -9421951
-3723502 -9440779
-3710395 -9444842
-3700765 -9447790
-3626081 -9470132
-3608547 -9474969
-3601783 -9476741
-3462544 -9512408
-3372353 -9535198
-3366403 -9536647
-3264740 -9561065
-3230442 -9569137
-3193299 -9577760
-3177123 -9581369
-3087936 -9601245
-3031104 -9613413
-2901938 -9640558
-2797464 -9662390
-2745259 -9673264
-2696660 -9683032
-2679507 -9686424
-2642358 -9693360
-2608901 -9699409
-2462854 -9725807
-2408208 -9735534
-2359083 -9744224
-2304072 -9753832
-2188465 -9773421
-2166575 -9777087
-2141950 -9781078
-2103875 -9787213
-2000057 -9803716
-1970685 -9808362
-1758782 -9840010
-1668496 -9851717
-1532565 -9868103
-1513787 -9870226
-1496487 -9872124
-1483845 -9873469
-1422724 -9879669
-1331832 -9888347
-1263959 -9894822
-1159755 -9904596
-1092506 -9910881
-1050650 -9914674
-979206 -9921090
-902148 -9928007
-877903 -9930116
-860858 -9931543
-835223 -9933595
-762275 -9939187
-646358 -9947638
-639018 -9948150
-587737 -9951375
-455579 -9959363
-421916 -9961374
-371456 -9964137
-332291 -9966273
-151832 -9976114
-101338 -9978549
-56282 -9980675
-25002 -9982150
57362 -9985545
123116 -9988210
144266 -9989052
240419 -9992259
313110 -9994591
361216 -9996094
436103 -9997093
504948 -9997981
545510 -9998448
637778 -9999374
646305 -9999424
759163 -9999903
809692 -10000000
938534 -9999922
1019400 -9999095
1058602 -9998645
1215829 -9995587
1290561 -9993710
1344907 -9992259
1469894 -9988721
1629419 -9982760
1654404 -9981730
1766219 -9976785
1875745 -9971501
1988387 -9965555
2027741 -9963197
2065507 -9960770
2138194 -9955563
2176264 -9952658
2211114 -9949866
2252283 -9945666
2267007 -9944125
2280490 -9942695
2363833 -9933460
2431744 -9925886
2472856 -9921293
2669581 -9897783
2758053 -9886356
2767041 -9885185
2802834 -9880494
2881813 -9869715
2907494 -9866134
3037395 -9848008
3044471 -9847014
3157921 -9830645
3212164 -9822635
3249932 -9816999
3291625 -9810721
3309438 -9807990
3317514 -9806745
3344009 -9802617
3522263 -9774444
3568665 -9767082
3653976 -9753309
3699160 -9745835
3742529 -9738415
3755155 -9736172
3799787 -9727934
3861962 -9715577
3907427 -9706024
3936134 -9699616
3971891 -9691599
4102950 -9661965
4206979 -9638208
4296249 -9617292
4421094 -9587912
4462216 -9577671
4502986 -9567333
4559249 -9552934
4574823 -9548751
4583632 -9546372
4591008 -9544341
4603221 -9540881
4780438 -9489856
4824665 -9476995
4859657 -9466696
4879441 -9460650
4946712 -9439553
4987582 -9426283
5023483 -9413675
5139665 -9372802
5237041 -9338098
5258134 -9330462
5283436 -9320918
5332640 -9302068
5354922 -9293449
5436132 -9261476
5453218 -9254491
5508830 -9231730
5585900 -9199233
5686159 -9155642
5713155 -9143867
5728598 -9137127
5738672 -9132710
5791342 -9108981
6010485 -9008976
6014256 -9007168
6050101 -8989735
6069506 -8980172
6079290 -8975174
6155746 -8935518
6161925 -8932168
6177394 -8923561
6231735 -8893317
6286554 -8862258
6332431 -8835854
6379440 -8808679
6398891 -8797200
6414874 -8787484
6463407 -8757931
6514714 -8726406
6560456 -8697812
6588092 -8680283
6621000 -8659389
6650281 -8640401
6672241 -8625861
6709530 -8600530
6794497 -8542584
6855418 -8500641
6941228 -8439604
6986239 -8407414
7003792 -8394497
7008908 -8390701
7112622 -8310192
7190699 -8248728
7281599 -8176785
7310983 -8153343
7363945 -8109029
7411473 -8069136
7446489 -8038698
7446738 -8038480
7486827 -8002512
7503145 -7987649
7534752 -7958813
7566836 -7929129
7585831 -7911518
7607703 -7890792
7652510 -7847496
7679849 -7820840
7707770 -7792688
7758199 -7741729
7783143 -7714616
7842657 -7646880
7894835 -7587071
7901905 -7578585
7912163 -7566269
7945610 -7525957
7967050 -7498240
7991452 -7465813
8002830 -7449964
8046641 -7388441
8090755 -7326226
8141702 -7253508
8224983 -7130686
8289046 -7035536
8309085 -7005672
8368692 -6916389
8377320 -6903281
8386508 -6889165
8434077 -6816057
8467813 -6764199
8486973 -6734515
8504066 -6707765
8553364 -6629386
8556894 -6623773
8571958 -6599782
8596566 -6558157
8630078 -6499820
8654984 -6455855
8676385 -6417135
8697951 -6377823
8706843 -6361377
8728364 -6320435
8778037 -6223183
8794244 -6190478
8804537 -6169236
8807540 -6162811
8815917 -6144400
8827175 -6119584
8852383 -6063998
8854926 -6058384
8889031 -5982639
8900739 -5956215
8937019 -5873224
8962468 -5811879
8971198 -5790676
8988566 -5746834
8993665 -5733710
8999688 -5717653
9039195 -5611540
9046943 -5590399
9060290 -5553956
9074418 -5515372
9089529 -5473114
9107764 -5420731
9114700 -5400800
9145311 -5312632
9156297 -5280743
9190837 -5179168
9205421 -5136278
9216061 -5103314
9235428 -5042997
9239210 -5030738
9241410 -5023534
9259322 -4962136
9315919 -4763548
9322471 -4740447
9336139 -4691551
9360040 -4603298
9367913 -4573671
9387009 -4499991
9423662 -4353168
9465398 -4179355
9473388 -4145647
9474521 -4140852
9494779 -4053258
9506127 -4001952
9507481 -3995660
9531173 -3885013
9564654 -3723216
9582966 -3633323
9591075 -3593460
9606303 -3518409
9617121 -3464747
9631493 -3393296
9656102 -3270165
9672433 -3186464
9684628 -3123690
9685673 -3118167
9696290 -3060924
9704753 -3015213
9710997 -2981360
9715830 -2954882
9722163 -2920078
9723674 -2911721
9728473 -2883403
9734645 -2844822
9739554 -2813580
9745254 -2776697
9753978 -2720193
9757453 -2697471
9764153 -2651776
9770048 -2611456
9778539 -2551880
9801329 -2390419
9819227 -2245092
9824230 -2203345
9833936 -2117073
9834833 -2109056
9844538 -2018243
9853450 -1929959
9858192 -1879743
9868672 -1757180
9872859 -1706668
9878787 -1633963
9887568 -1513562
9893358 -1425097
9897721 -1358257
9901060 -1295654
9902455 -1268229
9902998 -1256564
9907900 -1122689
9909759 -1071615
9911450 -1018950
9912135 -996817
9912751 -964051
9913944 -852170
9914317 -808030
9915208 -700345
9915175 -631066
9914488 -540357
9912920 -367757
9912425 -329463
9911154 -241062
9910646 -219262
9909616 -187048
9907108 -119966
9906266 -102439
9905907 -95124
9903809 -52995
9896892 68960
9893241 127638
9886990 226846
9884446 266351
9881411 310143
9872285 439131
9871159 453082
9868251 488944
9860475 574804
9860023 579692
9859674 583437
9848687 694992
9841125 768883
9838915 789684
9836481 812311
9831508 856825
9825225 912513
9818211 973905
9801093 1117831
9780043 1283530
9772897 1339381
9771221 1352412
9752387 1485622
9738606 1582353
9728710 1648163
9718180 1717599
9710204 1770079
9695753 1863617
9686352 1921993
9676130 1985333
9653121 2127816
9647956 2159233
9631103 2261475
9618161 2339825
9616917 2347339
9611284 2380558
9606052 2411237
9595033 2475340
9590636 2499173
9581236 2548253
9575713 2576650
9570053 2604113
9566889 2619431
9542755 2734853
9533796 2776272
9530228 2792467
9527210 2805722
9514400 2859533
9502085 2910152
9496107 2934668
9483920 2984311
9478099 3006824
9473891 3023044
9463362 3062038
9454074 3095732
9446051 3124811
9428182 3188395
9412400 3244467
9395160 3304550
9379372 3359571
9357098 3431508
9305213 3593527
9283237 3661836
9234937 3803152
9222869 3837847
9204550 3889803
9186179 3941690
9163361 4005993
9140364 4070687
9125808 4110277
9102375 4172919
9064092 4273784
9030071 4362580
8980998 4487063
8972112 4508819
8940880 4579990
8881552 4713076
8867692 4744095
8829255 4829700
8823415 4842620
8797983 4898063
8755148 4988605
8752294 4994552
8705307 5092313
8691513 5120728
8684070 5134453
8664388 5170141
8651824 5192873
8617703 5252513
8609778 5266353
8601300 5281042
8569292 5335784
8554134 5361221
8538023 5388055
8527134 5406173
8506611 5438534
8490187 5464178
8481178 5478005
8414384 5577090
8224046 5858796
8190548 5908237
8151332 5965800
8113118 6020853
8042998 6121420
8021233 6152105
7996760 6186437
7968588 6225541
7946996 6255494
7936423 6269918
7854992 6377503
7802784 6445825
7718327 6556010
7665080 6625399
7626528 6674964
7620427 6682784
7598054 6710212
7581189 6729828
7572860 6739470
7553928 6761253
7542950 6773677
7477812 6845064
7454792 6869927
7369446 6960715
7326473 7005036
7298573 7033719
7278634 7054177
7262575 7070503
7227766 7105556
7162805 7170443
7141799 7191244
7095123 7237112
7061052 7270230
7028348 7301989
7020957 7308859
6958624 7365964
6924863 7396604
6896037 7422683
6852187 7461414
6792805 7512577
6769523 7532571
6750079 7549010
6715742 7577841
6695749 7594100
6693796 7595638
6661654 7620829
6629994 7645476
6578057 7685544
6531981 7721040
6461139 7775218
6419398 7806910
6361758 7850229
6333754 7870996
6311284 7887656
6277391 7912281
6267399 7919417
6175720 7984387
6166327 7990994
6053599 8069751
5930134 8154514
5906473 8170487
5869751 8195259
5833577 8219408
5823638 8225928
5784032 8251610
5723889 8289884
5693553 8309158
5669551 8324214
5641823 8341140
5621061 8353791
5576587 8380711
5554037 8394315
5522907 8412908
5428830 8468825
5401584 8484809
5377992 8498473
5229572 8583710
5149536 8629351
5113147 8650049
5075131 8670616
5017849 8701496
4921243 8752166
4881618 8772875
4859600 8784232
4837400 8795551
4766099 8831856
4723505 8853179
4632383 8898008
4555561 8935415
4545274 8940268
4482532 8968876
4403597 9004824
4372795 9018793
4306973 9048490
4238082 9079447
4230739 9082744
4185049 9102487
4140626 9121646
4094142 9141638
4037266 9165637
3990865 9185047
3910474 9217189
3834060 9247475
3775238 9270143
3724930 9289526
3641983 9321225
3551532 9355344
3493615 9377154
3443773 9395635
3352295 9427190
3333811 9433458
3240173 9464642
3190736 9481072
3154102 9493040
3120084 9503849
3073691 9518383
2996650 9541956
2953035 9554805
2900223 9570284
2882760 9575353
2855679 9582878
2757536 9608491
2721255 9617838
2670074 9630469
2598171 9648170
2550658 9659666
2505412 9669878
2451724 9681274
2441578 9683359
2409922 9689730
2384602 9694763
2330706 9705341
2274190 9716353
2221033 9726560
2160520 9738172
2053097 9758545
2047291 9759571
2009130 9765716
1950590 9775125
1940140 9776783
1932675 9777963
1884408 9785461
1868774 9787830
1731177 9806844
1705077 9810401
1652357 9817063
1587894 9824759
1554725 9828687
1527624 9831779
1447394 9840757
1417653 9844068
1370486 9848836
1353378 9850494
1253750 9858888
1085579 9872923
1066816 9874398
1038277 9876604
1028534 9877346
1019429 9878022
947055 9883262
918545 9885294
891368 9887165
870843 9888523
799206 9893113
756355 9895796
747081 9896333
710908 9898406
648049 9901925
570591 9906231
462867 9912206
438309 9913518
393245 9915806
386273 9916151
287201 9920750
248529 9922402
198458 9924054
115232 9926260
56674 9927675
-71248 9930166
-134542 9931148
-147977 9931350
-163122 9931503
-292638 9932376
-377738 9932866
-397796 9932968
-414813 9932969
-459887 9932776
-551730 9931939
-628314 9930866
-731786 9929259
-864869 9926333
-951303 9924041
-1044800 9921502
-1096792 9920079
-1121964 9919192
-1169902 9917422
-1191806 9916601
-1214068 9915547
-1263082 9912935
-1313225 9910199
-1415684 9904536
-1488721 9899873
-1585052 9893178
-1607038 9891597
-1631325 9889753
-1691477 9885173
-1820594 9874872
-1918821 9866617
-2053487 9855011
-2064573 9854036
-2123022 9848770
-2152902 9845841
-2421525 9819301
-2485262 9812913
-2556892 9805537
-2612665 9799709
-2620357 9798903
-2626863 9798203
-2658866 9794722
-2669926 9793422
-2764988 9781852
-2842022 9772067
-2853782 9770558
-2923625 9761136
-3087719 9738937
-3100710 9737120
-3119091 9734493
-3186759 9724379
-3246666 9715321
-3294758 9707967
-3339025 9701193
-3383939 9694206
-3407853 9690346
-3602226 9658313
