1906
-4006170 -9478883
-4003002 -9479794
-3963727 -9490975
-3912303 -9505473
-3889609 -9511836
-3879700 -9514598
-3835867 -9526576
-3775253 -9543064
-3740932 -9552296
-3681714 -9568169
-3657606 -9574533
-3652620 -9575840
-3631513 -9580994
-3614515 -9585112
-3610848 -9585993
-3599129 -9588806
-3567141 -9596421
-3509828 -9609758
-3462793 -9620430
-3428369 -9627993
-3425155 -9628688
-3406645 -9632480
-3399921 -9633847
-3362141 -9641481
-3356051 -9642672
-3296696 -9654258
-3253681 -9662652
-3221172 -9668953
-3173305 -9678068
-3142461 -9683936
-3107522 -9690444
-3094396 -9692883
-3047644 -9701440
-2987279 -9712485
-2965314 -9716212
-2907919 -9725771
-2886733 -9729225
-2798833 -9743542
-2790999 -9744805
-2662213 -9765238
-2615437 -9772482
-2607955 -9773626
-2585847 -9776986
-2561933 -9780561
-2460106 -9795763
-2438291 -9799018
-2412636 -9802818
-2399746 -9804705
-2367543 -9809188
-2336967 -9813422
-2317936 -9816001
-2278137 -9821369
-2237823 -9826704
-2138552 -9839496
-2073299 -9847805
-2049398 -9850611
-2032277 -9852593
-2013132 -9854751
-1999878 -9856155
-1909353 -9865695
-1856707 -9871186
-1816245 -9875398
-1781573 -9878997
-1749043 -9882330
-1686102 -9888668
-1563680 -9900993
-1508142 -9906582
-1474145 -9909971
-1467356 -9910631
-1449632 -9912348
-1354751 -9921393
-1346293 -9922187
-1325261 -9924159
-1226468 -9933266
-1206300 -9935088
-1199722 -9935664
-1099652 -9944136
-1075017 -9946203
-1060668 -9947402
-1021111 -9950677
-994077 -9952904
-983468 -9953633
-929466 -9957037
-847503 -9962068
-835567 -9962772
-750527 -9967692
-699203 -9970510
-670455 -9972054
-639033 -9973615
-609710 -9974846
-581368 -9976008
-491738 -9979454
-476319 -9980003
-412501 -9982249
-368911 -9983768
-275219 -9986991
-249268 -9987883
-237542 -9988261
-135721 -9991174
-98502 -9992229
-67662 -9993070
-40087 -9993805
-5745 -9994716
28710 -9995397
68669 -9996104
144383 -9997278
148575 -9997338
182004 -9997798
205642 -9998074
239496 -9998406
275160 -9998727
317522 -9999031
347238 -9999210
401032 -9999534
434588 -9999685
501921 -9999947
521667 -10000000
544648 -9999999
607786 -9999845
624970 -9999800
642073 -9999755
698328 -9999507
712509 -9999444
719366 -9999403
766362 -9999016
802628 -9998681
828639 -9998322
846937 -9998023
887956 -9997348
940372 -9996430
974648 -9995819
1043704 -9994565
1080993 -9993885
1089081 -9993700
1116536 -9993070
1148706 -9992203
1192855 -9991003
1252516 -9989205
1286305 -9988157
1312309 -9987324
1317013 -9987155
1395556 -9984105
1488112 -9980290
1496307 -9979944
1536346 -9978242
1579982 -9976363
1607654 -9975030
1651547 -9972825
1707673 -9969886
1721285 -9969164
1766121 -9966782
1787317 -9965638
1806627 -9964583
1852403 -9962059
1889265 -9959924
1907463 -9958791
1947773 -9956277
1952774 -9955957
2010876 -9952163
2111681 -9945261
2121816 -9944561
2153999 -9942291
2187490 -9939865
2191097 -9939574
2205837 -9938335
2271987 -9932584
2351299 -9925676
2373645 -9923611
2379976 -9922995
2407669 -9920043
2434999 -9917119
2508561 -9909207
2557165 -9903378
2563730 -9902585
2595193 -9898761
2645569 -9892485
2670990 -9889267
2694886 -9886216
2711073 -9884119
2736858 -9880715
2746030 -9879500
2771466 -9876114
2825148 -9868728
2902919 -9857757
2945848 -9851522
2980957 -9846273
3008943 -9842019
3035209 -9838025
3099450 -9828195
3149897 -9820362
3172504 -9816675
3236193 -9806217
3245674 -9804632
3296863 -9795273
3318304 -9791345
3388883 -9778336
3403448 -9775644
3446523 -9767579
3492262 -9759007
3510048 -9755476
3548501 -9747752
3559465 -9745527
3622146 -9732719
3678653 -9720953
3761005 -9703106
3806808 -9692933
3887335 -9674863
3923627 -9666564
3931521 -9664712
3948884 -9660628
3956678 -9658762
4019747 -9643640
4042034 -9638294
4140079 -9614441
4152916 -9611315
4181182 -9604374
4192555 -9601573
4223046 -9593947
4269166 -9582278
4289307 -9577075
4327872 -9566875
4337236 -9564336
4354409 -9559514
4386712 -9550341
4423358 -9539772
4435320 -9536299
4448699 -9532339
4460554 -9528749
4474813 -9524401
4519836 -9510647
4560219 -9498238
4597028 -9486926
4647259 -9471430
4662307 -9466775
4698480 -9455505
4702066 -9454355
4708754 -9452195
4739840 -9441966
4772693 -9431077
4785612 -9426769
4807262 -9419472
4873549 -9397035
4880335 -9394674
4905042 -9385887
4959915 -9366023
4978292 -9359330
5035605 -9338414
5065401 -9327280
5081402 -9321183
5088996 -9318274
5118709 -9306765
5131617 -9301670
5178276 -9282831
5244414 -9256032
5250245 -9253631
5278409 -9241989
5302590 -9231820
5311499 -9228066
5388849 -9195383
5395877 -9192345
5431210 -9176079
5498355 -9145078
5507997 -9140523
5512831 -9138217
5538807 -9125519
5581446 -9104309
5600756 -9094505
5636365 -9076296
5676709 -9055539
5676990 -9055393
5692757 -9047145
5714386 -9035793
5723474 -9030994
5735430 -9024594
5754102 -9014538
5783537 -8998671
5805370 -8986881
5838528 -8968818
5855940 -8959221
5862654 -8955475
5884853 -8942774
5928435 -8917774
5986750 -8884126
6013547 -8868524
6080592 -8829260
6103586 -8815606
6136267 -8795976
6150210 -8787601
6162528 -8780100
6173997 -8773081
6200389 -8756723
6239658 -8732029
6248013 -8726678
6303481 -8690881
6326041 -8676185
6342646 -8665161
6346067 -8662888
6388590 -8634579
6404668 -8623516
6424207 -8609880
6511256 -8549076
6539965 -8528972
6554545 -8518752
6590665 -8493328
6601397 -8485489
6706215 -8408836
6724571 -8395314
6729100 -8391965
6765399 -8364832
6808565 -8332377
6817583 -8325397
6823783 -8320564
6832129 -8314024
6861815 -8290266
6897518 -8261573
6912770 -8249145
6939163 -8227430
6947089 -8220677
6989093 -8184739
6999753 -8175505
7020767 -8157276
7044890 -8136256
7079582 -8105922
7114457 -8075296
7120196 -8070253
7124464 -8066494
7157512 -8037357
7182047 -8015365
7200379 -7998591
7322712 -7886412
7356088 -7855414
7379629 -7833421
7393572 -7820232
7411595 -7803161
7420288 -7794837
7432863 -7782781
7447708 -7768305
7527589 -7690387
7548880 -7669599
7571241 -7647662
7591086 -7628027
7609281 -7609957
7621345 -7597948
7644449 -7574790
7652205 -7566793
7662232 -7556452
7669245 -7549058
7676530 -7541283
7707355 -7508272
7716747 -7498185
7745611 -7466623
7756673 -7454401
7763815 -7446485
7790351 -7417014
7801114 -7405021
7828097 -7374888
7843976 -7357112
7846190 -7354632
7865873 -7331792
7870627 -7326163
7884663 -7309176
7890185 -7302416
7909834 -7278295
7970883 -7202960
7983592 -7187248
8004448 -7161424
8043050 -7113170
8071815 -7076745
8089874 -7053425
8092269 -7050303
8098462 -7042216
8108632 -7028776
8112585 -7023540
8137805 -6989876
8144772 -6980545
8157409 -6963417
8167194 -6950100
8178169 -6935067
8179705 -6932943
8194257 -6912335
8215811 -6881692
8229239 -6862530
8259644 -6818970
8276680 -6794455
8279417 -6790485
8284024 -6783772
8297617 -6763925
8312815 -6741628
8348520 -6689200
8374211 -6651218
8388759 -6629533
8414101 -6591683
8416292 -6588380
8462748 -6518293
8485204 -6483797
8497492 -6464758
8527204 -6418193
8549415 -6382982
8592717 -6314257
8601710 -6299946
8605992 -6293003
8616950 -6274675
8627893 -6256282
8651151 -6216765
8676646 -6173273
8714792 -6107622
8719175 -6100058
8731226 -6078841
8739317 -6064438
8752498 -6040677
8785614 -5980129
8798004 -5957134
8809817 -5934691
8817260 -5920483
8835759 -5883714
8854072 -5847072
8865297 -5824527
8881753 -5790509
8908886 -5734066
8913848 -5723578
8927364 -5694114
8938756 -5669206
8951405 -5640945
8957335 -5627320
8957665 -5626545
8990667 -5548210
8999428 -5527278
9020194 -5477658
9030621 -5452703
9046318 -5415089
9061902 -5377651
9072612 -5351251
9088093 -5312989
9101777 -5278882
9131467 -5204040
9138527 -5186015
9142300 -5176286
9145669 -5167293
9176536 -5084107
9181535 -5070547
9185611 -5058964
9212422 -4982719
9222133 -4955083
9240421 -4902451
9250945 -4871958
9272451 -4809084
9277816 -4792564
9287430 -4762876
9289116 -4757662
9296657 -4734339
9312183 -4686222
9325782 -4643614
9330358 -4629188
9341730 -4593126
9349971 -4566294
9364055 -4520011
9372172 -4493236
9392417 -4424861
9393799 -4420173
9398581 -4403840
9404969 -4381762
9414398 -4348937
9434671 -4276098
9454285 -4204300
9457191 -4193640
9462185 -4175294
9468201 -4152712
9476229 -4121733
9483885 -4091024
9489163 -4069809
9491702 -4059442
9508755 -3987875
9522421 -3930419
9529871 -3899085
9543875 -3839952
9559199 -3775176
9576422 -3701829
9594267 -3625105
9603563 -3584301
9628706 -3472436
9639193 -3425599
9639974 -3422038
9644094 -3403213
9657529 -3340912
9662148 -3319416
9667105 -3296300
9681831 -3227439
9688920 -3193140
9693013 -3173039
9711405 -3079804
9717358 -3048974
9719672 -3036943
9724828 -3010111
9733773 -2962521
9744016 -2907114
9749602 -2876469
9753039 -2857311
9764027 -2795913
9772651 -2746080
9775863 -2727398
9785441 -2670893
9787609 -2657696
9792747 -2625419
9799467 -2582956
9825896 -2415780
9836129 -2350321
9843142 -2304938
9844277 -2297518
9850347 -2257345
9854990 -2226304
9855665 -2221654
9860245 -2190080
9872340 -2106316
9875488 -2084290
9879016 -2059433
9882280 -2036023
9886677 -2004130
9894404 -1947637
9898954 -1914121
9899425 -1910625
9902906 -1882928
9905805 -1859740
9908628 -1836040
9909443 -1828989
9915155 -1778510
9922944 -1702010
9934508 -1587642
9936958 -1563194
9940128 -1531148
9941460 -1517571
9944734 -1484120
9945977 -1471223
9951140 -1413590
9951506 -1409411
9952696 -1395703
9958729 -1325696
9959230 -1319563
9962837 -1274679
9965143 -1245245
9966556 -1224436
9968693 -1190253
9971218 -1139869
9972305 -1117255
9973503 -1090320
9974632 -1064599
9975805 -1037862
9976396 -1023824
9979787 -941662
9981510 -899829
9982634 -871699
9983254 -851647
9983303 -850012
9984458 -810768
9984610 -804236
9987901 -651749
9988342 -628921
9989063 -586010
9989388 -566115
9990403 -501908
9990958 -455420
9991170 -435517
9991165 -421302
9991151 -381876
9991078 -279724
9991016 -258962
9990779 -209697
9990713 -196544
9990580 -176461
9990168 -116260
9989624 -49871
9989318 -21502
9989166 -11222
9988762 14984
9988143 52071
9987867 67485
9986691 124754
9985733 162317
9984139 224515
9983340 249087
9981729 295545
9981656 297615
9979271 356799
9977870 390558
9976719 416011
9975743 437479
9974570 462816
9973917 476736
9972886 498410
9972234 511122
9969889 555640
9967533 593497
9966879 603816
9965429 626506
9964752 636793
9961172 688428
9958596 725489
9957933 734679
9953418 791623
9948839 848753
9944372 901063
9939049 960042
9934115 1013955
9929520 1063944
9926623 1095301
9926027 1101638
9914065 1221907
9910567 1255692
9901123 1345809
9900752 1349313
9892312 1426910
9888838 1458397
9885986 1481625
9881341 1519348
9877566 1549611
9874989 1570164
9858147 1702656
9854860 1728502
9841569 1830473
9838836 1848967
9837445 1858362
9833443 1885291
9829560 1911306
9813057 2021840
9809511 2044580
9803211 2084024
9802374 2089208
9795983 2126289
9783623 2197788
9781356 2210736
9778206 2228308
9772450 2259953
9764793 2300006
9755327 2348908
9753586 2357834
9739131 2431674
9733249 2461242
9729923 2477891
9723363 2510592
9717442 2539786
9709430 2577700
9700276 2621017
9696751 2637317
9680146 2713741
9674678 2737894
9673273 2744089
9671350 2752528
9665076 2779178
9653107 2829647
9646551 2857263
9635595 2903006
9613126 2996171
9609853 3009701
9608055 3017035
9593328 3076894
9582737 3119478
9576445 3144742
9570114 3170118
9565230 3189679
9547766 3256367
9543920 3271008
9537784 3294083
9524752 3342188
9520593 3357373
9510041 3395279
9493880 3453039
9481998 3495234
9477278 3511972
9472632 3528387
9461872 3566023
9455139 3589114
9449963 3606687
9443755 3627503
9441261 3635741
9431826 3666569
9417766 3712002
9380814 3831114
9349350 3932186
9344845 3946430
9324441 4010902
9317477 4032675
9315519 4038769
9292044 4111301
9284997 4132839
9264557 4195296
9258751 4213007
9237514 4276173
9222784 4319906
9210038 4357617
9196728 4396634
9189580 4417504
9176959 4453699
9172299 4466885
9169752 4474084
9157234 4509155
9154416 4516994
9147769 4535234
9145117 4542471
9137515 4563057
9133382 4574037
9117500 4616152
9099400 4664007
9097380 4669295
9089805 4689088
9078374 4718889
9064281 4755507
9059130 4768710
9010955 4891144
8982709 4961992
8977777 4974334
8974332 4982908
8960127 5018241
8954511 5031893
8954114 5032848
8948885 5045377
8939501 5067795
8927210 5096797
8917307 5120146
8916262 5122603
8894133 5174162
8883470 5198725
8872213 5224655
8864209 5242748
8832847 5312866
8813110 5356865
8804399 5376205
8775924 5439339
8758817 5477052
8755063 5485080
8743668 5509162
8734809 5527877
8714095 5571349
8703855 5592794
8699320 5602247
8683603 5634758
8679247 5643740
8674372 5653773
8666813 5669247
8654768 5693728
8635976 5731799
8627128 5749424
8626406 5750853
8618024 5767330
8587315 5827069
8576837 5847408
8545817 5907548
8535438 5927561
8516491 5963762
8492522 6009459
8476682 6038229
8463149 6062721
8444680 6094724
8405273 6162712
8403156 6166358
8352400 6253266
8343473 6268143
8338079 6277130
8317919 6310699
8289160 6358466
8251706 6420652
8224896 6465087
8181340 6537260
8175314 6547147
8149076 6590175
8136879 6609699
8130095 6620280
8106873 6656220
8101800 6664043
8085245 6689481
8063173 6723005
8041230 6756319
8035308 6765281
8017980 6791412
8007764 6806720
7999612 6818856
7969252 6863361
7936892 6909637
7929878 6919536
7922721 6929605
7915807 6939157
7908259 6949562
7904164 6955156
7897824 6963770
7838495 7041719
7828455 7054498
7821803 7062862
7807679 7080525
7794105 7097450
7771143 7125846
7760270 7139204
7754893 7145798
7730269 7175406
7722073 7185207
7704905 7205706
7690760 7222468
7656726 7262785
7647194 7274028
7636142 7286962
7603213 7325479
7587612 7343445
7581048 7350935
7547902 7388727
7539353 7398457
7522726 7417320
7515419 7425500
7509920 7431654
7491064 7452751
7477411 7467884
7462992 7483845
7457131 7490299
7433243 7516320
7409718 7541815
7394578 7558063
7342034 7613787
7330021 7626260
7295921 7661569
7270002 7688267
7243828 7715130
7223159 7735881
7200851 7758191
7189950 7768903
7172752 7785300
7143209 7813341
7132670 7823181
7106598 7847324
7092202 7860565
7024400 7922282
7010838 7934476
6969577 7971371
6965890 7974600
6955758 7983102
6941300 7995224
6926548 8007562
6894977 8033787
6851029 8069776
6842433 8076806
6829348 8087202
6818589 8095712
6794582 8114242
6773231 8130713
6752426 8146746
6736446 8159006
6672517 8207481
6662622 8214874
6613365 8251554
6582010 8274818
6538790 8306732
6525445 8316146
6501125 8333163
6487882 8342342
6454524 8365458
6414025 8393424
6406903 8398252
6355287 8432595
6333554 8446974
6308694 8463329
6292786 8473760
6270632 8488227
6261751 8493949
6243588 8505526
6212189 8525397
6196156 8535490
6165333 8554747
6159202 8558539
6133416 8573998
6114419 8585376
6091651 8598857
6075333 8608490
6047418 8624967
6038949 8629962
6031197 8634518
5995559 8655241
5980617 8663756
5945578 8683065
5926923 8693269
5910940 8702000
5903626 8705962
5871390 8723360
5833337 8743781
5778075 8773204
5741849 8791953
5720001 8803178
5672333 8827387
5643699 8841850
5614340 8856564
5599733 8863651
5573277 8876343
5556918 8884168
5530865 8896550
5512982 8904982
5494343 8913630
5478279 8920995
5441159 8937956
5440102 8938436
5369595 8970046
5363186 8972903
5358939 8974779
5357984 8975200
5351091 8978179
5292417 9003361
5244969 9023623
5229023 9030307
5157669 9060084
5087236 9089227
5074340 9094529
5054322 9102655
5024592 9114602
4965709 9138162
4852942 9181627
4823060 9193063
4746852 9221855
4733344 9226936
4703574 9238101
4662905 9253076
4633131 9263955
4627101 9266126
4618368 9269255
4511305 9307609
4480076 9318633
4421792 9339141
4413969 9341885
4369711 9357386
4267416 9391671
4240781 9400369
4228828 9404257
4223635 9405919
4164204 9424884
4129918 9435805
4121057 9438620
4114013 9440810
4070577 9453977
4057652 9457865
4039803 9463148
4015725 9470176
3991540 9477184
3965716 9484651
3952336 9488420
3912321 9499671
3858125 9514846
3760441 9541503
3724422 9551127
3715460 9553515
3712485 9554295
3699786 9557576
3694129 9559024
3679818 9562576
3642960 9571661
3634111 9573838
3597009 9582955
3580789 9586868
3570809 9589253
3508994 9604021
3487387 9609084
3416647 9625475
3372041 9635753
3344089 9642177
3328613 9645555
3276352 9656630
3220330 9668471
3173851 9678252
3161763 9680783
3138458 9685656
3115153 9690321
3094576 9694419
3077381 9697778
3054200 9702229
3011796 9710252
2985482 9715188
2978518 9716475
2936409 9724154
2855099 9738894
2829430 9743439
2723275 9761957
2700713 9765681
2685110 9768207
2669555 9770684
2599899 9781698
2539220 9791146
2505667 9796230
2488281 9798736
2463552 9802256
2456800 9803209
2403303 9810723
2394448 9811955
2369323 9815448
2347124 9818534
2340351 9819438
2310845 9823374
2280285 9827388
2221185 9835068
2185321 9839717
2174256 9841082
2150551 9843950
2084685 9851866
2046456 9856367
2001549 9860926
1973078 9863752
1900645 9870937
1854251 9875534
1832667 9877670
1802496 9880579
1756960 9884941
1690092 9891219
1672124 9892904
1617124 9898030
1595090 9900028
1584660 9900972
1462111 9911836
1422637 9915202
1354502 9920727
1324619 9923084
1297433 9925131
1261498 9927810
1230616 9930059
1193049 9932732
1168236 9934455
1099410 9938668
1072233 9940297
1032054 9942683
1016385 9943587
1004249 9944276
875996 9951524
823236 9954489
765437 9957656
724508 9959736
689624 9961410
660593 9962715
620450 9964389
599772 9965168
591479 9965453
565333 9966062
516849 9966912
488009 9967385
410821 9968405
390027 9968664
374100 9968826
290276 9969604
279390 9969703
231637 9969917
193865 9970084
137082 9970283
133883 9970292
132322 9970287
91014 9970135
80270 9970039
64940 9969884
10555 9969230
-48135 9968335
-61186 9968133
-93655 9967623
-109673 9967331
-132650 9966835
-143920 9966587
-176191 9965730
-200699 9965053
-212559 9964695
-257255 9963285
-326634 9960992
-357004 9959932
-373222 9959356
-395322 9958506
-492585 9954696
-530438 9953073
-542710 9952477
-564468 9951405
-609720 9949066
-663416 9946238
-707287 9943850
-722456 9943024
-748812 9941524
-781743 9939646
-790882 9939106
-805057 9938243
-819365 9937342
-874865 9933847
-900651 9932222
-959601 9928424
-963374 9928173
-986222 9926608
-1012987 9924566
-1068446 9920081
-1156287 9912744
-1189519 9909838
-1211050 9907810
-1255811 9903533
-1350222 9894210
-1370390 9892210
-1439805 9885241
-1467857 9882393
-1483542 9880732
-1506714 9878247
-1530857 9875406
-1621103 9864637
-1677680 9857760
-1710843 9853684
-1731924 9850966
-1760235 9847273
-1778264 9844891
-1825231 9838656
-1851917 9834911
-1907802 9827054
-1952595 9820667
-2009834 9812494
-2023877 9810464
-2055486 9805884
-2091428 9800548
-2125696 9795407
-2147638 9792084
-2216033 9781625
-2263467 9774305
-2374674 9756924
-2394805 9753627
-2437506 9746615
-2471196 9740873
-2499324 9736007
-2525626 9731435
-2543086 9728383
-2610499 9716496
-2621428 9714467
-2635538 9711838
-2637492 9711473
-2651062 9708921
-2665101 9706216
-2688846 9701609
-2781524 9683535
-2810753 9677805
-2847426 9670123
-2875864 9664047
-2937275 9650866
-2941669 9649904
-2964494 9644810
-2999014 9636910
-3014609 9633329
-3038122 9627928
-3053104 9624387
-3094980 9614473
-3116259 9609431
-3131443 9605815
-3169032 9596863
-3183648 9593355
-3207325 9587538
-3230053 9581921
-3319976 9559219
-3376155 9545020
-3446968 9527074
-3453267 9525458
-3477226 9519289
-3510474 9510718
-3552409 9499832
-3649243 9474346
-3714962 9456882
-3746708 9448426
-3754847 9446186
-3762879 9443969
-3823244 9427191
-3833349 9424360
-3856095 9417965
-3898101 9405984
-3914275 9401368
-3942842 9393162
-3966756 9386163
-3995323 9377692
-4027010 9368173
-4048713 9361601
-4058223 9358667
-4075394 9353361
-4084186 9350609
-4129622 9335986
-4137718 9333367
-4142130 9331925
-4166644 9323882
-4181255 9319069
-4203149 9311802
-4211700 9308919
-4329585 9267926
-4336554 9265471
-4357939 9257919
-4399682 9243147
-4419820 9235970
-4443168 9227544
-4461393 9220923
-4462010 9220698
-4480927 9213603
-4537244 9192322
-4551821 9186789
-4573750 9178378
-4625235 9158556
-4654131 9147248
-4682132 9135847
-4709599 9124392
-4721487 9119362
-4753860 9105228
-4766698 9099574
-4820301 9075896
-4840725 9066815
-4883220 9047479
-4911141 9034717
-4974604 9005514
-4990202 8998290
-5033393 8978249
-5070954 8960558
-5099675 8946475
-5104906 8943877
-5128411 8932090
-5142416 8924936
-5172198 8909677
-5197397 8896479
-5212983 8888261
-5233071 8877585
-5239212 8874224
-5248516 8869127
-5255559 8865208
-5286859 8847511
-5316174 8830936
-5351666 8810539
-5387238 8790083
-5400175 8782633
-5402523 8781250
-5408061 8777952
-5413640 8774600
-5438985 8759337
-5482254 8732936
-5543276 8695323
-5565166 8681801
-5576708 8674615
-5633989 8638826
-5643054 8633088
-5656891 8624308
-5725319 8580171
-5798179 8532998
-5833482 8510088
-5841507 8504866
-5882624 8478029
-5922823 8451750
-5946531 8436092
-5967463 8422267
-5988460 8408333
-6010096 8393826
-6036689 8375774
-6062663 8358085
-6075142 8349519
-6081238 8345331
-6112411 8323836
-6151913 8296587
-6163663 8288479
-6230070 8241751
-6241323 8233784
-6247159 8229596
-6274489 8209968
-6303738 8188924
-6357217 8150229
-6383941 8130846
-6387936 8127941
-6418100 8105939
-6444924 8085679
-6457473 8076093
-6472557 8064465
-6485140 8054593
-6503002 8040304
-6521203 8025625
-6552728 7999928
-6588011 7970772
-6595236 7964747
-6617468 7945849
-6644006 7923117
-6650777 7917244
-6691756 7881468
-6714434 7861584
-6728831 7848878
-6774484 7808346
-6808867 7777725
-6842340 7747785
-6853417 7737825
-6897181 7698077
-6917183 7679838
-6918695 7678441
-6926745 7670986
-7001328 7601731
-7050325 7555622
-7109389 7499117
-7184818 7425542
-7206148 7404582
-7256881 7354398
-7269979 7341404
-7282151 7329196
-7346421 7264577
-7373848 7236754
-7417531 7192074
-7455055 7153317
-7463992 7144016
-7479843 7127406
-7503710 7102280
-7507977 7097785
-7521404 7083456
-7549546 7053340
-7562825 7039117
-7588923 7011119
-7612457 6985751
-7615185 6982791
-7619923 6977624
-7627206 6969617
-7639460 6956121
-7656402 6937451
-7659000 6934582
-7697852 6891634
-7717735 6869641
-7727852 6858161
-7737767 6846910
-7756718 6825402
-7759469 6822267
-7796617 6779869
-7804861 6770301
-7832765 6737632
-7854052 6712665
-7901520 6656766
-7907909 6649224
-7921374 6633327
-7938522 6612993
-7948103 6601547
-7967836 6577923
-7997560 6542232
-8027483 6506299
-8033172 6499448
-8039536 6491741
-8044044 6486266
-8092607 6426805
-8102550 6414545
-8114956 6399169
-8124325 6387305
-8126392 6384666
-8146767 6358477
-8151728 6352091
-8154971 6347910
-8163650 6336694
-8166506 6332984
-8185215 6308676
-8200148 6289141
-8214955 6269643
-8219980 6262940
-8229808 6249822
-8235463 6242258
-8248706 6224482
-8265706 6201540
-8279704 6182572
-8294352 6162516
-8300317 6154270
-8301076 6153220
-8318842 6128535
-8320320 6126480
-8343360 6094416
-8363007 6067032
-8381216 6041434
-8388414 6031314
-8397434 6018625
-8402778 6011054
-8409496 6001535
-8428073 5974959
-8446907 5947782
-8467306 5918278
-8489741 5885767
-8507083 5860149
-8519864 5841169
-8551933 5793141
-8568097 5768884
-8594413 5729283
-8630758 5674495
-8645122 5652616
-8647555 5648876
-8652257 5641575
-8666601 5619246
-8671128 5612156
-8679130 5599569
-8692282 5578824
-8696142 5572732
-8710016 5550741
-8722302 5531095
-8770848 5453089
-8782367 5434238
-8784347 5430979
-8797969 5408338
-8808271 5391044
-8815747 5378324
-8846569 5325265
-8857957 5305655
-8863710 5295745
-8872025 5281408
-8873815 5278317
-8899402 5233524
-8912741 5210098
-8934354 5171383
-8952371 5139040
-8958176 5128388
-8968980 5108421
-8987541 5074016
-8993511 5062762
-8998704 5052943
-9003517 5043686
-9007390 5036160
-9012944 5025251
-9018309 5014655
-9029754 4992014
-9035629 4980331
-9078138 4895592
-9097414 4856731
-9112349 4825870
-9135983 4776731
-9159493 4727663
-9161174 4724108
-9166174 4713517
-9178452 4685139
-9182432 4675935
-9197411 4641266
-9200849 4633265
-9203969 4625867
-9221028 4584903
-9237503 4544584
-9241956 4533487
-9245659 4524172
-9248442 4517028
-9257548 4492964
-9279463 4434194
-9299508 4380090
-9334105 4285087
-9343520 4259020
-9347909 4246427
-9359826 4211570
-9363538 4200688
-9364954 4196451
-9371765 4175915
-9375450 4164591
-9383315 4140337
-9405329 4072182
-9424129 4013972
-9437070 3971056
-9441082 3957670
-9448684 3931927
-9456665 3904790
-9462085 3886194
-9483782 3811592
-9496941 3766211
-9506355 3733720
-9514715 3704830
-9515356 3702585
-9523389 3674127
-9525855 3664904
-9533747 3635212
-9545865 3588492
-9552106 3564397
-9561093 3529269
-9566758 3505716
-9575089 3470665
-9579258 3452793
-9594290 3387850
-9597719 3372971
-9601422 3356668
-9616927 3287038
-9623986 3255258
-9641877 3173209
-9644212 3162500
-9652302 3124884
-9666521 3057212
-9668551 3047482
-9677934 3001394
-9680603 2988283
-9684450 2968854
-9695583 2912234
-9701335 2882890
-9704871 2864755
-9711144 2832072
-9716993 2801536
-9722580 2772022
-9735967 2700885
-9765316 2544427
-9768947 2524838
-9773941 2497873
-9775706 2488279
-9777621 2477862
-9779321 2468469
-9784383 2439490
-9799645 2351743
-9805095 2318889
-9806650 2309511
-9809411 2292593
-9813824 2264530
-9816752 2245721
-9819779 2226107
-9825789 2184751
-9827017 2176166
-9834835 2120739
-9836262 2110195
-9845271 2042666
-9867801 1870561
-9874983 1815150
-9876793 1800972
-9886835 1722239
-9890052 1696931
-9894876 1657522
-9896213 1646069
-9907224 1551263
-9907917 1545257
-9911646 1511681
-9915902 1470228
-9919951 1430112
-9920738 1422140
-9921511 1414090
-9923714 1389785
-9924995 1375570
-9933786 1276655
-9936424 1245882
-9939520 1208864
-9944449 1149257
-9949010 1091835
-9950675 1069881
-9955044 1008714
-9962130 903972
-9970793 769621
-9973257 728058
-9975774 684053
-9977211 657607
-9977624 649975
-9978745 628467
-9979877 606218
-9981472 567805
-9984119 495046
-9984600 481704
-9985631 450276
-9986031 437796
-9987870 378748
-9988992 342555
-9989606 322428
-9990877 277344
-9991250 263720
-9991721 245059
-9994310 139972
-9994860 116107
-9995058 107450
-9996436 40766
-9996893 18457
-9998453 -58481
-9998821 -77536
-9999227 -104713
-9999744 -162758
-10000000 -195836
-9999940 -225325
-9999757 -247395
-9999261 -303732
-9998288 -401849
-9997610 -470032
-9997406 -483075
-9997112 -497525
-9995462 -558579
-9994923 -575402
-9991656 -663345
-9990334 -697883
-9989999 -706318
-9986225 -800510
-9985419 -819462
-9982177 -893408
-9980106 -938654
-9979602 -948832
-9978140 -978307
-9976554 -1007389
-9972847 -1075255
-9971825 -1093916
-9970709 -1113211
-9970030 -1124679
-9968195 -1154532
-9966313 -1185076
-9962803 -1241518
-9961847 -1256874
-9960638 -1276247
-9959134 -1299935
-9958492 -1309937
-9958018 -1316522
-9957613 -1321841
-9953297 -1378425
-9951833 -1397600
-9951137 -1406653
-9950090 -1420174
-9948637 -1438433
-9946199 -1467950
-9943386 -1501878
-9938796 -1556128
-9935500 -1594071
-9927382 -1685999
-9923052 -1734814
-9919381 -1774528
-9913081 -1837139
-9910426 -1862701
-9907505 -1889942
-9907402 -1890867
-9904398 -1917041
-9903019 -1928608
-9896441 -1982998
-9891996 -2019203
-9886725 -2061851
-9882975 -2091927
-9881371 -2104654
-9877383 -2136238
-9874659 -2157574
-9868347 -2206272
-9865640 -2227075
-9861347 -2258527
-9855708 -2299419
-9846174 -2366008
-9842305 -2392115
-9834532 -2443195
-9828996 -2479341
-9826388 -2496364
-9808609 -2612116
-9807433 -2619618
-9804671 -2637219
-9797829 -2680740
-9788382 -2740745
-9785890 -2756239
-9781707 -2781522
-9771650 -2841044
-9768423 -2859145
-9764017 -2883453
-9744171 -2992472
-9741176 -3008314
-9732948 -3051382
-9728309 -3075342
-9726051 -3086991
-9724948 -3092553
-9720314 -3115765
-9717262 -3130938
-9712713 -3153418
-9709184 -3170788
-9708597 -3173637
-9693052 -3247306
-9683356 -3292494
-9681774 -3299745
-9678304 -3315344
-9668348 -3359539
-9667067 -3365208
-9663865 -3379330
-9656198 -3412353
-9641263 -3474287
-9622358 -3552511
-9620442 -3560373
-9604218 -3626731
-9587439 -3692083
-9571660 -3753085
-9564108 -3781693
-9559069 -3800729
-9553316 -3822155
-9550028 -3834384
-9547459 -3843936
-9544188 -3856079
-9534631 -3890615
-9527581 -3915782
-9525794 -3922156
-9517191 -3952565
-9494366 -4032414
-9480464 -4080961
-9466957 -4127649
-9453658 -4173491
-9443803 -4206669
-9441627 -4213983
-9413500 -4306631
-9392062 -4377082
-9387227 -4392894
-9375881 -4429822
-9352029 -4506252
-9344482 -4530242
-9339661 -4545297
-9337006 -4553567
-9324249 -4591974
-9308424 -4638249
-9306942 -4642535
-9301439 -4658439
-9272071 -4741508
-9258176 -4780684
-9238473 -4835450
-9236177 -4841828
-9226272 -4869178
-9209037 -4916513
-9202182 -4934950
-9196555 -4950004
-9181446 -4990058
-9166254 -5029595
-9159150 -5048066
-9154420 -5060028
-9143659 -5086894
-9120381 -5144778
-9098380 -5198762
-9091800 -5214838
-9076672 -5251081
-9059262 -5292764
-9038841 -5341332
-9027752 -5367599
-9017893 -5390872
-9012982 -5402355
-9011187 -5406533
-8997390 -5438476
-8987191 -5462059
-8981135 -5475682
-8968089 -5504617
-8959932 -5522164
-8952641 -5537696
-8945002 -5553768
-8930587 -5583270
-8928415 -5587699
-8915241 -5614019
-8907513 -5629195
-8896678 -5649675
-8881085 -5679040
-8873173 -5693893
-8843412 -5748670
-8838320 -5758035
-8828287 -5776337
-8772118 -5875360
-8767894 -5882752
-8757916 -5900007
-8725928 -5954830
-8711554 -5978948
-8690858 -6013633
-8652582 -6077695
-8647937 -6085358
-8640989 -6096699
-8630242 -6114182
-8614398 -6139696
-8601677 -6159976
-8579515 -6195274
-8533740 -6265875
-8512446 -6298409
-8474374 -6355877
-8469313 -6363128
-8456447 -6381530
-8447625 -6394081
-8427573 -6422552
-8414147 -6441590
-8405015 -6454408
-8402368 -6458082
-8386929 -6479146
-8368699 -6503872
-8334883 -6549469
-8331937 -6553402
-8281059 -6620526
-8234961 -6680980
-8228336 -6689629
-8204959 -6719780
-8179549 -6752524
-8160191 -6777200
-8149091 -6791349
-8140015 -6802913
-8124794 -6821828
-8094932 -6858522
-8065319 -6894857
-8057688 -6904074
-8024146 -6944443
-7989740 -6985559
-7977719 -6999921
-7946911 -7036487
-7936769 -7048486
-7924734 -7062676
-7903074 -7087971
-7897795 -7094108
-7861522 -7136252
-7846450 -7153716
-7845189 -7155170
-7809411 -7195597
-7795831 -7210897
-7789553 -7217931
-7779490 -7229126
-7742409 -7269533
-7716936 -7297240
-7705523 -7309532
-7680918 -7335847
-7658719 -7359231
-7657506 -7360507
-7600298 -7420184
-7568727 -7452040
-7561399 -7459408
-7556892 -7463918
-7531928 -7488860
-7499362 -7521202
-7463385 -7556913
-7444113 -7575919
-7362025 -7656633
-7349345 -7668960
-7332753 -7685070
-7329956 -7687765
-7318691 -7698447
-7312844 -7703951
-7273034 -7740550
-7257143 -7755044
-7241236 -7769521
-7233631 -7776434
-7216952 -7791306
-7194095 -7811579
-7171297 -7831774
-7152216 -7848613
-7115565 -7880945
-7103078 -7891869
-7096523 -7897514
-7084783 -7907562
-7071389 -7918940
-7033744 -7950029
-7016805 -7963891
-7001582 -7976263
-6958306 -8011281
-6945012 -8021829
-6937842 -8027455
-6919818 -8041566
-6873308 -8077215
-6861937 -8085813
-6861152 -8086403
-6820304 -8117039
-6741659 -8175730
-6732110 -8182826
-6724002 -8188839
-6707567 -8200919
-6704504 -8203121
-6688696 -8214478
-6673058 -8225478
-6665939 -8230485
-6660296 -8234437
-6620635 -8262128
-6601634 -8275198
-6591756 -8281990
-6568271 -8298010
-6525585 -8326940
-6510806 -8336895
-6474043 -8361437
-6432268 -8389184
-6324330 -8460290
-6320911 -8462536
-6309823 -8469744
-6294390 -8479531
-6273492 -8492669
-6264108 -8498563
-6255159 -8504025
-6237059 -8515052
-6222195 -8523898
-6198389 -8538048
-6154498 -8563985
-6110597 -8589219
-6096065 -8597309
-6053426 -8621012
-5977543 -8662548
-5956404 -8673988
-5949519 -8677696
-5862838 -8724332
-5792402 -8761892
-5768270 -8774483
-5723380 -8797765
-5670751 -8824883
-5655989 -8832366
-5626380 -8847204
-5611150 -8854691
-5536599 -8891189
-5506816 -8905578
-5468174 -8924189
-5446486 -8934582
-5415021 -8949617
-5400665 -8956364
-5377647 -8967042
-5360972 -8974717
-5351876 -8978877
-5310893 -8997616
-5285883 -9009039
-5276433 -9013327
-5252433 -9024008
-5245753 -9026876
-5227160 -9034857
-5189935 -9050816
-5165682 -9061198
-5106070 -9086551
-5101656 -9088416
-5058648 -9106475
-5016099 -9124312
-5001577 -9130362
-4984203 -9137568
-4978722 -9139840
-4958214 -9148288
-4930464 -9159566
-4889624 -9176079
-4867357 -9184822
-4842077 -9194661
-4824855 -9201313
-4790232 -9214686
-4737031 -9235139
-4720807 -9241301
-4705616 -9247040
-4644160 -9270239
-4637829 -9272597
-4589474 -9290305
-4549977 -9304762
-4534105 -9310531
-4527313 -9312900
-4449353 -9339429
-4419882 -9349323
-4404593 -9354411
-4376653 -9363685
-4362921 -9368202
-4315510 -9383702
-4299950 -9388735
-4274389 -9396961
-4257476 -9402354
-4235766 -9409270
-4198892 -9421009
-4158065 -9433759
-4150674 -9436006
-4082227 -9456358
-4030966 -9471558
