4895
-9718291 2959651
-9719924 2951698
-9722321 2940007
-9723074 2936326
-9724777 2927951
-9726039 2921665
-9729376 2904800
-9734002 2881403
-9735571 2873458
-9737470 2863828
-9741266 2844559
-9748847 2805540
-9749234 2803546
-9754028 2778820
-9758583 2755241
-9761056 2742264
-9761995 2737251
-9763476 2729322
-9766164 2714926
-9767779 2706262
-9768740 2701093
-9769769 2695535
-9770303 2692626
-9773814 2673412
-9777035 2655764
-9779983 2639248
-9781712 2629519
-9782445 2625385
-9783507 2619257
-9787902 2593786
-9788913 2587703
-9789354 2585043
-9796483 2541635
-9796851 2539390
-9797722 2534075
-9798360 2530143
-9801914 2508203
-9806141 2481984
-9807163 2475583
-9809276 2462282
-9810935 2451784
-9812510 2441806
-9814798 2427081
-9817450 2409883
-9820598 2388968
-9824859 2360601
-9826645 2348620
-9826855 2347197
-9827583 2342223
-9828964 2332717
-9830765 2320314
-9833484 2301571
-9834324 2295732
-9836945 2277306
-9841988 2241833
-9843242 2232951
-9845819 2214169
-9847701 2200408
-9850764 2177879
-9852919 2161986
-9855551 2142501
-9856562 2134956
-9856886 2132536
-9861054 2100998
-9863428 2082862
-9867430 2052192
-9868344 2045180
-9869749 2034392
-9874561 1997372
-9876399 1983220
-9877560 1974270
-9879605 1958489
-9882256 1937780
-9883156 1930737
-9884708 1918535
-9887232 1898688
-9890231 1874627
-9891491 1864414
-9892552 1855753
-9893230 1850110
-9893365 1848985
-9900265 1791467
-9901772 1778889
-9902040 1776631
-9902857 1769673
-9904225 1757905
-9904788 1752928
-9906625 1736670
-9907030 1733031
-9908408 1720557
-9910373 1702765
-9911734 1690103
-9912095 1686727
-9913371 1674761
-9913796 1670759
-9915926 1650430
-9916653 1643465
-9917248 1637702
-9920154 1609475
-9920996 1601233
-9921628 1595028
-9923004 1581421
-9924624 1565087
-9925552 1555643
-9926521 1545707
-9926978 1540909
-9927630 1533964
-9929973 1508869
-9930656 1501464
-9930927 1498470
-9931101 1496547
-9931318 1494130
-9932352 1482473
-9934740 1455321
-9935404 1447749
-9936099 1439818
-9937194 1427116
-9937926 1418557
-9940414 1388721
-9940945 1382254
-9944007 1344852
-9945230 1329879
-9945749 1323477
-9948082 1294691
-9952182 1243273
-9954727 1210789
-9954900 1208549
-9955208 1204560
-9955825 1196289
-9956869 1182188
-9957609 1172088
-9959091 1151160
-9959967 1138615
-9960800 1126656
-9961628 1114731
-9963425 1088392
-9964305 1075419
-9965616 1055735
-9967213 1031199
-9968445 1011962
-9969190 999933
-9969751 989509
-9970118 982513
-9970493 975171
-9971227 960692
-9972066 944090
-9972606 933244
-9973195 921320
-9976498 852823
-9977119 839597
-9977605 829222
-9977938 822105
-9978086 818915
-9979362 791349
-9979925 779157
-9980273 771564
-9980601 764365
-9981641 741114
-9982497 721535
-9982757 715524
-9983477 698849
-9984172 682083
-9984710 668754
-9984957 662613
-9987108 607346
-9988046 582390
-9988451 571517
-9988853 559702
-9989228 548673
-9989584 538075
-9989983 524778
-9990314 513695
-9990623 503217
-9991380 475283
-9991545 468918
-9992052 449087
-9992603 427414
-9993310 397692
-9993764 377665
-9994141 360964
-9994315 353182
-9994357 351283
-9994873 326827
-9995087 316671
-9995556 294252
-9996064 269081
-9996463 248613
-9997232 208594
-9997348 202447
-9997624 187754
-9998182 158027
-9998302 151145
-9998489 140380
-9998607 132605
-9998639 130465
-9998763 121049
-9999061 91008
-9999246 72037
-9999322 62429
-9999364 57091
-9999426 48576
-9999593 25152
-9999727 3830
-9999823 -11725
-9999875 -21080
-9999918 -28954
-9999969 -50042
-9999996 -63745
-9999997 -65750
-10000000 -82100
-9999980 -102841
-9999969 -110786
-9999829 -169041
-9999800 -178568
-9999731 -195223
-9999653 -206040
-9999568 -216882
-9999454 -230221
-9999304 -246983
-9999174 -260312
-9999081 -269496
-9999044 -273138
-9998946 -282035
-9998714 -303086
-9998468 -324180
-9998404 -329614
-9998024 -355947
-9997494 -392032
-9997100 -418833
-9996677 -444110
-9996020 -478692
-9995954 -482112
-9995615 -498717
-9995190 -519244
-9994734 -540075
-9994306 -559357
-9994097 -568693
-9993973 -574201
-9993693 -586622
-9993105 -610620
-9993014 -614157
-9992341 -640305
-9992094 -649811
-9991848 -659185
-9991630 -667203
-9991309 -678926
-9990733 -698977
-9990377 -710763
-9990093 -720149
-9989958 -724418
-9989666 -733196
-9989419 -740210
-9989098 -748793
-9988432 -766331
-9987330 -795120
-9987063 -801925
-9985974 -829248
-9984920 -853428
-9983091 -893557
-9982291 -910213
-9980970 -937586
-9979514 -966720
-9979314 -970612
-9978790 -980576
-9977887 -997608
-9977551 -1003743
-9976861 -1016124
-9976267 -1026292
-9974927 -1049175
-9974322 -1059463
-9973265 -1077243
-9972835 -1084280
-9971829 -1100686
-9970717 -1118079
-9970431 -1122416
-9970070 -1127850
-9966908 -1174603
-9962474 -1239357
-9961597 -1251990
-9960395 -1269275
-9959924 -1276030
-9959124 -1287496
-9956751 -1320802
-9956261 -1327676
-9954961 -1345603
-9952581 -1378168
-9951538 -1392418
-9949998 -1413243
-9949921 -1414278
-9949064 -1425200
-9948350 -1434167
-9947816 -1440784
-9947420 -1445613
-9947076 -1449708
-9946770 -1453347
-9946148 -1460735
-9944855 -1476027
-9944570 -1479389
-9943951 -1486676
-9943807 -1488359
-9942765 -1500465
-9939208 -1541128
-9938770 -1546045
-9936788 -1568165
-9935338 -1584004
-9935111 -1586478
-9934183 -1596407
-9932966 -1609385
-9931591 -1624019
-9930752 -1632939
-9930428 -1636361
-9929557 -1645413
-9925162 -1690533
-9923754 -1704930
-9922671 -1715921
-9922079 -1721847
-9920562 -1737003
-9918817 -1754402
-9917315 -1769117
-9917043 -1771751
-9915532 -1786163
-9915078 -1790408
-9914055 -1799952
-9911641 -1822458
-9910723 -1830987
-9908714 -1849646
-9907208 -1863583
-9905717 -1877211
-9905083 -1882931
-9903260 -1899233
-9902455 -1906337
-9899896 -1928918
-9899672 -1930879
-9893114 -1987582
-9891687 -1999863
-9891070 -2005162
-9888768 -2024893
-9886188 -2046972
-9885151 -2055758
-9884698 -2059536
-9883753 -2067408
-9882749 -2075756
-9881731 -2084203
-9880698 -2092730
-9877734 -2117028
-9874923 -2139978
-9873434 -2152058
-9871564 -2167186
-9868756 -2189627
-9867493 -2199708
-9866590 -2206834
-9862705 -2236937
-9860948 -2250392
-9857741 -2274930
-9855595 -2291232
-9852748 -2312756
-9851057 -2325517
-9847113 -2355128
-9846786 -2357581
-9845315 -2368513
-9844860 -2371889
-9843353 -2383008
-9842420 -2389867
-9837864 -2422680
-9837399 -2425922
-9834218 -2447972
-9830551 -2473340
-9828058 -2490349
-9825942 -2504711
-9824357 -2515394
-9822418 -2528124
-9822039 -2530609
-9820049 -2543583
-9818849 -2551392
-9816116 -2569144
-9813010 -2589238
-9811607 -2598303
-9809559 -2611400
-9807921 -2621579
-9805550 -2636195
-9803639 -2647943
-9800286 -2668384
-9797730 -2683942
-9793779 -2707927
-9792071 -2718056
-9791461 -2721672
-9790335 -2728293
-9788278 -2740382
-9786052 -2753462
-9784609 -2761775
-9781360 -2780475
-9780603 -2784827
-9777697 -2801241
-9776646 -2807118
-9772327 -2831177
-9768497 -2852440
-9767842 -2856065
-9762256 -2886730
-9759878 -2899742
-9759270 -2903064
-9757827 -2910773
-9755721 -2921998
-9744725 -2980392
-9744273 -2982780
-9741161 -2999096
-9738949 -3010656
-9736038 -3025802
-9735330 -3029453
-9734595 -3033218
-9726583 -3073675
-9725681 -3078210
-9722982 -3091763
-9720259 -3105332
-9716656 -3123218
-9715409 -3129324
-9710472 -3153446
-9709921 -3156137
-9709038 -3160387
-9706606 -3172045
-9703142 -3188408
-9701559 -3195823
-9697607 -3214268
-9697503 -3214753
-9697248 -3215930
-9695148 -3225536
-9689954 -3249291
-9689226 -3252605
-9687600 -3259978
-9681353 -3287712
-9680288 -3292389
-9677146 -3306186
-9674986 -3315615
-9670636 -3334533
-9667988 -3345883
-9662067 -3371216
-9656012 -3396866
-9651817 -3414536
-9649790 -3422973
-9648351 -3428911
-9646597 -3435969
-9640175 -3461779
-9635786 -3479414
-9629663 -3503944
-9626996 -3514458
-9617225 -3552770
-9613143 -3568759
-9608541 -3586731
-9599609 -3621517
-9596933 -3631924
-9594271 -3642176
-9587421 -3668245
-9586332 -3672367
-9581958 -3688903
-9581045 -3692352
-9576716 -3708665
-9573005 -3722568
-9570374 -3732381
-9566408 -3747141
-9565082 -3752053
-9559754 -3771700
-9558047 -3777956
-9554870 -3789461
-9551038 -3803336
-9544732 -3826149
-9543060 -3832132
-9536414 -3855901
-9533002 -3868000
-9531267 -3874115
-9525891 -3893021
-9515748 -3928510
-9515151 -3930585
-9513790 -3935233
-9512381 -3940036
-9507039 -3958203
-9505086 -3964831
-9499834 -3982628
-9498088 -3988501
-9490868 -4012757
-9490634 -4013541
-9487792 -4022979
-9486395 -4027606
-9484355 -4034344
-9478142 -4054838
-9469236 -4083974
-9467825 -4088588
-9465568 -4095968
-9464455 -4099591
-9463809 -4101657
-9463445 -4102820
-9460415 -4112489
-9451649 -4140132
-9450515 -4143702
-9447739 -4152413
-9447417 -4153420
-9439530 -4177866
-9436416 -4187470
-9433996 -4194886
-9430976 -4204136
-9426414 -4218083
-9424949 -4222542
-9424052 -4225268
-9422846 -4228895
-9401324 -4293469
-9399430 -4299080
-9390917 -4324164
-9390778 -4324573
-9390170 -4326350
-9385724 -4339271
-9380424 -4354597
-9376382 -4366280
-9374828 -4370736
-9372562 -4377150
-9370998 -4381554
-9364239 -4400522
-9359635 -4413394
-9355214 -4425709
-9354268 -4428342
-9351013 -4437239
-9340305 -4466421
-9339769 -4467864
-9332617 -4487020
-9330549 -4492547
-9330029 -4493935
-9329126 -4496342
-9316036 -4531011
-9312979 -4539090
-9309732 -4547645
-9307106 -4554495
-9305333 -4559114
-9303510 -4563862
-9298972 -4575632
-9285347 -4610898
-9275260 -4636958
-9272086 -4645155
-9262985 -4668655
-9260740 -4674431
-9256094 -4686377
-9243370 -4718964
-9237593 -4733732
-9232619 -4746351
-9230713 -4751172
-9223382 -4769387
-9214615 -4791075
-9213233 -4794469
-9202849 -4819900
-9201246 -4823818
-9196899 -4834437
-9190465 -4850144
-9186102 -4860709
-9185050 -4863256
-9177304 -4881983
-9168352 -4903576
-9166504 -4908018
-9154079 -4937843
-9147492 -4953624
-9144086 -4961778
-9141186 -4968717
-9139450 -4972854
-9134714 -4984120
-9131285 -4992276
-9127807 -5000474
-9122017 -5013975
-9113774 -5033191
-9112277 -5036669
-9100238 -5064517
-9096671 -5072658
-9090452 -5086851
-9086683 -5095444
-9085159 -5098906
-9073391 -5125602
-9069847 -5133633
-9069485 -5134452
-9068158 -5137433
-9059067 -5157835
-9055276 -5166340
-9049347 -5179616
-9046336 -5186337
-9040138 -5200154
-9038105 -5204672
-9036011 -5209304
-9035236 -5211010
-9026171 -5230944
-9024432 -5234767
-9013142 -5259547
-9009544 -5267420
-9008312 -5270103
-9000116 -5287932
-8996503 -5295763
-8995001 -5298994
-8994265 -5300577
-8985559 -5319277
-8976740 -5338099
-8965417 -5362083
-8961072 -5371273
-8958628 -5376435
-8955982 -5382002
-8948907 -5396693
-8943496 -5407890
-8940312 -5414473
-8935073 -5425282
-8925777 -5444367
-8919215 -5457592
-8913259 -5469465
-8910572 -5474795
-8907485 -5480862
-8903597 -5488466
-8900715 -5494093
-8894331 -5506523
-8888572 -5517735
-8884446 -5525766
-8881023 -5532396
-8878746 -5536801
-8875002 -5544043
-8871469 -5550867
-8858256 -5576259
-8850541 -5591036
-8844826 -5601963
-8835049 -5620536
-8828300 -5633323
-8816508 -5655638
-8813459 -5661362
-8810847 -5666260
-8804501 -5678136
-8798257 -5689789
-8791898 -5701594
-8789978 -5705146
-8779641 -5724213
-8777953 -5727317
-8769319 -5743183
-8765591 -5749986
-8763649 -5753502
-8759787 -5760490
-8748551 -5780715
-8745338 -5786494
-8740854 -5794559
-8734804 -5805431
-8732281 -5809963
-8729057 -5815751
-8727204 -5819027
-8719481 -5832651
-8710109 -5849132
-8684480 -5894090
-8679950 -5901959
-8679529 -5902685
-8678765 -5903996
-8675234 -5910042
-8667233 -5923709
-8658670 -5938306
-8645128 -5961374
-8635424 -5977892
-8630450 -5986355
-8621870 -6000944
-8608372 -6023749
-8603242 -6032386
-8593307 -6048991
-8585180 -6062570
-8569023 -6089526
-8565333 -6095665
-8560064 -6104413
-8559544 -6105269
-8558251 -6107384
-8556406 -6110393
-8550721 -6119661
-8545931 -6127464
-8538404 -6139668
-8532308 -6149526
-8531438 -6150930
-8527777 -6156832
-8518213 -6172249
-8515454 -6176685
-8513803 -6179329
-8511500 -6182972
-8501696 -6198470
-8499954 -6201221
-8492007 -6213727
-8489332 -6217925
-8480989 -6230998
-8474199 -6241545
-8469148 -6249365
-8466740 -6253087
-8465692 -6254703
-8458433 -6265886
-8455820 -6269884
-8450517 -6277968
-8448911 -6280409
-8446630 -6283868
-8444047 -6287784
-8438099 -6296800
-8434550 -6302139
-8422135 -6320674
-8414711 -6331650
-8411736 -6336038
-8409422 -6339448
-8404616 -6346530
-8401578 -6350981
-8396941 -6357771
-8378510 -6384622
-8370934 -6395611
-8370055 -6396882
-8368065 -6399746
-8366661 -6401756
-8359720 -6411659
-8355291 -6417928
-8348478 -6427555
-8331519 -6451401
-8329145 -6454737
-8323438 -6462702
-8321041 -6466044
-8319961 -6467543
-8317228 -6471331
-8312027 -6478537
-8297188 -6499068
-8283142 -6518494
-8265488 -6542908
-8239637 -6578541
-8232970 -6587651
-8227717 -6594817
-8225075 -6598381
-8218894 -6606713
-8196665 -6636628
-8185696 -6651331
-8182790 -6655178
-8177708 -6661902
-8161695 -6683046
-8157513 -6688534
-8151772 -6696013
-8147251 -6701899
-8139508 -6711969
-8129744 -6724605
-8120866 -6735977
-8119936 -6737168
-8112529 -6746635
-8106088 -6754853
-8102706 -6759109
-8090949 -6773846
-8085598 -6780541
-8078176 -6789793
-8071607 -6797981
-8064009 -6807405
-8053083 -6820951
-8051323 -6823129
-8048379 -6826768
-8045422 -6830402
-8044829 -6831125
-8042870 -6833511
-8038128 -6839285
-8024568 -6855764
-8005490 -6878941
-8002884 -6882099
-7999154 -6886605
-7988616 -6899299
-7987599 -6900521
-7980033 -6909597
-7978004 -6912024
-7964489 -6928180
-7960979 -6932369
-7952021 -6943059
-7949867 -6945623
-7944009 -6952579
-7929321 -6969908
-7928360 -6971033
-7912618 -6989457
-7904757 -6998639
-7900663 -7003416
-7895846 -7009032
-7892347 -7013098
-7890643 -7015054
-7880331 -7026854
-7867908 -7040981
-7859897 -7050083
-7835320 -7077941
-7832708 -7080895
-7830106 -7083831
-7817450 -7098100
-7807595 -7109203
-7803646 -7113649
-7796462 -7121731
-7792777 -7125869
-7789041 -7130049
-7782219 -7137679
-7776140 -7144452
-7766643 -7155033
-7739794 -7184819
-7734346 -7190856
-7726566 -7199473
-7709789 -7218053
-7699091 -7229841
-7689499 -7240389
-7667888 -7264140
-7659762 -7273067
-7649679 -7284129
-7617882 -7318994
-7613193 -7324095
-7604406 -7333650
-7591089 -7348049
-7588401 -7350955
-7582249 -7357596
-7581295 -7358625
-7576649 -7363631
-7567738 -7373186
-7562553 -7378732
-7558532 -7382987
-7547013 -7395167
-7540098 -7402466
-7536923 -7405804
-7536037 -7406731
-7532983 -7409886
-7531247 -7411678
-7519929 -7423345
-7506511 -7437142
-7500784 -7443024
-7497534 -7446350
-7488793 -7455292
-7474494 -7469906
-7469573 -7474934
-7462328 -7482316
-7453297 -7491493
-7444525 -7500369
-7435167 -7509799
-7421014 -7524014
-7415195 -7529845
-7401495 -7543543
-7388022 -7557013
-7385050 -7559984
-7381004 -7564012
-7362780 -7582136
-7335907 -7608767
-7329794 -7614805
-7329657 -7614940
-7311342 -7632955
-7309031 -7635222
-7301717 -7642355
-7288904 -7654841
-7284584 -7659034
-7270466 -7672688
-7261665 -7681199
-7239219 -7702737
-7220238 -7720949
-7217826 -7723258
-7209956 -7730788
-7208849 -7731842
-7199902 -7740283
-7192136 -7747607
-7176570 -7762242
-7171864 -7766655
-7148053 -7788931
-7144095 -7792623
-7139291 -7797049
-7132136 -7803639
-7124410 -7810677
-7097144 -7835433
-7089236 -7842605
-7083482 -7847730
-7072174 -7857796
-7071000 -7858841
-7048106 -7879208
-7040132 -7886244
-7036744 -7889211
-7019490 -7904185
-6999650 -7921392
-6974788 -7942800
-6961267 -7954429
-6956571 -7958459
-6954153 -7960532
-6944093 -7969087
-6939114 -7973319
-6937586 -7974610
-6932630 -7978789
-6921070 -7988528
-6912971 -7995346
-6909842 -7997971
-6907044 -8000314
-6903960 -8002888
-6898694 -8007281
-6888565 -8015695
-6875516 -8026501
-6843151 -8053222
-6837628 -8057775
-6830425 -8063694
-6818183 -8073749
-6809820 -8080587
-6794252 -8093300
-6787482 -8098806
-6782143 -8103109
-6779639 -8105127
-6771481 -8111654
-6768609 -8113948
-6765665 -8116268
-6761200 -8119774
-6757651 -8122553
-6750208 -8128298
-6749478 -8128859
-6740891 -8135447
-6727003 -8146065
-6721020 -8150628
-6710672 -8158518
-6702550 -8164708
-6693270 -8171765
-6690963 -8173519
-6686312 -8177055
-6679283 -8182393
-6671301 -8188452
-6657462 -8198955
-6652083 -8203023
-6637999 -8213662
-6632184 -8218009
-6629009 -8220381
-6617305 -8229121
-6611618 -8233360
-6599889 -8242093
-6588780 -8250314
-6577846 -8258388
-6572572 -8262267
-6561229 -8270567
-6557094 -8273585
-6531830 -8291955
-6524821 -8297033
-6512012 -8306310
-6503232 -8312626
-6500002 -8314946
-6496400 -8317524
-6475047 -8332802
-6466737 -8338743
-6455534 -8346748
-6446305 -8353331
-6445849 -8353656
-6427421 -8366616
-6425987 -8367623
-6421569 -8370714
-6418792 -8372656
-6414570 -8375579
-6405347 -8381932
-6404482 -8382526
-6400863 -8385006
-6391187 -8391632
-6385321 -8395645
-6369059 -8406700
-6361090 -8412099
-6358041 -8414156
-6342063 -8424933
-6332862 -8431138
-6330199 -8432925
-6327654 -8434631
-6318247 -8440855
-6303401 -8450656
-6300337 -8452667
-6289821 -8459537
-6263532 -8476700
-6261208 -8478214
-6254143 -8482800
-6249233 -8485987
-6246682 -8487642
-6233045 -8496428
-6230328 -8498173
-6224419 -8501943
-6219881 -8504798
-6216158 -8507132
-6199032 -8517849
-6193962 -8521020
-6167725 -8537418
-6162557 -8540627
-6147155 -8550173
-6131199 -8560062
-6127251 -8562506
-6124320 -8564320
-6115365 -8569856
-6112630 -8571546
-6098657 -8580105
-6086994 -8587243
-6083058 -8589650
-6078779 -8592256
-6071255 -8596802
-6070520 -8597246
-6067634 -8598988
-6065537 -8600249
-6048533 -8610341
-6037379 -8616947
-6033697 -8619098
-6027494 -8622716
-6016551 -8629076
-6006757 -8634764
-6002045 -8637494
-5991046 -8643864
-5985431 -8647111
-5969858 -8656078
-5962721 -8660178
-5948833 -8668148
-5928327 -8679857
-5924245 -8682183
-5915110 -8687372
-5912914 -8688619
-5900334 -8695757
-5893631 -8699532
-5889794 -8701692
-5885827 -8703918
-5881231 -8706485
-5880279 -8707015
-5869734 -8712874
-5864697 -8715660
-5859367 -8718603
-5844576 -8726765
-5843501 -8727358
-5834833 -8732129
-5821783 -8739311
-5807358 -8747206
-5796204 -8753305
-5793295 -8754893
-5773622 -8765553
-5768222 -8768426
-5754430 -8775748
-5752269 -8776894
-5747571 -8779363
-5744082 -8781191
-5743725 -8781378
-5735774 -8785539
-5724605 -8791375
-5716883 -8795396
-5705542 -8801287
-5694999 -8806762
-5687476 -8810651
-5670341 -8819428
-5668415 -8820413
-5663396 -8822971
-5645491 -8832078
-5643607 -8833036
-5641875 -8833916
-5612243 -8848929
-5591154 -8859574
-5584006 -8863178
-5570210 -8870120
-5567660 -8871403
-5526221 -8892242
-5517191 -8896771
-5486659 -8911928
-5467089 -8921640
-5457329 -8926479
-5448271 -8930943
-5436549 -8936707
-5434249 -8937834
-5419827 -8944841
-5414257 -8947541
-5360137 -8973739
-5357989 -8974777
-5337651 -8984589
-5317903 -8994099
-5307852 -8998925
-5297996 -9003642
-5292267 -9006376
-5275588 -9014328
-5274523 -9014834
-5268091 -9017873
-5265916 -9018893
-5258848 -9022202
-5247864 -9027339
-5238594 -9031656
-5231710 -9034858
-5223789 -9038523
-5203855 -9047678
-5193714 -9052334
-5190128 -9053978
-5186243 -9055755
-5167969 -9064099
-5161852 -9066889
-5141028 -9076320
-5127494 -9082425
-5118470 -9086494
-5109601 -9090454
-5099671 -9094879
-5090498 -9098961
-5084039 -9101835
-5078558 -9104265
-5071650 -9107325
-5066208 -9109731
-5053288 -9115438
-5045010 -9119091
-5039573 -9121477
-5030067 -9125647
-5026319 -9127289
-5022062 -9129146
-5019619 -9130199
-5010674 -9133998
-5003726 -9136932
-4959440 -9155275
-4946032 -9160825
-4941167 -9162823
-4935953 -9164961
-4926046 -9169017
-4912775 -9174450
-4909798 -9175668
-4902270 -9178745
-4898649 -9180219
-4882286 -9186863
-4873475 -9190387
-4848497 -9200321
-4830415 -9207419
-4825429 -9209375
-4815799 -9213150
-4809382 -9215662
-4795580 -9221029
-4793320 -9221907
-4775566 -9228797
-4774586 -9229174
-4772102 -9230129
-4765599 -9232622
-4763718 -9233339
-4750617 -9238327
-4741223 -9241898
-4730774 -9245869
-4715822 -9251537
-4706650 -9254997
-4683521 -9263665
-4662301 -9271535
-4633757 -9281862
-4632410 -9282348
-4600015 -9294030
-4592557 -9296694
-4583668 -9299865
-4558979 -9308577
-4548565 -9312243
-4533498 -9317527
-4512344 -9324918
-4506413 -9326990
-4498764 -9329661
-4475385 -9337799
-4466454 -9340902
-4460840 -9342850
-4457341 -9344062
-4456329 -9344410
-4434088 -9352054
-4431634 -9352894
-4417922 -9357580
-4414041 -9358905
-4395224 -9365309
-4372924 -9372888
-4361699 -9376702
-4341022 -9383717
-4314448 -9392688
-4311897 -9393543
-4283454 -9403037
-4272806 -9406590
-4255831 -9412215
-4252803 -9413218
-4242434 -9416652
-4237901 -9418147
-4234812 -9419163
-4219593 -9424153
-4213295 -9426173
-4199505 -9430589
-4181168 -9436414
-4170313 -9439858
-4157868 -9443805
-4145408 -9447754
-4133332 -9451561
-4109896 -9458890
-4106381 -9459988
-4099426 -9462154
-4094028 -9463829
-4084175 -9466886
-4074243 -9469920
-4065277 -9472631
-4046778 -9478170
-4036883 -9481129
-4030663 -9482986
-4014913 -9487686
-4000873 -9491872
-3995165 -9493570
-3993425 -9494087
-3976821 -9498999
-3972555 -9500253
-3965169 -9502418
-3956589 -9504910
-3940945 -9509434
-3928298 -9513090
-3920414 -9515365
-3911002 -9518078
-3901468 -9520817
-3884080 -9525798
-3864919 -9531262
-3845212 -9536865
-3820241 -9543941
-3811898 -9546291
-3801349 -9549250
-3799565 -9549749
-3782421 -9554486
-3768522 -9558290
-3742585 -9565348
-3730953 -9568505
-3702728 -9576163
-3683962 -9581254
-3655380 -9589000
-3644814 -9591855
-3631714 -9595328
-3625540 -9596915
-3613856 -9599916
-3592125 -9605467
-3569613 -9611211
-3554424 -9615058
-3533050 -9620435
-3530419 -9621093
-3517045 -9624432
-3504023 -9627639
-3492593 -9630434
-3483123 -9632746
-3462540 -9637734
-3459142 -9638555
-3446987 -9641479
-3442629 -9642513
-3441074 -9642878
-3435178 -9644253
-3426906 -9646164
-3422815 -9647102
-3377160 -9657502
-3368202 -9659517
-3364443 -9660361
-3351545 -9663233
-3312806 -9671785
-3303859 -9673744
-3288511 -9677074
-3280282 -9678854
-3256601 -9683961
-3242785 -9686914
-3228862 -9689886
-3199921 -9696006
-3194117 -9697221
-3165596 -9703146
-3142874 -9707842
-3125259 -9711470
-3109957 -9714603
-3108620 -9714873
-3096339 -9717338
-3093906 -9717826
-3047920 -9726988
-3045095 -9727546
-3038135 -9728883
-3009249 -9734430
-3002151 -9735793
-2972635 -9741437
-2957443 -9744340
-2938076 -9747981
-2930632 -9749364
-2914245 -9752401
-2899598 -9755113
-2898566 -9755303
-2892168 -9756480
-2850846 -9763991
-2836746 -9766542
-2811487 -9771082
-2803272 -9772552
-2801299 -9772900
-2793195 -9774326
-2775998 -9777327
-2769205 -9778500
-2755321 -9780892
-2746515 -9782395
-2741425 -9783260
-2707459 -9789025
-2696291 -9790904
-2686983 -9792454
-2654503 -9797845
-2645314 -9799363
-2614157 -9804509
-2610786 -9805065
-2604427 -9806096
-2601948 -9806495
-2580243 -9809916
-2576526 -9810499
-2558341 -9813349
-2550123 -9814609
-2534243 -9817036
-2519356 -9819296
-2511317 -9820516
-2504068 -9821614
-2497620 -9822590
-2488295 -9823996
-2477674 -9825580
-2465128 -9827449
-2456792 -9828682
-2438330 -9831405
-2433063 -9832165
-2424867 -9833339
-2413871 -9834907
-2402423 -9836524
-2397689 -9837188
-2391642 -9838031
-2380152 -9839630
-2376409 -9840149
-2371964 -9840763
-2361095 -9842263
-2350397 -9843739
-2342223 -9844861
-2338530 -9845360
-2326847 -9846937
-2313852 -9848684
-2288169 -9852132
-2284224 -9852657
-2281461 -9853024
-2262155 -9855585
-2258538 -9856063
-2226361 -9860314
-2222157 -9860867
-2203520 -9863315
-2192387 -9864771
-2167689 -9867988
-2139819 -9871593
-2104415 -9876147
-2094350 -9877435
-2057156 -9882075
-2046762 -9883367
-2043833 -9883725
-2023909 -9886134
-2022502 -9886303
-1974930 -9891922
-1968808 -9892638
-1962780 -9893338
-1953722 -9894386
-1916693 -9898670
-1911810 -9899224
-1883042 -9902456
-1880783 -9902707
-1878922 -9902906
-1865716 -9904303
-1826779 -9908369
-1819134 -9909155
-1794754 -9911638
-1769001 -9914247
-1751850 -9915963
-1736466 -9917499
-1710547 -9920077
-1707287 -9920400
-1688274 -9922259
-1686376 -9922443
-1684226 -9922645
-1661316 -9924797
-1648006 -9926046
-1639607 -9926834
-1622250 -9928461
-1612470 -9929366
-1602039 -9930305
-1587646 -9931598
-1574624 -9932720
-1554337 -9934459
-1544322 -9935301
-1534495 -9936114
-1527064 -9936728
-1502217 -9938768
-1491169 -9939657
-1489664 -9939778
-1478113 -9940682
-1475257 -9940903
-1463374 -9941822
-1442640 -9943399
-1424898 -9944736
-1404129 -9946300
-1365657 -9949194
-1356706 -9949851
-1349659 -9950368
-1344600 -9950739
-1330749 -9951754
-1312294 -9953088
-1305780 -9953555
-1300146 -9953951
-1295599 -9954258
-1288942 -9954706
-1281133 -9955228
-1260806 -9956580
-1252348 -9957129
-1234493 -9958281
-1227049 -9958761
-1204146 -9960206
-1191355 -9961010
-1185266 -9961379
-1115798 -9965512
-1099677 -9966456
-1086964 -9967190
-1082484 -9967428
-1057250 -9968741
-1038860 -9969683
-1031855 -9970041
-1002333 -9971524
-968336 -9973212
-950041 -9974069
-933682 -9974817
-877806 -9977358
-858142 -9978231
-846642 -9978728
-836771 -9979152
-820472 -9979844
-816489 -9980010
-813595 -9980129
-805878 -9980444
-802923 -9980564
-782777 -9981363
-755592 -9982417
-744404 -9982850
-732969 -9983291
-715330 -9983958
-687371 -9984993
-673171 -9985502
-661066 -9985934
-647852 -9986404
-598094 -9988112
-583511 -9988599
-565377 -9989192
-528312 -9990397
-520681 -9990644
-515107 -9990823
-509761 -9990991
-489017 -9991634
-478379 -9991960
-450607 -9992772
-424327 -9993493
-395315 -9994283
-372052 -9994878
-326181 -9996024
-307902 -9996475
-295697 -9996754
-277700 -9997115
-264412 -9997375
-263887 -9997385
-258480 -9997487
-251839 -9997601
-229096 -9997926
-227908 -9997942
-224518 -9997982
-217583 -9998054
-204286 -9998190
-189672 -9998320
-149662 -9998674
-137909 -9998773
-105378 -9999044
-57006 -9999428
-25416 -9999656
-17917 -9999705
9612 -9999868
17931 -9999916
19461 -9999923
29381 -9999964
30930 -9999970
39401 -10000000
56432 -9999992
79094 -9999963
112002 -9999840
119291 -9999796
135762 -9999668
151946 -9999542
198271 -9999113
213330 -9998953
229555 -9998776
244452 -9998593
265081 -9998331
269293 -9998270
282501 -9998078
300007 -9997820
307037 -9997714
312935 -9997619
313177 -9997615
322312 -9997452
332659 -9997252
345017 -9997010
361080 -9996693
365984 -9996595
376552 -9996370
384742 -9996190
396894 -9995891
407889 -9995619
445578 -9994667
451731 -9994499
465555 -9994118
491772 -9993326
495806 -9993195
506270 -9992853
531101 -9992025
536944 -9991829
544418 -9991571
575691 -9990480
616380 -9989003
628760 -9988551
645186 -9987936
692050 -9986141
703514 -9985688
719204 -9985052
736648 -9984326
742242 -9984092
757499 -9983451
759482 -9983365
780179 -9982454
798715 -9981635
806144 -9981303
816046 -9980853
831381 -9980155
836883 -9979903
843582 -9979580
864483 -9978543
889865 -9977278
895269 -9977002
898166 -9976842
912552 -9976023
926225 -9975233
966053 -9972894
984042 -9971826
992925 -9971298
1004053 -9970613
1006007 -9970485
1006677 -9970441
1016050 -9969815
1018330 -9969660
1025091 -9969186
1058791 -9966817
1071538 -9965914
1080187 -9965299
1090570 -9964560
1098535 -9963989
1107155 -9963370
1126995 -9961940
1127851 -9961878
1156829 -9959684
1170291 -9958661
1188978 -9957200
1198039 -9956482
1201328 -9956217
1208642 -9955626
1241669 -9952950
1262826 -9951194
1326711 -9945883
1336051 -9945088
1357635 -9943200
1369411 -9942163
1378353 -9941353
1388412 -9940439
1409430 -9938521
1411726 -9938308
1415613 -9937946
1429600 -9936635
1447559 -9934929
1462660 -9933486
1487322 -9931103
1531958 -9926784
1534177 -9926564
1543720 -9925610
1558546 -9924103
1575804 -9922338
1601838 -9919642
1668878 -9912613
1671813 -9912302
1676031 -9911853
1687096 -9910657
1700725 -9909151
1715516 -9907514
1746811 -9904043
1750299 -9903652
1775156 -9900847
1779375 -9900368
1801705 -9897821
1818206 -9895874
1820747 -9895574
1831381 -9894300
1844473 -9892715
1856286 -9891275
1864235 -9890292
1872165 -9889303
1888644 -9887234
1898817 -9885949
1932181 -9881720
1935525 -9881296
1953874 -9878909
1968051 -9877057
1974325 -9876235
1989137 -9874277
1998195 -9873040
2004150 -9872215
2006299 -9871916
2012855 -9871001
2017225 -9870388
2052749 -9865400
2060770 -9864268
2070143 -9862934
2097962 -9858970
2128921 -9854543
2157297 -9850446
2158533 -9850267
2159857 -9850071
2201386 -9843909
2202700 -9843714
2217239 -9841519
2235790 -9838712
2246653 -9837063
2252533 -9836162
2265630 -9834153
2288694 -9830595
2310751 -9827098
2326157 -9824652
2333896 -9823421
2383234 -9815557
2384344 -9815379
2414289 -9810554
2450623 -9804689
2468858 -9801672
2490066 -9798154
2502637 -9796055
2505873 -9795510
2522298 -9792721
2529818 -9791444
2535411 -9790485
2557004 -9786777
2567021 -9785050
2586678 -9781616
2601834 -9778956
2612771 -9777033
2628079 -9774257
2633527 -9773266
2654493 -9769452
2665676 -9767414
2670604 -9766513
2675554 -9765596
2684577 -9763921
2697626 -9761493
2715205 -9758184
2748757 -9751781
2751172 -9751320
2754247 -9750730
2769462 -9747809
2777635 -9746239
2788149 -9744187
2825995 -9736793
2856554 -9730813
2861091 -9729923
2871033 -9727956
2881176 -9725935
2889429 -9724276
2898617 -9722425
2910734 -9719978
2929039 -9716253
2929987 -9716057
2956452 -9710526
2960854 -9709595
2970459 -9707551
2983039 -9704867
2989235 -9703537
3003877 -9700392
3047598 -9690996
3064655 -9687324
3077456 -9684547
3106086 -9678320
3117834 -9675758
3123335 -9674537
3132868 -9672420
3140931 -9670626
3164417 -9665362
3171575 -9663755
3208246 -9655493
3225497 -9651605
3232922 -9649927
3272136 -9641022
3275919 -9640156
3282574 -9638624
3289816 -9636930
3311791 -9631786
3318761 -9630154
3326820 -9628262
3336642 -9625928
3338502 -9625485
3343764 -9624228
3360156 -9620300
3366786 -9618703
3387018 -9613801
3419404 -9605858
3441779 -9600368
3458882 -9596166
3472904 -9592703
3498292 -9586423
3506446 -9584398
3521617 -9580607
3543411 -9575108
3545920 -9574474
3556312 -9571835
3565698 -9569448
3576682 -9566654
3578797 -9566113
3585377 -9564429
3596373 -9561608
3610159 -9558068
3614228 -9557019
3625097 -9554211
3644161 -9549277
3660223 -9545107
3665672 -9543668
3686343 -9538197
3692740 -9536497
3695441 -9535778
3711826 -9531416
3729431 -9526724
3737250 -9524636
3773730 -9514891
3814473 -9503910
3824301 -9501255
3828435 -9500118
3847800 -9494774
3861666 -9490930
3872813 -9487804
3902291 -9479503
3905496 -9478595
3924457 -9473219
3935275 -9470139
3939712 -9468873
3994972 -9453066
4003483 -9450630
4027840 -9443625
4034529 -9441701
4044585 -9438783
4047722 -9437864
4070711 -9431119
4076189 -9429510
4091254 -9425085
4103351 -9421526
4119388 -9416804
4155183 -9406158
4169410 -9401918
4184661 -9397354
4196617 -9393749
4207476 -9390468
4232357 -9382905
4243454 -9379514
4263280 -9373448
4271242 -9371004
4277751 -9368983
4284135 -9366990
4293644 -9364013
4302977 -9361073
4317239 -9356567
4325407 -9353984
4332111 -9351844
4345124 -9347681
4356263 -9344090
4360181 -9342821
4361659 -9342337
4377008 -9337282
4385152 -9334589
4397218 -9330588
4406265 -9327580
4417076 -9323984
4427585 -9320488
4455011 -9311326
4460360 -9309535
4462088 -9308956
4481310 -9302422
4482720 -9301942
4512747 -9291675
4530073 -9285735
4544775 -9280688
4564845 -9273760
4584469 -9266926
4610739 -9257768
4613371 -9256847
4647548 -9244877
4658060 -9241191
4668082 -9237672
4696144 -9227811
4706028 -9224328
4723304 -9218231
4730485 -9215694
4734484 -9214271
4739198 -9212593
4747641 -9209585
4752127 -9207980
4771879 -9200902
4776706 -9199138
4795608 -9192217
4810589 -9186710
4813055 -9185802
4822153 -9182430
4834965 -9177664
4843022 -9174638
4853308 -9170751
4861114 -9167800
4879451 -9160816
4882541 -9159638
4892807 -9155695
4917111 -9146321
4924101 -9143602
4934233 -9139650
4953109 -9132285
4955919 -9131185
4965636 -9127365
4990983 -9117346
5003128 -9112540
5017930 -9106668
5032774 -9100771
5038162 -9098625
5040460 -9097707
5040707 -9097608
5073843 -9084316
5094299 -9076096
5099547 -9073984
5144012 -9056021
5160112 -9049335
5166151 -9046797
5183757 -9039397
5184815 -9038952
5195115 -9034607
5196311 -9034101
5209462 -9028491
5217694 -9024975
5226565 -9021183
5234565 -9017715
5245234 -9013075
5256856 -9007977
5266060 -9003928
5292474 -8992288
5303989 -8987125
5308663 -8985018
5318996 -8980335
5336135 -8972481
5354523 -8964039
5359311 -8961837
5362309 -8960455
5368794 -8957464
5384077 -8950388
5389096 -8948063
5398816 -8943542
5418283 -8934410
5424380 -8931528
5434854 -8926514
5439130 -8924467
5447869 -8920248
5467847 -8910596
5493229 -8898302
5495707 -8897094
5499616 -8895176
5503126 -8893452
5513610 -8888301
5526161 -8882112
5529214 -8880604
5537750 -8876382
5542795 -8873878
5555331 -8867548
5566230 -8862043
5586689 -8851685
5605238 -8842289
5616757 -8836427
5637166 -8826037
5647401 -8820815
5647674 -8820675
5662439 -8813081
5672371 -8807959
5684410 -8801749
5702435 -8792437
5706864 -8790134
5711103 -8787924
5719144 -8783715
5728401 -8778868
5734726 -8775556
5739944 -8772801
5753130 -8765833
5783062 -8749921
5786289 -8748205
5792299 -8744994
5801497 -8740070
5809956 -8735514
5810249 -8735356
5820460 -8729811
5835899 -8721422
5847868 -8714906
5864940 -8705569
5873492 -8700889
5890630 -8691480
5891663 -8690912
5899726 -8686455
5906872 -8682497
5920142 -8675099
5923297 -8673325
5929996 -8669522
5932028 -8668368
5935538 -8666373
5951902 -8657012
5969780 -8646761
5982107 -8639688
5998463 -8630291
6024418 -8615335
6034754 -8609369
6060299 -8594605
6062490 -8593317
6070572 -8588549
6092994 -8575156
6110777 -8564531
6123571 -8556837
6130157 -8552854
6132928 -8551170
6135515 -8549592
6140890 -8546312
6149487 -8541051
6158924 -8535274
6165325 -8531352
6176145 -8524713
6179996 -8522343
6184150 -8519774
6191011 -8515504
6205464 -8506475
6208693 -8504452
6216865 -8499331
6226957 -8492989
6236947 -8486687
6239313 -8485185
6249731 -8478545
6253670 -8476033
6264337 -8469229
6266876 -8467589
6275371 -8462027
6280019 -8458975
6297310 -8447567
6300884 -8445207
6304111 -8443070
6313345 -8436955
6316031 -8435167
6319394 -8432915
6334558 -8422639
6353631 -8409697
6353907 -8409509
6370276 -8398342
6383433 -8389362
6386584 -8387202
6412461 -8369423
6418953 -8364952
6430954 -8356676
6445342 -8346691
6464802 -8333183
6479438 -8322952
6482817 -8320587
6487531 -8317257
6489320 -8315979
6498174 -8309636
6504754 -8304920
6521392 -8292945
6523172 -8291661
6529778 -8286860
6531296 -8285756
6539635 -8279690
6547109 -8274243
6552885 -8270021
6562765 -8262776
6569483 -8257842
6584742 -8246554
6594932 -8238921
6615754 -8223312
6630558 -8212206
6631684 -8211358
6634351 -8209346
6656216 -8192757
6659419 -8190324
6663407 -8187291
6675015 -8178438
6681115 -8173780
6689400 -8167390
6708117 -8152917
6716761 -8146225
6720700 -8143174
6730847 -8135293
6735129 -8131957
6743830 -8125089
6779640 -8096756
6783154 -8093971
6793769 -8085529
6800860 -8079886
6801384 -8079469
6815874 -8067867
6823592 -8061650
6830829 -8055811
6837387 -8050501
6841036 -8047542
6846475 -8043130
6854019 -8036973
6855685 -8035611
6873252 -8021186
6880339 -8015365
6886169 -8010541
6890426 -8006997
6903411 -7996144
6904722 -7995041
6923991 -7978642
6932483 -7971392
6939683 -7965242
6943376 -7962083
6959725 -7948098
6969796 -7939474
6980857 -7929998
6982827 -7928308
6989086 -7922935
7001014 -7912690
7004529 -7909636
7017656 -7898222
7044539 -7874847
7045627 -7873899
7048520 -7871366
7051693 -7868585
7058444 -7862654
7070305 -7852128
7072015 -7850605
7073093 -7849644
7084350 -7839607
7091595 -7833140
7092872 -7831999
7096285 -7828919
7106873 -7819338
7110286 -7816245
7120231 -7807224
7135694 -7793141
7151307 -7778880
7165969 -7765357
7166963 -7764440
7172448 -7759361
7177822 -7754378
7192579 -7740670
7200237 -7733549
7208467 -7725879
7218636 -7716380
7226941 -7708616
7233941 -7702060
7240104 -7696283
7248656 -7688230
7261827 -7675801
7269567 -7668474
7275712 -7662655
7284131 -7654627
7291952 -7647135
7297537 -7641768
7307261 -7632404
7326991 -7613388
7336650 -7604032
7339373 -7601379
7343810 -7597052
7355033 -7586096
7362800 -7578502
7376564 -7565025
7381001 -7560668
7395628 -7546285
7400033 -7541936
7409769 -7532310
7413557 -7528560
7422932 -7519273
7438983 -7503311
7455678 -7486624
7462494 -7479731
7463500 -7478713
7479941 -7462011
7488245 -7453540
7495516 -7446095
7503614 -7437782
7520226 -7420700
7537546 -7402884
7542922 -7397351
7549315 -7390761
7560346 -7379370
7567182 -7372300
7571799 -7367503
7574637 -7364541
7578788 -7360183
7612550 -7324525
7632407 -7303460
7639148 -7296298
7650116 -7284591
7666192 -7267176
7682265 -7249723
7690962 -7240219
7708362 -7221169
7712416 -7216713
7715253 -7213594
7724343 -7203557
7733541 -7193385
7739624 -7186652
7745963 -7179624
7749448 -7175759
7751896 -7173034
7757417 -7166888
7761211 -7162664
7779663 -7142003
7782109 -7139249
7786822 -7133939
7791972 -7128125
7797217 -7122128
7805698 -7112429
7813901 -7103035
7819513 -7096602
7822983 -7092622
7828104 -7086738
7834839 -7078973
7846851 -7065119
7852292 -7058797
7861782 -7047763
7867791 -7040768
7872386 -7035393
7885860 -7019545
7895010 -7008777
7920874 -6978044
7921574 -6977210
7938025 -6957444
7950050 -6942958
7951802 -6940847
7960340 -6930551
7964934 -6924993
7968040 -6921234
7979488 -6907324
7984409 -6901341
7993195 -6890614
8013993 -6864916
8023754 -6852780
8028529 -6846842
8029995 -6845017
8039921 -6832651
8050487 -6819450
8067828 -6797641
8096720 -6761239
8106896 -6748389
8115620 -6737372
8122380 -6728787
8123995 -6726735
8129205 -6720107
8131166 -6717610
8143842 -6701414
8155075 -6686853
8161732 -6678221
8174432 -6661738
8176887 -6658507
8187247 -6644830
8190828 -6640099
8197076 -6631841
8201326 -6626174
8209207 -6615663
8210949 -6613294
8218458 -6602998
8233882 -6581713
8252713 -6555718
8260213 -6545258
8263099 -6541229
8272349 -6528312
8278290 -6519980
8284414 -6511382
8293257 -6498871
8297343 -6493074
8303911 -6483731
8305890 -6480914
8308231 -6477578
8321680 -6458388
8323079 -6456378
8328516 -6448563
8333232 -6441746
8338369 -6434283
8354187 -6411251
8360075 -6402629
8363518 -6397580
8370410 -6387407
8377821 -6376467
8382235 -6369927
8385841 -6364576
8395817 -6349725
8397316 -6347493
8403834 -6337751
8407081 -6332861
8412120 -6325266
8412863 -6324145
8417616 -6316971
8423911 -6307378
8433168 -6293228
8438513 -6285015
8444400 -6275958
8449386 -6268281
8452227 -6263890
8471034 -6234769
8477959 -6224041
8488749 -6207299
8492787 -6200983
8495628 -6196523
8499971 -6189687
8502829 -6185168
8504895 -6181893
8505713 -6180596
8510074 -6173641
8519107 -6159225
8524829 -6150048
8538598 -6127927
8547060 -6114330
8550839 -6108255
8554562 -6102241
8566684 -6082386
8568013 -6080206
8574971 -6068787
8578514 -6062937
8580228 -6060106
8591640 -6041247
8593822 -6037638
8603332 -6021857
8604728 -6019531
8617752 -5997794
8622733 -5989472
8627665 -5981221
8631324 -5975087
8638154 -5963497
8652438 -5939241
8653502 -5937434
8660199 -5926050
8663977 -5919577
8667008 -5914329
8672713 -5904450
8677819 -5895567
8690053 -5874273
8698748 -5859137
8707067 -5844576
8712204 -5835557
8718249 -5824875
8723677 -5815228
8728994 -5805776
8732340 -5799809
8738464 -5788853
8747180 -5773178
8751875 -5764671
8754301 -5760256
8756113 -5756938
8758450 -5752656
8762796 -5744675
8765622 -5739479
8776463 -5719501
8786364 -5701245
8790764 -5693123
8797209 -5681200
8803813 -5668944
8805813 -5665216
8811881 -5653867
8816149 -5645843
8821243 -5636257
8828213 -5623124
8835112 -5610062
8840174 -5600466
8841096 -5598710
8846261 -5588790
8853631 -5574621
8862525 -5557487
8872210 -5538733
8876334 -5530702
8878311 -5526850
8879863 -5523815
8885682 -5512416
8886820 -5510171
8888727 -5506407
8892363 -5499217
8895997 -5492030
8897825 -5488406
8905171 -5473773
8909425 -5465280
8911232 -5461579
8915900 -5452003
8927296 -5428592
8936215 -5410245
8938996 -5404521
8944418 -5393289
8949422 -5382880
8963212 -5354042
8965430 -5349402
8971344 -5337029
8977566 -5323906
8980164 -5318412
8982689 -5313019
8984086 -5310027
8986589 -5304664
8987374 -5302975
8993114 -5290585
8998217 -5279545
9002919 -5269358
9007763 -5258837
9018743 -5234967
9034569 -5200382
9038345 -5192098
9044880 -5177647
9049216 -5167999
9055149 -5154644
9056147 -5152392
9057747 -5148780
9069149 -5122972
9072027 -5116351
9076975 -5104867
9084237 -5087949
9088854 -5077182
9093382 -5066593
9097160 -5057744
9101269 -5048066
9106366 -5035880
9113682 -5018327
9125932 -4988838
9128084 -4983640
9134527 -4968034
9158639 -4909563
9169094 -4884196
9170018 -4881953
9173038 -4874618
9174144 -4871930
9182061 -4852605
9187306 -4839669
9189295 -4834733
9192031 -4827939
9197829 -4813523
9200787 -4806116
9208468 -4786881
9210177 -4782601
9214373 -4772021
9219086 -4760071
9225016 -4744993
9227063 -4739721
9228856 -4735084
9232272 -4726243
9239203 -4708230
9248418 -4684121
9253439 -4670967
9255849 -4664621
9262983 -4645831
9265161 -4639957
9271224 -4623512
9276152 -4610131
9279158 -4601939
9282694 -4592267
9291541 -4567974
9293114 -4563648
9294239 -4560553
9308635 -4520803
9311724 -4512132
9315111 -4502576
9324371 -4476288
9330372 -4459106
9337157 -4439599
9341392 -4427414
9344520 -4418362
9348979 -4405175
9350352 -4401114
9352165 -4395714
9353446 -4391883
9358092 -4377834
9361435 -4367708
9366703 -4351749
9369572 -4343039
9376559 -4321788
9381839 -4305716
9382784 -4302817
9388202 -4286009
9391357 -4276214
9395292 -4263900
9399525 -4250634
9404838 -4233605
9414468 -4202405
9416929 -4194416
9421063 -4180993
9424397 -4170167
9427011 -4161665
9431828 -4145983
9434469 -4137367
9441022 -4115980
9448717 -4090797
9450405 -4085246
9451121 -4082870
9453344 -4075458
9455259 -4069048
9460295 -4052149
9462000 -4046424
9463129 -4042632
9465814 -4033572
9468178 -4025584
9472397 -4011285
9476548 -3997207
9482940 -3975518
9488310 -3957285
9491268 -3947225
9495162 -3933791
9500295 -3916005
9501682 -3911182
9504685 -3900731
9505506 -3897865
9506108 -3895762
9506780 -3893381
9509178 -3884828
9511144 -3877782
9513857 -3868056
9515429 -3862420
9528460 -3815518
9531203 -3805629
9535366 -3790616
9537762 -3781959
9542261 -3765677
9543407 -3761480
9550050 -3737099
9553899 -3722922
9554778 -3719644
9558340 -3706359
9562315 -3691474
9564078 -3684855
9569037 -3666228
9570274 -3661546
9574041 -3647278
9574578 -3645222
9577093 -3635582
9582007 -3616674
9584036 -3608846
9585489 -3603238
9595398 -3564882
9601186 -3542470
9602405 -3537735
9608786 -3512618
9614769 -3489017
9615909 -3484508
9620672 -3465546
9629702 -3429308
9631095 -3423713
9631322 -3422796
9634757 -3408909
9635903 -3404258
9636134 -3403313
9636800 -3400571
9638287 -3394349
9642513 -3376519
9648678 -3350370
9650139 -3344058
9654728 -3324170
9655420 -3321151
9656566 -3316150
9661804 -3293255
9662650 -3289534
9663119 -3287469
9669358 -3259526
9670439 -3254682
9671559 -3249612
9673300 -3241685
9676793 -3225769
9677036 -3224659
9677912 -3220640
9680374 -3209067
9683284 -3195347
9686114 -3181975
9686788 -3178788
9688858 -3168923
9692825 -3149953
9696148 -3133935
9696732 -3131117
9701867 -3106252
9706276 -3084893
9710739 -3063075
9712499 -3054332
9714718 -3043297
9719267 -3020520
9719931 -3017194
9725514 -2989190
9730919 -2962053
9732303 -2955104
9737238 -2930161
9742144 -2904679
9744107 -2894224
9745043 -2889194
9748827 -2868857
9753063 -2845982
9754922 -2835933
9756087 -2829526
9758423 -2816390
9762360 -2794127
9764593 -2781465
9766205 -2772304
9771624 -2741289
9776357 -2714195
9777991 -2704644
9779269 -2697110
9783457 -2672399
9785210 -2661882
9786547 -2653615
9791664 -2621939
9792748 -2615208
9797782 -2583943
9802128 -2556932
9809194 -2512616
9811804 -2496121
9815312 -2473851
9816674 -2465013
9817942 -2456629
9818447 -2453270
9820974 -2436416
9821421 -2433421
9822076 -2428981
9823244 -2421063
9823813 -2417119
9824527 -2412166
9825020 -2408745
9826061 -2401498
9827175 -2393739
9830644 -2369570
9831227 -2365498
9832283 -2358119
9832960 -2353386
9836536 -2328039
9838163 -2316463
9838606 -2313289
9840017 -2303133
9841927 -2289265
9845679 -2261675
9848056 -2244097
9853636 -2201797
9856341 -2181217
9858199 -2167059
9858696 -2163227
9859354 -2158091
9860188 -2151558
9860914 -2145866
9862202 -2135747
9863187 -2127940
9865400 -2110372
9867800 -2091285
9869555 -2077271
9871104 -2064844
9872708 -2051933
9875913 -2026077
9877254 -2015191
9878110 -2008239
9878655 -2003695
9879395 -1997519
9880223 -1990524
9880924 -1984486
9883239 -1964439
9884403 -1954297
9884452 -1953868
9885066 -1948487
9889450 -1910061
9889904 -1906028
9890995 -1896327
9892006 -1887239
9892349 -1884135
9892829 -1879749
9893332 -1875142
9894459 -1864811
9895839 -1851929
9896998 -1841048
9899150 -1820491
9900140 -1811024
9900637 -1806139
9902935 -1783540
9907388 -1738852
9908657 -1725729
9910069 -1711075
9913383 -1676563
9914172 -1668323
9914743 -1662133
9914846 -1661010
9916054 -1647593
9917411 -1632477
9919318 -1611207
9921204 -1590075
9923161 -1567909
9923995 -1558432
9924262 -1555385
9924961 -1547378
9926294 -1532009
9926616 -1528219
9928198 -1509378
9929198 -1497366
9931045 -1474719
9931697 -1466523
9932722 -1453605
9937325 -1394465
9938277 -1382189
9940053 -1359286
9941767 -1337129
9943169 -1318953
9944956 -1295491
9947440 -1262581
9949298 -1237896
9950698 -1219171
9951137 -1212937
9952474 -1193899
9954595 -1163657
9955110 -1156278
9956323 -1138640
9957217 -1125461
9957355 -1123412
9959082 -1097444
9959586 -1089832
9960154 -1081045
9961484 -1060280
9962102 -1050613
9963219 -1032814
9963699 -1025016
9964236 -1016258
9965324 -998404
9965915 -988324
9967784 -956428
9970779 -904907
9970997 -901136
9971445 -893365
9972097 -882019
9973167 -863149
9974635 -837190
9975494 -820891
9976923 -793379
9978363 -764270
9978543 -760619
9978670 -757820
9979493 -739650
9979814 -732524
9980229 -723297
9980777 -711064
9981462 -695171
9981893 -685003
9983072 -656541
9984435 -623191
9984532 -620558
9984944 -609186
9985098 -604811
9985712 -587361
9985804 -584650
9985855 -583078
9985959 -579812
9986168 -573120
9986226 -571112
9986428 -563792
9986877 -547352
9987397 -527987
9987425 -526929
9987674 -516461
9987696 -515470
9988105 -496893
9988594 -474365
9988764 -466412
9988986 -455812
9989077 -451459
9989210 -444636
9989395 -435068
9990779 -361383
9991341 -327575
9991795 -299521
9991895 -292949
9992071 -281370
9992337 -263729
9992576 -245790
9992650 -240205
9992699 -236141
9992877 -221138
9993022 -208222
9993376 -176686
9993405 -174089
9993603 -154571
9993764 -138692
9993914 -122509
9993946 -119019
9994084 -103185
9994140 -91519
9994237 -70326
9994244 -67138
9994257 -54715
9994276 -5683
9994278 6997
9994239 39779
9994218 44873
9994092 71366
9993947 96886
9993927 100283
9993833 115115
9993726 131866
9993637 141370
9993569 148446
9992931 208411
9992856 215391
9992782 221749
9992697 228370
9992638 232479
9992487 242444
9992428 246173
9991991 273792
9991656 294032
9991127 325862
9990887 340025
9990660 352413
9990479 361928
9990097 381578
9989420 415062
9989145 428257
9988862 441767
9988461 459974
9987964 478783
9987325 502275
9986996 513757
9986292 538263
9985221 574395
9984394 601406
9984282 605025
9983995 614163
9983933 616121
9983725 622660
9982873 649371
9982706 654593
9982464 662055
9982364 665108
9981901 679141
9981615 687582
9981213 699353
9980134 730520
9979807 739666
9978803 767339
9978327 780451
9977994 788879
9977175 809298
9976255 831577
9974933 862643
9973845 887518
9972706 913312
9971960 930161
9971190 947430
9970771 956773
9970514 962342
9969391 986281
9968087 1014006
9966807 1041194
9966079 1056477
9965098 1075870
9964688 1083860
9963188 1112079
9962342 1127983
9961863 1136873
9961735 1139221
9961597 1141643
9960860 1154466
9959489 1178297
9959090 1185231
9958692 1192045
9958033 1203272
9957528 1211870
9956193 1234551
9956047 1236957
9955690 1242832
9955572 1244731
9954087 1268428
9952981 1286036
9951378 1311331
9950633 1322597
9947945 1362412
9946806 1379114
9946018 1390640
9944601 1411101
9944215 1416623
9943939 1420561
9942328 1443269
9941881 1449539
9941501 1454825
9940945 1462504
9940688 1466020
9939209 1486133
9937620 1507613
9937165 1513719
9936521 1522289
9935997 1529140
9935587 1534440
9934289 1550690
9933190 1564335
9929691 1607365
9928366 1623260
9924487 1669399
9924162 1673172
9923285 1683343
9922702 1690078
9921830 1700089
9920455 1715750
9917639 1747821
9915230 1774745
9913463 1794451
9912746 1802442
9910919 1822338
9909134 1841101
9908745 1845186
9908687 1845786
9904742 1885772
9903927 1893850
9902288 1909477
9901782 1914259
9901251 1919254
9899730 1933521
9897960 1950038
9897174 1957309
9895344 1974062
9893995 1986256
9892384 2000807
9891481 2008877
9890264 2019641
9888439 2035430
9887615 2042505
9886226 2054204
9883569 2076485
9882448 2085756
9880990 2097796
9879490 2110120
9878792 2115793
9876833 2131470
9872380 2166833
9871713 2172008
9870546 2181010
9868921 2193536
9867085 2207601
9864776 2225086
9861115 2252592
9857092 2282655
9854073 2305143
9851237 2326217
9848538 2346092
9847715 2352096
9847474 2353850
9846046 2364226
9844178 2377778
9841922 2393861
9841512 2396743
9840557 2403314
9839123 2413167
9836694 2429713
9833743 2449698
9831531 2464637
9830361 2472529
9829034 2481291
9827516 2491203
9826575 2497268
9823716 2515122
9820674 2533954
9818617 2546645
9817502 2553307
9816051 2561973
9815220 2566898
9814718 2569870
9812388 2583627
9808471 2606626
9807265 2613684
9804151 2631875
9801362 2648120
9798719 2663474
9798556 2664419
9798431 2665141
9796280 2677517
9795175 2683852
9793598 2692871
9791398 2705357
9789108 2718276
9788034 2724333
9787253 2728737
9786083 2735299
9785419 2739023
9783253 2751002
9782762 2753716
9781769 2759161
9779459 2771789
9773011 2806535
9766973 2839021
9764913 2849956
9761532 2867768
9759886 2876412
9754745 2902762
9754285 2905117
9752749 2912923
9752734 2912999
9749485 2929317
9746929 2942073
9746245 2945473
9744918 2952068
9743936 2956918
9742069 2966061
9739390 2979172
9738394 2984046
9734612 3002530
9733057 3010114
9730363 3023232
9728753 3031034
9728465 3032426
9720704 3069837
9719754 3074410
9718800 3078949
9713796 3102683
9713365 3104703
9709736 3121620
9706915 3134751
9700534 3164383
9698438 3173994
9695884 3185637
9692659 3200186
9689389 3214882
9687944 3221329
9682133 3247178
9681223 3251190
9671323 3294671
9660008 3344088
9657953 3353036
9657385 3355493
9655636 3363037
9654135 3369508
9651292 3381739
9646443 3402503
9637136 3442316
9632223 3463272
9628733 3478084
9624577 3495688
9621934 3506878
9621120 3510318
9616887 3528147
9615445 3534206
9610059 3556794
9598883 3603650
9595468 3617962
9593033 3628123
9589627 3642218
9587764 3649919
9586672 3654366
9578969 3685170
9573324 3707584
9570324 3719432
9569514 3722618
9560284 3758756
9553683 3784542
9551852 3791637
9542379 3827972
9539940 3837298
9537048 3848353
9533593 3861548
9532342 3866295
9524892 3894118
9523343 3899865
9521316 3907372
9519774 3913065
9514224 3933515
9504486 3969088
9499904 3985469
9496667 3996958
9495928 3999572
9493128 4009417
9487867 4027838
9480787 4052525
9479388 4057388
9474403 4074602
9473205 4078737
9469369 4091958
9462889 4114106
9456800 4134860
9454818 4141571
9446209 4170695
9445842 4171936
9439216 4194230
9436091 4204736
9432809 4215769
9430415 4223796
9422868 4248947
9415752 4272646
9405117 4308035
9397233 4334229
9394771 4342273
9392220 4350597
9391650 4352443
9391375 4353330
9385528 4372029
9382520 4381618
9378564 4394207
9370819 4418839
9367500 4429382
9366794 4431619
9366136 4433699
9365449 4435853
9359156 4455278
9353145 4473693
9351935 4477387
9351169 4479724
9348726 4487145
9345231 4497696
9343648 4502458
9337164 4521927
9335591 4526644
9332102 4537036
9328679 4547155
9325423 4556743
9309510 4603214
9305993 4613470
9304611 4617475
9303354 4621067
9291886 4653800
9290443 4657910
9286069 4670362
9284306 4675380
9282039 4681744
9280011 4687423
9279624 4688505
9272398 4708390
9271746 4710182
9268223 4719852
9267819 4720958
9267378 4722164
9261333 4738689
9256784 4751104
9254859 4756340
9252901 4761626
9251655 4764961
9247511 4776016
9232937 4814830
9224269 4837871
9222118 4843574
9209660 4876318
9207056 4883149
9197961 4906941
9192625 4920869
9190689 4925905
9182629 4946838
9181691 4949269
9176998 4961378
9171528 4975477
9162725 4998128
9156986 5012877
9154334 5019692
9153871 5020877
9153514 5021789
9152012 5025626
9149086 5033066
9145206 5042887
9141756 5051581
9140633 5054373
9139774 5056494
9139041 5058295
9137068 5063136
9133307 5072364
9131128 5077699
9129609 5081400
9128093 5085089
9126097 5089910
9123464 5096262
9118507 5108203
9117536 5110477
9114085 5118538
9108631 5131255
9102512 5145516
9096004 5160659
9091595 5170915
9090139 5174289
9080453 5196470
9074670 5209707
9069608 5221204
9062919 5236311
9059926 5243030
9046894 5272248
9039981 5287632
9034917 5298881
9032551 5304039
9025656 5318995
9020764 5329560
9013834 5344514
9011112 5350338
9008276 5356388
9005207 5362916
8998284 5377592
8991548 5391854
8987507 5400368
8982315 5411280
8973544 5429489
8969919 5436974
8968259 5440401
8963041 5451131
8959006 5459396
8955848 5465863
8948740 5480231
8944727 5488304
8935756 5506250
8933426 5510906
8928649 5520333
8927081 5523418
8923097 5531245
8919551 5538181
8900027 5576275
8897809 5580585
8885668 5604115
8883450 5608408
8874135 5626423
8871647 5631185
8867686 5638737
8863383 5646891
8859380 5654471
8847357 5677225
8846450 5678933
8836363 5697893
8833727 5702839
8831922 5706192
8827148 5714944
8821716 5724830
8819568 5728733
8812325 5741849
8804729 5755580
8803711 5757418
8800267 5763614
8798194 5767324
8791258 5779667
8788643 5784313
8787213 5786792
8783147 5793830
8778237 5802253
8768274 5819284
8756448 5839474
8752011 5847007
8748590 5852814
8747234 5855096
8745226 5858459
8743111 5861999
8739024 5868823
8735124 5875282
8724616 5892607
8719114 5901659
8715834 5907043
8715134 5908185
8712699 5912148
8710616 5915533
8696836 5937847
8688143 5951822
8685404 5956212
8683174 5959771
8673053 5975916
8668476 5983212
8661483 5994341
8658528 5999028
8654660 6005159
8653481 6007020
8650360 6011930
8642619 6024105
8639259 6029377
8637183 6032633
8617658 6063174
8613665 6069406
8608562 6077243
8595182 6097743
8578527 6123250
8569252 6137430
8555439 6158536
8549705 6167264
8543442 6176774
8540801 6180780
8535849 6188285
8523844 6206476
8519464 6213091
8511550 6224981
8501609 6239723
8493999 6250985
8483762 6266085
8473590 6281037
8464604 6294181
8453504 6310412
8438962 6331408
8424759 6351793
8421615 6356300
8416132 6364131
8411551 6370658
8401448 6385029
8400131 6386899
8391764 6398742
8378979 6416799
8366345 6434640
8363748 6438302
8359299 6444475
8358665 6445352
8351292 6455511
8343845 6465771
8342838 6467157
8339540 6471690
8337796 6474086
8333399 6480095
8327717 6487834
8321784 6495855
8320233 6497937
8315108 6504813
8305105 6518160
8302896 6521091
8293218 6533918
8289030 6539466
8272195 6561665
8265826 6570035
8258964 6579050
8244524 6598005
8239986 6603944
8238143 6606355
8234160 6611563
8214517 6637183
8211995 6640464
8205979 6648253
8193364 6664580
8187622 6671995
8185267 6675034
8183785 6676946
8174967 6688289
8164700 6701494
8161493 6705611
8151479 6718434
8142168 6730323
8133232 6741722
8130387 6745348
8114149 6765778
8106561 6775284
8100549 6782811
8098878 6784889
8091139 6794504
8089493 6796545
8084361 6802885
8082028 6805766
8068540 6822357
8058532 6834628
8054659 6839373
8053991 6840189
8052189 6842387
8043894 6852393
8029050 6870274
8025885 6874085
8012391 6890298
8007798 6895808
8001503 6903354
7977934 6931564
7975813 6934093
7970977 6939859
7959032 6954054
7949428 6965418
7940288 6976176
7937519 6979429
7926132 6992766
7916731 7003764
7911308 7010076
7907922 7013964
7906214 7015900
7890473 7033718
7882985 7042181
7871600 7055031
7860293 7067780
7845524 7084390
7833822 7097494
7825180 7107170
7823736 7108786
7821550 7111229
7818297 7114839
7807967 7126292
7795323 7140307
7789507 7146727
7774464 7163297
7768401 7169970
7762046 7176961
7750495 7189663
7747957 7192447
7743892 7196895
7742141 7198795
7733578 7208070
7723568 7218907
7719541 7223260
7710650 7232851
7708129 7235556
7706836 7236933
7694627 7249876
7692221 7252415
7682406 7262651
7677066 7268220
7662911 7282934
7650089 7296257
7635921 7310971
7617088 7330426
7600128 7347861
7595357 7352758
7592651 7355517
7580655 7367721
7580344 7368037
7568349 7380140
7564034 7384492
7562055 7386479
7547727 7400827
7544817 7403738
7541681 7406873
7536713 7411839
7528073 7420435
7523317 7425166
7499079 7449267
7492788 7455445
7476279 7471617
7473523 7474302
7464492 7483099
7455207 7492124
7441676 7505258
7440801 7506103
7421002 7525210
7408728 7537001
7397435 7547805
7393874 7551202
7393469 7551582
7364247 7578994
7352163 7590308
7344308 7597653
7333497 7607726
7302799 7636216
7297975 7640679
7297481 7641136
7295719 7642760
7285267 7652363
7281262 7656027
7276286 7660576
7264675 7671188
7254751 7680247
7244399 7689649
7241613 7692178
7232843 7700131
7217727 7713819
7207920 7722685
7205179 7725157
7200226 7729615
7196493 7732965
7192235 7736774
7180024 7747652
7177576 7749831
7156776 7768341
7154004 7770807
7145259 7778520
7131151 7790925
7130139 7791802
7114792 7805090
7109950 7809277
7098530 7819146
7092587 7824280
7081909 7833483
7067025 7846241
7048177 7862395
7028502 7879237
7023717 7883328
7020838 7885780
7014829 7890893
7007461 7897149
6978997 7921309
6961639 7936004
6932994 7960022
6927787 7964385
6923801 7967724
6896125 7990878
6888968 7996836
6878952 8005173
6876264 8007392
6874790 8008599
6861553 8019414
6851443 8027629
6844064 8033620
6838821 8037851
6833050 8042480
6831184 8043976
6826606 8047642
6816648 8055585
6809568 8061214
6800284 8068547
6796950 8071180
6787820 8078390
6768279 8093680
6767242 8094491
6761911 8098656
6760136 8100031
6743868 8112632
6734446 8119917
6716029 8133942
6703541 8143435
6699176 8146752
6689754 8153885
6680701 8160723
6672757 8166711
6668959 8169542
6648095 8185071
6641621 8189863
6636316 8193751
6606002 8215949
6596544 8222869
6593925 8224782
6590127 8227555
6586432 8230237
6582765 8232897
6575878 8237887
6563808 8246595
6537774 8265342
6528332 8272140
6526161 8273702
6518308 8279318
6515289 8281450
6511260 8284295
6505082 8288617
6502570 8290373
6495837 8295047
6479842 8306062
6452855 8324598
6442789 8331483
6418920 8347747
6415763 8349898
6414799 8350552
6407377 8355558
6403369 8358260
6398140 8361709
6392819 8365212
6388645 8367952
6378234 8374736
6373224 8377992
6370958 8379456
6363931 8383988
6360268 8386348
6334382 8402960
6313237 8416398
6306335 8420761
6292720 8429358
6282219 8435986
6276993 8439283
6249017 8456911
6235628 8465302
6221309 8474255
6213252 8479277
6209427 8481658
6196937 8489348
6195336 8490328
6192456 8492089
6191475 8492688
6169368 8506172
6158609 8512734
6139589 8524272
6137148 8525742
6124439 8533392
6111328 8541266
6105962 8544486
6084926 8557108
6075333 8562851
6070547 8565715
6053373 8575974
6040417 8583692
6030604 8589521
6015191 8598676
6006245 8603964
5997537 8609110
5995541 8610285
5991808 8612477
5969461 8625570
5944008 8640342
5923938 8651954
5894802 8668795
5891579 8670648
5864614 8686096
5843921 8697944
5834784 8703145
5828530 8706701
5819715 8711696
5811150 8716547
5794226 8726113
5783044 8732408
5766568 8741640
5761169 8744659
5750919 8750302
5742391 8754994
5710859 8772335
5704856 8775636
5695606 8780716
5674299 8792412
5671514 8793940
5655781 8802544
5643099 8809470
5638652 8811893
5622829 8820512
5595474 8835402
5587540 8839710
5578272 8844738
5573228 8847449
5569371 8849520
5563408 8852720
5552173 8858721
5544553 8862761
5534266 8868193
5530371 8870243
5524674 8873238
5517789 8876827
5515085 8878230
5504176 8883883
5492850 8889748
5471649 8900670
5466407 8903365
5447050 8913274
5435726 8919051
5419104 8927473
5410700 8931690
5398312 8937866
5380105 8946931
5366732 8953556
5363474 8955169
5341438 8966044
5338915 8967289
5337373 8968047
5328581 8972340
5321027 8976017
5317744 8977615
5314561 8979154
5287645 8992058
5275185 8997999
5262640 9003974
5255108 9007534
5227281 9020549
5218161 9024807
5213689 9026890
5202172 9032224
5175763 9044389
5152404 9055143
5143403 9059266
5123087 9068399
5098817 9079309
5094191 9081379
5076853 9089137
5058101 9097524
5046534 9102682
5036882 9106957
5027053 9111302
5001535 9122573
4990169 9127572
4987383 9128779
4983760 9130341
4981016 9131522
4973414 9134786
4967575 9137269
4964086 9138752
4960434 9140300
4940547 9148588
4925274 9154933
4903247 9164061
4887862 9170428
4884527 9171789
4875142 9175607
4868442 9178319
4840454 9189604
4829474 9194021
4822441 9196840
4798493 9206355
4783603 9212257
4779625 9213831
4773205 9216354
4744130 9227713
4731264 9232735
4729888 9233272
4724863 9235230
4708095 9241730
4705924 9242568
4689351 9248947
4662315 9259312
4652356 9263130
4639052 9268184
4635200 9269645
4628158 9272315
4614848 9277358
4609988 9279198
4592058 9285972
4581298 9290024
4577258 9291545
4567355 9295255
4555692 9299619
4544762 9303702
4537507 9306388
4525454 9310828
4514589 9314803
4506804 9317645
4497674 9320974
4485627 9325340
4474723 9329235
4457947 9335188
4454550 9336393
4432941 9344009
4430814 9344758
4428507 9345569
4423894 9347186
4421622 9347977
4419753 9348627
4419008 9348884
4398593 9355909
4385917 9360198
4382671 9361296
4375644 9363654
4362789 9367959
4359976 9368901
4351961 9371550
4350096 9372162
4339455 9375632
4324975 9380341
4323634 9380776
4313427 9384068
4299973 9388406
4293458 9390503
4264899 9399686
4246936 9405461
4233151 9409883
4206215 9418490
4193598 9422482
4188289 9424154
4182962 9425831
4167854 9430578
4163165 9432049
4153898 9434941
4150232 9436071
4144794 9437723
4140844 9438910
4120144 9445119
4112513 9447405
4062802 9462214
4045393 9467349
4038124 9469486
4017728 9475482
4004575 9479343
4003228 9479738
3990107 9483580
3983830 9485402
3980912 9486248
3974727 9488030
3964400 9490981
3960807 9492002
3934071 9499599
3923186 9502651
3910301 9506259
3908265 9506828
3893205 9511019
3867122 9518174
3858171 9520629
3853135 9522001
3843532 9524596
3837694 9526166
3836656 9526442
3817798 9531451
3800725 9535985
3795777 9537298
3792079 9538276
3787277 9539535
3769474 9544188
3767606 9544674
3764276 9545534
3729940 9554334
3714841 9558182
3701561 9561558
3645516 9575766
3632344 9579099
3617647 9582754
3567345 9595036
3555639 9597861
3531097 9603780
3525764 9605063
3522154 9605927
3506252 9609730
3501458 9610868
3476182 9616851
3475155 9617094
3462341 9620115
3445165 9624151
3443424 9624558
3434859 9626557
3409690 9632431
3390488 9636893
3380620 9639179
3351140 9646008
3344777 9647461
3329861 9650849
3286447 9660667
3283527 9661320
3273531 9663548
3254239 9667817
3244641 9669932
3240348 9670874
3210855 9677318
3200296 9679623
3197565 9680219
3193571 9681077
3188324 9682204
3179765 9684022
3162385 9687711
3153605 9689564
3137713 9692904
3124083 9695765
3112728 9698137
3109766 9698754
3096301 9701540
3090213 9702790
3077164 9705462
3068044 9707326
3059891 9708991
3042656 9712506
3031362 9714783
3000919 9720892
2993162 9722446
2987518 9723576
2973576 9726340
2957568 9729473
2956571 9729668
2950207 9730905
2937787 9733301
2933903 9734043
2930825 9734624
2924223 9735868
2901504 9740144
2890057 9742290
2881640 9743864
2879974 9744174
2864615 9746984
2844109 9750735
2826664 9753924
2809687 9757025
2780651 9762265
2769065 9764343
2766062 9764874
2759948 9765944
2753624 9767043
2739834 9769417
2698049 9776379
2685206 9778502
2669174 9781136
2657782 9782989
2647391 9784677
2622695 9788683
2617992 9789438
2607210 9791154
2600684 9792180
2591413 9793634
2587418 9794259
2577101 9795870
2551068 9799934
2548381 9800352
2537241 9802084
2519998 9804764
2510222 9806277
2479881 9810960
2451626 9815242
2408111 9821775
2404135 9822367
2382797 9825533
2365570 9828072
2357962 9829187
2356304 9829429
2344348 9831172
2335626 9832442
2324092 9834108
2304047 9836925
2264845 9842427
2245326 9845160
2230227 9847263
2215343 9849326
2209960 9850066
2196009 9851965
2187504 9853119
2176344 9854608
2167446 9855782
2162545 9856428
2154281 9857506
2151895 9857817
2140025 9859362
2137413 9859700
2122737 9861598
2103930 9864009
2100826 9864406
2084832 9866444
2082636 9866721
2052979 9870397
2042610 9871663
2029781 9873227
2026534 9873622
2010577 9875557
2005771 9876124
1981972 9878915
1969136 9880397
1964724 9880904
1961387 9881287
1942277 9883479
1929315 9884946
1925812 9885341
1895472 9888758
1891188 9889236
1884707 9889953
1862929 9892353
1840807 9894779
1831849 9895752
1798526 9899362
1788269 9900453
1774724 9901862
1764911 9902879
1757098 9903674
1740146 9905397
1730328 9906373
1715318 9907863
1690648 9910309
1650046 9914243
1644507 9914778
1631880 9915988
1616691 9917434
1599257 9919017
1579929 9920771
1569253 9921732
1514557 9926595
1510595 9926945
1506078 9927343
1490718 9928692
1482096 9929439
1446250 9932543
1444446 9932699
1431869 9933769
1419772 9934781
1392228 9937035
1386318 9937517
1368602 9938961
1342993 9941020
1327099 9942286
1317911 9943015
1301974 9944270
1285664 9945540
1273528 9946438
1253838 9947892
1243499 9948652
1215150 9950679
1190836 9952374
1177563 9953295
1171896 9953687
1140188 9955843
1130056 9956528
1120165 9957189
1095687 9958813
1086963 9959379
1070090 9960468
1063573 9960882
1055738 9961376
1041410 9962264
1024720 9963294
1011778 9964082
1007797 9964320
1002511 9964631
984213 9965703
979921 9965937
959288 9967007
914455 9969133
896894 9969950
891525 9970187
876965 9970819
858145 9971634
826093 9972983
820575 9973215
809445 9973661
799163 9974061
776467 9974938
742351 9976194
681027 9978346
671873 9978664
666087 9978864
655520 9979229
630006 9980105
627972 9980171
614895 9980582
598207 9981101
583825 9981529
552544 9982450
539305 9982838
535994 9982935
529683 9983119
508290 9983714
467771 9984834
448142 9985371
441108 9985558
407801 9986434
395842 9986746
380108 9987135
368369 9987390
367304 9987410
343458 9987852
318593 9988311
311166 9988445
294744 9988740
286972 9988852
270053 9989080
266986 9989119
256745 9989247
227215 9989591
223477 9989628
210122 9989742
183312 9989970
167160 9990095
145141 9990260
131332 9990356
111551 9990490
94313 9990589
81036 9990655
62726 9990733
37106 9990832
19030 9990889
17653 9990891
-11625 9990912
-33591 9990917
-40105 9990916
-42353 9990915
-63219 9990897
-71376 9990888
-79727 9990878
-102727 9990848
-106440 9990843
-118265 9990827
-173381 9990737
-180577 9990715
-191068 9990681
-194475 9990667
-240854 9990421
-265328 9990288
-282138 9990180
-308875 9989991
-332724 9989811
-345434 9989715
-361817 9989591
-365106 9989564
-378490 9989450
-405157 9989176
-428985 9988842
-442555 9988647
-464605 9988323
-469330 9988253
-505295 9987662
-515136 9987492
-531561 9987183
-567966 9986441
-573723 9986318
-583918 9986096
-604571 9985629
-622465 9985224
-631048 9985027
-635786 9984908
-654517 9984423
-663873 9984171
-667771 9984064
-671451 9983957
-689260 9983431
-731550 9982143
-751269 9981531
-795445 9980150
-797764 9980077
-811271 9979590
-818209 9979339
-824648 9979095
-830853 9978858
-836496 9978642
-855051 9977930
-865034 9977539
-892801 9976451
-914497 9975573
-939471 9974550
-961637 9973620
-974805 9973067
-979844 9972855
-985729 9972601
-1016375 9971277
-1021975 9971032
-1059606 9969381
-1093872 9967852
-1099468 9967601
-1100214 9967567
-1124302 9966460
-1134887 9965972
-1142088 9965630
-1155679 9964946
-1162737 9964583
-1177369 9963824
-1215468 9961810
-1226909 9961195
-1237419 9960629
-1239744 9960503
-1253307 9959745
-1292178 9957570
-1307048 9956732
-1338061 9954958
-1359892 9953708
-1397421 9951530
-1411513 9950703
-1424421 9949923
-1441747 9948830
-1462195 9947531
-1498297 9945235
-1504976 9944808
-1517580 9943963
-1541526 9942351
-1550354 9941747
-1552404 9941603
-1554742 9941433
-1557953 9941198
-1566308 9940580
-1571813 9940170
-1590709 9938756
-1600030 9938058
-1623023 9936333
-1631333 9935707
-1646085 9934591
-1684794 9931659
-1698896 9930590
-1705798 9930065
-1725086 9928587
-1735802 9927752
-1757761 9926021
-1796791 9922884
-1800502 9922585
-1817593 9921202
-1832084 9920023
-1844621 9918992
-1857145 9917944
-1871667 9916722
-1882681 9915778
-1892698 9914918
-1895672 9914660
-1901984 9914101
-1916827 9912765
-1924243 9912088
-1967327 9907962
-1979480 9906740
-1980679 9906619
-1991621 9905501
-2009673 9903635
-2030394 9901486
-2040426 9900444
-2058367 9898554
-2067978 9897529
-2083048 9895901
-2084453 9895749
-2091375 9894998
-2101570 9893883
-2108801 9893091
-2120582 9891800
-2131588 9890592
-2139396 9889723
-2141656 9889471
-2153752 9888098
-2179855 9885130
-2199156 9882902
-2235472 9878625
-2241588 9877902
-2259951 9875723
-2270302 9874476
-2286637 9872487
-2292419 9871775
-2316198 9868843
-2332130 9866876
-2347740 9864915
-2367480 9862410
-2381756 9860595
-2392186 9859219
-2406833 9857286
-2416521 9856007
-2418470 9855747
-2428406 9854419
-2440089 9852855
-2446944 9851935
-2477758 9847733
-2490381 9845978
-2495445 9845248
-2505970 9843726
-2508257 9843395
-2520183 9841664
-2530025 9840233
-2551722 9837052
-2565416 9834981
-2573058 9833809
-2592788 9830774
-2615064 9827333
-2625112 9825771
-2633860 9824402
-2661665 9820037
-2694706 9814824
-2695640 9814676
-2702701 9813553
-2735197 9808347
-2747723 9806325
-2758101 9804623
-2768753 9802867
-2776169 9801636
-2786266 9799952
-2799616 9797688
-2805358 9796681
-2809838 9795888
-2835224 9791295
-2839142 9790579
-2842622 9789942
-2872182 9784508
-2894346 9780432
-2921663 9775382
-2929213 9773973
-2936033 9772697
-2962013 9767833
-2992108 9762149
-3015230 9757742
-3024466 9755970
-3036141 9753726
-3041625 9752671
-3061513 9748805
-3070061 9747138
-3088660 9743483
-3107882 9739683
-3113957 9738469
-3127782 9735688
-3150499 9731102
-3157019 9729771
-3195188 9721942
-3221299 9716580
-3225166 9715784
-3230409 9714702
-3238372 9713054
-3245308 9711611
-3251682 9710281
-3257404 9709072
-3273536 9705636
-3283379 9703524
-3293712 9701298
-3307682 9698273
-3315110 9696657
-3336460 9692005
-3369444 9684710
-3385143 9681194
-3394923 9678986
-3406495 9676359
-3417640 9673827
-3428142 9671425
-3449572 9666494
-3471471 9661438
-3483797 9658584
-3492743 9656512
-3498209 9655236
-3532690 9647146
-3539725 9645485
-3559098 9640895
-3571485 9637939
-3583396 9635081
-3597304 9631718
-3598456 9631438
-3621314 9625874
-3636178 9622250
-3649698 9618910
-3660177 9616261
-3667466 9614380
-3677917 9611663
-3686668 9609387
-3704871 9604639
-3720445 9600536
-3725418 9599220
-3737732 9595961
-3754957 9591389
-3784288 9583594
-3803500 9578484
-3816699 9574949
-3833308 9570480
-3835867 9569789
-3849793 9565979
-3855071 9564525
-3859990 9563160
-3866207 9561417
-3869290 9560550
-3877245 9558306
-3891928 9554107
-3897765 9552437
-3913343 9547960
-3930473 9543026
-3940244 9540210
-3946804 9538302
-3978054 9529155
-3993925 9524466
-4001577 9522201
-4006600 9520706
-4027021 9514611
-4048846 9508096
-4066037 9502953
-4078340 9499268
-4099894 9492798
-4111789 9489189
-4136183 9481773
-4174709 9470050
-4190039 9465385
-4195729 9463642
-4210894 9458987
-4227622 9453735
-4240246 9449771
-4243886 9448619
-4254478 9445249
-4278076 9437698
-4279594 9437204
-4283564 9435911
-4293973 9432511
-4307985 9427909
-4313797 9425996
-4331929 9419958
-4337138 9418223
-4348151 9414543
-4362884 9409585
-4366821 9408260
-4375067 9405475
-4381757 9403206
-4412300 9392841
-4428298 9387389
-4437047 9384395
-4444969 9381682
-4450983 9379619
-4460608 9376309
-4488376 9366677
-4491156 9365711
-4498629 9363114
-4511715 9358555
-4526141 9353520
-4556028 9342980
-4570033 9338035
-4582585 9333556
-4593195 9329757
-4596705 9328500
-4612262 9322910
-4628254 9317117
-4639109 9313179
-4643143 9311715
-4653148 9308036
-4663225 9304326
-4674141 9300282
-4678052 9298831
-4698122 9291360
-4709460 9287132
-4710345 9286800
-4733566 9277965
-4745628 9273359
-4751527 9271101
-4757853 9268660
-4784403 9258383
-4798707 9252834
-4801193 9251868
-4804682 9250496
-4809012 9248786
-4811172 9247931
-4812517 9247397
-4817931 9245239
-4823092 9243169
-4836088 9237954
-4844979 9234383
-4852683 9231285
-4862419 9227361
-4878174 9221010
-4880710 9219981
-4884450 9218461
-4895439 9213984
-4903689 9210610
-4939323 9195853
-4951733 9190685
-4961387 9186664
-4965986 9184748
-4973858 9181468
-4999126 9170934
-5016980 9163470
-5023459 9160754
-5028795 9158501
-5035459 9155652
-5050977 9149017
-5062770 9143918
-5071278 9140210
-5078487 9137046
-5086497 9133520
-5114740 9120988
-5115767 9120532
-5127556 9115292
-5137295 9110960
-5149888 9105343
-5164844 9098614
-5166934 9097672
-5184647 9089648
-5195113 9084857
-5211617 9077261
-5233876 9066940
-5268994 9050622
-5270845 9049742
-5274713 9047890
-5286512 9042232
-5304029 9033785
-5309246 9031262
-5324860 9023669
-5325707 9023257
-5331788 9020293
-5335763 9018351
-5343608 9014508
-5358158 9007331
-5363283 9004801
-5366399 9003257
-5395981 8988587
-5411267 8981000
-5420718 8976307
-5428862 8972259
-5432589 8970404
-5441283 8966059
-5451895 8960734
-5461272 8956014
-5467356 8952943
-5473215 8949960
-5478820 8947105
-5487121 8942800
-5502885 8934577
-5511011 8930333
-5517523 8926911
-5525903 8922468
-5545072 8912272
-5546568 8911474
-5561362 8903580
-5588676 8888968
-5595601 8885257
-5607187 8879014
-5609553 8877737
-5615744 8874392
-5619373 8872429
-5621721 8871158
-5639632 8861454
-5651042 8855270
-5656232 8852455
-5663754 8848343
-5668559 8845712
-5670763 8844500
-5673444 8843023
-5681450 8838610
-5690295 8833728
-5692131 8832711
-5718165 8818280
-5726445 8813683
-5734702 8809037
-5747348 8801891
-5752781 8798805
-5762414 8793333
-5766976 8790732
-5774055 8786650
-5778483 8784094
-5779426 8783548
-5786395 8779509
-5801016 8771024
-5809260 8766234
-5815115 8762825
-5826326 8756258
-5838087 8749331
-5862943 8734681
-5869682 8730701
-5873929 8728189
-5877673 8725958
-5886099 8720931
-5895983 8715003
-5911887 8705403
-5924341 8697858
-5933471 8692298
-5977395 8665245
-5990496 8657117
-5991553 8656461
-5998608 8652063
-6002060 8649907
-6019154 8639205
-6037708 8627450
-6039780 8626131
-6049007 8620238
-6051763 8618463
-6067888 8608009
-6078070 8601402
-6085789 8596369
-6091043 8592940
-6097747 8588541
-6099467 8587398
-6105879 8583118
-6107225 8582219
-6115557 8576643
-6116942 8575709
-6126313 8569326
-6130949 8566162
-6145155 8556439
-6153501 8550710
-6181894 8531202
-6187101 8527623
-6190620 8525202
-6194469 8522535
-6205731 8514712
-6212684 8509836
-6216208 8507362
-6225303 8500973
-6248061 8484980
-6255407 8479795
-6257433 8478356
-6272539 8467577
-6274186 8466400
-6292233 8453428
-6303841 8445078
-6320764 8432893
-6326449 8428790
-6334565 8422928
-6336014 8421880
-6345437 8415056
-6363123 8402241
-6370650 8396773
-6385876 8385700
-6401347 8374253
-6412551 8365953
-6424551 8357041
-6427489 8354858
-6431751 8351688
-6433773 8350184
-6445097 8341741
-6460885 8329938
-6476043 8318424
-6494366 8304483
-6510711 8292046
-6513540 8289880
-6518571 8286003
-6519664 8285160
-6522703 8282805
-6536072 8272438
-6541339 8268322
-6549950 8261534
-6560643 8253082
-6563669 8250690
-6567462 8247658
-6580521 8237196
-6593441 8226834
-6595733 8224995
-6607468 8215554
-6610381 8213204
-6620684 8204889
-6627365 8199487
-6638719 8190253
-6640867 8188505
-6649096 8181783
-6653932 8177804
-6655574 8176450
-6677636 8158194
-6689870 8148067
-6694174 8144502
-6699759 8139873
-6727496 8116794
-6731016 8113863
-6741498 8105092
-6749330 8098515
-6755520 8093304
-6763963 8086191
-6778504 8073830
-6780803 8071869
-6783489 8069573
-6795383 8059359
-6803009 8052785
-6806067 8050131
-6806803 8049490
-6815091 8042263
-6831178 8028233
-6863500 7999945
-6875245 7989663
-6882982 7982822
-6883393 7982456
-6889448 7977062
-6915691 7953546
-6933944 7937173
-6940577 7931211
-6940696 7931104
-6943111 7928921
-6954737 7918291
-6964118 7909712
-6976200 7898631
-6998719 7877714
-7008530 7868585
-7011451 7865865
-7015089 7862468
-7022712 7855328
-7026976 7851331
-7028392 7850001
-7030433 7848083
-7034351 7844396
-7036186 7842666
-7049017 7830501
-7056271 7823605
-7067556 7812833
-7079484 7801420
-7090010 7791320
-7101217 7780557
-7111072 7771092
-7113435 7768822
-7132593 7750219
-7137188 7745704
-7140749 7742189
-7149375 7733660
-7156959 7726157
-7180250 7703066
-7184486 7698863
-7189035 7694346
-7191714 7691673
-7197348 7686035
-7211264 7672091
-7225236 7658072
-7239177 7644082
-7247263 7635874
-7264750 7618108
-7267466 7615339
-7270393 7612354
-7280196 7602343
-7284711 7597728
-7287265 7595114
-7289456 7592867
-7304295 7577643
-7325412 7555959
-7331834 7549350
-7337180 7543836
-7340407 7540503
-7344546 7536223
-7350413 7530146
-7351862 7528645
-7357180 7523116
-7362989 7517056
-7371850 7507761
-7382919 7496114
-7401133 7476914
-7417446 7459656
-7431947 7444295
-7439416 7436377
-7449501 7425681
-7461522 7412850
-7468586 7405290
-7478130 7395067
-7487186 7385366
-7502754 7368654
-7520698 7349384
-7521225 7348818
-7531999 7337240
-7540519 7328044
-7544593 7323625
-7554558 7312812
-7561970 7304721
-7576673 7288627
-7579423 7285604
-7600411 7262419
-7618268 7242582
-7626619 7233290
-7629561 7230013
-7632988 7226192
-7637531 7221116
-7640628 7217652
-7641509 7216665
-7647389 7210076
-7667425 7187582
-7672115 7182306
-7674712 7179378
-7676058 7177854
-7699243 7151380
-7702866 7147243
-7706390 7143209
-7713214 7135383
-7725599 7121170
-7728609 7117703
-7741107 7103245
-7761457 7079643
-7769417 7070401
-7774561 7064414
-7775053 7063840
-7785352 7051803
-7789280 7047192
-7802061 7032158
-7810556 7022146
-7816552 7015067
-7828411 7001051
-7840793 6986412
-7848361 6977456
-7858206 6965768
-7874322 6946606
-7880240 6939560
-7887676 6930667
-7892130 6925309
-7897687 6918614
-7907926 6906262
-7911950 6901403
-7932147 6876843
-7943453 6863029
-7945298 6860760
-7961862 6840372
-7970289 6829990
-7980230 6817690
-7999185 6794211
-8004414 6787725
-8011882 6778458
-8016031 6773305
-8037895 6746150
-8039140 6744603
-8053548 6726699
-8061689 6716520
-8065355 6711909
-8074687 6700145
-8086220 6685502
-8093086 6676773
-8103283 6663705
-8107594 6658168
-8112222 6652214
-8119491 6642830
-8133273 6624882
-8135476 6622008
-8139174 6617169
-8147810 6605832
-8147991 6605594
-8157858 6592612
-8176058 6568627
-8208416 6525959
-8209430 6524621
-8217124 6514437
-8221611 6508493
-8226546 6501900
-8229606 6497800
-8233629 6492407
-8244384 6477964
-8249480 6471106
-8254604 6464189
-8267148 6447184
-8273422 6438629
-8277858 6432563
-8281991 6426903
-8283246 6425184
-8288128 6418480
-8295568 6408259
-8300810 6400976
-8303754 6396880
-8310133 6387969
-8317078 6378201
-8320756 6372981
-8329788 6360074
-8336043 6351087
-8337506 6348973
-8340195 6345083
-8341856 6342677
-8348604 6332887
-8361437 6314200
-8361638 6313907
-8368803 6303461
-8374231 6295513
-8379874 6287245
-8385035 6279679
-8389406 6273212
-8397750 6260825
-8413328 6237659
-8421907 6224874
-8436801 6202639
-8440271 6197455
-8454521 6175895
-8457508 6171366
-8471458 6150095
-8484633 6129973
-8486646 6126884
-8490009 6121714
-8507283 6095032
-8508283 6093478
-8513283 6085649
-8528597 6061661
-8533076 6054586
-8534584 6052189
-8537097 6048170
-8539692 6044013
-8546892 6032429
-8553243 6022181
-8554352 6020389
-8560116 6011047
-8566858 6000088
-8572230 5991354
-8573308 5989600
-8580152 5978429
-8588599 5964609
-8591455 5959926
-8592185 5958729
-8598760 5947944
-8600727 5944699
-8607099 5934177
-8609118 5930823
-8616165 5919094
-8624922 5904517
-8633370 5890412
-8640790 5877980
-8644436 5871849
-8646255 5868784
-8655674 5852903
-8664948 5837212
-8668117 5831847
-8671380 5826251
-8676732 5817047
-8682936 5806315
-8692805 5789088
-8694897 5785431
-8704294 5768869
-8708081 5762174
-8716297 5747632
-8717787 5744994
-8727773 5727278
-8739043 5707241
-8744128 5698159
-8749272 5688957
-8752432 5683292
-8765576 5659528
-8771119 5649505
-8773284 5645581
-8782052 5629661
-8787113 5620460
-8793757 5608362
-8803446 5590664
-8819603 5561009
-8824316 5552311
-8827940 5545575
-8830556 5540696
-8835044 5532325
-8837991 5526828
-8838656 5525586
-8839316 5524353
-8842799 5517839
-8859423 5486682
-8860252 5485128
-8870971 5465031
-8879104 5449703
-8882956 5442439
-8884831 5438884
-8888160 5432571
-8899504 5410951
-8905959 5398526
-8909065 5392474
-8910887 5388913
-8912755 5385246
-8914045 5382688
-8927889 5355051
-8932271 5346269
-8934850 5341070
-8935423 5339914
-8939721 5331230
-8941298 5328031
-8942842 5324898
-8945925 5318605
-8963415 5282379
-8968218 5272378
-8972063 5264294
-8976560 5254775
-8978720 5250149
-8981852 5243434
-8986583 5233171
-8994154 5216658
-9000746 5202239
-9006710 5189158
-9011961 5177630
-9016235 5168238
-9016517 5167618
-9020277 5159343
-9028380 5141484
-9038039 5119995
-9040779 5113869
-9049455 5094457
-9051659 5089512
-9056159 5079362
-9058826 5073344
-9061207 5067968
-9062453 5065143
-9070612 5046635
-9071474 5044673
-9079072 5027352
-9088467 5005754
-9097526 4984874
-9098054 4983654
-9098512 4982589
-9100710 4977475
-9108078 4960310
-9109850 4956139
-9111196 4952967
-9116336 4940828
-9119700 4932883
-9121047 4929692
-9122648 4925861
-9126359 4916963
-9128203 4912519
-9131894 4903609
-9132475 4902194
-9140853 4881782
-9143940 4874253
-9145232 4871098
-9148723 4862566
-9153130 4851761
-9167826 4815664
-9175475 4796804
-9177006 4793027
-9181995 4780717
-9189238 4762836
-9195826 4746501
-9197610 4742046
-9199614 4737008
-9205638 4721826
-9214254 4700021
-9221057 4682782
-9226826 4668145
-9230099 4659811
-9244888 4622090
-9247967 4614147
-9256277 4592603
-9258190 4587622
-9267398 4563496
-9268138 4561557
-9274189 4545667
-9280691 4528482
-9281432 4526477
-9282520 4523528
-9286432 4512897
-9289614 4504230
-9293676 4493157
-9297751 4482044
-9300246 4475223
-9301846 4470836
-9306563 4457900
-9310277 4447656
-9318376 4425295
-9322490 4413841
-9327078 4401039
-9332874 4384790
-9335597 4377052
-9337754 4370906
-9343040 4355742
-9346243 4346410
-9363485 4296080
-9364085 4294328
-9366476 4287281
-9368973 4279915
-9373839 4265515
-9378408 4251931
-9379122 4249798
-9389570 4218309
-9393445 4206600
-9395339 4200859
-9399313 4188796
-9402491 4179102
-9405841 4168872
-9410001 4156108
-9412584 4148123
-9413097 4146524
-9414213 4143041
-9417532 4132670
-9419700 4125849
-9424395 4111048
-9428793 4096897
-9435455 4075312
-9437054 4070105
-9438106 4066672
-9441852 4054443
-9447869 4034726
-9450643 4025520
-9454090 4013941
-9454459 4012701
-9463430 3982440
-9464805 3977785
-9465104 3976770
-9470073 3959827
-9474115 3945985
-9476183 3938882
-9477493 3934341
-9481349 3920970
-9484760 3909066
-9490845 3887670
-9493975 3876658
-9496205 3868799
-9500752 3852688
-9515042 3801532
-9518508 3789111
-9524470 3767688
-9529404 3749909
-9532163 3739809
-9536838 3722628
-9539054 3714472
-9542537 3701541
-9550567 3671665
-9552815 3663219
-9555884 3651641
-9559083 3639554
-9561199 3631555
-9562793 3625519
-9564232 3620061
-9570212 3597303
-9571437 3592631
-9572718 3587689
-9575639 3576377
-9576338 3573670
-9581716 3552837
-9585063 3539740
-9589720 3521400
-9593089 3508040
-9594573 3502096
-9595825 3497076
-9603924 3464333
-9606234 3454985
-9606630 3453378
-9613599 3424754
-9615868 3415420
-9619757 3399371
-9624228 3380847
-9626436 3371596
-9627873 3365538
-9634452 3337738
-9636575 3328652
-9639656 3315431
-9642133 3304797
-9650858 3267290
-9654387 3252102
-9655044 3249270
-9656316 3243779
-9657643 3238035
-9658788 3233054
-9660567 3225311
-9664674 3207419
-9668340 3191341
-9668602 3190189
-9670263 3182864
-9671499 3177404
-9677917 3149014
-9682886 3126769
-9683707 3123090
-9686148 3112089
-9687431 3106278
-9688190 3102783
-9691285 3088494
-9694934 3071480
-9697952 3057190
-9699090 3051790
-9701308 3041225
-9706726 3015318
-9713314 2983665
