65
-7672226 8592668
-7672221 8592694
-7672219 8592712
-7672220 8592726
-7672222 8592735
-7672224 8592740
-7672229 8592752
-7672232 8592758
-7672242 8592770
-7672256 8592785
-7672259 8592787
-7672283 8592801
-7672292 8592806
-7672296 8592808
-7672307 8592813
-7672322 8592819
-7672328 8592821
-7672338 8592824
-7672346 8592826
-7672364 8592829
-7672372 8592830
-7672400 8592833
-7672439 8592834
-7672461 8592833
-7672465 8592832
-7672476 8592829
-7672481 8592825
-7672484 8592821
-7672499 8592790
-7672500 8592786
-7672502 8592777
-7672506 8592754
-7672507 8592746
-7672509 8592725
-7672508 8592714
-7672507 8592710
-7672496 8592669
-7672478 8592606
-7672472 8592595
-7672463 8592584
-7672458 8592578
-7672454 8592574
-7672443 8592566
-7672431 8592558
-7672426 8592555
-7672418 8592551
-7672403 8592546
-7672395 8592544
-7672377 8592542
-7672367 8592541
-7672350 8592540
-7672333 8592540
-7672326 8592542
-7672320 8592544
-7672309 8592549
-7672302 8592553
-7672299 8592555
-7672286 8592564
-7672264 8592581
-7672263 8592582
-7672257 8592591
-7672254 8592596
-7672248 8592607
-7672236 8592637
-7672228 8592660
