112
82
98
74
93
264
212
121
212
82
50
229
68
153
72
89
109
309
70
119
40
126
70
256
81
74
218
139
80
49
54
78
133
111
178
79
130
74
93
158
82
71
41
280
108
59
228
188
179
82
63
82
70
134
84
95
85
63
63
87
131
31
37
77
41
107
76
66
61
82
113
76
81
82
75
71
66
286
54
69
129
98
111
59
76
269
167
107
80
135
178
328
81
149
104
80
64
184
263
192
53
138
65
78
202
54
286
65
56
260
240
53
194
118
63
76
82
51
67
67
247
100
226
60
53
52
67
66
195
221
54
49
110
280
62
165
150
292
116
327
81
88
54
82
135
41
144
91
107
45
78
135
195
123
146
70
259
65
51
51
110
91
53
164
50
83
226
104
79
248
125
76
78
38
106
119
53
109
73
81
51
129
101
81
59
89
79
178
77
84
85
54
68
36
81
115
80
211
329
79
157
73
77
81
49
77
130
81
93
114
202
283
118
65
75
108
61
63
41
210
102
59
98
79
49
282
67
49
132
97
68
88
77
229
127
141
75
46
69
39
152
98
108
223
44
144
45
166
61
58
84
178
60
75
57
114
81
163
58
231
43
95
191
103
106
63
33
193
126
89
70
203
71
46
63
36
126
186
65
137
102
111
147
116
245
76
109
49
57
219
145
108
119
132
54
69
73
40
55
311
251
62
81
138
101
64
52
87
90
126
78
60
46
189
94
116
60
137
262
212
57
97
94
48
103
76
88
67
237
88
78
66
31
63
125
74
83
43
59
232
129
64
130
97
41
52
125
216
59
241
47
113
78
68
139
110
129
57
51
122
254
89
61
89
48
297
69
83
84
123
95
53
54
51
47
121
88
73
93
111
133
129
87
91
73
79
207
277
125
54
58
127
167
97
102
212
140
179
56
66
54
49
251
136
145
51
62
225
59
53
76
231
204
53
77
46
34
60
149
117
48
126
190
80
63
64
56
91
95
72
91
250
68
69
110
62
61
154
202
54
107
34
157
70
204
103
77
166
127
68
257
72
57
163
92
78
253
71
79
99
193
120
112
149
65
46
255
58
196
80
53
37
127
174
54
85
212
51
52
59
144
67
53
268
53
127
141
65
247
107
37
113
136
68
110
78
98
74
202
48
60
59
86
259
129
71
86
78
54
134
53
279
145
59
70
311
66
131
90
75
70
52
47
94
74
111
108
91
66
147
72
69
182
60
138
67
63
60
223
198
62
97
99
60
297
51
73
70
83
135
181
56
194
135
50
244
310
258
76
77
122
51
190
53
97
291
81
41
239
42
292
203
105
70
77
298
82
245
121
70
86
49
123
236
55
70
90
40
102
273
209
194
59
198
63
244
64
62
109
229
62
162
41
71
69
198
78
271
36
183
62
115
267
55
61
215
229
91
83
255
220
95
79
90
153
76
220
96
199
195
68
284
230
241
211
71
91
56
62
187
76
93
59
60
192
70
38
60
101
291
285
46
76
72
80
252
63
87
97
229
52
79
51
65
169
52
276
217
81
75
101
116
332
141
73
51
85
227
178
73
295
63
57
70
83
85
154
103
62
250
66
49
226
91
168
48
243
67
51
156
109
237
165
76
232
186
239
241
281
155
264
221
59
57
119
51
294
226
118
103
59
77
120
71
79
68
62
73
286
86
70
314
195
124
26
186
281
72
34
68
103
55
97
114
74
81
128
267
101
83
75
78
88
43
73
72
251
243
111
104
143
159
183
101
113
185
121
208
52
183
86
60
62
188
72
110
211
70
68
185
63
177
77
80
258
96
100
61
34
58
94
109
248
102
101
77
65
67
99
52
122
55
75
137
260
224
234
64
53
253
176
43
116
215
84
76
261
208
82
81
231
108
111
173
172
269
65
50
124
91
199
84
53
149
77
69
93
95
190
53
276
82
180
41
110
153
236
61
78
180
82
116
97
40
91
96
61
38
64
120
195
54
90
74
85
306
72
138
138
112
56
96
87
52
134
131
276
53
43
76
51
241
48
47
64
65
110
77
250
205
70
52
64
57
95
51
63
60
103
59
133
78
255
67
52
115
254
64
108
126
126
344
104
95
49
179
303
306
85
88
83
30
84
51
48
158
103
65
60
325
72
75
222
117
104
68
310
50
61
211
48
265
95
96
54
84
88
65
129
172
240
233
162
38
54
121
198
237
73
207
221
275
50
104
228
98
102
50
113
285
140
115
264
271
116
277
81
70
71
168
60
68
202
278
206
180
72
85
182
112
30
66
245
65
77
67
74
308
303
64
302
204
62
35
58
105
61
287
81
41
53
129
69
122
52
62
81
270
220
68
89
57
95
138
86
62
264
83
89
65
158
51
74
128
98
136
105
80
65
206
243
130
58
168
180
63
44
83
89
82
97
60
79
84
132
187
74
58
274
113
85
143
175
43
86
108
156
190
126
128
105
173
64
64
73
152
312
200
142
52
102
40
49
259
83
167
64
270
53
48
82
140
147
92
71
242
287
121
121
58
37
47
61
200
222
201
303
154
74
209
56
44
67
216
70
56
57
157
53
52
98
82
64
200
71
78
207
119
77
144
245
121
241
74
66
52
76
126
132
47
103
118
160
53
348
49
111
127
79
64
137
57
78
60
70
108
148
115
56
106
168
83
202
67
354
121
51
68
123
87
88
273
79
64
137
81
105
45
150
39
228
103
38
255
58
56
46
89
76
72
74
302
102
77
52
92
299
140
76
91
191
108
66
52
80
299
160
54
104
247
68
40
66
70
305
57
78
56
84
79
112
82
68
149
57
42
177
69
54
58
60
49
59
90
216
118
100
214
80
93
59
82
59
76
128
307
47
86
203
39
59
68
107
87
88
56
55
214
77
103
133
254
71
63
188
152
52
100
64
57
90
75
68
113
49
278
36
211
61
78
142
37
73
259
92
50
55
185
131
67
191
202
80
42
76
61
52
66
207
102
120
180
224
54
118
226
91
234
222
120
73
57
176
245
241
94
29
76
73
88
72
179
37
88
79
85
41
98
103
78
81
120
281
66
54
93
66
54
90
230
78
311
94
56
263
209
59
41
79
121
145
139
150
126
209
110
53
49
64
98
284
247
89
67
196
120
84
232
75
148
57
183
77
94
104
73
49
60
193
73
71
84
79
38
42
62
210
59
65
66
115
236
166
54
72
72
139
203
64
64
48
81
142
74
88
75
116
66
70
82
86
62
124
65
87
86
264
162
265
136
59
34
66
40
102
213
254
282
109
69
119
73
110
113
47
139
220
201
140
114
71
66
67
68
145
75
61
80
88
171
48
88
67
157
44
121
47
60
291
42
92
78
68
68
180
246
50
129
45
64
48
72
72
98
201
140
224
65
99
123
52
74
204
263
134
161
88
249
225
76
57
83
229
284
144
209
74
89
51
128
38
64
49
97
65
94
44
140
124
62
51
54
238
66
135
66
51
42
110
61
68
69
77
280
128
72
79
150
107
47
89
315
121
44
193
59
79
193
241
257
49
185
66
308
109
73
118
108
50
117
86
86
114
278
153
44
249
87
113
117
95
313
145
158
69
48
234
67
81
84
95
246
300
46
285
92
365
139
98
72
298
69
300
100
189
96
59
50
211
82
52
71
95
132
309
245
52
96
43
83
103
64
83
47
105
181
61
204
79
127
47
54
121
78
132
88
52
87
57
85
52
82
144
50
72
75
71
273
340
43
41
66
104
88
73
58
66
254
242
54
48
87
59
109
236
90
104
93
196
61
237
76
42
175
80
188
94
157
261
64
67
71
48
56
60
87
149
256
100
112
89
130
87
48
100
203
305
31
310
126
69
103
206
273
66
257
80
220
229
190
90
142
71
77
75
47
279
251
83
152
124
252
75
43
80
125
50
214
299
57
122
111
75
121
106
124
299
52
111
156
44
117
64
104
84
242
153
72
54
259
129
68
103
45
97
250
106
91
68
135
343
204
43
39
223
336
75
154
101
70
89
78
300
167
112
59
114
40
82
151
58
51
60
83
65
182
113
54
119
84
225
61
80
106
78
28
231
70
31
50
156
223
227
261
39
114
37
102
109
54
58
179
49
125
55
250
61
366
118
86
139
75
190
221
263
42
271
210
188
70
250
93
296
46
71
57
139
103
104
168
73
107
103
100
44
53
85
54
67
81
27
81
41
57
81
115
118
200
66
83
272
63
85
67
62
158
40
102
64
67
164
56
266
253
120
199
59
98
214
55
231
260
69
46
217
72
87
178
291
47
110
62
282
67
115
78
72
93
182
62
50
132
80
141
40
327
226
76
198
342
248
87
120
242
89
129
230
68
56
159
270
177
164
255
48
63
112
62
94
91
62
67
35
60
40
95
47
164
211
69
60
83
115
61
98
113
74
98
72
60
90
83
39
97
62
182
47
155
255
69
68
87
101
127
72
41
81
97
138
175
97
162
59
230
60
52
95
130
219
104
91
77
52
28
216
166
118
204
97
193
83
259
262
66
141
55
240
139
130
82
81
43
266
62
71
96
72
57
93
51
75
92
59
118
300
95
48
89
60
98
64
131
69
67
54
61
90
296
88
199
50
112
117
64
64
142
50
80
61
69
320
70
41
66
170
65
69
102
222
162
158
200
52
95
88
220
65
104
67
62
234
57
105
48
57
54
64
78
260
76
110
105
243
180
284
96
187
108
57
102
137
98
50
80
99
226
84
60
79
105
66
48
56
40
253
61
135
105
41
115
46
77
42
42
60
205
123
78
99
162
115
222
88
33
93
76
208
55
277
77
54
78
71
57
73
52
195
128
86
80
127
53
64
91
30
81
156
72
72
106
55
56
81
59
55
147
61
39
53
118
91
101
94
216
139
170
246
153
57
59
51
52
59
145
61
208
71
104
87
57
276
42
100
65
49
66
247
88
66
69
134
35
227
182
60
100
63
58
75
54
184
108
60
45
85
114
39
76
106
120
278
224
186
75
35
197
209
113
114
50
67
50
250
56
43
109
65
114
73
61
102
43
75
59
77
52
93
77
253
145
163
197
124
37
67
173
257
40
168
89
324
78
66
45
71
71
123
200
201
76
62
76
127
59
88
257
125
53
43
98
137
97
48
51
47
326
38
228
276
255
67
72
45
53
98
296
122
136
94
45
133
205
180
87
78
274
96
138
72
71
136
229
135
79
268
162
120
75
46
101
115
206
81
45
80
59
61
265
263
232
149
272
114
142
108
85
224
50
242
67
256
242
48
221
52
310
87
55
292
258
136
173
59
170
51
122
229
40
49
178
98
73
226
86
51
50
93
75
86
249
108
121
114
86
54
253
51
46
61
128
312
121
34
85
96
45
81
303
67
58
109
220
63
292
113
43
51
45
84
184
65
68
56
209
199
133
59
261
105
142
61
243
46
46
55
65
172
222
235
170
53
78
75
105
80
48
47
55
71
63
68
64
235
118
77
147
112
160
298
94
45
85
114
279
64
292
92
62
59
50
211
53
76
262
61
118
190
80
88
63
121
65
121
71
71
52
204
64
56
57
100
83
92
98
264
289
229
114
241
31
45
54
49
93
94
237
292
50
58
125
196
209
89
70
157
214
77
248
41
147
210
45
52
112
92
86
74
173
100
70
65
121
67
65
69
36
145
135
256
132
66
51
47
56
100
39
43
85
74
66
58
42
68
260
41
71
56
117
235
69
269
151
139
45
98
253
105
58
116
126
120
40
114
98
61
56
119
81
75
123
272
66
110
80
49
69
164
87
88
131
55
77
219
198
181
106
107
275
217
104
75
67
102
52
120
60
78
57
228
170
205
61
58
123
71
79
46
83
257
116
80
76
75
97
125
59
62
73
115
99
221
54
65
116
54
143
189
48
104
60
304
99
210
106
72
66
69
54
94
56
101
188
54
260
47
69
60
80
137
70
95
116
190
153
126
78
326
42
50
48
66
66
147
68
222
78
109
127
87
115
66
95
112
88
104
169
111
81
74
120
156
38
111
60
149
136
235
175
134
89
177
141
75
103
85
149
140
57
76
103
93
51
80
110
65
124
91
168
72
209
105
143
103
115
41
63
308
273
259
52
28
50
56
32
208
79
169
129
103
115
149
106
120
66
112
85
96
270
204
38
249
117
98
111
83
64
55
71
62
64
52
208
58
90
60
94
83
78
115
84
129
36
82
181
59
174
50
119
185
99
251
141
105
254
109
111
94
90
40
70
91
69
220
85
61
75
97
138
232
113
64
183
109
55
312
105
71
315
53
145
104
50
162
115
78
286
61
216
211
105
44
85
61
36
73
153
127
83
98
33
65
65
245
64
217
47
93
69
41
43
131
45
70
100
219
131
218
56
40
191
63
228
60
75
188
236
114
47
58
45
62
57
58
211
84
129
72
212
164
43
56
226
77
62
71
149
87
63
77
186
62
202
280
109
43
69
257
32
57
80
63
107
39
251
82
230
210
124
72
179
193
126
57
43
249
121
73
75
131
149
270
108
87
65
67
258
65
60
64
89
121
218
47
103
54
68
358
71
124
44
49
94
103
109
142
65
144
34
59
249
148
124
72
111
84
116
67
276
92
229
150
54
65
159
35
67
208
178
87
172
202
108
73
170
217
163
271
66
96
237
153
82
100
173
47
77
132
67
117
100
59
178
105
249
68
65
206
283
204
156
66
86
54
66
69
217
65
225
39
105
97
248
109
90
135
56
97
133
61
61
73
75
62
51
36
225
63
84
70
133
74
130
260
99
61
70
64
71
237
66
119
114
40
65
62
66
103
62
268
73
57
146
45
63
89
171
49
59
239
89
45
294
261
60
157
73
75
175
72
68
41
192
191
72
74
125
78
69
67
67
222
52
57
128
78
104
57
187
214
66
50
292
42
71
111
85
94
84
75
141
59
168
136
111
60
54
184
99
227
86
46
80
126
60
52
245
52
69
83
196
217
70
57
105
44
59
96
75
107
104
62
104
312
85
47
131
225
225
110
98
126
229
110
60
60
221
78
222
90
80
73
60
253
93
219
79
58
73
111
55
268
59
80
64
98
50
113
41
301
106
180
181
77
101
109
63
51
69
55
65
46
64
71
77
52
160
95
83
58
86
217
57
60
225
196
185
96
176
131
73
110
49
322
84
131
252
102
61
91
264
69
252
49
266
134
105
334
88
35
36
136
99
92
37
143
262
146
101
57
54
43
70
227
111
123
91
75
52
133
38
62
54
91
67
49
74
50
86
243
242
70
77
63
50
273
48
148
143
71
38
186
198
59
153
52
245
74
270
60
50
43
177
241
146
244
256
162
180
197
71
56
59
70
117
110
216
53
116
177
78
55
76
82
52
84
275
96
80
58
162
74
93
65
269
57
60
112
85
76
34
276
125
62
69
52
288
50
51
55
258
54
58
119
227
276
55
58
268
60
85
63
239
57
58
226
294
84
91
107
214
281
197
126
62
73
45
60
47
235
46
100
45
134
124
112
66
67
70
64
89
121
218
54
110
79
122
142
151
170
242
58
50
97
144
68
230
123
346
95
185
71
64
43
124
173
92
218
129
266
203
86
87
57
150
51
82
41
215
144
63
90
127
64
114
154
248
173
372
68
44
142
84
61
118
117
99
77
110
60
255
58
299
227
131
62
67
60
242
216
64
198
114
108
88
87
196
88
51
46
54
88
117
253
167
169
134
43
153
142
84
102
79
89
59
59
63
50
52
82
97
42
227
114
63
274
90
89
110
122
68
95
79
38
189
71
274
44
76
217
109
223
56
56
47
48
58
57
72
181
52
128
53
63
137
200
73
216
105
182
205
71
208
129
122
69
75
296
207
81
236
75
132
113
85
67
96
146
79
57
52
87
242
106
90
129
104
346
66
223
83
170
139
64
211
187
202
196
55
133
66
195
106
66
61
95
95
47
163
180
220
45
100
62
51
51
68
100
201
58
72
111
44
143
47
82
222
112
30
71
62
39
28
59
118
95
98
73
64
93
305
79
78
127
273
103
71
57
233
141
90
38
75
120
142
283
62
139
33
197
103
111
137
63
203
43
54
35
246
138
229
76
111
66
147
115
236
77
126
70
95
74
275
95
76
70
253
59
79
215
133
82
83
143
82
50
112
52
280
71
73
50
85
108
62
61
82
223
103
225
236
189
179
51
111
64
236
101
127
164
148
62
180
69
192
54
37
332
48
139
52
74
122
131
181
62
178
124
116
255
158
203
104
43
73
205
72
131
72
247
88
75
77
117
203
278
105
55
136
105
240
253
66
192
174
45
107
115
66
68
129
47
49
124
113
89
316
45
61
40
49
106
90
61
247
55
113
282
125
103
75
73
70
118
78
229
110
80
70
140
54
41
120
92
96
51
97
67
75
87
51
227
94
101
64
107
164
112
51
92
130
64
74
71
64
98
63
97
244
99
287
56
101
66
248
54
127
251
183
65
57
173
286
80
71
161
203
105
63
219
140
75
52
63
134
304
141
77
126
67
115
55
81
61
75
208
234
62
162
90
230
74
74
100
63
51
248
68
69
188
226
123
181
148
80
138
58
125
64
245
43
22
217
62
149
71
116
68
60
59
100
76
119
262
287
46
55
69
89
87
92
148
50
55
74
56
250
72
68
55
45
50
67
83
83
287
128
173
243
69
39
64
78
81
105
152
60
113
76
263
89
316
233
128
71
106
245
245
249
26
316
166
214
72
152
238
71
97
237
128
50
253
69
139
258
149
65
90
60
103
51
99
201
64
70
295
67
54
51
73
59
95
99
272
80
61
88
63
143
138
80
69
238
99
270
88
80
152
66
229
93
225
97
99
192
110
100
72
57
141
53
305
50
83
54
241
118
61
110
191
56
214
72
85
85
203
186
130
83
70
97
103
207
129
80
42
128
298
103
67
92
169
61
76
81
80
282
216
108
262
75
58
53
130
156
120
107
64
68
46
322
233
205
127
78
252
103
45
155
98
130
110
52
100
66
270
43
84
70
93
49
96
62
273
83
59
50
193
249
74
246
320
72
103
57
74
288
69
103
120
87
57
60
89
88
191
104
49
53
64
61
168
41
43
248
96
209
215
97
219
63
292
135
220
322
97
128
52
68
117
78
96
88
129
86
111
351
95
97
86
244
67
109
140
175
57
63
107
66
220
129
84
198
86
45
145
277
63
74
259
231
56
118
54
82
157
43
79
270
162
50
56
146
66
232
74
70
88
38
241
87
87
157
77
304
187
58
47
97
97
228
164
126
121
53
56
39
50
62
100
71
97
46
138
69
199
42
240
62
177
180
73
68
66
80
241
55
211
95
50
149
74
197
221
51
60
72
102
128
168
51
45
132
35
51
96
181
32
156
122
139
242
115
216
103
75
54
128
120
113
117
41
42
86
113
44
134
47
99
60
126
177
56
140
55
155
83
97
63
58
100
101
132
93
55
103
110
122
78
80
209
237
226
59
88
51
288
187
93
192
90
185
282
134
54
266
151
72
346
55
167
85
227
245
57
97
101
52
77
52
254
59
61
58
140
80
204
69
55
114
163
49
68
58
52
52
135
95
72
61
275
62
76
59
113
52
66
237
40
205
72
225
216
90
163
63
148
138
63
52
64
213
52
61
76
191
102
63
103
80
50
51
71
126
74
110
173
103
207
71
59
78
63
54
220
115
186
49
136
171
69
108
126
152
114
49
54
285
168
45
59
215
127
233
59
91
91
75
76
54
46
170
175
89
64
57
67
38
78
74
48
87
40
122
131
107
83
66
86
44
88
57
74
71
62
76
187
59
224
114
133
94
50
38
59
78
147
60
66
172
135
90
115
42
126
61
57
50
85
49
73
231
265
47
119
78
56
258
120
162
64
59
94
296
202
278
88
209
204
88
110
57
125
104
244
93
45
121
202
190
49
60
62
128
55
50
157
72
50
82
65
143
49
53
132
251
152
43
259
101
76
76
74
122
132
61
138
119
97
56
66
71
67
76
103
151
57
121
207
64
40
74
71
37
66
230
89
172
104
52
76
135
100
242
94
71
83
90
184
208
218
102
91
45
82
319
223
111
85
68
42
244
245
132
63
275
202
286
322
110
155
67
75
116
100
136
55
99
243
64
269
62
94
101
171
120
141
124
142
72
53
83
57
57
300
70
107
109
56
108
74
181
110
311
75
125
58
309
59
215
73
58
46
33
118
222
152
146
45
75
180
56
147
54
159
85
103
77
55
120
129
167
61
209
73
83
84
69
73
262
196
50
53
236
56
183
72
251
81
55
243
44
181
106
113
53
93
61
45
246
59
257
162
257
156
69
67
54
80
56
83
83
92
72
63
55
252
94
224
216
155
233
100
279
189
54
59
47
57
94
341
100
181
271
77
62
227
251
142
49
132
75
186
73
76
58
66
60
95
71
198
85
83
92
165
129
129
63
70
60
76
218
237
93
117
52
77
92
40
98
33
95
273
57
88
191
48
79
264
74
51
145
97
182
95
193
109
67
57
238
48
55
240
68
78
193
114
144
53
81
75
32
78
51
55
91
83
52
79
61
128
34
102
92
46
204
131
73
208
275
97
123
50
72
232
128
76
52
93
144
145
52
121
208
86
61
137
60
107
47
288
274
50
292
268
69
168
93
79
64
50
98
85
61
167
58
181
131
114
130
134
282
110
70
55
160
252
63
107
126
118
105
69
252
95
56
60
67
56
132
57
80
53
293
55
234
110
195
205
118
62
69
64
106
70
209
62
85
100
35
301
43
49
295
249
79
67
40
52
57
73
54
38
76
88
77
288
51
167
96
59
47
90
59
70
52
45
85
261
59
218
180
63
234
67
265
68
59
78
327
70
176
71
68
68
73
38
67
82
100
40
58
109
164
150
105
220
108
50
226
84
264
163
59
61
218
184
85
44
202
274
80
55
64
280
138
71
113
55
67
47
73
108
158
213
117
105
74
245
172
114
209
201
134
67
66
211
138
91
45
235
72
53
78
196
80
116
138
94
57
264
60
71
136
196
51
147
69
100
42
99
91
75
39
176
78
248
91
52
239
55
91
138
69
59
295
51
79
160
66
261
78
44
104
180
56
64
37
102
72
50
86
104
104
71
111
136
66
127
55
73
138
156
57
324
63
157
111
310
223
69
116
75
65
136
87
134
110
162
97
49
88
90
195
56
66
86
64
68
235
183
125
200
64
107
79
76
117
130
73
84
136
50
234
174
56
65
35
141
208
163
56
106
66
90
81
42
216
291
230
288
87
97
70
198
64
43
125
77
62
88
77
96
68
48
188
325
86
102
90
134
135
61
69
68
72
86
115
254
298
77
113
149
30
295
133
145
66
47
56
47
170
74
103
51
61
56
92
68
49
62
292
131
74
122
235
62
194
101
111
227
117
102
58
144
269
56
62
59
228
235
177
60
65
317
71
262
66
208
103
222
103
57
134
74
121
79
69
74
78
88
288
77
207
44
45
72
77
126
246
125
243
52
39
172
232
69
246
82
97
56
68
116
92
81
209
73
104
109
49
75
211
120
156
138
234
102
50
69
61
68
49
71
78
141
134
71
271
56
144
168
55
255
71
141
65
120
87
114
101
90
60
122
53
96
85
292
110
77
90
222
90
93
141
101
119
59
291
250
61
52
69
29
54
57
206
60
87
23
191
55
203
70
259
217
92
74
128
39
44
132
121
56
294
129
57
171
140
56
62
30
255
78
69
60
75
112
111
274
213
143
53
68
74
66
115
117
39
190
59
78
159
69
115
52
81
121
100
73
102
78
217
97
167
180
53
206
107
295
59
88
61
135
63
127
65
303
118
56
47
249
101
67
67
182
87
48
100
61
101
46
72
190
156
256
136
39
94
80
55
285
230
245
55
57
61
117
69
71
90
253
135
72
100
88
246
67
77
121
147
106
63
163
236
260
117
65
49
56
241
279
68
352
80
100
85
191
99
188
100
68
62
143
78
265
99
134
35
83
56
62
120
113
255
220
66
237
77
47
42
293
108
129
295
65
98
66
44
191
229
237
47
72
63
77
63
63
46
132
72
261
92
47
199
98
168
57
99
70
60
77
255
304
22
95
130
63
264
142
215
52
44
197
164
40
229
119
145
113
82
244
36
104
111
219
67
83
93
56
81
224
84
70
232
193
72
192
50
253
212
112
112
107
244
158
84
97
156
91
234
249
144
112
221
231
91
266
196
270
107
132
65
106
233
234
98
134
72
69
128
26
260
180
284
53
59
79
82
91
76
96
58
243
80
47
244
49
79
88
95
220
119
166
180
116
80
47
117
101
233
120
165
47
56
80
178
68
81
248
132
63
90
111
70
52
81
97
83
34
268
106
77
85
81
69
147
262
29
178
44
251
72
116
53
317
250
189
264
49
213
90
163
35
292
289
213
55
38
53
154
63
138
81
40
90
200
208
226
77
270
46
71
271
128
196
106
78
54
292
125
309
101
59
109
214
70
74
259
98
230
211
239
110
61
58
250
74
87
199
242
192
50
78
83
69
74
103
83
212
65
82
130
105
341
69
124
71
71
58
339
70
109
213
214
106
79
105
131
65
256
230
90
140
42
109
59
144
88
100
77
96
67
81
120
57
251
141
27
52
80
87
46
60
70
63
55
118
99
60
58
82
116
144
140
120
128
106
47
43
76
254
142
52
75
64
90
129
239
237
197
240
225
145
56
105
234
64
115
221
112
235
106
206
48
155
90
126
61
147
63
209
90
247
121
120
202
233
247
55
121
123
130
69
173
121
68
54
81
95
75
117
169
124
122
194
92
301
41
116
71
168
41
166
136
118
311
30
68
117
64
70
61
63
60
174
82
212
70
243
60
73
139
52
66
82
90
57
147
87
94
280
161
42
237
89
75
177
65
196
70
69
74
106
43
133
153
47
77
131
105
66
139
150
215
70
53
53
45
90
240
108
60
123
58
96
63
32
249
186
68
69
213
247
84
133
84
223
44
57
60
105
292
166
101
250
73
115
156
293
86
119
215
206
55
101
77
95
42
248
48
64
166
99
74
56
300
83
105
128
82
129
84
71
148
89
127
257
58
50
169
66
84
131
108
133
125
175
72
72
54
80
153
59
38
114
246
44
51
78
109
35
68
66
54
76
63
50
117
74
186
278
57
185
56
62
86
93
209
63
120
63
44
73
38
106
102
77
208
62
65
41
48
116
32
75
150
210
75
91
289
240
78
58
42
90
136
64
81
48
51
117
145
67
111
87
246
72
76
44
134
170
159
77
49
238
60
44
123
278
80
65
64
59
39
66
182
96
140
95
67
195
99
211
50
60
89
191
97
216
83
79
108
59
83
53
94
81
279
65
112
46
68
201
59
56
258
51
63
247
258
237
79
111
117
53
47
48
262
97
45
31
316
92
65
151
52
79
136
156
247
122
60
222
194
198
117
85
72
49
114
173
64
35
49
172
103
96
60
88
63
230
108
132
64
24
49
53
80
76
29
274
77
73
104
83
90
226
153
257
152
101
164
253
222
62
54
66
65
226
69
132
46
99
39
137
163
59
290
242
78
194
69
74
68
125
316
85
63
65
296
73
80
164
239
57
145
250
256
83
95
102
90
51
76
107
55
124
122
98
62
60
92
162
93
59
57
109
47
54
181
79
78
70
150
50
64
54
68
54
71
48
125
127
144
45
108
81
57
128
107
131
159
59
49
72
177
47
82
59
129
65
60
63
47
254
207
104
124
71
49
50
234
275
140
240
47
144
94
161
40
80
49
88
272
70
120
241
60
61
37
241
178
142
96
274
58
301
101
59
67
195
82
108
80
61
81
66
325
93
62
215
181
145
117
80
119
97
259
64
69
72
56
98
102
54
63
105
116
140
235
192
67
275
72
168
267
95
213
76
67
100
91
134
75
108
67
74
276
121
184
67
147
65
87
99
90
67
83
54
80
106
33
106
79
65
109
143
91
69
104
50
89
227
153
102
62
59
61
92
112
64
246
61
70
65
49
88
253
83
57
85
228
106
91
41
188
142
74
107
55
65
93
138
74
82
100
93
175
80
173
48
278
59
59
51
46
254
141
68
64
201
210
94
350
71
151
105
64
171
118
128
275
65
77
231
61
197
153
182
71
125
63
141
237
97
62
207
99
293
87
195
94
51
62
116
90
59
128
78
64
36
127
131
89
56
181
81
69
206
78
234
254
58
137
40
69
141
55
84
90
84
87
76
70
229
114
62
63
198
57
95
57
301
119
64
38
71
49
224
287
59
168
306
232
94
85
80
118
126
242
49
51
142
117
101
59
76
76
221
76
92
129
227
75
154
45
259
59
144
163
313
236
215
61
61
76
88
63
78
73
197
74
45
168
93
228
88
75
275
58
121
125
132
77
66
65
58
77
126
205
67
118
28
91
238
84
267
81
90
131
115
67
215
56
102
67
324
64
168
74
290
66
134
56
106
98
62
56
129
139
245
68
80
290
59
67
135
110
313
121
276
128
49
100
51
43
236
79
61
103
46
205
81
77
38
104
122
250
150
57
100
72
105
81
44
294
66
235
111
45
78
55
100
59
36
141
79
305
70
49
108
125
81
122
70
122
50
60
152
82
261
98
145
58
73
220
60
157
221
30
118
68
108
71
50
120
145
111
154
41
54
266
76
59
70
195
49
67
51
221
289
49
269
59
304
75
74
66
90
97
115
84
118
83
121
63
58
50
309
66
54
59
81
105
32
89
139
256
296
119
126
38
68
45
60
109
233
81
317
212
46
60
88
48
83
258
89
175
241
107
96
70
57
184
101
152
275
100
78
44
43
89
103
94
226
201
103
113
27
244
62
114
258
277
185
120
269
300
74
178
63
49
63
136
271
118
63
71
224
43
67
101
125
318
65
90
66
83
31
41
65
313
100
76
91
88
211
46
172
304
121
249
129
53
106
196
52
58
197
73
154
207
241
341
93
64
45
43
29
67
69
220
104
87
58
287
98
51
123
298
62
76
103
68
29
93
89
97
72
201
106
139
131
280
70
66
368
210
70
157
67
59
139
60
107
65
43
89
171
125
167
64
60
63
37
90
68
45
79
55
80
175
70
166
106
117
45
342
113
60
190
56
78
136
231
133
286
80
52
302
107
87
274
75
95
65
50
66
76
297
72
72
281
56
61
61
113
54
39
111
294
196
235
72
68
253
54
173
208
166
230
131
106
58
223
77
50
210
133
215
152
75
74
88
45
269
124
199
53
42
54
128
57
145
61
250
89
276
186
98
72
216
208
51
74
54
95
173
56
76
50
47
29
119
72
95
78
101
158
189
38
69
189
60
57
163
178
116
100
200
77
222
56
72
87
99
286
66
160
84
237
153
82
84
47
85
271
193
70
202
35
46
66
47
54
69
157
199
59
70
54
79
197
243
174
186
71
116
39
108
72
260
66
64
76
83
91
233
83
182
106
111
247
34
136
64
79
33
127
149
135
83
69
108
65
132
85
71
216
54
56
80
75
183
76
90
250
121
189
68
263
169
112
88
158
47
71
107
119
59
93
129
185
79
316
222
91
81
59
105
68
116
113
48
115
48
297
116
75
56
183
90
87
61
113
58
68
145
48
58
62
91
22
84
55
114
59
228
253
99
208
63
116
120
191
82
217
52
90
151
62
197
140
56
43
180
115
75
82
47
63
213
149
307
81
58
218
107
115
75
95
274
50
42
100
190
62
234
130
126
149
234
78
59
178
66
71
64
135
252
58
49
62
75
72
69
138
53
92
54
85
70
106
62
139
34
180
118
188
71
227
292
110
67
99
143
122
197
218
98
64
268
117
64
162
238
136
81
54
36
120
42
85
41
57
173
85
205
231
56
142
247
24
155
62
205
98
74
182
254
52
62
98
89
99
65
99
54
67
87
93
110
37
139
84
107
37
261
48
142
212
91
280
130
94
101
119
55
104
70
104
72
54
82
92
74
84
71
52
117
186
116
140
111
117
119
54
95
134
34
79
240
276
70
262
244
69
66
169
56
163
66
61
51
58
82
200
224
95
252
133
288
117
61
52
77
121
202
137
147
200
77
95
50
72
45
66
44
317
225
256
127
181
39
262
138
103
59
227
56
234
54
63
47
67
50
74
226
60
77
52
51
107
54
177
239
73
106
56
72
66
338
76
157
164
80
235
53
69
55
62
49
69
54
71
129
73
64
67
144
270
88
205
195
75
131
101
138
84
59
34
123
67
89
57
68
79
98
109
109
31
94
113
74
46
66
206
280
86
105
40
70
40
50
211
47
53
246
142
133
38
89
94
120
45
110
251
49
114
82
63
228
40
74
237
133
257
152
43
95
89
177
51
217
64
44
149
120
70
94
41
62
87
61
77
69
212
56
59
132
85
220
51
82
90
193
62
55
68
87
55
150
236
120
70
159
204
50
100
226
74
66
91
59
224
141
200
42
276
272
216
328
213
122
177
98
65
280
119
62
77
119
122
71
61
75
61
96
280
175
112
78
131
78
70
145
63
57
80
54
114
85
219
205
255
74
54
104
126
72
144
101
56
81
306
260
86
110
92
45
214
187
94
121
146
118
214
359
108
102
206
225
289
275
231
69
168
150
150
279
75
61
229
72
65
319
88
122
56
74
52
79
127
30
55
83
58
91
187
142
86
94
57
100
229
239
71
37
67
194
89
69
52
166
100
63
120
125
86
51
43
260
243
188
49
80
80
85
150
45
47
239
225
224
60
55
73
230
74
57
46
64
65
116
99
46
62
81
72
150
82
77
224
91
42
35
117
90
106
48
61
107
78
40
266
302
50
59
49
61
32
54
110
266
74
68
72
33
73
104
95
88
53
63
94
143
199
246
53
219
318
56
56
75
70
50
73
260
61
118
73
99
161
140
72
93
76
237
98
226
185
203
112
278
40
96
277
59
66
309
101
324
61
170
86
50
127
55
52
68
128
68
207
183
290
259
88
59
77
44
84
100
41
177
188
98
91
137
213
117
223
62
122
90
231
191
118
70
26
143
77
81
74
55
61
83
46
63
146
75
54
226
68
71
224
66
288
256
72
82
84
280
63
91
149
64
90
82
208
99
60
110
50
193
36
239
52
24
327
212
55
111
64
161
57
64
204
71
58
47
135
244
48
62
60
149
118
61
155
92
49
92
83
58
111
75
239
86
151
197
282
289
139
161
119
265
183
201
65
100
67
199
76
80
60
60
177
50
140
217
61
85
278
147
99
83
47
270
60
55
93
56
126
79
63
232
89
53
61
52
42
50
99
214
64
103
70
232
114
280
246
52
109
68
124
80
62
87
341
59
370
272
87
57
264
130
64
244
63
69
62
74
63
29
153
60
64
148
132
178
48
81
100
81
39
56
56
112
215
101
262
228
60
47
149
113
100
53
49
224
203
72
70
80
44
68
49
51
184
43
133
63
42
55
67
101
217
77
279
149
67
234
154
216
41
106
142
120
100
43
244
193
42
199
80
70
66
45
63
40
330
79
95
118
51
64
174
209
66
69
213
66
196
108
69
188
120
133
92
79
73
70
52
45
168
46
65
76
173
223
92
56
111
243
123
126
197
98
268
84
97
68
82
96
46
80
65
223
101
30
69
104
73
73
87
80
81
98
95
58
89
69
89
107
283
140
52
60
100
139
73
112
166
130
89
102
59
234
210
166
251
54
71
76
50
162
192
72
64
73
104
251
123
108
81
70
45
108
105
77
111
57
48
177
35
52
161
72
122
66
275
98
172
77
157
98
50
77
48
164
134
235
45
224
113
152
47
66
63
80
49
194
100
91
85
96
81
63
70
132
71
81
80
97
100
174
251
60
121
36
179
47
53
67
58
54
105
89
222
84
97
143
75
58
132
51
100
54
24
150
95
191
192
143
57
31
103
68
54
98
141
210
66
312
65
136
51
261
178
60
200
68
239
120
57
60
309
83
113
144
252
270
131
218
140
88
216
119
171
268
74
92
284
51
58
98
51
131
70
201
56
76
111
93
160
66
78
258
68
68
42
242
134
89
136
73
178
99
246
230
35
82
79
87
147
244
161
85
213
182
74
198
193
71
87
61
187
274
209
46
121
47
170
49
113
240
184
60
154
78
205
143
69
34
131
63
52
115
76
91
128
46
222
133
49
192
257
80
64
94
105
53
65
108
119
324
108
57
113
72
62
71
68
229
174
63
36
96
36
99
43
52
124
62
119
174
124
145
50
111
255
74
68
251
56
105
75
316
56
107
86
251
62
75
209
70
132
241
55
52
273
278
40
72
31
64
118
110
96
102
83
92
52
55
71
86
111
84
106
88
71
39
51
105
107
223
167
55
53
72
105
42
186
78
267
210
60
74
112
63
246
84
70
81
101
250
54
58
102
143
289
219
269
114
180
55
59
167
184
108
73
80
60
197
66
55
271
113
258
128
181
65
83
284
59
59
53
64
59
76
152
70
55
54
66
293
81
71
80
301
284
39
77
68
56
86
316
207
165
172
42
77
95
54
92
56
81
57
34
72
126
70
43
96
253
105
62
59
179
57
48
95
47
235
73
105
60
287
139
121
138
92
236
71
150
65
264
160
45
100
281
227
53
284
66
68
302
166
115
103
70
75
63
66
134
81
66
262
56
235
81
261
86
73
92
77
107
275
60
82
108
258
42
99
37
221
66
67
86
81
46
271
81
274
35
76
112
113
104
64
296
62
67
122
184
106
111
113
49
216
94
71
244
151
58
62
48
109
146
79
256
125
128
79
109
304
174
48
133
133
64
126
83
56
79
122
37
182
70
90
91
65
140
103
101
70
75
174
61
70
229
46
134
131
116
205
132
77
60
110
69
122
228
98
76
114
68
71
60
66
45
135
40
113
55
125
250
63
53
82
251
67
189
91
171
165
273
93
89
46
71
31
49
139
82
112
235
79
247
91
47
89
70
61
58
74
114
100
95
81
44
56
83
244
227
264
204
107
84
288
117
102
69
108
110
187
136
74
248
152
39
63
129
90
52
97
60
132
111
85
224
122
41
67
297
77
209
90
70
315
55
125
286
93
112
86
60
243
202
45
207
46
46
217
173
85
265
59
125
50
112
245
117
208
80
172
52
99
251
57
53
126
55
53
139
55
75
283
119
68
228
86
53
86
54
68
103
156
137
64
80
209
68
98
177
53
77
79
122
229
231
59
192
72
55
67
33
67
275
127
241
90
53
87
243
48
261
71
145
56
63
48
115
69
238
117
81
75
74
35
336
154
215
76
57
215
60
93
39
69
118
94
225
69
234
49
43
86
76
257
71
30
72
60
50
185
134
220
127
251
140
76
83
108
46
103
248
150
81
93
243
34
94
89
81
110
47
91
91
63
111
181
63
103
174
124
61
319
70
93
76
90
113
128
99
147
133
117
57
117
222
171
71
219
57
84
215
187
58
58
54
195
43
85
57
191
134
62
41
277
293
108
240
61
216
327
56
225
150
49
241
180
283
103
65
150
64
50
71
121
256
46
73
56
71
132
74
119
240
64
90
210
33
43
259
92
54
265
76
43
143
146
42
68
72
109
66
125
110
98
103
167
91
64
51
115
97
119
182
53
83
47
232
94
53
122
70
82
39
177
99
79
35
207
76
196
89
56
244
101
109
73
73
125
105
271
114
55
75
90
140
193
110
291
158
73
66
69
60
57
97
74
231
259
97
181
56
66
136
119
191
57
113
75
115
67
144
64
37
56
258
122
154
89
95
49
66
96
140
99
134
83
62
239
62
197
69
80
64
82
47
56
49
72
163
49
86
45
69
58
52
251
83
62
92
107
277
194
76
78
108
99
68
84
67
194
108
55
45
162
225
36
192
253
296
316
61
85
69
287
172
218
70
67
116
47
185
50
184
95
103
86
222
317
234
57
104
112
67
383
55
139
43
73
64
203
71
271
57
43
212
94
213
57
200
97
61
276
53
62
257
85
111
68
73
292
117
54
65
79
163
87
212
91
51
64
64
89
44
202
168
131
206
40
201
59
80
123
116
76
50
86
201
93
96
110
264
139
272
54
83
41
93
231
71
275
66
92
262
71
244
60
114
341
255
79
60
68
51
99
43
58
58
120
59
307
175
177
52
110
269
139
44
62
271
106
171
60
98
69
69
79
105
92
296
90
102
96
105
259
85
130
143
84
68
201
92
71
253
88
100
85
91
55
186
70
239
187
224
66
62
55
248
66
67
49
74
100
68
68
247
108
107
150
212
57
186
166
290
66
153
90
234
182
48
48
57
79
75
64
296
107
301
60
39
57
132
135
100
63
40
67
243
95
111
77
222
66
231
210
62
79
72
61
64
63
52
93
133
75
112
153
50
212
137
156
126
118
47
49
37
101
53
49
63
91
192
287
60
134
88
109
189
58
226
268
71
136
91
157
63
51
81
342
76
284
62
55
70
66
140
244
76
111
77
84
60
171
44
175
43
110
135
36
311
125
73
71
70
34
91
77
85
40
203
316
75
252
103
98
67
56
64
65
67
190
80
110
222
152
84
78
65
69
125
93
80
91
103
143
53
206
128
242
46
76
65
135
72
74
67
50
63
44
200
255
157
94
63
216
63
264
65
148
62
228
102
64
74
103
55
53
112
253
85
107
57
82
83
310
188
243
41
252
243
46
215
43
64
205
78
103
105
74
85
59
79
53
51
95
61
168
218
41
242
41
85
63
67
169
175
169
64
48
44
286
66
134
71
79
226
105
75
49
105
116
155
69
44
74
214
195
194
302
47
67
60
74
81
262
98
108
135
117
94
40
53
118
72
62
242
307
66
124
106
48
107
78
162
175
312
74
262
49
112
83
151
182
50
163
46
80
197
120
143
61
259
170
61
132
219
197
52
310
143
211
192
73
124
178
60
61
71
51
220
134
119
85
75
49
126
42
178
132
67
220
79
146
67
124
72
94
81
87
79
95
44
46
223
190
197
348
78
99
284
56
58
133
327
293
95
245
73
69
65
76
173
251
93
150
86
235
81
69
128
294
94
92
105
78
119
63
56
111
260
108
51
105
159
58
58
73
119
95
123
211
152
307
65
108
35
178
96
72
66
132
122
122
110
81
40
38
66
88
72
112
69
37
209
99
66
73
59
112
69
217
188
148
96
143
96
33
108
75
101
302
57
42
60
180
80
205
274
46
225
36
85
57
46
196
52
59
102
78
67
57
143
121
92
300
66
137
127
101
175
129
87
77
309
166
156
89
97
66
75
280
90
204
61
228
226
61
78
276
130
74
42
207
245
82
47
82
76
208
94
97
158
118
79
117
59
63
159
54
67
289
45
95
58
47
73
282
164
72
100
124
301
135
50
44
60
77
54
56
78
321
64
142
67
143
52
207
206
86
99
49
94
86
87
257
139
175
54
77
83
194
28
44
146
91
161
225
238
85
60
70
86
131
281
134
255
41
71
170
277
89
234
78
208
83
91
76
70
97
264
54
258
72
47
120
35
245
60
136
163
91
68
74
276
41
52
90
97
62
101
36
75
116
68
306
124
100
44
35
129
83
65
103
125
78
72
145
284
56
188
75
60
87
69
124
116
126
66
76
86
110
81
91
117
44
105
70
152
86
244
62
43
149
251
64
201
50
96
46
138
260
133
127
87
119
52
76
125
127
78
136
46
73
68
56
116
247
194
228
105
287
100
98
41
75
102
95
234
52
176
73
258
66
66
120
118
166
136
73
54
296
113
187
224
71
79
48
119
70
53
78
118
63
57
47
120
187
198
139
220
82
178
112
251
75
124
38
225
102
93
273
104
44
240
48
49
68
44
146
104
59
268
63
81
62
151
51
140
29
141
149
294
326
119
72
221
201
99
75
161
64
115
321
59
25
57
64
106
61
51
57
89
122
115
119
128
65
51
132
121
57
78
61
68
71
97
219
33
42
69
58
80
98
102
61
76
124
89
99
78
106
54
63
109
130
76
80
61
111
61
39
122
97
122
42
92
50
284
83
52
134
295
41
61
90
62
46
117
76
67
182
128
248
89
52
255
51
121
77
98
67
98
88
48
211
123
35
136
53
41
135
57
43
84
48
161
214
54
28
97
50
39
69
117
56
63
126
287
81
141
118
58
217
34
71
296
250
172
62
221
108
270
221
138
102
69
67
61
50
262
150
197
123
47
208
112
59
84
53
50
65
85
73
80
39
159
81
141
67
59
82
218
117
76
53
269
258
109
155
117
57
60
94
95
27
99
57
67
106
125
76
69
147
64
58
110
352
88
65
49
52
50
93
118
73
60
106
233
101
95
57
63
68
39
51
224
51
179
243
249
133
92
54
167
51
65
95
155
210
73
48
92
215
105
42
129
112
49
56
79
188
209
36
137
63
65
102
44
240
222
256
78
99
101
182
123
40
105
62
209
263
153
45
231
65
61
216
201
292
261
109
51
246
41
104
57
59
50
61
298
93
63
73
46
279
106
41
42
77
112
104
312
80
36
329
214
214
138
38
255
126
72
64
43
139
74
68
292
117
107
42
56
81
77
76
253
70
110
130
92
129
61
100
173
41
44
136
56
153
60
63
62
95
63
37
78
103
98
111
272
44
232
50
224
56
61
259
58
95
59
75
48
73
280
106
92
190
101
85
89
137
104
168
50
51
45
277
77
244
175
151
127
40
82
221
59
228
36
244
157
189
112
237
69
58
222
234
47
203
132
124
77
204
41
129
55
89
94
50
69
208
80
42
78
169
62
90
192
221
66
149
265
210
48
255
54
112
230
77
56
91
50
100
77
89
59
