6
56
13
31
110
9
6
5
7
17
7
10
26
5
11
6
9
199
19
32
14
5
11
7
11
11
8
33
5
58
8
7
50
24
12
20
9
11
14
20
9
17
43
24
12
7
10
8
29
43
11
34
26
15
16
7
18
30
17
7
25
26
25
10
17
12
21
96
46
125
9
11
22
111
7
19
42
41
14
11
14
12
6
46
10
16
7
11
13
54
35
20
15
346
8
12
20
76
48
10
11
9
10
23
26
12
14
216
18
11
25
15
32
24
27
19
8
14
15
8
18
13
20
17
93
30
14
11
5
15
14
34
13
28
7
18
6
14
10
271
14
51
14
36
10
10
20
10
15
66
7
11
21
18
25
7
24
10
9
22
8
6
9
16
24
13
85
7
37
9
15
17
16
13
8
8
20
61
13
47
92
9
10
13
18
12
7
21
9
51
11
9
9
8
10
14
22
30
13
29
15
24
28
9
20
16
12
20
18
22
8
20
7
12
8
7
14
17
7
11
13
103
44
23
12
12
10
12
19
6
12
7
54
10
17
81
7
18
12
16
9
15
11
68
11
170
17
62
11
93
10
13
13
57
15
10
11
11
10
82
17
8
12
16
8
11
8
14
10
12
15
8
13
194
15
15
69
47
18
37
38
7
98
16
18
10
10
11
11
10
7
19
65
56
6
13
9
12
14
10
128
10
19
72
58
5
11
75
28
35
16
7
153
10
9
23
165
21
6
11
9
11
12
19
45
12
42
20
12
22
15
11
11
21
13
23
77
18
30
21
10
8
15
7
14
10
12
8
21
6
143
22
8
17
9
14
12
10
45
11
9
12
91
47
14
22
17
9
18
107
15
40
29
14
70
18
19
10
50
9
9
36
48
13
6
11
11
7
19
17
37
8
18
11
89
251
219
9
13
7
26
14
15
11
15
22
266
69
6
10
16
14
32
7
10
11
8
6
14
15
10
10
43
11
7
16
13
8
12
54
13
8
8
16
324
11
10
26
19
18
16
11
79
8
6
22
37
13
26
10
17
12
19
28
14
268
17
7
61
23
38
17
49
7
53
11
29
16
41
15
15
59
7
12
54
6
45
13
7
10
40
14
9
11
290
8
8
14
34
14
16
14
9
161
234
33
32
14
35
11
12
13
140
37
8
71
9
21
76
11
25
15
13
13
37
29
22
21
9
5
14
14
32
13
18
13
16
4
13
13
34
6
7
10
11
29
22
38
24
9
8
31
10
102
16
7
17
13
10
9
61
7
51
18
19
6
10
294
13
10
6
33
9
237
20
14
13
22
47
11
21
11
10
22
14
7
21
17
6
21
17
41
46
7
9
13
14
38
34
288
8
35
35
14
22
11
47
283
6
13
40
33
7
96
15
9
18
28
14
7
22
18
15
237
5
9
8
12
11
221
12
9
16
14
6
7
48
15
13
7
8
10
368
30
22
6
11
10
8
13
14
19
25
8
41
8
11
30
11
4
9
7
114
20
183
11
13
10
20
11
10
8
129
52
25
226
9
35
17
7
24
6
7
13
13
14
12
5
9
35
9
15
10
18
36
203
16
19
29
9
71
42
19
10
6
12
14
94
14
29
12
15
42
37
12
67
19
9
28
10
124
17
9
14
5
9
16
18
38
16
11
20
253
6
11
9
17
37
13
52
18
31
10
20
12
12
15
15
97
15
11
13
210
16
108
17
32
45
36
15
11
82
10
9
19
19
11
10
10
8
19
26
45
21
49
13
109
12
85
39
8
24
13
7
69
9
119
19
8
29
22
36
127
11
21
19
10
35
36
11
10
13
150
18
9
202
46
9
7
11
9
5
21
14
23
12
34
8
10
20
8
5
13
16
14
10
9
16
10
113
7
8
9
9
12
7
7
9
8
104
9
36
10
21
13
24
9
8
6
9
14
9
11
7
12
7
10
41
40
10
25
76
23
121
12
31
31
99
24
199
7
35
29
17
35
33
9
8
15
36
9
11
23
32
25
15
113
10
17
7
82
20
8
7
21
8
21
44
19
108
18
13
5
62
14
30
35
72
35
10
6
21
10
16
8
173
29
61
21
24
11
20
29
20
90
88
45
274
14
15
59
17
7
43
8
8
6
59
6
11
7
8
193
9
9
10
30
7
24
90
19
15
14
8
13
13
8
10
16
291
283
7
9
5
19
12
11
9
10
23
12
7
68
12
49
10
5
32
35
10
11
18
8
10
17
14
102
25
16
13
20
15
32
147
96
16
218
10
27
12
152
24
22
8
28
23
12
11
49
11
6
7
12
43
11
6
27
11
280
42
7
30
14
93
38
9
15
16
20
13
24
36
30
20
12
13
22
11
9
20
57
14
39
11
31
12
9
10
18
34
37
18
15
9
21
7
10
19
284
12
21
274
12
13
283
100
12
9
18
14
46
14
8
9
10
10
15
18
6
14
13
8
35
11
51
6
9
32
12
63
10
9
8
30
10
7
8
29
7
7
20
10
9
37
11
27
129
6
10
12
8
137
13
19
73
10
10
13
97
10
8
84
22
12
9
20
13
12
197
9
7
49
89
31
21
13
8
15
49
47
110
12
19
8
7
8
27
44
8
8
39
11
15
6
29
7
12
10
18
13
14
13
76
13
49
7
49
10
11
15
7
36
25
17
22
28
24
25
10
12
30
12
14
31
11
14
10
10
71
9
11
18
11
17
25
8
47
10
42
8
33
34
11
13
14
20
8
22
11
13
16
19
4
29
13
8
16
7
7
21
12
24
109
18
11
9
9
79
191
16
103
47
140
14
36
16
9
58
5
17
6
7
16
21
49
54
8
11
10
9
17
15
9
10
75
10
8
44
14
18
104
10
10
87
32
22
12
13
62
11
7
17
195
41
40
22
16
9
14
11
9
13
23
33
8
13
9
11
35
8
22
8
8
14
64
9
57
19
35
11
10
9
15
15
48
15
6
7
9
62
23
81
27
12
10
33
13
11
89
16
8
45
25
16
10
10
7
16
11
8
24
10
29
17
8
11
13
36
13
16
8
13
261
11
35
7
19
19
9
6
13
20
25
11
9
11
6
15
17
11
11
228
11
23
63
112
8
35
10
7
21
7
44
11
108
13
10
41
14
11
11
61
9
10
47
8
29
21
19
68
16
9
7
38
7
153
18
12
9
11
14
18
19
11
9
19
21
58
9
38
11
17
47
24
16
7
44
7
8
44
47
23
6
18
25
10
7
9
9
11
6
9
21
5
12
11
44
46
110
9
17
36
5
29
14
73
15
10
12
12
9
10
10
12
38
34
17
18
28
13
21
13
24
11
18
44
18
25
46
20
10
51
11
10
17
20
10
6
13
10
202
17
13
11
14
16
119
208
8
35
9
15
12
24
8
9
90
8
10
23
9
282
8
12
20
223
13
55
9
11
12
12
6
54
16
16
10
19
11
10
9
122
215
13
8
20
12
12
9
11
32
16
9
20
16
9
237
18
178
41
9
21
20
24
131
34
8
12
81
43
15
63
15
10
12
31
7
11
11
54
77
191
18
91
10
14
35
78
12
10
6
9
21
24
17
7
9
72
26
54
14
26
105
7
49
13
31
139
12
8
16
12
14
18
13
18
9
8
65
59
7
16
9
9
9
24
36
129
42
124
34
24
11
9
8
58
9
10
11
21
11
28
16
9
132
12
9
70
12
23
8
8
8
46
276
7
26
13
104
13
15
120
18
69
12
13
12
25
18
8
7
11
13
31
5
15
16
64
16
10
3
13
20
7
20
69
12
8
8
29
11
10
26
6
23
7
17
6
40
24
8
11
210
12
32
9
8
9
40
27
104
29
9
248
85
41
12
12
11
9
24
9
15
8
9
14
20
9
13
7
11
48
14
10
15
15
12
14
305
5
10
55
16
223
295
25
33
16
11
10
13
22
9
22
73
206
10
20
25
14
87
9
19
9
8
12
25
24
14
12
8
12
15
8
27
13
13
175
52
5
13
20
7
48
33
13
50
11
5
135
7
21
9
8
17
16
7
27
9
135
11
9
23
13
11
6
8
64
7
13
6
11
91
12
6
62
44
99
27
19
16
19
8
19
8
7
18
45
9
11
35
29
14
63
15
31
9
10
76
17
21
27
31
8
13
12
27
17
16
7
12
8
18
13
10
16
46
13
17
11
12
17
26
23
7
16
18
29
106
14
105
13
41
15
24
7
9
7
50
176
11
17
11
8
7
10
10
11
15
7
12
76
33
18
18
5
44
11
55
11
16
16
5
13
32
44
14
8
262
17
25
14
7
10
26
5
20
108
8
11
27
9
34
69
80
9
12
28
49
10
23
14
16
10
24
47
40
16
61
21
7
13
13
7
12
15
10
10
83
14
10
7
18
18
19
17
17
14
39
9
8
35
8
10
11
6
12
28
10
17
10
5
48
11
75
8
10
37
24
23
15
18
7
9
24
120
84
13
77
6
21
14
9
8
23
15
6
12
7
20
37
10
15
8
72
9
8
4
9
7
8
9
8
19
18
19
13
9
59
13
18
9
11
19
7
10
19
10
18
7
17
25
68
13
45
58
16
20
74
9
24
13
84
12
49
9
30
6
20
50
23
88
11
8
10
8
8
12
6
25
10
13
34
11
24
51
33
9
15
27
9
20
17
12
30
13
9
37
80
11
239
45
7
13
15
33
41
25
10
8
18
12
130
6
7
5
44
9
9
33
68
6
20
20
24
11
17
54
20
14
28
7
34
23
11
11
20
12
21
30
10
16
84
18
18
13
36
9
11
8
20
11
32
11
11
14
39
15
23
8
46
11
8
14
11
35
19
174
41
53
10
10
13
35
11
5
64
8
33
10
6
20
17
18
21
21
23
25
18
9
5
15
12
140
57
9
39
11
48
24
28
12
8
15
220
25
58
5
22
6
19
16
8
12
17
22
10
5
22
9
61
11
259
13
40
37
34
15
11
7
9
10
12
8
9
8
12
9
9
9
9
43
37
19
10
9
16
9
10
20
70
14
7
11
85
68
25
11
9
19
13
203
30
8
17
27
9
85
8
7
24
9
48
11
26
13
11
8
7
16
9
6
27
14
14
10
74
6
35
131
23
59
66
188
15
14
274
10
10
34
17
15
11
25
29
21
26
17
11
195
8
10
14
6
158
8
16
7
13
81
31
7
8
5
34
83
8
137
15
13
12
9
5
39
13
12
32
10
26
10
62
4
196
9
12
5
7
26
51
7
34
8
10
83
7
14
20
9
11
85
9
19
15
52
15
10
11
74
51
13
28
41
211
37
200
23
10
6
8
7
9
10
15
59
12
16
18
19
21
13
8
9
13
12
53
10
15
6
94
46
8
7
12
24
15
13
11
9
27
12
9
12
103
9
13
40
13
16
34
24
13
49
41
57
26
8
25
41
11
10
14
38
12
64
25
17
6
11
40
19
218
14
12
13
14
72
15
169
26
107
11
18
130
9
11
14
11
12
10
13
9
35
19
13
7
30
12
18
6
11
23
16
9
99
28
22
28
27
51
221
207
11
11
19
14
41
10
8
33
16
5
239
23
6
39
20
25
84
12
91
8
212
12
11
39
72
14
16
12
24
11
9
9
10
8
10
10
7
13
8
21
14
35
9
42
10
11
272
107
9
16
8
12
12
20
40
39
25
196
6
55
47
19
8
15
29
23
28
8
9
14
10
24
9
9
11
13
9
8
245
8
15
12
132
135
10
9
109
27
128
56
10
14
64
9
9
31
70
18
6
13
84
70
12
22
14
22
10
13
8
8
25
18
8
61
11
141
20
9
55
30
33
93
15
17
68
29
46
11
43
14
12
13
12
7
12
10
7
38
9
18
8
15
11
70
21
224
10
8
7
25
9
12
19
8
17
11
20
12
17
10
21
27
6
69
94
27
25
18
56
12
7
47
14
14
28
253
15
80
13
21
26
27
13
15
7
11
8
27
78
16
15
7
25
118
6
11
8
14
134
15
24
23
10
11
7
40
15
79
12
10
9
11
10
75
57
10
8
17
12
8
239
7
10
25
16
17
30
49
323
9
9
32
24
13
6
45
27
83
8
16
9
14
24
10
10
19
7
5
15
8
17
26
9
13
91
37
8
8
17
12
13
9
10
15
14
6
15
11
18
13
66
7
10
27
21
9
7
10
44
7
66
50
22
12
6
7
32
9
6
20
11
12
16
11
26
32
9
112
11
11
20
10
26
5
9
8
7
22
24
7
99
23
17
31
71
14
14
10
9
26
12
31
23
15
13
12
8
36
9
7
9
29
9
12
9
11
14
13
16
25
14
11
136
12
14
8
7
45
33
16
24
15
8
11
202
74
9
12
11
10
22
64
16
34
13
9
123
15
7
195
10
7
10
11
10
9
16
9
22
29
18
9
16
24
10
36
6
33
9
159
8
21
8
12
17
13
9
8
38
9
9
10
7
20
13
11
69
60
104
7
11
15
20
258
27
5
11
8
24
7
9
11
9
10
80
9
15
32
7
9
13
10
38
35
6
12
11
12
31
13
53
74
115
7
11
11
22
19
7
99
9
10
9
28
14
15
10
39
17
19
9
12
15
16
30
39
11
10
9
10
10
68
13
6
34
24
12
32
12
12
153
8
64
7
10
30
72
12
22
15
26
9
9
18
10
16
7
28
17
8
7
12
18
8
16
89
24
6
41
16
13
24
97
32
13
10
9
221
12
7
6
7
10
26
34
9
14
11
17
6
9
14
67
11
37
6
11
36
6
11
8
9
27
29
37
113
6
14
12
47
43
14
12
13
21
72
9
16
7
15
66
45
61
13
11
21
15
80
14
35
20
27
128
11
34
16
43
8
12
5
25
22
11
10
40
16
7
8
12
10
12
29
44
11
10
13
12
25
31
10
8
84
32
12
56
6
7
20
125
10
27
11
9
17
23
9
13
6
6
18
19
93
22
9
33
23
131
14
60
8
24
11
9
14
37
254
9
60
13
26
6
8
4
11
51
12
8
13
14
29
11
190
11
25
19
15
11
94
19
11
22
20
233
16
13
24
18
152
13
10
11
24
10
29
11
14
8
10
10
17
40
41
29
105
298
22
10
26
21
5
11
6
35
11
12
19
11
16
8
7
30
69
13
58
10
23
10
240
49
9
7
10
5
7
11
12
22
7
13
160
12
6
40
11
26
23
36
11
10
130
15
6
4
20
11
10
17
12
10
12
10
6
16
30
21
9
235
22
15
6
25
11
57
12
38
12
14
306
13
9
9
24
11
36
9
16
11
11
10
6
29
12
12
23
7
10
9
10
29
16
10
10
30
15
153
138
12
10
13
71
37
7
11
14
19
12
14
11
8
14
13
14
27
19
93
11
19
11
117
17
37
32
60
12
9
9
8
8
16
9
14
16
14
14
10
8
14
13
13
10
14
9
53
19
15
19
19
10
10
8
8
9
17
8
9
26
7
61
8
7
10
11
11
8
21
22
31
9
128
8
4
224
8
9
30
163
9
34
31
14
8
16
22
70
16
23
6
14
10
89
20
25
8
29
17
34
7
12
42
9
15
28
16
9
255
47
32
8
25
14
18
21
41
52
9
23
11
15
7
101
20
14
21
39
7
10
23
12
6
14
36
6
9
15
8
16
76
101
9
7
26
6
9
52
15
85
14
9
12
4
13
19
17
28
13
7
7
10
10
29
43
16
9
59
9
22
9
76
61
17
15
14
4
83
17
9
7
16
16
10
65
24
23
14
79
4
9
10
15
18
28
13
11
14
10
16
131
9
7
11
15
11
34
17
11
47
22
15
36
8
10
111
74
18
19
10
24
12
10
8
15
10
12
10
63
305
78
19
13
26
20
242
16
8
6
30
11
41
10
13
9
8
10
50
49
10
12
12
10
38
21
46
10
7
16
5
11
132
26
52
161
11
34
22
14
10
18
83
13
9
23
10
10
7
10
22
214
12
13
16
54
18
39
11
35
8
137
57
264
13
9
9
26
228
13
13
8
10
6
12
8
14
9
25
15
25
91
12
11
40
25
20
10
44
35
9
11
17
7
15
10
52
10
64
11
8
17
19
4
6
16
10
9
22
16
16
33
8
42
8
6
11
16
105
8
12
18
227
24
49
18
12
15
89
17
21
10
8
8
6
65
16
24
13
29
52
71
13
14
24
7
16
23
12
75
12
9
8
36
15
11
13
14
6
15
9
39
16
20
29
10
38
9
12
8
46
58
8
163
8
17
5
12
12
27
173
11
8
21
32
80
38
11
9
11
13
13
10
26
8
14
16
8
44
9
12
6
15
8
23
25
22
11
19
75
146
21
28
39
11
9
59
34
9
23
14
71
8
9
18
27
19
10
8
14
11
12
39
7
23
15
8
264
12
13
12
8
8
21
10
52
10
45
16
9
7
8
16
24
10
3
24
21
9
6
11
15
40
18
49
115
35
8
16
30
14
8
16
13
213
11
31
89
13
56
51
8
31
10
22
11
16
9
114
10
13
14
7
19
62
13
41
319
17
28
108
71
102
15
44
8
20
8
24
123
12
18
7
12
12
8
17
14
79
14
32
6
24
6
27
31
9
81
9
16
79
54
45
16
8
28
19
12
12
36
7
19
13
9
76
9
28
125
65
25
9
11
12
7
74
30
7
10
6
8
9
40
119
6
14
7
41
11
30
7
12
23
11
17
13
13
6
8
10
16
16
13
13
31
14
12
13
13
24
102
20
52
77
27
6
7
35
58
18
38
9
144
5
12
12
16
12
9
11
11
24
6
313
54
11
12
9
7
26
8
54
9
26
26
12
12
20
10
8
9
25
9
7
8
18
73
42
41
31
9
8
12
8
6
9
12
18
28
9
23
48
9
118
31
12
44
10
9
72
8
35
11
38
255
24
11
23
24
10
61
258
19
33
9
12
13
71
8
17
45
249
10
29
34
22
255
98
7
47
8
7
12
227
48
7
55
13
5
12
17
28
17
26
15
17
8
14
10
33
12
33
199
20
17
76
12
11
48
17
48
18
9
12
22
11
12
8
10
5
14
5
7
24
13
36
5
11
17
241
53
15
7
128
12
38
36
20
10
22
6
5
13
12
41
50
11
17
24
86
17
14
6
14
11
17
14
23
10
35
14
18
22
7
16
13
12
8
91
15
23
13
47
10
83
9
18
23
9
23
37
6
15
18
7
20
15
9
24
5
21
36
8
13
15
8
12
7
43
21
7
10
12
41
8
10
80
9
11
28
8
6
16
21
5
13
7
115
276
9
6
44
14
15
63
7
9
7
67
7
28
10
23
10
12
23
25
10
11
16
15
9
22
10
15
24
8
11
10
75
9
9
20
35
24
27
13
24
10
19
6
9
30
16
10
9
19
12
67
20
27
7
9
6
119
92
182
12
75
7
9
12
10
19
10
14
10
13
10
59
14
16
6
47
34
41
42
13
9
7
9
43
18
5
15
9
25
19
5
32
9
10
69
9
9
38
17
12
13
9
10
29
22
14
16
7
16
12
13
30
35
8
9
17
10
29
27
40
7
137
12
11
12
30
7
8
40
6
17
6
13
16
22
13
16
87
7
37
33
6
45
10
25
15
8
9
9
10
16
33
9
11
31
9
25
9
10
45
240
7
9
7
7
16
11
8
68
15
19
114
8
13
100
12
7
16
8
9
20
17
19
12
54
12
271
56
17
6
14
12
8
11
11
9
17
30
10
44
14
9
39
8
15
38
6
15
10
18
7
8
11
10
18
20
10
27
8
8
32
64
13
13
20
32
51
269
18
10
8
49
32
12
248
13
12
11
83
213
18
15
38
11
6
16
9
12
13
7
6
37
193
10
7
24
10
15
11
9
8
10
10
19
7
8
16
16
15
52
15
260
7
9
10
78
9
18
9
33
54
7
21
12
7
10
7
11
13
11
24
33
5
65
41
13
7
8
138
9
26
10
10
16
38
9
21
10
8
190
31
35
20
14
14
22
24
16
17
12
22
30
44
22
10
10
9
11
13
15
9
232
9
199
68
9
20
120
81
78
6
16
27
78
8
32
10
9
12
15
10
36
32
10
60
9
9
13
164
18
12
10
15
9
9
6
12
53
12
12
6
39
12
47
8
8
14
10
8
30
8
45
13
14
14
12
6
39
9
43
24
8
17
11
10
13
11
10
18
72
17
90
7
9
17
15
37
25
17
5
19
20
94
6
8
203
18
28
75
10
48
94
30
52
18
14
24
16
54
14
12
19
12
19
7
21
102
42
30
11
12
70
9
37
29
11
11
12
26
8
9
13
8
8
8
7
14
101
9
16
16
25
9
11
7
12
8
318
6
12
38
13
76
47
51
7
25
45
10
9
20
50
27
35
15
10
15
19
8
10
274
14
32
29
274
73
46
10
17
20
11
9
231
35
8
67
6
18
27
40
66
10
12
23
13
24
23
5
13
142
40
61
66
12
8
36
5
8
15
114
6
16
9
7
7
22
14
12
14
37
19
8
12
19
18
10
10
9
113
8
16
11
10
128
14
17
18
8
7
142
105
15
10
29
11
20
11
16
4
30
8
20
20
9
64
17
12
9
18
8
106
23
25
10
11
5
304
64
12
35
17
19
25
35
10
9
44
10
26
9
39
19
28
47
19
13
138
21
6
8
10
15
13
17
15
17
10
9
9
7
10
15
31
17
9
50
9
13
16
22
13
142
161
25
6
27
58
35
7
9
46
12
8
10
7
9
27
6
61
13
11
53
46
22
116
10
104
28
16
87
6
16
24
6
14
61
15
8
20
213
88
18
19
9
36
12
24
17
10
17
121
6
11
10
17
7
12
8
10
6
14
12
33
14
6
13
6
40
9
7
77
26
25
6
7
7
6
14
73
22
6
13
10
9
13
15
37
8
106
19
37
11
7
7
8
242
56
11
6
14
198
21
9
6
44
23
55
20
220
8
220
94
13
7
17
17
15
12
9
55
11
14
45
246
21
60
12
19
31
7
254
16
20
35
12
20
65
11
99
9
247
11
241
133
5
287
7
90
33
12
20
140
7
9
13
9
17
9
5
28
18
11
20
12
34
14
8
16
137
9
25
34
10
10
42
26
19
62
14
12
8
5
8
9
18
9
17
20
14
9
22
12
27
19
17
10
48
16
67
9
11
36
36
20
24
19
8
9
26
66
56
31
29
8
204
21
46
21
198
25
9
13
8
22
27
18
149
78
11
28
12
22
15
33
15
257
9
43
25
16
22
25
83
11
48
46
36
12
21
6
10
5
8
17
12
165
86
54
10
10
23
9
26
24
54
48
53
58
12
47
28
20
6
16
29
9
9
14
11
19
61
55
192
25
35
8
144
31
11
9
9
37
12
12
18
7
28
57
30
9
16
10
16
23
10
7
9
8
10
31
14
10
293
44
8
13
10
44
253
17
18
181
255
6
14
12
51
13
9
8
9
19
18
12
7
30
29
19
9
19
13
11
15
12
8
12
14
34
13
8
10
10
37
147
8
28
33
9
7
9
7
12
53
35
29
11
9
13
9
26
4
198
19
7
7
13
220
10
7
6
12
8
18
9
11
10
9
20
191
4
61
19
56
215
55
24
14
25
8
213
116
23
32
14
99
12
9
16
6
9
12
15
4
44
22
15
20
10
17
15
51
26
15
14
343
8
8
7
94
15
38
9
13
64
8
21
21
9
149
14
10
27
26
59
11
12
8
22
11
8
15
34
10
13
6
15
8
9
50
11
30
5
10
14
12
8
126
17
11
17
38
14
8
18
18
10
9
20
12
8
8
39
58
11
20
22
100
13
13
19
14
101
13
15
13
13
8
7
10
16
10
9
8
17
13
37
107
159
44
11
18
9
39
10
12
10
17
20
7
11
39
17
15
15
54
7
17
28
7
53
10
17
6
12
13
8
26
10
7
28
14
28
219
6
33
84
14
24
8
50
5
7
75
8
12
16
20
15
8
36
10
25
12
9
9
16
7
45
6
14
22
13
27
28
97
7
16
45
81
95
20
11
8
26
22
7
12
12
11
6
25
35
8
10
43
7
37
13
38
11
11
39
10
20
31
13
8
11
129
11
12
74
127
14
36
78
13
10
11
13
14
21
86
75
19
8
149
26
5
14
10
9
15
11
17
15
27
35
40
9
20
10
11
109
17
9
13
11
57
9
10
207
10
9
6
8
12
7
28
49
272
9
19
10
24
8
265
39
18
55
31
10
38
69
25
14
25
184
10
30
13
8
7
18
21
15
21
19
7
12
33
10
7
18
17
51
10
23
6
7
17
10
27
63
34
17
79
8
26
57
24
10
131
17
14
35
11
29
13
29
13
164
18
37
12
15
16
11
13
11
34
79
7
28
21
23
13
10
13
48
8
57
27
65
12
76
23
23
21
14
12
47
17
11
10
11
11
56
261
18
15
6
37
207
8
16
17
7
15
8
65
10
20
30
7
13
23
19
9
32
31
9
13
10
16
11
292
6
8
14
6
16
23
8
9
34
9
56
12
16
35
113
7
25
5
62
10
163
9
38
14
91
156
9
60
31
6
9
9
29
9
12
82
16
8
34
13
9
16
17
31
15
9
5
7
13
21
12
12
43
10
18
56
10
14
60
15
8
103
12
36
8
6
17
19
12
6
24
52
27
9
12
23
9
14
13
11
21
13
8
17
25
6
10
11
10
54
6
21
13
35
52
8
19
41
7
9
11
40
9
13
13
20
23
8
13
10
8
9
13
13
7
10
29
9
10
7
31
18
27
16
10
13
47
21
23
19
29
111
8
10
20
17
8
6
11
12
22
16
9
28
9
44
22
11
25
11
15
19
45
10
18
22
24
34
7
85
6
8
16
7
8
15
6
14
7
7
59
8
9
5
17
21
8
18
13
8
12
11
37
19
9
311
6
31
13
55
42
10
173
22
29
15
14
17
6
7
8
30
9
12
247
15
12
14
55
9
109
97
14
22
18
8
30
10
18
13
12
24
20
7
9
8
27
10
6
9
20
10
84
17
12
12
13
15
16
30
8
17
11
19
8
8
21
9
8
8
14
7
14
13
89
9
220
104
7
73
59
6
9
108
11
19
13
8
13
12
6
9
7
3
8
115
16
14
31
21
39
13
8
14
15
20
10
11
46
9
232
35
10
15
30
24
15
9
9
15
12
8
34
11
21
46
15
12
24
34
6
7
14
13
11
26
19
23
12
63
7
15
8
22
22
10
59
11
7
10
17
15
9
7
4
14
8
39
8
11
10
6
41
4
8
11
10
33
6
22
7
19
60
14
9
17
17
8
8
9
9
15
17
13
9
35
141
56
20
7
11
11
116
55
23
12
13
9
9
13
20
12
7
23
11
6
19
9
8
9
8
7
19
4
11
7
11
99
10
11
11
11
43
20
62
10
44
10
90
10
14
9
15
9
16
10
35
42
8
19
58
27
10
13
110
137
7
28
27
5
8
43
21
34
7
8
8
10
11
38
19
7
9
10
198
113
38
275
9
30
22
10
15
14
10
9
11
103
59
18
5
37
11
24
29
13
12
10
26
17
8
21
19
34
57
14
10
7
9
12
39
16
9
90
45
5
54
10
7
27
11
16
103
11
24
11
15
312
17
51
20
8
36
11
7
17
11
9
7
8
18
9
23
23
38
12
29
46
24
8
37
90
29
15
49
16
9
20
14
17
10
10
14
11
174
18
13
26
13
12
301
46
83
16
22
35
9
8
25
6
14
35
11
13
13
10
9
11
66
10
8
17
13
64
14
10
17
24
16
11
9
9
9
49
12
10
10
32
143
8
16
55
7
6
13
22
14
11
12
8
60
10
19
14
40
8
18
22
270
186
23
8
10
45
13
32
9
9
6
15
39
11
5
23
10
17
9
25
11
13
88
36
21
7
8
30
11
30
10
9
35
41
239
12
33
22
10
75
34
67
9
44
12
19
10
8
16
9
8
6
9
21
6
25
36
5
19
18
357
40
8
10
12
11
239
206
8
23
49
13
20
76
8
97
114
10
9
5
50
16
169
11
24
9
21
18
20
12
7
44
9
15
9
16
5
19
14
5
11
19
8
38
24
7
80
238
7
9
10
33
9
40
10
96
13
7
9
19
14
11
15
25
8
16
38
8
8
9
43
45
41
19
31
7
11
11
11
12
11
10
10
29
9
13
9
6
9
7
37
16
8
236
11
139
6
8
16
19
15
11
11
9
8
12
119
33
16
39
24
30
20
7
14
7
13
7
10
8
17
8
39
15
11
58
12
95
28
39
11
13
13
10
145
13
18
23
16
12
104
12
105
12
10
8
8
10
8
6
10
35
40
18
7
66
9
19
16
24
11
16
8
11
7
87
25
9
66
17
11
40
8
7
26
101
8
11
7
12
10
46
8
13
21
39
8
90
14
24
12
23
179
43
28
18
27
9
8
14
14
35
85
127
8
64
6
7
11
9
9
103
20
11
8
14
34
10
8
110
8
12
79
7
42
7
12
49
37
16
9
19
10
54
16
6
6
7
58
8
17
28
28
104
13
11
25
9
28
25
7
78
9
18
11
12
8
11
72
10
15
9
23
7
14
12
76
5
18
9
8
150
11
6
12
9
7
7
11
23
9
7
130
22
7
17
14
13
10
8
4
8
11
6
11
52
23
11
10
10
60
15
12
12
15
10
8
74
9
20
24
255
11
98
24
54
7
12
42
6
270
10
16
8
8
18
13
8
9
30
9
52
82
7
11
10
24
7
9
14
12
7
9
85
11
20
17
7
15
21
7
13
10
16
9
12
63
40
39
19
15
7
10
22
19
11
16
29
7
10
12
141
26
10
9
11
15
7
11
18
23
13
10
12
10
9
10
61
14
10
23
14
61
20
9
16
23
12
36
16
6
25
12
7
51
13
26
9
6
8
9
202
11
11
10
19
10
242
11
54
10
8
8
35
39
12
6
40
18
6
28
8
17
72
30
235
11
21
15
6
27
261
9
11
10
32
12
29
10
24
12
10
26
23
24
13
26
67
15
26
11
25
9
28
31
6
15
102
29
14
51
10
9
13
34
38
21
11
10
9
11
19
15
20
21
14
18
269
46
13
8
34
14
8
10
51
9
15
11
9
6
6
181
8
17
12
12
6
14
18
7
164
68
8
25
16
11
34
12
8
15
205
8
28
4
11
23
13
13
9
35
79
7
15
14
6
22
13
16
38
17
9
10
10
132
126
13
13
20
19
8
90
7
14
7
13
28
11
30
10
9
56
17
29
12
7
6
5
14
8
14
9
11
10
136
12
11
13
15
12
19
10
18
109
79
19
19
6
9
22
26
6
6
27
53
9
31
13
12
9
21
8
11
209
72
19
44
47
120
8
12
12
8
11
33
14
62
12
7
9
12
9
20
27
250
70
44
10
22
154
24
13
5
11
14
13
114
19
8
17
12
10
13
15
31
26
13
157
7
12
8
11
53
15
10
7
10
24
19
175
11
61
223
56
12
13
29
12
61
14
21
8
22
30
12
10
9
59
19
271
72
20
11
25
13
21
28
20
10
7
11
10
7
10
6
38
11
18
15
154
13
14
11
5
16
10
37
21
43
12
30
11
12
7
24
17
144
13
16
26
27
9
40
12
36
42
79
9
10
14
105
8
9
7
10
19
10
8
9
67
8
22
14
93
33
32
12
11
7
10
11
8
20
9
8
13
60
25
22
10
8
17
18
9
21
8
15
33
16
6
41
12
33
27
9
148
20
7
63
9
9
8
25
14
88
20
44
89
6
32
239
12
10
19
97
129
11
7
145
9
8
6
8
58
14
8
61
25
8
250
8
20
10
25
9
34
7
12
58
22
9
11
25
20
12
15
5
20
20
78
8
24
10
11
11
31
19
12
51
7
28
38
14
80
16
55
17
14
35
6
112
15
81
5
66
12
21
9
7
27
9
35
5
19
21
320
13
21
12
45
30
54
7
19
141
7
7
8
7
15
27
6
39
22
6
43
72
6
63
25
64
12
15
5
11
15
22
10
11
9
114
6
133
72
27
8
14
15
13
9
10
14
66
8
20
10
16
16
10
11
16
7
7
8
50
11
71
10
16
6
31
17
39
7
11
9
30
13
8
64
77
27
12
9
13
9
21
141
11
8
9
12
29
16
15
78
9
19
15
11
12
7
13
6
8
10
9
9
18
13
24
13
16
9
17
11
10
9
201
9
7
14
17
10
7
20
11
21
5
9
6
13
7
8
15
15
9
12
9
24
73
9
31
19
4
13
56
31
9
62
13
12
10
97
33
14
33
125
17
12
86
10
32
14
8
12
11
30
38
10
134
8
17
5
7
12
83
246
7
11
14
7
9
12
12
70
8
39
9
7
16
58
35
106
27
11
9
139
14
13
10
8
15
14
9
10
59
9
127
349
6
11
15
61
11
19
60
134
17
9
13
10
15
6
39
8
13
15
13
8
7
40
15
29
40
29
117
9
12
91
11
16
16
23
66
15
10
13
21
59
8
11
49
9
260
7
6
15
14
11
4
31
15
20
50
9
16
10
9
17
9
166
74
54
8
140
62
35
9
8
27
14
6
9
6
10
8
11
135
21
34
10
10
282
74
41
12
17
9
87
20
23
20
10
9
7
19
12
8
19
30
14
6
6
6
54
43
8
13
86
9
62
238
5
86
8
62
45
31
7
23
10
7
11
60
15
7
40
10
15
78
24
25
12
29
7
12
11
54
12
10
11
17
122
101
39
40
34
10
6
8
11
11
93
15
8
10
19
8
58
21
15
17
16
12
9
15
19
7
69
43
8
8
13
7
23
42
207
13
10
23
22
37
9
26
12
10
12
23
7
51
9
9
13
16
10
11
8
9
11
18
6
15
9
7
49
20
10
9
13
8
8
31
103
9
29
10
6
13
21
11
11
12
18
280
22
198
8
13
8
12
8
22
8
29
12
13
6
10
15
12
115
6
60
10
6
25
20
25
12
37
16
11
8
8
41
38
8
22
20
12
7
111
16
15
20
103
28
10
35
12
15
22
39
11
160
11
10
38
228
45
15
40
14
34
14
11
8
36
6
18
11
51
5
8
7
21
37
21
11
7
71
9
8
7
32
30
10
15
179
40
26
13
12
11
15
18
5
68
7
239
19
9
11
13
6
40
72
8
32
8
23
15
14
8
9
15
10
6
89
9
35
17
17
19
86
7
19
11
9
60
14
9
16
28
29
42
7
10
52
18
11
60
7
8
9
7
11
16
30
9
14
10
22
185
26
9
26
15
13
15
22
307
8
64
20
15
20
8
30
11
14
9
12
13
6
17
7
14
11
257
11
7
10
20
30
69
8
32
22
35
11
8
10
9
6
32
6
25
15
9
9
36
21
8
26
54
52
67
63
8
142
135
27
8
28
14
6
10
8
13
15
15
37
12
12
15
16
35
9
8
19
15
28
12
9
16
11
25
13
11
99
14
16
14
26
9
31
13
29
24
10
25
17
33
8
10
20
13
39
22
12
39
11
13
8
13
10
308
33
13
6
22
18
12
26
11
73
6
46
25
11
20
10
14
24
288
12
9
8
15
6
12
61
24
15
10
11
16
7
12
18
9
15
7
6
12
18
16
25
30
6
20
8
63
9
9
10
63
17
16
8
12
10
20
14
111
139
15
49
26
170
13
17
6
14
11
17
14
10
13
4
8
50
64
7
18
9
9
14
9
16
96
8
8
23
11
29
9
14
14
7
74
65
11
10
15
10
8
8
251
12
8
31
47
80
44
26
7
7
8
12
159
62
10
9
23
71
7
22
9
25
44
20
49
201
12
14
4
268
9
5
25
10
12
38
33
21
25
15
13
11
21
33
15
7
22
10
20
7
12
20
133
6
7
26
13
13
14
13
7
103
15
17
10
36
29
30
14
10
6
10
7
10
15
10
18
46
8
9
16
81
13
21
26
10
7
11
9
5
26
23
16
51
14
24
10
15
97
16
7
13
18
43
11
63
11
10
25
18
31
14
33
10
10
296
13
17
18
12
17
54
25
121
12
13
13
9
12
12
87
18
14
5
22
103
65
119
8
41
14
112
9
10
11
7
42
21
8
16
11
13
16
13
50
14
25
7
9
16
14
24
65
14
35
3
12
12
111
28
10
13
24
33
98
15
8
12
12
10
334
14
7
26
22
32
47
23
11
257
7
9
31
13
33
28
50
31
13
10
8
14
10
23
6
36
17
23
10
13
16
7
42
8
12
9
19
96
14
14
30
16
14
9
13
12
22
8
10
18
49
12
20
35
7
109
25
11
11
43
52
16
6
9
13
12
9
37
19
61
25
22
14
24
220
12
17
30
9
12
18
8
8
11
47
14
14
11
16
12
9
7
13
13
8
8
12
8
230
10
21
69
8
10
17
35
31
10
8
11
27
8
119
13
27
22
11
8
29
14
13
10
9
20
6
25
5
15
88
21
10
26
80
12
7
7
167
15
20
23
7
7
5
10
8
44
11
84
33
15
11
18
14
20
12
8
13
19
7
8
11
11
31
98
27
67
10
13
6
10
30
58
28
58
15
11
7
9
14
6
10
6
10
13
35
10
17
12
37
12
10
7
10
7
8
10
30
6
5
5
18
13
18
15
18
10
8
5
91
24
36
205
18
6
9
19
13
59
7
25
7
7
12
7
14
14
13
10
6
10
45
7
21
6
9
175
27
8
59
7
177
9
24
8
8
4
5
33
12
16
9
8
61
11
22
17
10
16
12
7
10
8
8
16
10
11
13
39
152
38
8
34
130
8
18
10
32
26
10
48
10
24
38
25
13
20
7
115
5
65
40
10
9
12
17
10
101
41
31
12
11
8
15
8
9
13
28
219
16
11
20
33
5
6
29
8
7
9
11
46
18
13
21
9
34
21
11
139
23
7
12
14
11
14
16
28
10
10
63
71
8
17
15
18
10
43
9
17
30
15
10
7
44
12
23
8
16
13
26
11
85
10
20
19
121
5
8
8
27
8
20
8
11
24
42
6
10
10
23
15
7
9
13
13
35
27
51
16
16
10
100
5
9
8
7
6
8
14
6
18
148
46
7
21
9
25
13
18
7
26
31
7
15
14
10
7
7
15
13
17
31
7
23
11
43
21
14
13
26
7
33
86
6
9
15
93
14
21
11
9
18
99
12
8
45
45
7
41
10
9
6
7
31
6
33
15
27
8
10
51
125
13
6
28
10
35
10
10
21
74
92
111
17
8
30
68
8
32
16
7
5
23
14
18
6
151
9
10
5
21
11
32
16
7
16
15
14
9
11
10
8
13
14
10
15
27
13
20
17
11
11
13
18
78
104
10
10
26
10
33
19
25
48
49
11
22
114
29
43
6
9
10
15
13
9
18
11
20
15
9
58
7
83
11
70
7
44
8
223
16
10
21
20
11
16
270
24
10
9
11
20
57
50
282
20
42
10
5
14
37
9
268
6
5
12
54
13
10
7
36
16
17
18
52
6
10
15
10
9
70
10
11
77
17
9
33
11
62
30
22
8
11
7
9
13
27
8
16
128
8
14
8
35
265
40
11
38
10
14
175
7
36
23
23
17
7
15
8
11
8
51
19
52
41
17
13
12
8
30
23
14
7
12
17
11
7
27
24
17
8
18
11
23
34
36
25
7
5
38
62
11
7
9
30
15
19
10
10
18
8
68
8
10
73
7
8
9
21
9
7
10
14
26
11
18
7
8
9
18
11
11
42
11
21
31
21
27
8
13
11
12
7
12
7
9
8
17
25
9
17
86
17
33
12
9
38
6
7
6
5
13
10
5
6
33
20
10
26
11
11
79
17
8
12
27
16
11
9
8
53
20
103
13
10
11
8
27
46
15
8
16
11
16
9
13
35
16
43
15
6
7
22
16
35
6
11
60
17
21
8
9
8
172
5
10
8
28
10
28
11
8
16
51
9
20
10
15
9
10
19
8
17
276
26
13
15
42
7
7
19
8
8
134
10
14
24
48
20
95
109
60
15
11
40
8
21
15
14
10
9
12
17
13
19
11
9
10
10
6
18
12
22
9
22
5
9
11
33
21
25
29
9
147
16
8
12
19
5
15
14
17
6
11
80
16
8
10
17
10
6
40
61
20
67
4
42
13
8
82
9
11
5
54
9
35
218
8
40
18
7
15
11
15
6
92
10
9
13
20
24
10
7
27
18
187
7
10
7
101
225
17
30
8
38
9
125
27
9
10
10
23
11
12
16
10
68
10
8
8
13
7
8
17
33
21
9
9
6
9
18
7
14
44
237
8
18
9
26
11
10
108
7
88
9
15
13
10
12
12
9
254
55
15
5
14
12
20
8
21
19
8
65
17
25
23
12
35
15
26
16
37
9
7
9
12
15
6
12
24
7
26
33
15
11
9
9
35
17
16
26
15
7
11
10
10
257
23
104
25
14
167
8
18
7
45
8
43
8
15
57
8
9
9
29
29
13
8
19
15
19
20
18
10
31
37
36
5
8
15
5
44
7
51
26
33
16
10
100
21
22
8
17
13
66
10
11
32
25
12
7
11
108
34
14
35
6
14
11
9
6
51
15
20
37
18
15
12
22
124
26
9
16
50
15
28
16
53
11
12
14
9
10
10
11
76
39
7
14
18
30
30
42
10
19
24
48
8
36
8
15
89
15
14
8
75
8
25
11
16
10
8
10
21
10
7
12
37
8
24
21
8
49
11
15
39
24
12
11
7
9
17
23
256
91
13
9
50
14
7
8
26
19
24
11
14
5
11
8
14
18
17
8
11
10
14
16
55
16
41
10
47
128
6
184
10
44
26
9
41
14
13
148
11
12
10
15
11
11
6
29
21
14
13
17
24
94
10
105
15
21
33
11
18
18
12
9
47
14
9
12
22
8
13
9
17
15
10
10
7
65
300
16
20
10
42
18
20
13
10
14
8
17
6
8
5
18
22
84
7
7
9
11
8
13
14
7
7
13
20
9
10
13
69
19
15
7
85
15
33
19
22
14
10
40
37
10
18
14
11
9
12
13
23
11
112
19
100
11
8
12
9
11
21
6
11
7
7
10
20
35
57
141
10
13
49
12
95
11
9
11
12
11
16
37
260
14
131
34
122
13
12
8
10
6
19
14
26
287
36
9
34
248
30
7
12
17
8
14
10
32
8
17
7
12
10
74
8
13
28
12
8
11
13
46
7
86
16
7
23
11
30
19
10
7
80
11
74
7
16
11
206
9
23
7
6
6
65
54
128
12
17
11
9
6
30
9
24
85
10
11
35
10
11
41
19
11
8
57
52
31
11
79
11
11
23
10
11
13
9
52
12
17
37
15
13
8
23
14
18
13
137
9
10
16
13
9
12
8
12
16
25
8
58
12
36
18
16
10
234
7
73
268
10
38
282
7
102
23
12
13
141
16
7
6
110
7
9
9
19
11
21
12
16
35
4
30
5
7
8
17
44
55
137
15
260
15
35
13
13
10
33
18
14
13
9
11
14
21
21
8
8
12
247
74
18
14
9
25
13
13
58
19
8
14
8
19
14
51
24
9
14
9
39
13
8
28
8
10
46
49
15
18
19
9
11
12
49
30
6
143
22
12
11
73
11
12
10
60
10
11
12
176
63
8
11
37
36
11
15
9
23
12
10
9
11
79
24
11
14
7
21
17
13
10
6
16
58
45
25
81
13
7
23
36
280
16
7
96
8
7
12
22
11
31
12
15
19
12
10
11
25
35
8
126
8
18
17
15
10
15
18
14
15
14
11
11
26
8
44
100
27
9
39
13
7
14
9
9
24
11
7
10
17
10
23
14
12
16
10
24
15
11
11
80
28
86
15
14
24
6
19
22
6
13
5
15
11
10
23
10
306
18
16
38
48
9
9
10
10
8
13
11
16
122
10
13
28
10
47
106
9
18
12
18
9
21
19
327
17
13
8
15
17
9
16
37
127
16
13
9
31
36
10
14
12
24
168
15
14
44
72
16
9
13
108
7
13
30
26
34
40
41
13
32
62
16
19
15
27
12
15
77
20
8
26
14
9
10
10
55
8
10
14
249
9
19
24
15
25
11
15
11
11
15
17
7
27
194
6
9
15
8
17
21
31
15
13
42
19
95
16
12
20
11
27
10
8
14
6
19
7
16
113
6
12
62
8
7
9
12
95
27
9
100
9
22
102
12
86
25
18
14
7
37
10
11
19
11
34
108
20
12
11
14
111
48
39
8
215
8
15
10
12
8
9
44
42
27
8
8
315
9
5
40
8
7
7
11
20
9
8
12
44
28
6
12
39
29
6
10
37
30
12
12
10
10
12
24
67
10
258
23
13
40
18
8
61
70
10
102
13
19
7
47
26
43
49
9
119
9
10
43
20
27
17
10
7
32
13
8
53
86
7
29
30
7
15
6
19
6
8
18
7
5
38
10
6
16
9
6
7
16
27
10
12
5
13
12
11
15
30
14
47
11
8
260
20
78
9
11
18
19
7
288
7
12
11
6
8
9
7
8
57
31
8
10
41
267
43
14
12
9
8
6
7
10
37
15
108
9
12
38
11
9
30
9
13
8
16
18
7
39
18
27
25
42
15
207
68
8
34
10
19
9
15
15
11
9
10
8
8
10
28
31
13
8
8
168
30
7
14
16
9
11
9
9
23
11
18
7
22
13
9
9
68
15
18
40
20
27
10
11
6
23
10
19
8
27
80
11
18
8
10
10
14
12
48
18
19
27
11
15
