282225
50890
14157245
2004212
2204460
981312
3585439
2789676
3200577
1251799
6455026
75690987
5575866
11102477
9180251
2985934
12331444
3802836
4695247
93361
54882795
394643
670280
2945339
129011147
3171087
5626084
620919
2750628
5492851
7070361
2676870
3113082
18668513
5678954
4280026
2951395
2080103
2826339
1548180
834141
4996169
8151752
1631055
3601589
68252127
2111080
2717142
4518227
2402006
3163952
16216205
3665900
4981146
134875303
6158
2057670
49659450
1915594
4234026
1913970
1491326
1923396
1481772
579223
3974002
3212433
1949863
2092601
3003449
7201049
12886228
4719257
6370757
2531328
17324627
3052564
2254361
138245
3323452
6303461
1568155
3523628
2198314
2455777
3608136
3218279
718864
41361469
6646400
2288235
10643284
8109952
3356102
1571877
55016657
1752081
1160524
6096338
3124281
79811933
3602331
1600381
153559
3175815
170742
51577954
4271372
544573
157298
1498268
3746804
32165211
921048
2258019
24913411
3591047
8328081
3774158
997876
2039459
2655395
1082417
3067384
1759474
3665637
1711134
1745595
1940220
2005944
2696670
2331280
2401187
3077158
1774373
2435538
6113087
2292484
8114293
3767487
7506381
4953129
15403831
231228
1275994
2871097
5838670
2274563
2033277
4376196
3754691
713834
534121
5115267
3383967
5071994
23868822
11385281
22182
2950801
864236
11622932
5365951
14757838
2461718
1354518
567895
3303211
377896
1926587
7029291
1019442
4533416
2221633
13110924
2354117
4510409
5240951
3351098
8675192
1399102
21936072
19283337
10005974
7048429
2797382
6446469
6518217
20262296
1773541
2843394
5635915
56704334
5643287
9432138
1047936
7960419
1462058
4634110
1170445
9355216
3715623
1958721
6473449
5088689
2334955
5781578
844216
7086920
5197921
40928553
23636120
2328050
5483348
3818147
59431855
7208509
1000366
2481313
1199405
230781
809526
18655938
7373606
364487
4782648
11082320
1978024
4168757
1582185
502250
512983
1697138
1663236618
1057601
29899649
3512046
5962105
4911524
16469110
11605896
521953
1365403
823301
5242122
4127193
13122295
8832980
4565771
4186853
3833310
1461992
544617
1221324
1446893
1966733
1041838
15643878
8090187
1262632
16442201
1952331
39183878
5145540
9520836
2804830
1665955
43925724
4726401
3653759
2442482
1474745
312294
1298843
198017724
4415198
2011422
1758532
5058944
4672252
2926954
1076110
10594273
3464116
3117931
12357814
3836213
6432554
2064628
22755033
1606534
3245923
4908600
6726535
11153169
4230707
176074667
67450166
70355875
53089960
793438
1041322
531185
642709
7739409
2397451
2220718
2994927
12778043
2148054
6548507
42931659
618064
3969237
2743115
2929832
8088044
2958860
454709
576516
5714949
7394376
522842
1872755
2846209
934074
1100259
9201542
2610317
1274837
3654055
3052422
1078115
744667
1168553
13548850
344218
5375460
4846136
9009897
18205558
1610910
5876523
1375167
2399377
1258902
2327413
5871464
7360565
2781203
4052842
7943781
15390077
6759948
3204386
2086400
3741259
2464375
427504
2699556
2949888
3455407
2080694
2999852
5875447
3615857
3527473
14254602
190625
9518957
4431679
4303474
8092935
675107
4796289
485330
160758
455661
3956452
8425132
2935807
5308246
8472856
2960364
2975217
2648259
20814997
4100964
157409354
1291120
794554
792971
2231709
3723806
29452262
15621685
5620608
3389803
4069149
3893123
6174604
4379086
1498207
206626
720586
2143294
12496888
499758
16847172
4412791
247663
7223526
17892434
453174
55450909
2230290
242290392
6367571
19005996
16071117
377146
11496142
1981921
714814
70748
667773
1634681
2041313
2331358
206630
3405463
1502652
2367919
5879924
18839504
3507572
39721
99248889
3559756
219493
22452
218034
4002241
3618738
1060983
7772575
4205411
9187339
73530691
6875754
1470358
3701898
3724358
4723407
36429233
3568715
1653693
7033879
4667919
2860538
2487576
4147302
3741953
18573020
2232401
3866484
19264726
1907637
451008
8200395
3915055
343804
3236220
4743141
10022556
12314018
1242271
6766928
20945880
6483155
1280996
4223755
13126776
9894516
11645841
30451687
18600717
12707818
1841374
487564
258187
1461381
2769931
5406847
453775
2275913
2614854
21528380
969069
1326472
20381665
6165649
3315217
1394320
3950392
13954746
13424665
4281680
57598925
10248963
2269433
5052612
9003735
3133443
25732205
2260179
789460
6654513
2646102
4378947
14308662
3579092
8803217
2480993
9378833
4952871
785367
6679804
3265986
519496
643877
2873040
4091557
2496332
16389994
941493
1651998
44947
8471944
256650
2983964
2414437
13224389
3657548
2641226
6742423
908675
7533480
3336107
9167753
8886199
2161497
5136716
3218258
4565244
3845912
2550961
2607792
4223801
4240904
2756660
7653143
1386111
19032309
10031151
1361304
8182323
732145
18521320
3137905
2160317
17021936
8736036
1285909
1769059
1354109
10992342
2702263
536961856
5985856
1886230
5726962
4687188
16453369
1531669
18812140
5949962
815661
42916
3342644
3363910
10095986
3346911
4785455
2077037
5144736
3318849
29044435
1056033
12317892
2307730
1863296
78418010
1903339
4248578
9304556
1476256
17167974
10290903
3683337
11059559
7143568
9960445
14050997
4071230
4142887
3141938
2384081
3219145
3654915
23236
37032995
9443947
15919530
16622888
9697430
4162430
4112425
5995035
2058480
1846000
3493607
3640948
416797
916942
2192017
7487912
1594969
4841852
49157806
10876116
10950106
2350008
9835853
53609
59263
143309
3146434
254083
478657
1949981
5186322
5563543
1203984
33186567
2718429
4333795
1750387
6166276
5991475
2845518
3658099
92489488
6277989
12226041
14174492
19943474
17253429
2264982
3751171
5629178
8483210
15992994
15654111
7104123
1771908
1974251
7278337
2801502
4206780
2735745
3199549
3725854
7741183
8230317
52104160
347345
14491970
1767519
26317383
1321002
1247643
14673728
3138812
2625188
3077143
3974784
36696004
3941330
12796706
38848353
20305429
6106775
24413026
4071901
287788
12193720
6565272
2508039
6170107
4215534
2345735
5560631
4624946
1727635
1970899
5972143
5023993
2575492
1693566
1702600
48458372
2613034
6786282
1509589
117603719
2650387
22139569
8426140
13802039
1915428
6035140
9734270
4074908
40136132
2833347
3710445
2194267
23220774
1879751
2443165
17415380
294806268
1282426
30828890
3711153
4032713
5499099
914156
4475967
4035140
542467
5020048
3170153
344332
3569248
2279434
4306580
3792517
10904745
3498152
2957273
23407669
10105746
10461436
3767093
688068
1791577
21931045
4118080
2231221
5976987
13134680
2929371
2692137
1475506
495454
670610
12669571
1955578
6172344
5431388
7258265
6357484
1233281
29218680
2613814
786994
10713015
5254488
2010736
11716104
15623248
3191034
764686
1503296
509082
8871487
72195
11217838
2076898
33420714
6493029
9285304
1054979
3241159
36711547
97606194
3129195
679573
7362
794690
2372577
10347971
207227
4226394
5872091
41116698
4097139
9753342
140444982
57216329
1454773
4020760
6062858
1045024
2004203
1766658
1817395
5095586
4743822
8771430
3329926
579840
1804962
438695
1270959
3706915
774259
5531711
21364159
3434448
3174885
7515462
2036601
4126042
5446945
21967126
1617089
3452721
156196
134934112
4735507
6186720
7485429
7371120
2802050
12741830
1041553
8634607
3054244
1638765
2335582
3031256
2306150
1500292
867763
2170019
735789
2205890
23517882
1486427
4159890
69000141
4420367
1195749
8034912
3510254
3317198
1090246
3181226
1493404
8787702
1500727
1292813
7029739
1607800
3153611
24387245
3348975
1746925
7318029
2135445
62958864
1830037
4874887
3978293
4820114
1432881
5098094
396399
82672812
1344864
4260490
8561291
707200
5387358
4392952
3990792
6227035
2270909
1095878
2629702
2087642
1195261
224421
2441685
17450578
2658327
70978494
1945451
770921
3313245
1601938
14010220
467603
8324886
97306
3225369
10045438
3822318
2430973
413566
7692691
909099
528365
1026807
2690961
3883392
9511685
3799797
2989479
3742928
3141560
4673853
103767173
3528114
2852006
7237321
4594388
3629278
113577510
2340032
2573290
323116
1089361
435489
1441086
1088520
3075061
1563577
11639615
12500711
1508685
779816
429334
2034523
14712340
7036678
49709484
4288505
9870136
1790625
259052
4581339
3906422
2686473
2788028
1916633
606912
12855793
19660357
322279
849510
4785696
2625041
1754566
8843124
1182257
1543609
2826689
531368
4164929
1779972
3854658
24780600
1413850
3800606
3147612
5071271
49893896
3921296
3126130
5699156
4716540
2296535
7236396
3892863
2927588
7174339
15164387
154521
1860523
844004
4407480
5536370
12903185
8363864
5805239
3341001
8739241
5940863
495922
2856650
1063351
5961834
2667383
2495018
5902558
6735243
843319
65968365
2001651
2901400
8374706
1399329
2188652
249630
3207259
1706279
2994494
4246994
16506942
1694967
1376903
4774630
6608659
1248264
1136972
273128
5035142
3123308
4719885
1993993
4366545
1497428
1015917
8079483
2171763
3520622
4574719
373230
1031619
145852
5790290
51894208
22788343
2642701
154953813
10274534
2828916
8436015
3487898
1585449
2558027
2116613
71595
3369979
6445330
639034
5116863
40564597
744090
5272409
4235941
2945726
1805329
1635823
5762443
19246889
601794
1773680
3282062
2246301
3080211
10666931
5087598
3475172
679129
6051699
15958823
1809098
1870210
17558502
3114202
2107584
39295
29660178
3183525
31966263
2606524
3675699
409246
1079014
4336859
7341970
5227529
8935912
5162986
5247130
3418874
1485556
2943648
7592789
864758
3557837
10241947
32361237
44391
3999387
5809807
2423756
4631904
6222056
1597990
7696772
11046156
1314236
1471984
11430900
630538
113587
9814288
8145615
9075950
3966495
3262571
701373
127941927
2425003
3124452
1386677
7097883
174885
257909
2250301
544985
3314177
1295917
1877179
8288862
1496358
623273
4470256
2215447
7731218
9825950
1201164
23319195
1012816
4167959
2955467
954986
3486364
5314689
249245847
12264792
920630
8341248
519069
113638
21910285
1775269
384391
1051201
78447
1419251
5682563
192658518
1740594
21976210
6279915
1750148
1665229
3660932
6609191
4783578
4821993
1939551
6827000
16588138
559751
3867139
2483534
2211096
6622506
2989362
2190106
1229835
3461942
1098604
2301342
1741736
2433431
9937285
13300236
4218775
312590
2280864
2162778
6713355
1749941
1347031
2887680
1739588
2654
5531236
12513980
40107398
3503866
3398759
12325110
190383527
3646369
8977403
614574
615151
9835561
4017021
1764106
776184
101961182
4188135
2314082
31965020
4326420
1666669
3162320
11559066
3487532
23547818
211525
3568475
4024984
1472099
128667
8250493
3059008
4160161
1905404
9512403
4838159
2040796
15590319
103075
1488723
2033256
1092961
241100
11063517
29321296
2743779
4064413
2450422
1670079
1689062
1382780
1963051
3921095
398332
4112670
1458876
2794343
3061411
2180741
131907
2355660
6428814
4208925
59934465
1885702
2457913
39654
2242524
1071930
2929106
2345671
3305860
3176252
46634765
258104
462674
2616186
12585396
10945524
2957349
3030693
5734271
6666177
345820
1888749
3305945
6268892
1984397
2396980
9146995
1299498
450426
71975411
1958049
5577882
49435702
487983
3643640
5041652
1980071
9960853
167418
3219087
4110645
3997728
7154427
2098052
2117827
496450
1384355
6616096
1116172
158612
6193150
1504968
224958
3193551
4264138
2118447
744398
260690
1763571
2378397
3076314
14710154
4123610
663579
4465755
4570406
1138829
1388665
4474605
8115222
23442646
2179408
2759692
235764
6022930
2327930
4207785
160763003
274695858
1449557
13585138
1905463
1209784
1919707
3569483
9521
11899706
2064390
205069207
1717243
654192
5415
1835011
1906582
2956450
4165270
12065323
10442679
2332092
7358120
6594158
3402457
8570511
1814155
6635880
593691
13068133
13587731
2234457
2620527
9506967
2444086
7491334
3602544
3224799
1537361
5678790
4801360
1571880
6389600
2773324
1226941
3377586
3871778
251057
314250
2124616
5705953
4958387
3265054
10955319
3257882
3155939
1701986
2102624
1177963
5265703
4928030
7131879
34832115
19675037
5701216
106961421
7446172
3221399
7904092
803408
39939419
10829860
2065334
43410712
2000866
4829702
13000976
4053700
1375239
2313687
2598512
2629592
12839342
2672124
1438775
783241
2021130
10924221
6785256
60739
7442825
961491
675477
3161152
2033072
1660897
2418007
6240629
2117442
3119106
2268640
5785138
2140651
20253713
2663772
767318
2752000
7611778
31831727
2014420
4265975
1378342
36160918
1064235
11332305
4832945
68021
4175306
3843879
929645
260390
1061408
2360772
7324708
663214
6671994
22699727
1403959
3600951
8569502
238448576
10103605
25398
7337294
57430559
2104958
4216857
1939663
11328134
2863741
568456
3346836
1960301
2972959
1844108
2452591
7874858
36612883
1957134
1023964
5338125
3000861
4197937
2617732
1653360
2310930
2730941
133623
1522030
162815
5967987
1145200
3484671
718070
9750518
10186872
3893205
809843
364903
8245578
3495959
3147322
3043397
34434897
2703968
12590777
3693552
15542235
5978124
4538393
1299255
2678402
98706059
91581
359858
2641417
4138579
6443903
4864324
6879290
3500743
2684
9059825
2718415
4352389
733506
2823639
1369925
5073709
1025849
1335543
4820492
67141136
1847496
171489
2461501
6986497
2572055
1793222
4273117
3459797
7357485
2676165
4484734
2693304017
4225441
11203274
21660083
1578564
3382369
1904435
4636543
1706273
952575
10193236
1583728
3972648
3016712
3120778
1886604
2626183
4937567
3434574
3546194
1370211
4753186
53649398
10147330
6110661
3409831
17682671
302387
2199931
2969442
9619016
4122563
2370620
2287464
2303643
2771130
53656598
11010111
789441
7973691
5963476
3836717
6914530
16694288
11377640
4136348
3547798
2561346
22230955
117653
3142841
6810549
6504478
27901847
9539337
6580261
49007754
1924733
544628
2766664
57956875
1337792
14313355
4334913
8757319
60720646
3454889
4151463
1392077
4706867
28368188
345416834
10947456
1301564
2869372
3346603
3338471
535963
399074
3376383
3659720
1129955
4340227
64029
25606482
1161748
1361838
1989263
5434432
5272022
46275999
2719108
9653892
11428238
8596218
886310
1617617
4703030
3116424
180307718
5233161
11896061
3624229
6170
3628705
11902476
4308059
1491134
2818240
1879248
5729437
3152652
6128296
4971739
278133
92711
1654457
1059949
3058260
4551300
7012008
5589547
4461119
1606418
5910349
4940749
5686890
2554903
2270781
1946559
843215
3601423
1992818
8084937
2523516
18296128
2330734
992090
21072253
812277
4620523
27437
3076748
2201599
315045
933111
2718728
3402607523
4112229
3252793
3387321
2525081
1641045
2951676
1034721
11697791
4513905
1567635
3872335
761600
21124173
2113168
2111507
354321
83529325
8121462
1528892
10182083
14554607
2422555
1962662
29973129
1065086
1451781
4861991
7998599
5502908
752542
1527359
6584039
6049348
8330681
7409513
2715276
4076633
284097
11880036
4446424
10287451
3216512
1190266
6082934
1476869
742749
1233905
4763035
17276438
920663
2881874
7974539
808788
930152
300141
110654
3177361
20223522
6258764
421384
1828150
3955629
2909618
1862594
658713578
8160716
247217
10795161
7058053
850453
92398
9483038
8188311
596954
1424532
75760466
2329101
7738098
3620747
20403965
64886537
1764484
51345635
29195560
7269641
3418265
21389393
4691884
5215092
2100519
3167528
1884626
4122419
39224224
18021232
2132139
3261327
205656
14851192
1292466
6600757
2301931
90301
4669500
7188169
444618
6845237
3858384
1379257
3609853
2070485
4359071
3646950
305772
4270323
3230507
3038408
7473239
5804021
2138265
3111648
865228
66809055
1633889
1782627
3647400
980262
1789093
18608700
147752
2184461
11794839
17816524
6637404
11254875
1401616
1714642
4582030
1251188
1070683
1643843
8735628
3120655
618997
4963988
249115
3119230
1432639
24115216
861931
161608477
5505317
221692
92397482
3498737
4005466
5767274
485771
4296450
6448942
4530419
11854923
66948639
2709172
4969191
466910
3702216
1294590
2571419
5960390
2268026
2011604
193105
7230336
745379
1600990
9178385
7262521
6509026
1895275
1709875
6229800
7438661
4262640
6178903
1009359
2699964
5386467
974242
1356844
2170092
648927
91119022
1540729
3331999
4727893
10922275
5606888
11296072
10497442
3808548
3707296
2860630
12827260
911677
1219824
800379
1187615
2476033
539746
1121267
1729636
4108989
2007717
2010715
2697520
6309859
1023128
451375
1379641
3549280
654879
3071358
3127105
3674717
3964944
39938744
2603379
13831065
7671028
3757660
1993811
5882799
1159434
3281630
96893
4141796
20630
4594962
13843337
2206523
11852479
2263078
792470
2331730
5123974
1703211
3500628
2699518
7015713
288328
2252290
2180407
4346073
5093502
4847085
2743638
63184681
4409996
4012954
703579
2608946
1212828
9986225
624731
8451147
13487094
4222864
4632167
1948473
5710055
1939896
128068
1176006
3362366
265535
3045444
1809925
1813892
21190682
6359610
14923860
3774101
1360017
2494503
5184322
1862618
1885571
6813101
46854448
77412873
43340733
5664347
5414635
1427455
708539
944686
31442225
5927860
345530
1839797
1539488
22906009
81598259
3803076
4232901
4760101
15898521
1378762
2100835
979016
141917297
252058
3172832
34550
3839491
5645431
1780970
5257943
6788263
1307023
2495318
13934830
3244147
3539477
6637924
2467033
104089
2972803
1771189
15656283
2207062
7312456
2722459
20077116
2837198
4012795
1236386
2050985
14949846
1739616
490126
610568
2751595
2486908
1754020
5417994
2089944
1523104
8068269
5004329
1006753
1467634
30581101
4369041
1808903
1075173
7159705
910872
380009
2615889
3283661
540615
4363540
5452908
1136918
10075761
11686338
26956
31845333
13633979
12597106
501594
6080295
10292071
54433763
9173721
13546160
1453120
9997776
2127942
14225607
17410729
3227602
822839
322862
2887552
3419435
983463
73212052
2079913
4316463
129301
1476655
2841134
3869737
738433
11965452
729290
3375836
1901285
9331720
12874615
319677
6292990
1784677
2835304
4244734
1405538
1477816
469948
425100
978872
2255371
1251321
8653336
67578003
3925322
5941389
221540
3363490
64958113
1248243
2773072
167443480
20110319
10592826
20576930
1257080
14431163
186386
624005
10831011
9582851
1420587
714407
3478824
520682
2558408
5981535
2199880
1634388
3967942
279359
421928
2432124
9782814
2319600
170961754
5487045
1300848
15005058
12572959
6141081
5583592
8411026
4764315
1216312
3364329
76336
10172309
1627879
2791252
3113181
7055140
3979574
1332641
5606328
4278254
643349
1863076
1868913
2199024
1904919
12361418
3583664
1052423
1784781
4251072
2459292
2814713
1572072
1638533
328742
4193407
9413404
642187
3964263
1528793
5947358
5094684
6472633
4219160
4210902
3398736
1012607
6434217
5812311
1463049
2161840
2321764
22058865
4457774
667089
9965109
246023
13771221
1062870
1251654
3418113
8562712
1863758
399660
16828265
1441381
94582
3138714
252789
3032863
3824168
1140402
260737
3005626
5854472
16926672
36591802
7373806
7007095
21381858
3554784
5130756
307203
593301
1536627
401382
1661068
1572113
2769052
4258866
5626267
22950718
3570998
36020494
6142436
4870376
13947429
2464550
787086
8620160
41367044
1770888
7755793
21963062
2960694
2967008
586816
7429151
3487207
5428127
3265014
3783532
5436250
4308228
16119764
10396245
4529312
6725618
901568
445769
10586033
2879402
5319970
2423177
2476770
4109887
21365403
4334471
6896424
10869754
4751739
5150278
5356559
7021396
6964627
2475318
11677942
5478330
10090522
3241447
15065576
3035678
1894758
702403
2032039
9401804
327474450
5930427
16727104
17594027
3293400
3997684
389004
581625
3005850
3026688
2357320
39746213
5638397
30444904
6430888
497358
419065313
3255175
3502033
3272784
284154
1938739
2312353
312877
2958939
6615251
1945285
4163873
6576353
55093
2117284
10114597
6964127
130588391
2077868
1755693
14020664
6542945
2518248
1885943
4279781
2205878
767758
694823
2435675
4125323
51807678
40623716
3420511
34644945
1282275
12335203
4045971
5042258
453713
2292309
11525289
12777019
41291
10258110
1206058
21969645
275080
2401798
22501147
5469958
2092695
2663902
1558182
304632
16667145
1236257
3921689
19078257
12597536
2104188
2156882
2406163
1544309
1688330
106308
2428770
12249232
49972701
2970102
8706795
8055447
7853693
6349232
1035335
5353078
1980050
2646403
1019255
3843011
3290
2629675
82728187
1892514
51109716
3550727
2629110
174553
1427907
4425200
3681043
1750206
4064392
19014
910431
733761
1177435
679812
599311
17176271
6774209
9556442
41926422
3101815
115062678
33739615
2542260
104146685
2385738
224202
19211465
1666219
9508565
11355063
4758782
53181882
940860
1118566
3717144
3230022
658979
6882352
4819795
3248713
49508654
1782471
10678751
4348852
20746471
5523362
1780585
1485115
3073341
4398731
23875257
2445789
3572875
2698986
7651648
3120952
4350777
9075367
4104926
14425693
1952642
3443506
86069267
5338464
3381075
28833144
17566015
1722447
2404052
2113867
15427843
122771
3083753
286452
5843260
17431
5452763
12169343
2940009
8761160
4443239
3130685
4191142
4861361
9607744
3071023
4211632
5070899
1403360
7374898
7988857
4977555
721947
5447896
3628244
5492290
1915641
3339846
2889036
15649462
8902055
1122380
4560019
1786666
2067376
3693490
6547149
1947139
16035727
3650767
3541718
1880866
6927188
3345572
21350212
1590521
2742496
1791749
3120987
387111
1514671
7922804
23122418
152893
1034215
8093193
1639406
10277352
2000938
249578
2358577
3617006
1499292
3401286
2283009
237898136
13404305
15583088
8873352
2625852
2061690
8316652
60285751
2052690
56869
629680
9376566
760984
3107527
1908154
490054
3822937
6800515
6937320
4024967
2044792
11090471
2045296
2074312
2281791
2832164
1672112
1112198
11128359
4118409
6223142
1914477
3744525
1640453
1929842
7180804
24605390
13850561
11743
7001592
578982732
2753250
1778028
839755
15478699
4605719
2500085
12316596
4072133
2655619
3616919
1398551
1190871
6597319
397688
21437610
857475
1001736
3716103
12381265
3856840
5235214
5108027
48750049
3550043
726559
2028497
2290623
1656252
66722832
1115017
5499551
8989565
1010280
4843118
21940889
2026912
25814185
454063
319886232
3902358
6083977
3842238
3688982
12158244
2321159
1279238
94616
10073652
3736239
1986596
838510
987033
4683361
4747545
3603144
1176482
8492671
2655270
390722
384881
428745
268753
5033806
2660724
2563338
21026411
2528980
5942521
5192157
2471230
652684
5952968
7722669
8285852
6756484
2695800
635098
1441764
2424084
3212306
4954109
4643162
68317119
2544877
2818111
19914774
2995619
51224609
40908148
3266512
1650209
9901612
2214314
2369769
2618127
5069421
22570377
39932
15691166
639709
6971537
907918
4476186
254927
539593
2404416
1910709
2454758
2740977
1792700
3602984
4442169
1896389
12206299
35296846
90611
3434828
2252457
2226571
1963374
3688393
4042301
2188002
1570611
5770525
8661187
2824077
5172345
14188000
1030167
2750778
561214694
4878901
1717672
132717
1255189
1325483
1684957
3198608
1012621
4747317
8757257
4552542
228179
2562720
3916515
6148645
21769041
3080415
3891859
4044293
1888527
2586217
2628675
5516617
4783916
2961385
5041873
685796
538107
6393703
6454414
2909477
3512648
53207081
7078430
393652
11911168
15611344
3714396
898396
4031682
1536228
8157560
1646604
2925839
4273939
10348466
781483
69379
332992
6222153
1730613
6278855
373519
940442
6370652
8073820
37050343
5318957
4027924
5947393
13064483
10547796
4078498
8043527
1712838
7617036
760425
891840
1353661
5190296
231436210
1654138
1826503
22463700
3544220
11382147
2411747
1881778
4140119
1995461
3263623
14247147
310930
2455948
1919558
11680546
12021123
3683580
1500002
370501
5167040
2777712
58059403
89517
8551030
408309
2232485
25086190
2768290
388053
1939567
1122958
1150364
10484368
976674
5826546
2910387
65820464
6332235
4085332
52969347
8319104
6311994
1978871
12651204
6123066
3162610
2604824
20851594
1213998
13078426
4333673
110611170
1681771
5506681
3247134
4736430
882887
25180595
1976966
1467658
2537650
3466170
2599455
23472
3629799
18076787
4778924
7903235
4669616
605599
3605823
4287973
4995204
906850
1796401
9387639
2990230
7350000
6395270
222357
3601158
143953
5839484
4461129
9287063
854704
10371100
1323353
1005860
3560856
41561731
2971037
5954553
1342550
6125855
2420446
2484609
16658817
1323410
735119
3050649
6428956
664880
1190725
2164793
1595990
7266406
1628407
14748410
269323
6612435
2647330
384060
952578
6933844
7339708
53836691
3650780
1273496
2734208
2320098
1841731
203136603
1300257
4504912
707463
9063348
3077652
2839983
26614
8967390
50177
10714466
667296
3749861
7006075
3277565
11779202
1422919
1306744
12531324
4444229
607264
5219996
26156716
6017365
5065346
1298632
1233868
1283270
457307
3574136
8910511
10273042
939253
1448301
3875501
1693951
7205570
4474434
5518364
3851375
2652775
5255750
1752208
7538931
12491800
1621619
27954
3352766
2317213
5632729
1635216
6336941
3245601
6219699
3865379
7606381
243175
3230685
3149464
7949929
4512227
3180881
3805824
2838583
3356907
1723767
3447721
1318269
676502
5208735
4350978
1239242
1205806
6259325
616583
7145561
3973296
1465041
21614064
18730587
9697035
425144
4786564
1045618
11642321
367081
5401370
269744
2722390
6366262
1694554
1554704
2521304
2460942
1748089
2238005
576697
1262351
8735335
4800501
23753516
12158963
648716
1297406
5414292
5410628
15686458
259265426
3866548
33139372
2005983
37388991
1396370
15444730
6151176
6211113
1022406
1761415
8771422
15472931
12506745
767827
8879476
1784033
4855459
1743012
4138916
402817
14878636
1541730
7419434
11670462
5629537
379364
301115
1527300
211425
4400065
12542723
1381020
2606795
19429913
45380679
503938
7025342
1428733
633568
8453911
358480
14579007
1024205
3720333
945991
3992730
3585593
64382
4126641
2670363
11368282
2916520
29298891
18377960
7953012
217255
5499359
1863045
8179879
3544394
1170042
13605513
2027421
4572629
24055
3886397
1528947
2405118
8537078
2157419
11055399
378427
9229995
207649
932785
4188137
8299344
38017970
104091
5014498
8507888
546934
3141292
13874390
3835805
18418052
7006597
23980771
10031648
5868408
1025926
3747775
5762584
3682774
3604468
612525
3110613
12924059
2716372
2135387
3386257
1362678
5350743
4044470
2925249
170197862
3650818
14155392
4434804
1961569
6762559
42288408
2988770
983534
14023986
560100
2189421
1157815
3284027
6078427
295378
2655009
1339959
1733307
3398611
7899021
1527160
3858407
570462
2601603
23029617
3578794
1787464
23763707
48290192
14884572
762713
1608788
1748201
4076487
8591593
8251109
6559669
335641109
5416284
529794
1524891
7639245
996641
646599
10058312
1433219
9984245
4446720
75419343
2357043
2615361
259426
27380387
2326079
3434054
5484854
10914476
3062311
2311454
4165978
7771293
4398254
3168104
2804433
547491
36439351
7366194
592148
6673527
31750822
2031800
1749145
6488024
4151791
15917918
2752085
1885195
14551402
1238760
2623025
1027216
20459278
7431364
23711420
2455946
1964836
907898
5475284
10119520
2156030
10571
6372903
9189621
1991451
9947659
2083801
7717716
4494296
1136163
6703094
1033408
233552
131830632
2556886
3386669
15183229
14609516
5122848
1572048
599141
2627234
3587429
18231291
5236005
1305557
9090747
81497616
3709097
3125894
1384439
181822016
1404395
1294897
1426361
2300819
28194711
4365550
37242104
2432002
7263061
4437515
16567818
968507
463318
2231409
929900
4493351
505032
4689343
2462529
499731
2204035
1841968
1801990
1040050
6062395
4098101
38893
5269144
854089
4905602
3343701
8545795
2187355
3657422
1694917
1743493
267886
2009903
4654567
2903002
6965772
2889885
34865942
2859333
1778906
831149
9500457
277843
4744648
19362767
517422
2508648
10018358
2553394
1864799
8026877
92147183
1842224
1360233
23283445
7517588
32916615
1853879
4016108
1955825
29077
6671065
1037024
1380429
5781584
2360363
2560437
25980966
5901589
2588261
2447856
2059207
4061134
4302345
2665111
1071086
10028901
1964440
3759332
13839508
9070504
5669336
4450209
7242098
1951040
6747752
1221618
10623287
1990960
1896241
731519
7563679
4448594
2358917
25019939
70687530
6551734
3359232
4387778
1926313
3803649
5454268
1823713
3559478
1652423
13349323
2762624
87473
20336602
3334255
1566080
20580282
34229976
2893940
1363815
864427
544388
6449709
1297105
225644
11115493
15069490
1162200
5528963
4799496
543588
2869579
851548
268537941
2904725
12771963
593223
4751147
2721413
3770662
3454090
3105479
2929911
51439944
1523350
1697711
1288586
2635715
3499888
2152185
7308129
2862611
3748921
12842685
7504362
2557490
1787244
2628797
3974403
5598920
28813124
9127268
1265473
5371101
11694299
9096672
1243726
2200831
11204753
6872298
20418014
4126503
6485580
4455634
2739452
2511548
12991290
5320917
5305871
531955
2975181
3541291
3037314
212133
71941512
12230501
1441539
37822189
959817
946906
100685
501455
2803661
10148578
1930855
4888592
696496
951307
3124366
2712545
4353146
1901931
3655407
621101022
1456760
1743199
11943643
6875474
1098249
456184
917098
2237336
9460219
22119440
7530430
25402322
7304131
3435656
23011
5852170
406457
4280946
34827
379933
31321177
2335058
2812364
3834534
3926338
158499890
53719
2214329
3825014
9601386
5408281
5297201
2755302
31738872
1275764
14541911
12240727
2539670
4042469
1051550
228093
1095520
2288365
3598232
6724687
479228
3667519
2985452
1280155
9371201
16262597
877241
3219706
3317032
4885551
542033
6608108
9876093
2028138
1379845
2141835
6864247
255455
21019583
2125691
1906400
689283
556772
4015947
12612671
459075
38413075
1207631
813458
3697434
3823344
35461577
5797528
4061003
2864879
10671816
1012023
3038454
10397456
4834920
1015878
6151814
3982500
195438061
2789417
6480965
8503245
3969255
533457
253597
6810931
721588
4230666
3249391
819669
9774991
7923651
1087071
2973034
3357268
21863930
6806352
3139212
728697
2655968
2958341
3945638
981800
4044229
19566311
31523633
3372380
3000365
7243718
399686
3391297
1862113
5544971
1779749
72123496
2969494
4156461
3733462
1892330
1166450
2969830
1808029
30051969
162171
26246691
4893870
4954313
6147246
1185764
1583704
3539697
48351
495698
1003347
3062169
6744292
10153891
3136464
64991990
5126965
3476531
3441048
4647493
28706937
7852518
2586002
556423
2260951
8753804
468805
19457835
29905409
624406
5605226
358816
2020717
3227423
12792419
570636
11474498
4026594
2187713
4406917
954190
2691837
1167648
3523893
10916295
10381138
5066724
11371628
2940800
4222006
5011821
2549926
678433
754314
2095086
1314023
4112722
466863
2338677
4344844
21250705
622641
3820534
147404187
1621158
1264144399
37136973
818222
3039500
1419164
228382
575721405
3625299
29981526
252916669
10907747
1482363
4969427
854828
2803496
6484851
860011
3591211
285136
3964274
745147045
12811339
191417
16170826
53027357
1264613
35963825
334831
1571066
3681949
30751581
2222895
3154954
2508040
194984
8871778
18247955
8401060
1105143
1198558
10623926
813165
3828311
1335478
2057607
124349651
4273528
4710249
739103
9842499
403919
356201
4081306
2090412
3679846
14290884
2765323
1761602
979010
1732732
37364314
1952228
31633560
1254050
9244034
1496449
2945652
145951
7333501
1174106
2964215
4627219
1911193
3363646
2414195
566294
3503444
4546956
1985265
1328528
11503206
1588160
859258
1179157
17544622
13130722
1002622
6769480
316327983
9790751
3858830
3156323
8436955
22495284
2431033
469980
3859047
26699455
409928
1622830
5031390
736531
5306387
5924789
3425184
4475881
2367559
1554415
2958273
18900185
19985703
38464694
6424863
5927632
5305053
2770207
2638759
57570688
4735554
8151580
5483500
1816181267
3117232
2732993
2609101
7773326
4206749
590826
4448052
295829
18971164
85389
8326566
2710196
4972203
3450491
14953681
1795474
9694956
2632364
1371453
2232442
4165329
4504029
5019547
681767
7025077
9867041
4371910
5624026
37695132
6540654
9078864
28817198
1102942
867409
10103676
176789241
7739555
2130991
1411302
1268897
2332780
13951716
6584994
2104300
69981
10193159
481454
33730822
4501639
2001299
1944550
14395914
5693048
12643829
6417420
1234469
1076012
27632899
703028
2071605
6471416
3503110
25602613
5692036
3136783
4854412
399806
2190091
30948524
2294575
3662114
4873344
1576723
44105258
4891554
15341923
5493791
451573
13857281
4722096
1181977
6069744
17817836
2441000
5468931
16113108
3854492
20346392
6504433
3939749
1300646
2297125
2381179
6846291
395484
2649051
3302582
875735
363636
2239663
11664562
1418268
1983025
3930690
4179118
7895878
9530550
24935620
1649748
10024033
6812949
2319352
3459729
235238
53136
2406073
691078
4736516
6429957
11012431
4959775
195258
3297984
2932756
2933093
54211559
12221710
5711045
113009
3030992
3923648
4749204
789330
4220784
12539530
315219
3552384
3289052
2652976
3398120
3606501
4443149
211602588
152727
4494833
1514480
3862512
2010109
6240122
6162393
2505009
10146332
2538033
6661436
4246915
11909731
607997
1228849
36703129
14853969
3490878
1138022
2715603
2195236
20664630
2140663
3112306
5475117
4902131
3047424
2277665
3253432
5490159
11214092
14984170
1275694
12304809
2262958
7591668
2991840
4948933
5229327
1970780
2951680
3641101
3240914
96659617
4554608
11804524
11455621
4664029
16711104
2965330
2264657
3461272
1419187
9217262
908341
36592084
14937000
4723397
296921
4267931
7131351
5870749
2165360
2313522
4470827
2817410
4111410
6604308
769420
5679603
4549845
3707220
3127148
2992161
2143300
19268160
4012886
1005964
1326026
3668481
5326579
4227654
1398491
739311
8663016
2106240
1479393
1648497
2080446
1925089
4118596
6542521
13789436
517559375
7375266
2195482
318241324
2884543
11371920
4161033
6311814
8458497
3598020
5729740
2410859
89439388
38115064
123705
2123389
2606579
1757243
8206532
796634
125762666
34097300
2926920
16887189
3016228
2990130
2384407
5050696
2182588
1304668
641226
10397939
1460216
2769225
29193851
8646529
3673651
477757
508824
1857290
15239479
16568184
382307
2674457
369188
1423697
4148956
4400881
7008024
2973678
1473959
1429493
4433999
2924849
3322689
4278680
1376636
2827293
1120277
1770494
337739
3127165
911877
72767788
4939232
24843171
1065084
760000
1107117
974586
2791715
1453073
1583072
1837429
1446194
1487154
12792108
12199206
8251188
3377299
5582435
115251
2211253
8896187
2018029
3429520
2246290
2131895
4228425
3344668
4183710
12370311
4292006
2233636
2815520
2472182
705264
2176843
785207
1869196
435570
8912946
109620
5792420
3286709
915856
5618955
2206527
21376869
2101857
4537781
8216075
5503207
2666590
4719839
3283068
10123048
3387677
33615683
4176440
2911648
2151761
4185401
377914
5681929
642167
351490
441312
1082227
1984955
2259177
2529616
9019184
72609216
5139630
5114760
3308130
154638156
21975347
19496029
7737748
2690847
445157
5372471
6324487
794758
228302
84562982
2975877
564176
1366302
4882042
44032
236012958
3977573
5327783
3025415
4748131
12714575
8229906
5390799
1606358
4862477
1512361
2451058
3464415
4870517
6744872
3146972
247534065
2881334
3025430
5645126
4664236
8555860
7465618
1329112
19049291
138054
9296355
3121588
1607441
3511024
9867567
913899
686719
4566269
10452869
18009855
6085158
3034129
2946040
1252400
8804918
22090499
856568
6887584
24766449
2545934
1127849
2752160
1572705
681622
236497
1827681
5795420
2718399
2411540
7611014
3366759
512091
1447570
4534674
2755344
3673538
2975937
1977299
3767233
1519709
2817144
3008429
1659065
6680944
36942348
179815
3074703
6615512
6116271
5854578
13155527
4976151
4004806
7735336
3042647
9008220
6685099
1070400
4105973
5001175
1944825
1504846
776031
7997679
3640477
4681992
9912211
4130090
2474766
31659889
51365
7243302
944577
3570317
4803127
391329
2433090
2319246
30695914
8547294
5654719
379332
6336364
16143216
2073831
5559248
21958818
2312158
10304019
35450476
2723365
2221590
826217
40024890
1829421
17308037
7552635
12895482
3148500
13832202
4034130
1889204
9463336
1404068
4103899
3650800
2968396
2535350
50108538
15049545
1460008
5537294
4371950
2465964
24501873
1674604
1953588
6079986
2795899
823225
5160352
1154259
1930840
3494130
4447546
1958763
599430
748954
2921243
222188
2784862
2331354
613040
1277876
5400681
3902905
5791821
24962994
3696960
10361226
3750701
4008864
2550741
401333
8970523
1931939
2753507
3145768
11603636
847771
7023964
1743625
3500725
1696422
4844046
12372727
3906692
2488277
1271873
1560739
11827456
23712663
1201112
4998502
2810306
302595
6292618
5600418
108396924
376775
8075829
13826586
552283
22656779
3425974
1389597
4329665
1622370
347542
185415220
1400605
4526124
3972748
40677207
60068106
7457999
452555
15220594
14181357
243438
5619418
704128
72017916
2089094
30101254
4758505
648258
414287
7438757
2486406
1030544
2494386
2242579
266274
3392263
3267900
1494187
42657693
8345321
3860586
2583155
4958107
2829973
786565
2122639
4289381
904100
2042202
3824055
41941409
5035635
829600
5293810
41898
3958130
4196006
516197
800156
28415268
5527631
3669770
21315147
144412000
3292293
902873
3433771
3600754
1749987
6787925
1306644
1292578
2094436
1001447
685329
34558143
1197025
844247
3748279
2318785
2369490
6818922
115150
633982
8473907
768487
9428012
1337233
1156555
3853044
1793874
5614126
16123504
5809435
86293
4388622
3105272
19786957
3556039
2750324
1958053
6044707
2830203
25777638
3442587
6738907
3364653
13751436
1541185
50472099
2032280
985205
8230821
2753017
6147585
11744573
2756224
1601009
13399913
4411959
7929928
1305944
3639729
1289930
1562852
1890161
40923414
1476692
246038
1563513
1529872
48510811
532329
666252
20013758
272645
2187050
74069067
44608477
1981540
1569462
284466
3352905
47044291
9057900
6218574
2276809
7857680
7377251
891116
5024698
10737566
4725898
1701403
3613634
1781035
3585274
2309461
6444967
11591366
4177532
7527958
1364229
5075234
765579
13028669
498918
20044121
3746518
2007991
2228197
18444245
1503255
10595633
10588652
3100042
15012961
3438099
437688
29809253
15736838
80946413
1796030
4284200
5282096
4705464
803370
2607787
743095
1158041
2377238
4520572
6205739
5828908
7850426
6475277
10545744
8796845
1203005
2749471
3631562
1636697
1060278
7336252
62051506
4857274
47686861
4537601
1333679
2854326
6226042
5711740
11138812
19310400
19476829
2218900
4456562
1301764
2997270
4131972
11768578
342359
51458864
5528938
3093295
118532
11039091
5069856
2511149
3035623
7227133
277480
576207
7012928
14117603
8811480
21351075
2552201
1035859
831617
2299156
789937
57933899
5520497
657514
63263
12652352
7232603
4679881
902454
1038075
3877619
9268928
3448731
1666285
8988912
7041554
11030899
590628
526048
3303451
1536290
782907
1239089
4765421
365657
998464
2092087
3701819
2819622
101873612
3018712
525269
2537330
2225568
1540385
7305694
6090807
3230784
2626929
24201803
2176494
1378872
1678488
3177792
30578376
6418239
25431742
6863257
2184109
2633467
1652503
7313
1666909
2517547
4218384
8257286
826359
7784931
1898687
7507176
12104427
65509
164689
2399243
4491870
5034763
15991926
2871141
2071483
2828733
11232645
3625884
22140250
216308
1032626
8820562
3419281
12853756
6469774
11759597
2456953
18678176
49835560
3192955
646055
403426396
1387290
16666135
961014
1469138
18497064
1182033
3832692
72151033
4201116
17635662
7562660
5896866
905911
7048115
3779085
5380665
1822319
2168769
1917911
2983925
10877581
7877699
10391757
2574106
324236
4755368
1044003
2670443
1736859
1673647
1042714
7186839
1381318
3934172
881151
103148
5173791
19587177
4045308
1688025
47167701
3153100
1301776
303885
950818
20192688
17811486
1033492
6702359
690489
251229
3098817
2622160
2927165
1636141
2077098
13162913
14832172
130826
162228704
3946134
3646751
2311737
2795577
278170
12750903
6794933
4319914
12081734
3217154
7593371
9307576
2935296
550627
6533456
982018
3771194
205301
764779
201792
3992814
408172
22349267
2583600
2261185
1943765
11378620
6119594
3099249
13713710
2712707
212379
3198518
24208652
88424166
7447275
3948148
821462
25087334
1691485
2477233
2337446
110682781
4190703
1809813
2700710
2465113
686357
375390
20722300
2990772
154266723
11434354
3034332
3980835
26141994
4508530
683624
9202282
31790205
3059844
1319963
19064238
2519341
5106321
1002768
86746
1756277
2498228
1011520
7660757
9180322
8719073
243497
2217049
4712297
35883762
1888507
4007571
68469333
1728743
6726547
666933
3883469
420986
1678176
8406400
7215067
1765084
2076651
1531233
741979
7205796
783154
2486401
5188314
8879419
1968768
805507
2931910
24475391
26101
36254234
618961
12646560
4887246
930527
8071150
2537933
1950657
4932922
186173
4085326
4007275
9227776
1772883
2510642
5619529
12747707
849579
4834678
261228234
1435481
65732191
8420992
3629342
3327490
2440590
9155909
18427415
5277512
5583526
756763
1052493
2276519
53408987
14724845
3883405
40115997
166638
5827863
2089254
19709716
2922391
1078322
4051304
610949
9992527
1454526
10157468
11827678
5815662
2458003
3420725
4923551
1925282
2123965
369385
355029697
2874061
5491844
5558502
4534779
1612102
2191573
532555
123969
4751425
2403120
1029929
1456516
122032070
11045004
3079121
354863
6608477
87680876
31834
12818622
2131451
11690670
7956403
27962655
740377
106030
4136769
8231315
1878527
3996173
2745765
3495934
6659774
2878116
1070737
8946336
90114
9188169
4026650
988274
5210170
2904952
34739541
253189
3477039
861807
1958158
3645064
685277
3130946
2113249
4330201
2467613
15272055
1246798
1629799
667158
2148605
1160240
10133315
8718756
532742
2715789
1787968
7835963
1125081
42697897
716416
1851455
1271668
11202939
58820235
2194602
2897912
664852
4279068
7926960
417578
800576
3787013
2116779
9372245
2848282
4015345
8664150
5756542
4329824
19712909
1623136
16218003
15597766
1944175
12574211
9767141
403955
6556513
1701115
2662762
16332604
2303568
4326095
10577762
4495715
137341811
924113
10157396
1538779
1692478
2269396
6589792
5111948
1281037
737489
110861
5096268
6482256
3597005
1285497
1787867
938185
7794998
4093594
2491683
13764227
535404
4396759
3569988
4717207
26933517
4138507
8449372
4394323
20031140
1566729
4905235
717896
16373014
4913764
14739759
4107839
662836
1137038
3932494
554763
10185895
828434
739678
6183997
12546358
13361345
7834652
749747
11986398
6756749
492178
29396573
757678
157362
5878598
2349417
1230700
4141348
2675479
58303949
15906528
3756525
541240
1148316
4345073
2596851
1142778
6785629
12878073
54792599
4489819
60741371
730421
3025167
2003844
10096976
2324713
2058418
30203855
1077853
1588492
13252684
1304129
1133957
1760618
3411512
5325332
1174877
8623115
237079
10539384
1101816
21832460
2615913
922879
1975690
2969218
2452669
1140612
777997
4248295
14790933
163254
5217823
11847706
3471265
5264590
15254319
462916
13622374
11758309
60262
1308936
16218328
2150609
251494
15292396
3240791
13430085
2830760
3965542
119846
9778491
312276
599462
6070685
628155
1332185
9395255
10986817
3369469
13607554
3332617
11530658
11628461
3674515
1264498
2662034
3753380
389588
9346683
563501
5021648
45047516
47870
1027303
3856547
14133016
3360821
2557855
2315671
925934
1783191
1520503
3370439
679663
5003618
2710694
3845255
4809224
1186605
1816284
1867109
4480601
81318
2559264
7547623
141443454
15968541
3603709
3053738
7920915
4604811
6025485
2228256
323464370
5674278
421776
7229992
3689565
9239648
3973760
1212495
7002133
8391692
293611
29873066
26414007
10470556
1553202
1257208
4565016
1792807
4820972
2902715
1223460
4598764
18158220
112812
266
3728316
4558922
407844259
22312773
1756338
6115857
3785626
5101032
2341076
1738498
3579371
3396499
420302
2021698
8616076
9229368
5293461
1782626
2728166
12127541
2743175
135417
3267047
380867286
27560245
2468663
3145097
337231
839831
3298447
5452449
10690581
4399071
4319185
1256684
2719955
104723363
23478517
1980340
4261406
6383161
5981386
2172597
15827449
3727240
13258289
6997628
12526177
1775709
2469886
97035565
4495519
3428966
12617278
81775
354
14860177
21945504
81844658
1174556
39947981
1376780
1275594
6555129
8282234
1062714
2612118
3536352
3332425
38118976
5017144
5968861
16939964
4011028
4429903
1273710
11066938
13110570
3087917
22940889
18345668
4639100
2123395
17851353
298469
2499529
2302404
226506883
93423
4221160
135854
1527687
1852322
5142738
136964
8102854
3409740
756217
12447004
844272
5398807
4061443
2873779
7457200
7314816
1333859
3331699876
4383110
3635101
3142313
1330084
5419898
1924379
6251073
3091936
1003245
3636181
7905162
129734
4570131
15279460
2957382
12542399
9976056
17807850
539806
4345947
4943644
4289220
3320777
3520627
4052465
3381775
1556838
1595296
3320667
2317302
8853308
2668728
587439
2478658
7327312
2200344
10298439
9239592
5626872
2326141
3274169
14371746
5044743
4446490
4605787
39811492
12450826
5310270
3403210
4165542
5228806
5597443
3178486
5147848
7975341
44053199
1496076
2807365
493718
1666496
4712056
3478504
8009266
7275923
22215567
4432844
2907528
12179038
1168188
6615903
11844087
2929246
4450371
4990114
1231771
2136972
8946714
2172752
6964630
3539660
7303120
2342639
3928858
1841514
2922542
934246
5676757
6157675
4019426
4356706
1402618
2270316
4613837
4083233
3402741
2482090
2190532
1681794
4090662
2248993
6310667
34995151
2063590
1097879
2817415
2273459
688628
2675584
415102
7912162
2038291
2803219
10786892
227787
1759304
118376079
1764380
17474629
2759388
4973294
73804842
3861613
4496573
4637258
3220390
7240064
7564938
4950928
498768
5271545
7619402
4863087
4053185
4515033
3381204
8999728
5838431
2514622
4734961
2668018
7482545
384301
4604140
6473695
7926211
6455246
1600899
2901041
480708
3884857
3658130
225606
2915164
49067144
1601612
528390
13307227
598312
7323507
2211575
3785562
5426401
1613575
20181667
1284403
3410245
18102652
812467
5467910
355762633
4021847
3952230
386640
1919443
387426
1238356
4231934
1072170
5063092
28194163
9819614
679695
2665551
1457524
1968728919
1377705
3478442
1663194
3857311
32218859
1452670
3848704
217587810
6077478
1138653
3397563
1905635
4258748
3111787
3014623
37610508
9952371
945559
887784
639338
4311937
3928847
1820963
6777525
601072
3390598
417266
2173430
5385355
5124018
5139369
2020625
1166858
1512005
1255995
777739
1109061
61213
10204522
305662290
2018546
511095026
6675246
8339008
4595554
3895036
3833926
398588
3094399
9667023
29750314
6305016
5053690
2484272
11368998
2923566
3270025
1699449
75672737
15303959
277755
4418801
112502
2595222
2651237
3126882
2247811
374816
379135
2183197
31496030
12354425
459861
316121
3041644
336541
1324432
2415691
6316209
2467874
3132009
4027100
1708646
2694659
1423295
4864214
4420157
7995041
2309922
4604368
19485495
21910319
21048120
3879087
1100928
3863047
1529267
4625423
923880
1480794
119852
6784051
70674
965429
5457921
3184636
1293117
5822762
1630444
7748189
4365760
5270161
657880
1030145
2769837
357111
3459066
7991088
6990238
22213087
4328648
11256869
397626
5166160
6191794
1348506
212516
2099624
9379241
11815066
18412699
2054408
2733624
3234857
6573081
1024407
2894412
2043084
2208732
3190947
3569358
4465698
2642493
2238160
22982423
595240
4982008
2870608
114294233
1460926
1326922
845341
3308869
15083101
22320629
3311340
5133934
7277380
74514
3444949
3152005
47861571
5819855
2336707
610235
1550805
5793054
4890962
2455438
3198343
34043887
4138363
731912
3923349
26942933
5419184
50699952
300384
5838455
5092615
4309280
8858667
3436724
2563950
5558681
443449
3891765
2379465
3052534
27058937
5637530
18276151
71814
19528002
1523701
11763544
4402336
3122989
2114837
4234813
7312136
1185314
20468810
279133
1991390
2737902
9865398
335365
4104063
16916145
3129842
6662498
9000
3295920
178824
1598076
8144492
222109
21451801
13842714
1031951
21545937
107095505
133081
2021381
1734806
1897974
2907797
910863
972687
9148142
6307573
35491095
1970637
6128669
633394
11700215
2924646
825819
3903549
628032
18459425
7693973
6172310
6757599
262259
4953091
2416692
1465578
2312869
67005420
1994504
581417
365871
5592512
1631324
4071994
23244256
5975869
1746181
2358609
9765869
3498242
27830387
24721581
1954721
5816216
2410924
134154
9328472
1097542
551189
14417487
13293493
5041331
7127756
9608580
1601010
4583992
7842328
598256
921982
2179233
6516596
12930065
12258225
1811916
4173305
2938587
2096109
730054
2766443
250801
9421778
1937126
1258286
1919981
6030918
2040295
4555473
4472953
1784535
2641860
18152007
3112982
2787791
3289521
471964
4407367
3333226
3545434
602526
23332
5793859
372693
1863227
14330703
3034946
1030423
11246366
1799831
1682430
2869774
4010057
4661854
1095865
3402835
1034723
53847350
302261694
109329178
5060173
5843427
9018099
3900522
723653
304295
2629113
8586363
20777065
40557289
744358
5317171
3403947
499843
12432527
1150793
95582449
2902609
6432209
4035637
6945458
2126841
1221084
3387990
6866066
1828396
1910000
3827675
14709845
1945201
3071499
6083464
2755311
23096845
28316
2850014
9521464
46039118
3571545
1020349
3264104
5984715
1132132
393780
5214942
13154153
2445668
4553342
462700
3871510
11591023
4321890
6471081
1196606
17838
2544855
705751
1759189
1743036
1215788
3279186
1254108
15172155
7230484
4728617
457189
14090503
2027352
10383473
5819675
26474360
5410177
22069940
1403513
2603329
1530620
3840851
3967567
4111596
7093644
1243317
4345992
1495532
28471834
2539861
1616372
3205736
185306102
590418
11346968
5118499
32757586
509698
669724
1378002
5836302
74453
2415082
1790770
7742267
1073221
1971699
6072366
178465054
4614184
4737753
998191
10265292
283681
1101934
7511704
921502
5397150
1108486
4861244
4608198
784423
2705290
6430866
75447
155577741
213088
20588934
6169875
189266
25256359
12909098
3152366
5789454
3968570
38172276
5022757
1655771
4058293
1734123
6665357
2216938
139040202
171328
10709390
3398632
3527934
7733518
8403796
2517811
3469220
11506748
992419
273866
19015880
165546
156321
149788
3054328
36300903
109441
2624107
1774043
3602697
2531218
4499941
2422279
17239766
168
2738739
1092807
12548494
3376981
3429458
8542361
113989692
1478883
22358035
3238378
40006776
6293264
2706332
142491
8561811
1509364
1698296
1966879
5310659
2920558
14895884
1901685
4610636
15521
2294025
69058395
4218099
3741886
146597975
88405
14565508
4943826
2473808
6185810
7260332
244436
1219585
959476
34702297
7130596
1787998
1341035
2421455
2923321
2088128
6958288
3052146
307179
2258380
3250954
3001692
9466235
1772194
2986691
3008480
3635060
4342587
3062929
3962617
4147564
1063954
2370646
21148994
17192180
2324052
1141161
6461996
8695618
9219607
11749823
11981463
38474020
7261328
1910192
8213335
42143168
5038059
8805146
27319145
3436924
243815112
10377848
8386777
4872144
546525
2606976
7600121
7240368
2589170
9771316
816760
2567559
997866
4459845
5973382
1402213
3854018
727866
1746257
4972612
354186
7070114
4286417
1124896
463020
1867875
2827090
3929113
14078672
8356725
3266213
487713
208534
7141079
10076761
829614
10667856
4651356
1789485
33249560
17275612
625798
5016824
546025
36039695
502299
3745558
16308674
9334613
5842540
5857814
372823
9080119
3258639
1186683
2146113
13900236
7219023
5824545
636570
1826014
8396039
3112795
1459721
9297838
9942419
3629551
6847205
16079528
3200223
2294021
847633
1089118
1137291
4245475
14521471
3191029
140542
106799210
16259129
615459
1631805
37051005
17663373
2360144
2547617
4105504
6939022
5892491
2164859
5259986
419733
1661929
3238717
8858000
7508559
4275321
7634387
65838075
112492
1182956
2843336
11280004
1311610
40094252
5491194
574557
32205618
5714653
5437905
5732062
652479
8989936
22146770
2696459
14081980
821856
18511803
2122992
1943063
6248170
7100078
312856
15319030
864054
33247894
325046
2396826
11658465
692978
1776380
2672640
2057366
12960007
973240
3345522
597391
5325460
3525630
364851
1721007
3766145
6703204
4146085
14068582
486243
6220307
1012149
982929
4608096
3240775
4355246
1250542
1865778
2226843
299228
2245278
9317208
1006535
262827
3799653
1604689
987540
17872214
2013137
1582981
3816468
184432011
12479302
2939780
592415
33015344
4218820
1482957
555413
5049942
241419
3403691
4917458
272008
10657656
10108654
683737
23856748
15857285
2255644
267841
20710337
1870039
178384107
1336356
11057946
1067767
1701316
4739786
2027762
1047028
1230486
1986744
3843814
3765831
210668
20678070
4484087
52401356
3677859
3372625
10092294
2534624
7892658
23063900
3408856
3018952
762768
7201904
4330465
2558838
2517558
20923172
8256268
261932
5570244
4303842
192953890
3158640
4425176
2485145
30955
7500138
1171907
2649507
7655549
7740519
2787192
3375601
18145712
1734134
4413312
1268387
5574376
794970
2383296
3037765
5297535
606008
7628218
4883107
2005122
2009834
2217290
415509
43184396
1062582
51624
2568736
7130200
48231563
1954323
13769685
124216
3681856
304829
1184339
2672552
515064
118533483
13674757
1270775
169972
6180787
1489126
2439931
7104544
2185127
2501386
1353451
2218932
4700922
11874088
1412459
1580269
20260482
5395137
10675713
203091
4130029
3594059
119113
4597841
3006229
4899681
2130131
1536704
8194577
2019070
1937991
4889384
23315997
4634744
4737909
1560854
3344030
1422147
3312899
1036743
3227106
10466429
312134
1236741
4620580
4012845
545830
1371199
4903724
3655399
1415180
522853
383835
13628847
3148525
865503
1137187
2175703
6116071
5338404
616380
32990060
17327607
7288726
2061423
1975990
14429497
6003567
1131741
15226151
4092868
4320392
4296507
1646087
2268348
23015227
1733651
5082418
3349977
3798459
13008624
3100492
5731434
792836
286687
1319093
18371072
6372027
6325902
467696
4963400
980147
10636348
5353956
2928254
2192653
1424759
2880751
3002571
3225707
3785841
2285366
6420720
2111174
19972099
11828892
931164
132657
2311803
6158604
263097972
10654809
6507681
1592406
2035217
3700331
2822833
504809
614291
1984386
3575735
2590654
3815331
25336402
5827504
6028905
37080309
5816168
1683896
1162449
7212009
13814757
60855
1750376
2828970
3372780
6054913
4032236
4394638
4440503
2934519
641429
1264988
1865863
3421054
6555982
2018708
6671573
1912001
20081884
2158149
8290389
26197003
5589840
1502652
1782303
2337495
7846168
12566912
933081
4568451
5435296
923710
3037297
41596521
3778009
250125
2509507
1819663
5052165
4317221
5902161
31679640
2927157
1316851
29745054
931644
1712660
17758657
9176973
2479598
1411095
1488466
3451399
8785686
1271533
64018724
4985273
2258869
3947559
2120042
2116129
997041
1059275
209369
2641523
4601793
640297
2939813
1909984
2934699
6846738
3548598
7584775
4706692
34323912
327744
13197248
3684218
994961
16979601
71525003
1405687
420416
9302499
3940904
1248168
3215512
7727681
5049460
3666255
5943657
5532252
421897
130100
3446212
255736938
166087
2138642
17391532
2817904
3529464
3945875
1439854
6996863
4310110
4151048
2627308
12640745
2010074
4240598
518346
5209951
3104646
3479837
2045637
876264
6336995
5390454
512593
9204091
3224166
174621
2415165
266662
1937724
3101578
2219831
2266225
14699422
4316245
3542599
3607742
4549371
584587
12872035
10639858
4723429
5171745
70783
1545030
8305304
2481151
1417547
6293506
2284414
2633200
3025089
1211468
1904948
1648882
786031
3590672
2371373
98027
2519358
114370715
3520312
339176
4875775
3163672
3235330
7790239
11423055
3072534
13732298
29929861
5490458
1101594
7630193
12073508
14499435
3763705
1824418
662900
31942339
124707
8244269
2697919
2567493
23371138
374850
53280052
1294594
1666424
3525900
391751
796114
28035453
1110217
2159570
4555792
3725939
3853533
901046
3039320
5066914
1774813
1332990
8169395
6054446
3892474
3531426
2357158
2258141
1720682
700492
7507244
12559732
1398094
2079473
632300
3285807
3826045
3269609
17002490
4441658
1521330
10978209
3485667
772740
1415613
3697685
13657598
4340947
2624646
7563048
3917791
8767304
15751043
855731
5149200
6361456
2733439
311263491
13588092
8523264
5632254
2494183
6100921
8152153
3084526
342997
2545872
946817
2197271
2366473
7263108
10338866
4578727
13249144
2226074
5198139
15678629
5978354
493608
7235821
2560626
14720169
13417752
23636407
228575
6364321
6652374
5259697
19610198
6382567
1825967
394647
6784311
6765012
3072943
4893901
8474357
1754643
2425363
6882788
1426395
11783003
9214352
14450850
5907221
520578
3235499
7233963
3849538
2015428
3378249
3721345
2928940
2099863
1949726
2108115
1273852
1120479
19148269
84144457
6626199
8773746
1192055
8752643
4790870
247410
5691908
3780563
4671110
7713716
212054
11130659
13999106
1739102
951547
565769
584343
5166152
2118827
2143200
1541083
179706
20116304
10040904
822691
8206952
28393
12599057
405114
669351
8040291
3940705
1172724
5425442
1205608
3977291
7994769
13446153
1958970
483951
4991928
4410423
2990919
1976823
948779
82910435
928099
1448736
3081461
1620289
11863526
5681671
2751919
403693
10103225
1691640
5300632
6019492
1956547
2439777
7250369
1766490
290417
32387438
275404
2820592
2629561
3144345
92110080
41658477
780207
26807862
4139527
762111
6994160
2414084
3025692
1210564
1363935
2130522
2049687
2495489
3501296
6203669
5618318
29043705
5201550
3290934
2764655
379875
5551578
338784
180030
9594908
2031513
8196596
524186
12377361
3753355
8587008
2999212
4351516
16907
51029853
952339
3660466
2014229
910593
188908
2993385
4176523
5036757
1109026
3496589
2622852
426686
5002488
2849575
35358741
3834272
8239069
3203439
2277515
76958281
10169628
7312955
76211353
4250481
10448908
204768
49599503
1956371
2113342
21126954
4419547
4945664
2107005
4197987
16911353
704568
2340015
1340277
125201777
2300627
133577
2207161
3104645
430638
8650551
2676374
8968031
1691136
9448885
23203918
3509328
822884
561299
50886358
1969924
3370827
3255227
32644805
1291777
1678843
2170917
3052489
3168456
9354708
5061572
423418
8819533
1885439
5577440
5683963
3961929
3243161
6628144
4288948
4359662
9900457
9442653
1541376
16707403
3673957
32626798
12240576
236152
16763883
973450
2997708
3525263
25507785
3959886
5809
7301883
2736021
16054783
3109092
1424968
2585637
4568372
729510
3149533
4450750
45824043
385980
3367747
3357191
259664
3446698855
5731292
7854309
3002602
96062103
1562188
3675719
2739346
2018945
1502139
14188286
341520
1616450
2644937
3743856
6054458
1372711
2870823
21473097
9648891
4259899
223563
3686935
3073875
1643498
2397430
3429583
12593833
22694030
845895
1382279
3830256
1832401
4477988
47717488
6989127
2669352
13567258
4750511
2224834
25116070
7624682
11822849
3555738
2351897
2223286
2732173
184597
1780022
8103075
3328891
2495598
1962059
1008912
2030845
513309
126790
1409225
3581859
1982124
873208
2048743
1581225
1876337
3613769
5966210
1688756
2603780
1690590
4083397
5101816
90802460
1025957
2930519
1152016
1401325
4182752
13224822
32051799
4655040
88654191
1032064
9928124
14236498
21041688
3170613
6876637
72456202
3704149
4747576061
1993080
635323
4781038
36739477
2870543
820017
1695363
4650818
1895388
26794679
3943410
12761433
2125958
55956014
2455367
5324987
31549646
3116822
3138371
590016
3903569
1639112
5069421
5949127
3906015
6991751
607057
10705783
10684260
10054180
3941759
24316743
1139038
2312136
255993
20287179
4691049
1260467
6838022
1609730
7615833
2232379
85925976
7006472
1099422
4332133
9430406
8326117
13630285
1204068
2259842
3736580
9308484
5270387
1364465
17935945
2877125
5097126
1269283
2466722
31798137
5715800
2787678
18817222
4111922
2926994
46075
1404815
3495770
1594810
2008
817636
105178
4580387
18616019
1225162
7159175
1777951
242179
2228779
2526236
3287960
5282938
26521212
2104666
6536961
2723846
9915248
449118
4469858
1786848
12464509
4288010
6012544
2278642
1345077
2391236
6514260
3354190
13388235
744268
7463629
463070573
1273080
7333473
271346
1282875
637841
4404835
11013500
57249250
2718177
1962012
3751158
7356431
3605459
1935740
198922770
1937856
9348637
11576642
5035624
2189904
7547249
1709658
1582430
5394111
834575
293232
9397900
273230
16363764
16816821
1434696
12167520
2642751
3435515
2941518
2171499
472916
2565603
3646797
31750892
3042957
1899464
278569
847530
3862485
1622841
5513100
1870167
11398292
4052528
653789
13937270
7471242
879974
498259
2839677
3260631
401243138
32150946
1181652
6767156
4022582
3407369
1024096
2035634
13368999
5517882
2101022
36251356
4346499
4401776
2716040
4682106
10363497
548963
978006
8970111
24424434
23361176
13457644
1978810
3888169
3967670
92742619
689825
25910749
21959311
4815006
4212513
621894
5879537
21302056
5545307
1369025
2593231
445610
1546315
3697727
128350198
53564904
2365705
143828539
342260
2054736
11662356
2998011
2775223
4064012
759982
65046117
3252795
5511363
3019545
8745495
147928
4027456
508552719
662385
105524
71103086
9190460
2573581
3080492
1606602
933958
3662775
72143
192006273
208445
2615312
550551
1847054
3762697
847817
1142616
3387707
3758706
982322
32660811
448089
340193
945516
5205155
4759666
4583169
2147688
3815696
7296455
10810053
3527448
3923022
1182125
4384157
3118414
854680
1358257
171379717
9739240
5134875
302465
1852271
6274087
1840815
1460719
5809623
3031795
512707
111621788
1674156
968368
579148
856434
16716175
2874254
40907959
1455469
176250
5644120
3850369
6145425
5221269
3994421
1302989
7562234
7878984
946936
3948010
14864607
2498621
2583070
4018507
710348
1118255
5414438
2019762
15867377
6709044
2463187
13030860
2796174
553054
6196877
3083308
3961387
38506934
1007063
40512405
3063781
4665694
5968200
5891166
45318943
4651875
2602071
2930762
34328372
2149228
4693267
15491441
2718331
2844610
3569036
5588813
468402
299232279
1646910
2552929
11180531
8601106
2704890
5434446
8335738
4242965
1324849
4840439
15389262
43109616
403025
26201132
6087815
1056026
5662501
5418349
1037249
15474506
2638252
3072369
6593206
1593708
3706949
3923569
975484
7283383
5451369
3003440
1025724
3648220
3776119
6413763
557394
1284328
1434475
8762275
4019873
5261258
2101903
1810822
29661500
2891972
449858
14063910
1185187
3191237
11134676
15983099
4275533
731558
336112
5706895
14317099
2725758
4343819
4869080
582983
6317130
4471437
5163742
1845762
4658349
4413022
3474138
6892290
6476572
2728338
3155206
7021956
3506298
5707401
17176515
2797385
4335875
1329984
14259399
994505
98139266
1450769
10063369
839557
4505284
3312357
4112685
4157612
3691750
762286
734793
105647654
49163469
64693719
261548
5593769
4836342
2371726
4930914
348590
1598015
1831595
3769980
5117502
1123757
1864364
5762654
4862027
5215215
17882533
6022633
1619088
4370110
1736570
1474811
2350446
2009218
228920
9094012
8016778
573317
13336168
4952415
8850821
1962622
3647924
4129929
1294005
12911608
4759691
3727231
11183122
1201664
4766227
10928449
3172666
4199998
3767252
6310195
29744697
3040123
2294955
1310000
11097442
5067686
349545
5806012
4071096
4660206
8222165
2252612
706775
1931467
185789
26488880
9164307
7405530
4088938
20711018
15954854
356472
7169781
5266838
4681272
581378188
2530324
1157021
1837542
4650571
534513
7191283
3996781
33927885
105755832
819241
107511074
4939248
2254697
3269123
5404055
3776333
2966569
24889179
2440605
1752376
3628673
3187760
3570261
4001921
3525834
2072050
3358541
23350148
5539491
129148924
14187217
1509623
7849252
2587089
17543214
2197646
16437872
1002853
11661137
5254942
1997067
12243003
3137273
5047420
921038
4366279
101379
4560288
8660061
2560660460
84675864
10209447
8025778
1598241
18764493
2266429
3078375
303618
8215428
2390297
463125
14530950
2580871413
13016640
5027144
2628216
1342006
9068142
1794693
8732916
5371953
3883659
2315354
791303
6229660
6715814
1832333
10146310
2568532
2457231
4103229
3958291
6262817
1602061
925640
3890904
1578465
1937337
1069841
3588081
6788207
2096528
5622111
4231482
2445231
3500581
224774
480280
726166
1738343
37813868
85820
72313010
1947249
43346764
3812362
4994904
792217
6700504
1632052
2870319
1218449
1817868
5563169
5325258
9556963
1353941
2615675
6128006
8323979
942852
1094843
13331286
6135450
2393443
8488101
1523983
3798229
208214
2689398
3831523
102703
1193112
3051042
1496941
1624367
3606236
3116699
24951382
2625130
3687415
47018459
4613334
5893849
589157
871327
1656220
958014
34734011
5493469
9477749
8849315
5782396
7888133
7105729
3583688
455733
1316804
186734
8870064
3490776
1799282
1579891
7117517
4254855
5950895
5427674
348412
3188328
1003518
1199612
1109861
406585
8095010
7542669
2225414
452612
1885692
3748244
724641
3794657
562761
4606104
7653956
11148945
2617479
4867054
72670123
3944812
4113731
6986320
49186691
2440218
482712
2103733
5146657
1799688
1554327
3082262
6603368
830168
386326
2110410
2855072
3668693
57133497
5099756
929455
8332245
2522275
6469712
620371
4691175
6025792
2060566
5968201
1162618
489089
1759359
5220562
70513264
3393008
4871948
4731599
911594
907011
856275
14440875
637352
5006724
3113901
1704500
2973641
4701320
2974007
102374972
637411
11867709
1672120
550658
1239052
3718377
5696572
2028495
1023757
855421
1127075
4419475
470174
1399568
3497394
2632434
14213912
1374763
28643476
6888689
6264034
2875535
1304346
423263
22984762
2445498
66585144
225475254
2845313
259580
21604277
3563767
3207740
7031619
4774577
3186465
994501
44951916
806391
1451054
806426
370133
2590787
13540370
2989356
410131
5801095
7661418
8306885
19260071
2445481
4646207
6825450
7476190
2930679
3300512
11149064
41892780
7408002
4210446
9652967
1242833
7509109
4832143
25070324
1621946
17472744
2513944
2591974
11989157
2983862
5520745
9038214
2259791
3746793
223643818
15085408
2309708
8324425
1936964
2406068
6282
183669829
16879769
9452383
7856360
406550
1845471
11508756
3276765
3278424
716859
6253539
6043286
10950748
14551658
36131
878206
44046933
1758554
2138687
1055506
5122130
12247522
3288632
3013195
738583
2125196
1213026
1737807
4567671
1965242
4522454
733651
8387882
168909885
11921729
1614476
1276126
3049866
3480237
8386210
2928774
2058447
2307919
14087482
3823653
15691756
4826476
9340239
3675949
2111371
1662955
6959555
12143143
2070137
2330365
2685038
2928375
2594242
14034211
4725859
73999832
1723115
1043008
7799213
1029655
3420646
5621489
144228403
3845161
3837499
3793666
6180064
2710638
2440703
3086069
9182392
9629156
1194975
20990583
2050612
5453363
47769158
3380446
462887
3297142
8574812
346947
12391314
13472018
4564938
4282956
1477608
1368657
4771262
4099141
962039
3558153
2358743
3717972
4341831
170629
6995905
3874402
726352
4085334
378927
4023742
8297670
6135215
1318678
512641
1628782
6610115
2165049
2771574
2534865
5555195
3472903
5187971
4105015
1566177
662411
1342154
3069467
23916210
2644668
1412764
9179778
1148635
2638016
6704521
3150729
3870117
18950811
16869271
2095384
3982895
496831
10624092
548200
3968002
6407213
638461
402532
35302377
2509233
6458898
2846084
4618633
2797771
4283376
1622477
481076
9032961
2776344
5760026
2351698
5255807
9395185
5750455
3333999
5124084
209007
107099
5674891
2907710
15783212
6787092
1743925
3477777
1186002
1459326
350770
1689556
661812
5730498
18347693
10969585
4695730
6065031
3059447
9186910
2241186
3121328
773802
3260013
24203934
743106
12927086
1418250
1568035
1622855
5654683
1794162
11690150
6506700
2498210
364112
2865616
2936858
6012703
2089815
1054640
1770114
7772492
1357592
1482116
469124
2735295
1653117
16627503
15746404
4525585
1633467
7738759
759549
547407
3951205
2616587
1765095
3427594
1133388
22844120
1667939
5701737
3160114
25077835
2165851
6193104
7488874
2879482
1973656
813831
112688464
4877487
1691447
1137041
3554827
1668921
6224833
15472900
1890255
5487074
797030
2786965
13485366
1022714
32191631
3374369
356692
49259077
227254
4517016
17697755
414224
612880
3174452
1131670
4113185
515800
56863684
23216751
4656617
201570027
9598936
2019662
9509219
3728570
9644816
4258700
6957552
5235583
985337
29088586
1724097
1495858
3484121
10913084
2169855
35702294
1734313
9553988
4451345
6050173
2338729
2380596
9504850
6889029
269801
4317912
3410854
3209963
5259467
16287852
204947
873625
10881370
5571761
3013819
1147902
5271972
25564355
7851616
1271006
2110314
3847149
369567
2617070
2338003
1963582
2327681
37247045
50968566
1850228
2743832
2227242
4739672
2938419
46788
8606465
334492
11365203
1613656
877883
2049989
85129
3372608
1306310
884192
10958929
2992617
4095018
5033294
583706
8274187
26084827
17245910
4342114
395917
7065327
8295513
1859169
372950
5459202
953928
2744954
1174784
854866
2200754
7769461
1745509
4905459
2314209
2321852
31955648
1306978
4207000
339008
3681850
288190
17570889
1238757
16345
16777507
7948128
236561312
496298
2271042
1575756
2370821
4359816
5855626
2799064
18558079
2440214
1103154
191806842
18405126
8123757
3967045
3461601
2297163
2115372
10708805
4604372
110970136
602875
993381
4065468
34641413
678194
10944617
3466559
4683350
6781628
1521694
138576
424234
470814
2571925
3353156
1430785
2863884
18085318
386101
71757
4854949
147507
5764112
15123132
8808740
346356
2057627
5167631
320358
1953672
8416223
523286
230019
2110399
900064
2410771
9407412
3289468
8458277
2437295
3400478
2976778
554510181
11370782
752079
973061
1562285
6696491
4111528
3338986
4104955
1792717
1238329
1800116
10626488
5538840
617516
5427772
3499175
16655170
70529046
1733801
1194647
2298779
474556
2536841
468401
4364654
5588967
1762471
17095439
1924772
2405377
25429333
5185586
22622778
5675008
1451756
2283491
4318946
159830
2491606
1160316
9418801
311843
4559235
1394362
26946470
1818752
5211189
2040800
17464135
9229291
27072258
2763053
96734557
583650
152305
2943474
30119385
2259517
3660420
1591828
5276092
10530197
17205676
848557
5471831
4113202
587031
8859033
5777803
1590573
34201374
61719967
3044243
952366
2287888
2173317
3372696
1317915
5816089
3445895
30379067
732251
2664315
60819082
1018527
196008927
2508488
17284402
4218817
10815113
3180881
3269524
796111
8772015
6783407
236964117
54847689
4567192
19191432
16864573
882798
13920660
7859
59697752
2818
5059675
28174324
7237738
138994389
430122
2283040
5146580
1640402
1524193
2235299
5325160
140171
1348986
974777
4072082
7421729
24115558
4502256
7719987
4442700
1100062
4854956
3657713
3031814
7090906
2394264
4397781
1526428
3534952
3983393
3005796
4138392
121713
69340183
4551910
3446773
2033268
1357184
44394637
2773461
1707025
2095701
892069
2735628
1365066
3338544
587174
5635601
19820
1428210
9114759
2345760
273389
215805667
10932236
8004646
23030884
3426910
1465137
2714157
30665936
1407823
124284
3917728
1174645
3753671
2673990
3506178
5285310
3442068
8814845
6553979
6252142
2532175
930297
3451905
7748286
2532405
700252
51737323
8028395
986344
1402152
5673003
3499878
1738402
6027344
1016655
1892706
6739322
4474045
8630276
2648011
1457975
1351476
2259224
1296069
3125633
3435194
3896519
2952077
8822939
3527831
6650777
10654623
1582688
1389007
2337414
884384
4348137
1534081
31616985
3295992
3972241
2988619
6322307
27467991
81305
850701
73523
547612
41408899
95345
9387542
29157365
3321801
909165
3916
10990570
4944598
209882
1950698
3026542
6220853
5046347
11408318
208156
3385656
21273294
13827123
13048
3731437
3819818
6001396
5767471
194741
4798475
2574240
1392390
5883518
82401
1245985
29891662
9225674
10824615
2943256
9632642
1089091
2849513
382541935
1390321
19861376
1825492
6798943
7640890
206620
2966892
3851728
7245735
1553170
115742822
1602004
15856218
3468374
84415746
7932679
4222195
19347893
4182475
2321252
5362871
4168389
1927930
3675450
11028944
3928460
1225322
758569
27662957
19981161
9278261
2637202
984527
2199801
1523937
3354583
7381131
6945877
7989119
1384414
6813290
1471565
2880702
4364204
2513815
3853161
1340612
11192458
99119
762877
296441
5809736
2238174
3907477
2472634
6962303
2562318
1344657
677588
3307248
3688079
1371267
40574356
1192444
4357008
3085843
11272616
1174953
1170663
891452
2504310
121394990
8131519
2392468
4665138
374160
3711921
12222232
3932765
7038329
3528719
391868
7374373
4177459
2053028
57315071
1513397
988198
4981609
27090449
35302648
4551553
20228844
1230707
65453481
37412684
49923323
2565187
6404615
124539
1470597
3412129
3203836
2813333
23301934
4238468
9362654
2078099
1666643
359940
322829
1938379
2112155
23369012
5378322
8395182
1173134
94829594
5208668
21489547
1784562
4253010
15023038
2666898
10168578
1594595
3525323
516957
14229015
1703925
1730813
1685485
5733617
10794799
10997765
1729846
1663788
3209635
3700013
888657
25801800
20733619
11014602
32410197
3478985
4639665
1382880
36308292
3242415
2108517
1494284
3363016
8138006
1668839
9461504
86002503
3902775
1894312
728635
6155962
11900748
3365858
3602537
2910676
3819769
974867
1230577
4029442
10980
3211782
3123756
1954273
6414504
15878636
4448265
2894177
4084859
2419276
4410993
3922873
404399
2886304
13038617
4142969
14570843
1938722
439562
3559174
2245801
3566900
102053
7920269
7800827
1049723
4125335
91976479
1825365
2705112
11780861
3613039
5404512
6211312
38237554
310560
1022063
6563698
1144024
863493
227606
15706192
39804
4838919
3943599
12236081
10281475
2063887
5854631
2187408
1254810
15536450
16863434
3303657
1514630
1098479
10100004
6869402
8628124
11306433
3413877
62208435
128099214
3621056
890587
141205
1658616
3107156
20124117
1124539
602702
2780684
10813476
10289457
15648736
3428052
3831532
8437817
1270841
1024521
7104275
11977058
3423817
5223409
3965906
2361800
10136323
1914451
33389395
1344601
1788312
4296444
18585357
2255894
856713
5383997
3577955
6016519
1161022
13553914
242618
40667615
11437536
6003922
709841
1838447
1259136
3675016
2055908
702154
558268
1069444
2743087
3399734
3523372
3392329
1613158
383261
5081587
7331624
2117509
2626546
1492812
6001984
5612802
1446583
5300529
4097627
2957507
1552492
3051551
110368708
8546225
3079669
685229
4436313
3274679
898363
101243
4733054
3620373
1539183
1313432
3786156
2788356
2647119
2256254
235249
951229
11096018
1086279
35716097
1341366
4108704
2352899
2147078
4439475
6630985
5799564
61370
18544808
2785510
1089975
280125
4310469
4357245
46357253
1072217
8017546
92848863
1430653
3857314
45346450
10005095
129459128
18986154
11415080
119308217
70936112
2219651
1016999
71269467
2921678
3644095
7796675
9487951
5187778
4990732
1110891
647687
9521373
4116662
3621558
191736
1772434
1537666
1641596
4523953
7385299
1747343
3142917
772856
2400661
4850238
12290844
899352
22972522
7826769
668660
6240000
4180967
1764422
4251693
8952172
2119801
872755
6599919
18204462
2314949
333969
490515
10044556
469404
2269506
1717012
1550066
1157236
2172895
1186261
4877602
172119
7775149
692370
2255400
265213
3561216
6645227
3080166
4735841
2662322
2373236
2994333
6683017
1490336
2215249
2445882
3606370
5173027
3376908
3514465
3330799
78770446
9566950
3709186
9510145
18219621
2025817
45179259
3583594
3992665
3001529
2005556
107583568
2544100
4029654
363464
9894323
457955
11750642
206803
1960196
943910
32820044
6536090
560229
2389035
14758075
8661513
2981960
13671274
94677
1370044
2156878
1396730
5032413
6519765
5638246
3580400
34821412
6604140
2322052
582760
885132
1347986
4204144
3669687
5731039
29676
2338904
2231370
4536643
12685008
402614
578007
895685
4394315
21883170
3166196
25165558
2353815
3838920
3268780
2164410
32504525
10516495
3204388
1901892
361035
1694648
20168349
666967
117595461
5205459
29299458
158497
3427034
7394876
1149887
12898493
513015
2576026
14316562
91025
8019964
158726248
5959441
2907629
3038554
21586164
19982439
632149
489702
10229054
25339159
156044
241285796
3910250
909944
5021049
1629598
2785912
2011000
201570
211356
4232423
1480608
41996224
2700808
17497196
851041
1834809
2012050
887170
711632
2748560
1305516
1909170
93283907
24455700
505162
136992440
3887503
5414206
3388933
939441
4256925
1346294
1854098
2111058
804226
5500430
8538373
3950310
5009889
18238614
13607371
40201785
606100
2636690
3032107
12208888
2231691
4147644
12751401
2451413
63350
200812
1036414
34646713
2544671
515623
4203563
1925469
18394369
4752723
6015356
607163
5515944
13417666
11943856
9815357
6013509
4130811
2768537
12084719
4046764
2856296
1750091
2693474
1832070
886626
566702
17857069
3061622
2390084
9381722
1690076
70713136
24148
4633911
396285
563601
64708
2237882
11409035
9919354
4853935
19146501
5383926
2184382
3568734
1025318
7493294
3516701
17654231
10166928
6831083
3403746
153194
3055157
1846272
52109232
3165338
4292969
946109513
3952269
2107940
7045690
309544
4380728
47352015
3231827
1381820
1029992
6122784
2256404
1693182
3339276
1809964
27190306
9018348
2755359
3759497
3900309
3362979
1823681
100231621
17976773
45652770
3662125
7879663
14237965
1454988
810517448
2420016
1667591
3696596
8090062
2863956
4040080
2923993
21604777
4193733
5885126
1381273
777236
3378596
419704
4900759
1779890
16317003
15172396
321834
30198666
744309
9082916
13699384
33297909
1461231
1646420
99454
4225752
7868821
8296064
7213196
7974308
34390906
2322897
4157600
1291787
5663694
1177755
86111179
1251012
5713658
1439508
3644565
7923966
26237
5463886
3527964
9399293
2398635
12745518
9768853
2892345
2038681
5352597
751546
1875965
4983713
205604571
7075928
2936698
13606933
21584649
8138330
2925532
925701
10932808
2859067
3455890
2871770
2768975
1071259
3814635
4369779
15458370
6254220
1788990
4523594
2769019
9435873
1979736
12030674
1768631
5568662
2685701
17089102
1085506
3466063
1904658
3841088
13360503
118295102
2095128
4190467
123854
3577404
5055707
3158338
3047557
206718
2626042
7596783
5837893
2312133
375789
1738738
821534
813146
2578615
3481545
1028490
4642027
1570598
4196110
11057434
158954
3667024
16544269
2089935
1891154
738008
7278469
2293625
5377436
3653042
1082335
43703
18895096
782297
4595049
31555767
1130353
3616404
8471644
246597
4286185
9519712
5793277
578021
3207248
1095443
605884
2914442
781775
9173832
1592574
3612991
1144715
60345779
2477446
89163
3692838
26830567
80190
1486103
43059267
1388504
1426982
26203943
4719214
6214317
1032635
6925985
6737797
2243425
5300081
3824629
13805688
3253223
34400315
328700
7985517
4352641
3049983
4028970
2665630
976238
2513590
4759385
869240
5696669
2785317
7827563
5633746
7174698
2411535
2199664
23158343
3770653
3423200
3433269
3101954
2779965
18198837
993451
1229341
6678431
10399749
11978671
4559660
158514
4024711
1628458
879406
6773255
1370571
5866233
3216879
6143672
3481241
25939964
6043484
26524665
30328513
1695499
713342
3869776
377340
2874875
3853320
2769033
185638852
959876
6283020
7841609
59453095
1068303
30435973
3496792
20370104
4714222
3241355
1024529
448610
1114918
2006959
4470009
543684
3195922
2621330
78494073
2731701
3180955
4256365
3006230
765856
16932224
2986418
996005
1994163
9592307
31541807
4609286
4794725
1588542
3062172
45746872
38156043
1632691
953716
5870665
2735848
932282
402885
2580668
113737
4037389
1183362
3183243
539997
744231
989601
2168987
32620517
5081566
1182416
2573141
3771282
8983326
645446
1450159
55270416
293621
4100091
6194725
1686542
9093137
164286
4310235
2957744
325102
385311
5372353
456471
10173885
322287
26975
797900896
788383
2167480
3409925
11878860
2211289
5287721
3399554
9826736
1017957
3710201
13729404
2264998
12080083
5301584
19076523
2268946
2556077
3720000
3013099
1619504
6961253
1359119
10751559
1779023
2729887
11581502
637226
5236728
794748
3282674
4127737
2377797
5522050
1128485
1914220
19905224
43790025
2085530
2382309
2373411
5966365
6252936
1583609
4056314
805820
2601371
13987476
2618247
3722754
816269
3432427
5190153
21040074
1934397
14520710
14966747
50196353
2068981
9365512
5951056
59576182
3232074
639160
560896
1313496
3514048
21329226
9101987
17250340
12135439
6308131
5134649
1445547
2004173
2268831
8217806
3690628
5586178
28426608
6359777
1498350
3007009
1392368
3112956
2755745
8652795
2259070
1476594
1639639
3098823
5394094
1735281
12294617
879637
3122247
1647934
3479897
24367186
6020527
7543975
6472827
12809556
2850767
5126701
786408
5252653
3727959
51333
2260590
4351901
1335234
2919031
6840244
1568831549
2973454
3363049
12924342
5021027
24240880
3975734
677204
4777708
5471219
4878314
2213491
1134284
27793015
4990538
3868017
2850529
6479746
1019148
3909871
2139551
16993984
8050489
1896155
3673946
2327765
2293886
1539614
5710433
2388596
1302834
2216246
3580915
1824509
12421699
4552113
98467
1826666
2611293
97872909
907301
393156
26728059
2166491
4580682
3391112
1620793
4595738
5463993
6844271
10478699
4063023
84585
5158895
7537070
2418912
916918
5111714
5594379
2122721
9801178
1220095
3139150
1130340
2025125
369206
382037
4355278
819465
6263968
4182882
3966304
2830102
13159318
989010
11859866
842899
1024632
21188614
15281956
3455861
2572496
2576207
1827479
7547433
9125711
294469
4711106
2717617
1050522
1040480
81584
1654746
3646114
9793665
1958004
9577520
1776510
866885
2424471
2059427
1305638
3147038
1715399
196818
452105
2086985
9392828
1254969
12098848
3207315
7791009
11949407
5176512
1295461
2201633
1877617
2497655
2610374
1872163
10866183
397451
5721195
2300399
114199
81078390
8341820
3001384
4232633
2720434
17856716
1475202
5406518
6039828
1486829
1783589
3820598
4042892
8321292
1626467
3793761
28663548
730453
4984049
2910303
5850332
2189949
3573279
10007126
2743594
8944597
561521
77482663
36824094
1461499
5100547
18898820
5175003
3055164
11904832
1498590
3751883
10515680
2734344
4877476
3707955
79455305
13043950
2821885
1961678
1212255
10534216
7696468
3021441
1806491
2559942
915154
2253772
1888526
5207764
12878428
2285473
3568256
2888916
12547452
4592161
6225868
17673034
3657319
2769415
1644871
48305437
22221062
3085907
4070747
34394325
4245787
6582242
27550479
11607881
6094287
3811858
3454342
1279948
6145211
13454911
5855734
1111033
830907
3422647
6626746
45943
360332
1803758
35907865
4689517
3555084
26515117
4192456
3718698
855109
6483029
5292169
10419232
6337821
1287645
4619661
774514
2196932
50218774
846682
1976833
3170667
2371090
14845337
33440784
4168643
3201114
67164782
2881451
3967972
1678402
5576031
1176820
5338357
2397697
7456521
91631570
995488
8014725
5709111
2461482
11969195
4677071
324095
2352694
27196
80872
23473118
6913605
4530755
9480406
5170241
4162272
16922861
1275585
2793887
3836935
9067297
7132305
3038214
7254781
28244400
574379
436446
3052568
15436072
7520572
2427915
1566963
19892601
670723
6702377
4787819
9081099
2478950
208084899
2535426
7485832
20553901
1539716
1185378
915491
15348573
2814825
1155530
2670596
399578
243932
1521409
6089585
3523480
9268871
278547
1059114
3722270
330971
3354024
370965
2408142
2844010
3042756
72545556
7721183
153089161
1167585
622001
545737
5949603
3096744
4078498
343450
6567267
4363569
9908713
5815103
3939704
5807635
8084026
4540902
2840173
1381710
6890717
173816
4127055
2089160
1326738
1222816
828302
216979
5893815
2369847
2546753
7178495
9351250
4916541
8579036
2910460
650330
3441466
11092684
3241259
5656513
2135576
532410
5462270
1354328
162440301
2703070
2707733
