859698
315573
61122
110474
67738
2194488
366308
506994
940939
1628887
268455
361638
204125
1312194
322793
1957394
45176
1203541
249176
234781
220533
111285
1973699
131584
508893
613430
430543
242436
292477
929503
73909
31297
54764
302769
435721
677625
146650
1259708
4025659
265557
222262
280186
1084524
218119
898988
2962965
191866
3426097
493793
164734
307694
105622
468316
125978
445671
3342503
428106
81755
455433
350313
289879
760741
162858
279340
169766
437461
50745
85846
12767075
243696
516539
861192
1955052
61853
160017
860046
238100
173851
253734
234758
302207
19673
173162
6027551
303331
131077
575643
87577
838169
110547
399825
926533
638668
239558
193566
155949
539740
102826
2853196
293361
1674454
755615
2544402
511800
7061847
355838
401152
1199960
138101
140747
930859
670558
452043
569562
101430
657234
2406835
235346
774682
7919
1164279
88912
402543
10362
5025801
943707
346355
28996
135346
252874
477838
103679
872940
774241
63296
628524
455653
51665
156042
3861644
152976
2889419
302904
467896
95081
515757
1781537
186895
174637
246145
520225
150549
38920
1352365
1169479
412775
322817
607184
387855
284849
101594
5031327
607035
285635
710703
1742247
194470
307761
360190
3570185
1014074
1642967
305540
15175041
242817
233027
840362
471547
263865
100130
45419
9383836
66281
388666
9564
723493
81803
1479893
251458
17959272
383359
14847
311234
550838
233128
1493702
115926
186766
1444
420953
124630
70192
449251
574188
22524
1458672
239939435
186745
1627880
10721
351169
865616
239114
133887
362181
125541
289618
818138
270948
433716
909477
525783
11407059
1468511
298400
357934
166295
131088
5173100
2688191
423183
786752
65737
2534950
486897
2884033
76823
476605
424200
3255629
1356801
278401
513590
429161
563406
704675
276734
386554
136503
841453
118878
3903469
658958
1270564
1542047
280981
528562
788343
693748
162502
188571
835427
339795
83908
354841
325435
367466
506722
323648
325735
168869
383510
768745
163598
701828
78617
139634
5567055
455655
377390
69574
302578
1070832
438145
105750
109348
263529
11939089
169018
9496017
4149452
44488
552301
407144
68161
365681
598558
72132
621409
314434
6067409
50456
231639
3997095
323050
278311
233066
518291
516273
1263577
132115
180927
161925
207024
1007530
294035
714572
234725
333755
294244
217816
115844
160840
713268
176192
384133
194755
960306
122725
999379
17497
393598
141320
523582
248954
452775
273706
179952
292154
43232028
12914320
282246
5137
582529
302871
12513985
302268
1188467
1510317
664716
275434
662986
381010
1240750
71744
315483
145770
562000
164463
345917
245558
455845
245838
211173
908161
307674
6459067
509654
652761
975894
424427
32612
1206614
31592
188249
13586
373069
412293
501568
42686
169037
1266890
544750
2857779
13632
102302
171142
102832
383500
478697
193037
949936
380928
340532
845338
1048561
255404
924672
258095
21707
761121
71038
270299
179049
262717
1322005
83418
935649
3294569
237465
105487
737672
644
3357027
163659
117246
221461
40073
45158
672713
2816165
256880
109150
12570
156908
870069
318750
183082
392641
1194373
437589
56411
794366
1516157
824624
2079900
129716
248971
9973
39562
573740
6420
339260
778292
519994
318976
285985
52621754
286707
81651
2931546
861441
261149
66228
4817505
1053801
194835
782811
2993056
214741
218812
621825
295557
424799
374877
7865
231667
1251643
213820
22563
157415
184792
547344
4520248
2427
568924
253285
137377
375942
357841
438840
236620
14981
497069
428457
390887
1802462
3989364
915966
618013
219381
53905
984610
304193
566901
278211
489622
399578
295192
185247
321077
484261
4653
53248
1414591
2197693
2241628
565061
184797
73483
54024
105539
94730
350270
387005
74384
212096
652328
198616
254728
373347
3187627
130134
71455
511193
334058
666562
348368
2219846
223949
2114912
1059028
32101
865068
282189
834006
930182
116008
56628
556501
3907123
42863
447240
5509874
495527
792462
555563
258312
102213
378273
1199369
165030
841161
292777
198227
82872
1786463
82601
458559
512022
501451
119940
449069
658871
285778
3242089
60618
774947
388498
261061
3181285
418218
537450
280454
373638
151667
297328
696046
692293
142340
416927
11425
561893
2127581
456117
46475
154796
632336
278721
384713
60681
347536
418680
449652
1115299
46401
164769
4910010
3554938
10866984
3496881
1596317
501214
370224
152381
521387
638484
410593
223003
1123343
160469
297868
972151
500648
24660
31440
964920
127266
299788
513577
501128
215460
1603771
391497
418516
43977
695422
1282418
129123
410135
282977
561395
2438025
1832890
1933711
573941
283372
10165
765084
467892
602309
299250
7284493
768973
295929
2106212
576129
883884
1047777
445407
412046
211391
734697
139832
34458
11810511
254239
453002
100373
226703
124658
185771
203564
489091
178625
264345
372377
55743
466624
186705
276921
1061866
5003679
95929
152368
834841
40742
506889
153251
2254366
516828
720784
684456
15937
1157145
360380
217917
76608
373053
593664
1140591
606059
565379
292289
107768
363860
158046
210332
188428
177809
349352
334861
311705
32873
223861
68037
113983
1346576
704767
2745076
395919
621743
434499
942518
1365856
77228
156542
622444
505668
738767
300753
411517
267996
339749
1904033
416738
700579
527774
559505
103655
30512
53148
746259
812638
305618
254469
178697
109743
1490326
1115206
27689
221398
1673440
353967
534673
1501023
390175
496741
245862
373265
477090
436883
47823
144472
850290
355992
1507553
443334
240465
130495
242013
2954732
634113
9986565
286479
301322
154702
36058
681075
236781
234306
202149
97915
154625
55745
161398
286134
57615
203097
1863617
212697
189100
413029
3200052
570252
48030034
301104
1442454
3092439
699071
174280
71900
113654
212641
560605
632939
241995
111729
20702
398373
2283889
4719101
1333251
408843
436122
1246698
682970
4786
414779
1042900
396792
258554
339591
211866
34770
2985904
301952
596850
438287
171648
1021014
437311
3654618
279374
147747
371283
224199
200132
1157324
202629
361190
459589
244800
9152
318228
656350
86589
2494326
404811
56719
644810
253593
270
362467
245225
773306
357042
942719
410269
157327
318618
1003641
23669
369369
749419
1221608
384744
70931
267747
234556
268473
1042980
110447
27630
40233
422504
72667
257913
38195
29964
119121
191665
467543
5037
4052
105889
1493086
107045
854728
110935
689334
131626
230204
105791
306663
253585
1484285
562094
5783320
82961
26992
392053
974579
90113
624
425627
2290601
394504
258753
156634
572193
2969737
738026
860960
155412
324646
12015023
246729
1194008
158413
234380
214014
1018216
5918
871923
73060
61726
273072
334248
477315
279469
225575
32998
450407
475378
85984
388493
891239
497
808729
147724
435948
257082
741494
288105
33924
345809
313783
1282748
1187618
1141919
327788
215355
453041
24750
1396688
81793
416740
2404726
136562
739901
1422528
949285
1061083
362127
596742
412055
456982
567954
651861
657473
493060
240190
630964
727347
95859
271882
196035
145579
1018330
156776
6345559
4493178
2420642
415006
837803
376940
338141
442863
66124
1495020
341710
170386
76811
72231
60256
483768
201178
3181143
808432
251657
1030900
7556
922290
212991
354410
269713
1016302
162536
372420
179321
156473
134042
266561
49752
53211
92618
375976
787857
624663
54765
457941
92614
234658
277649
298074
82687
330132
318316
629690
757449
678620
90756
575801
111143
46275577
897822
2168238
13255
415467
588569
61248
4581873
403245
924823
1756304
40302
364461
303303
1862349
471999
246994
92511
273218
813205
315018
4120959
475707
330256
176239
53823
2369710
631620
858258
711366
3427751
484354
979264
3124940
126257
76064
599622
372807
1010592
850674
426612
249266
62579
5397
644917
1323292
239922
393788
174440
842745
186915
808379
190209
439697
143155
410895
2290048
344055
1593337
104841
438634
168716
4519285
786953
678976
34233
145680
97933
312856
174617
188355
204928
179733
424990
385414
7571425
235723
803385
47244
912503
322980
21867
124004
212347
852648
85788
35836
608170
427914
204206
145661
306404
159208
625078
806631
1025935
117663
262396
414995
59686
6440926
1415548
190456
793608
1677561
660513
755013
3858698
184904
500151
651490
50835581
754443
315172
377345
685395
192018
316374
87959
364082
107799
194340
365634
169858
207114
402096
2594110
19403
883213
78987
745216
404172
380280
35000
71140
512637
11683888
321639
500231
112297
94466
5134734
4644104
324813
242528
130553802
397024
146178
750421
709465
4748675
313792
86690
4372251
411015
2913316
14829
522158
125016
659843
170572
332611
1520357
398254
3134641
454576
1135533
31450
22219402
899797
1047506
185782
9433
58952
1376433
23897
100929
731785
12033
80162
16212403
1002874
230151
82073
477378
278715
390564
19074
487684
342402
1606518
50731
3367040
46020
323058
253617
1622198
393372
1276376
9131198
1128753
3250996
1058669
359053
150281
445090
803357
92307
451425
7817286
437457
141937
931226
1854207
4956523
697045
281629
466248
311198
167679
352347
288566
243335
235378
83356
621525
418722
231855
242294
88969
153913
486285
757017
440257
43518
335877
89466
592195
4237852
380790
1654871
526211
5185189
1868390
204540
255397
191519
798549
994435
303864
449804
1928113
15311015
333515
151406
253078
4161838
489201
204284
46707
580777
567477
1228911
843960
560233
391908
1063754
144709
218906
99429
957684
2692753
145970
6093867
268527
17721
284846
567766
467570
191745
159166
333756
913499
364320
992323
398609
413605
122397
335667
345188
242865
216309
1039479
1488612
498673
2311896
1586775
158012
232957
715191
188058
43104
2268354
349602
611543
22666
430547
6020269
569307
548051
134365
5022
1337196
162170
579357
345082
598758
1651249
285036
167492
103310
436438
24842
281520
66332
1148347
55733
995176
232542
1495221
16366
904730
190037
236261
491808
2196275
517779
967665
1380881
336005
112662
46198
86366
186849
463615
81506
158304
800516
165887
276540
303361
2187295
1524309
341409
134451
689474
233702
16080
440051
196229
999735
2858216
1355778
541973
84896
2708434
828881
2726009
1219315
295747
135091
828258
731867
183202
621514
135670
1188076
1178885
278911
8382
292166
3939
88553
320031
41261
97211
450651
358164
74134
855245
1304539
329407
8607
98824
870972
547878
1602800
470235
274081
501339
108691
773730
190287
373729
510086
326179
340288
482658
6309897
300207
1284759
606776
1047963
274832
1048943
68352
886896
142643
3282718
147389
50615
281548
525607
262523
7662188
352271
1389880
283829
137568
225822
1868867
524806
568857
155964
117293
846365
638419
208761
125415
1235881
475225
330446
816097
1110783
1557628
111954
396909
1085002
58810
167225
1110903
838754
267372
369810
176729
1490666
37901
96218
2036653
1149303
366635
77554
254370
256720
244464
101917
1044585
146956
1247924
1063724
3478603
42117
81338
108154
362136
70140
947643
305872
2246432
206169
279333
456690
107965
681389
160837
246947
645447
916208
574910
508937
346866
268237
420866
3921316
113259
39844
1384162
456944
227996
497933
1459100
2957438
332266
1434161
2853729
261734
2934307
153132
111455
547344
50128
1783013
201484
734043
268
355710
3412567
1291573
235321
419506
1775683
99622
338350
268053
2966622
30804
996268
151821
47002
250686
571532
77534
228181
15742188
219867
75170
222789
608972
74014
192478
785185
487252
131629
128819
1630098
27129478
78095
169283
35435
616185
281876
514677
334988
38431
31205
268810
1870740
27872188
456751
529641
360057
362882
694679
8138018
387740
76461
360316
92857
388988
381780
324191
168449
1301474
244204
327794
675773
955071
798680
2471868
294293
145733
596041
174544
83774
139415
193699
71622
2120075
151633
47216
199452
370449
229820
682227
2463
123484
633407
139199
1863792
782462
846085
594293
192383
48751
484244
86781
236144
293317
196345
432565
58272
186440
384255
78809
1369432
497989
299566
161447
1590618
773762
1762882
362616
551700
112447
787896
136884
703480
747792
190420
394945
670587
681079
220281
346175
44057
188539
687052
662263
13656
4326444
187585
852092
417374
137379
707874
723374
387577
2640970
118857
191090
963922
127374
541001
52089
221649
192710
321735
78983
255597
1059904
55654
221427
350060
45438
422060
167646
834030
331279
114867
34687
1074078
1022562
566917
124227
706961
29547
1874141
205497
2149636
284321
25767
324495
664999
215248
1163152
152664
508134
560563
45863
70823
60210
1830784
913234
3270783
1076836
197367
20560758
186846
552108
446113
350832
3878771
1130101
531081
3100404
1142167
1361642
85298
1517752
629180
1259699
390490
453976
74111
709084
341304
505711
348897
12626468
1455737
365002
72990
629158
743870
306936
43435
545559
597814
256842
144220
41238
72654
476978
352843
243645
484561
172571
181568
458968
701
488834
688749
432780
575081
262112
147029
1127911
8500269
928639
214849
74109
1019711
319077
446818
474493
309059
748134
2077
328457
1430223
464375
147116
32321
264579
386900
2971671
728696
461986
173874
293996
165826
86379
546988
344603
379762
362731
535201
22091
567601
150443
297850
52706
312615
1895313
476365
283900
115695
448493
1285559
161269
136803
415739
15936
2803515
48757
411196
74915
229336
673298
167234
174743
45875
269330
396126
532512
609494
227945
503225
3771
453028
277896
395827
1427010
1398
1133787
82809
102765
91724
528824
211803
1857361
1627123
862285
1005584
8624
57635
658098
67949
518633
4945579
314454
144140
405981
2269254
318225
1577166
475038
592006
1040372
758066
283223
883962
1033537
134046
226347
879493
69101
141840
22830
384264
226016
279570
188348
5738870
1441223
92276
90204
1375696
281174
401691
215755
32697
279338
136630
357993
46207
23884
23032
346625
580799
1144547
1308695
269958
212093
9145
580206
1896878
89396
32062
689378
242005
457659
432997
292525
45074
65215
507201
765220
355411
766785
309171
519692
2518
154245
174492
946824
331205
1749587
114533
112386
241818
420165
363932
31101269
91377
1204369
619208
386612
655001
454261
359465
27089
5583007
414140
4003220
312604
5089872
249245
292568
245525
307028
218599
393109
467119
1158024
337921
1596102
911302
315754
2753825
650153
2398745
226983
80140
702987
5639579
419777
2408110
359947
1461654
321444
79282
832939
107539
111101
204673
417946
24884
307863
88537
184521
943
1148331
924783
785615
382883
483695
296784
2613739
270307
262265
2266342
652723
273041
150878
202789
18758
525240
519283
323802
206830
388015
270890
99729
461363
477780
625968
211732
690093
376474
403233
7812095
544942
5483495
529982
306827
801948
42212
311977
239169
79415
1142090
381229
726002
176996
4149683
126705
446701
7287
323568
359192
189950
308646
398687
1177273
656837
180750
1905534
4278784
56103
2377697
8747
216568
346523
340510
70218
1060006
923922
841465
130924
3210973
250405
40185
507052
147377
513413
892128
92425
899031
336458
366155
494882
1205570
154807
125627
196252
448234
684962
159437
685535
91079
2062020
338535
4092899
149112
183809
223470
322770
305352
426415
171415
318626
615955
274933
123729
355460
142638
466192
39632366
491439
386916
320434
1246500
218797
146305
1431461
50894
1315284
69930
393272
8391016
558086
656642
426466
918251
1755574
57165
350435
124554
180363
554673
398442
313196
1353623
106763
82133
385361
178279
584507
416293
479896
365293
140053
259862
219519
422323
965188
394551
549700
163542
338490
311140
730940
348939
47615
172819
655277
571137
412715
551521
189112
175226
212871
181641
360302
22295
180066
712419
221543
552140
105413
131624
198189
425442
120953
183654
349142
165333
2556316
777551
233613
9332214
98630
264353
302463
226785
263299
433457934
596909
418098
74799
538537
1456315
560816
826721
778253
133459
152016
313467
1639683
3993
164898
269968
192665
5696853
381371
294596
345951
139402
635261
148044
212609
64368340
3372856
161890
80528
622617
168363
7530
339805
135281
157554
78000
893751
1145794
228632
529471
1786322
6709322
283004
321616
102709
727155
458372
543359
4439846
259185
878530
243570
131412
1350818
487018
354900
1204863
428931
20118
500392
7307477
162276
131936
333381
4739606
64402
400955
370374
2169
227276
163738
550194
21709
334966
546397
854977
83083
1760418
472750
1384986
3765498
788921
317902
1900228
163030
454239
493609
441706
1277907
274500
790477
120701
387681
491485
1146950
732781
847431
50275
181070
441516
41141
246698
332160
19494
1114420
12816
642857
30821
6173
932585
213247
45569
442537
489139
260394
367257
583576
1757203
140765
285031
15717
67714
456634
1770820
104076
358133
501041
330680
171696
1596355
1932290
549948
265448
67095
343483
313914
789766
665637
724383
201086
141115
581358
217867
783587
151410
714749
584277
1230213
261610
176656
252061
376327
731937
6184
1036386
1273031
866287
1305169
53640
232207
74282
106853
2965
767201
1690495
157601
268638
59344
245992
340368
169457
70859
8965
374787
782462
1139076
1152547
329340
228675
28273
868978
3630
308363
139787
435636
173599
110328
513587
797261
91087
1235237
531548
5533957
113626
1490307
188078
520350
490341
218364
322380
244637
272611
1180496
4995612
319011
2933005
273107
801932
224517
160757
295844
3881527
516963
12528709
359796
709613
233310
7635
421551
685389
32537
130906
248516
649564
343869
75256
51424
17645
1038997
134317
152308
1437121
425676
731616
1247857
13966959
142466
288852
5375037
278812
465465
43188
199012
102821
398080
331810
118691
32597
122686
572508
4323421
1417982
138798
369316
92108
314373
411223
751648
22940
595125
106272
309750
257091
310368
1247178
260287
476767
378372
810916
445220
47794
27091
1681358
388856
2571601
300888
147208
207563
230391
65640
384665
502883
11523
105806
149791
14640916
156686
1240248
767160
1225796
373538
88624
94918
1093524
344854
431989
177019
358025
2059995
744543
264996
247790
365698
22830
713492
373356
1236715
117138
190322
51317
183040
580844
1049310
534050
125416
83077
804973
290563
2160302
184882
564972
450341
479402
1748049
108959
665468
443413
1188348
348132
221661
838730
995122
434825
347442
742290
1551251
789991
372452
347972
245056
526915
328150
114286
147268
2215882
302626
6613368
83349
550610
3306254
397270
200663
326255
416826
1988013
535472
529848
325452
807021
727542
195343
146877
521288
3888619
1114139
356939
901168
120707
76430
117167
3148650
397648
389269
1061062
989651
159697
299081
199853
508193
22464
47093
334943
771327
458213
190887
347962
93108
498743
2599999
36677
336297
3100444
260560
2187302
22193
1042522
1680503
136199
316755
181748
260809
652060
4083663
11627
299737
851807
59734
277171
82137
618436
692386
789315
3567825
249271
14491
405490
625715
352598
880238
355405
36865
130609
174523
642912
225441
108761
579232
450623
2509182
336253
60216
1214178
34186
351815
149789
79751
7259213
113976
4492487
335912
104316
11903575
41910
158721
301113
310850
113227
335983
1382612
2671597
119258
544785
1107153
62069
85802
378188
1683929
523543
5122
487548
2812315
819585
674718
300446
446024
375661
105094
396492
77248
224345
318806
595511
197574
398507
295904
590439
723951
142056
714012
183683
280392
489
535826
245870
2384036
256671
489681
451127
998878
257652
855668
226745
887827
95368
82814
634523
379885
837112
464489
257774
5480522
1084616
49701
894015
834767
688534
133168
149494
86232
309270
298948
48794
244811
566611
6639513
1381486
147992
182577
66712
109762
4328720
1202147
202447
455220
19004
524768
371685
593914
481682
562922
314699
41615
457406
35379
90759
157300
220028
312305
518384
950552
36851
327048
8341930
239479
4346271
296030
282602
181216
17843396
159710
58614
410037
1904613
252411
4081
10829331
456425
236266
186819
813355
363016
554664
196212
617798
21703
294510
132879
1532254
459770
525697
600237
204596
154723
298925
1767587
131218
594723
185980
260658
299310
38116
415264
459759
28720
424417
82251
77969
306105
415026
431133
228105
237462
322542
746925
1337906
11756816
71977
121908
6936381
1732363
1390018
1020898
1064015
55443
1554826
153288
405794
534503
198589
203659
93713
429544
462961
512527
204675
761250
3013532
1807
473537
492372
448928
421172
592059
11931
90086
1241246
214505
67173
3123548
28576
144070
538194
261461
250319
601207
155551
325588
198168
416770
381057
355605
10662
440251
466587
1486854
20409423
349784
1605288
363628
547672
343467
243463
568052
497327
218143
233603
3252181
111519
2054359
191519
266744
87000
1254410
624075
506249
407346
28021
1381921
916825
267575
874445
215785
328816
151342
56085
300738
303084
1529914
287354
986217
29468
1269241
729149
68771
1152613
129228
1426274
356817
957148
169243
29038
630811
133794
283338
1818894
176209
554585
257236
752799
537826
131772
69126
437517
90072
1268005
2412197
39940
477457
178670
8650
368851
629309
33104
1241517
2253839
715778
405301
1102526
50287
662018
363132
402885
9839859
156193
7321718
336159
759698
427741
22941
35205
248928
840210
196590
574840
1811301
110659
162425
942625
1510140
2113045
419324
1700658
284963
224960
362931
112396
629691
357065
190275
121006
503225
439717
15960435
202101
1027937
486992
74784878
243680
180620
164357
2133701
396430
606303
249771
3417887
3897
223050
470683
42954
296619
501114
112075
206676
158372
205823
685948
191765
883650
253285
337001
476365
19203
66453
656985
161896
601064
623732
76041
367781
123379
264405
82616
269131
535766
12630
487337
218511
9892281
489670
249741
677652
32508
56664
177276
776124
175244
11804
199536
89466
852412
615515
2427255
3964091
2387229
52100784
133576
969598
295963
179458
710320
6547957
1547387
446713
162304
441960
282773
723431
772764
127712
301937
40721
105259
91577
321688
111221
2408562
107508
5713592
3526
195484
853669
134027
205626
315240
1552492
110011
285031
409756
579303
168738
348358
78685
77663
616403
326475
339660
1406956
226629
6394871
7534469
3111156
630976
245451
339392
321578
291750
602835
144013
201680
304898
147855
1551702
98638
399157
136312
3166151
437618
77390
14441489
5369047
236900
11403
45801
1500362
4162981
55289
196395
687602
4345789
16814
22267
4742602
1006819
232756
35948444
128010
1184509
143873
1237747
661199
1452737
49381
15455009
416651
10558
57066
379449
718716
394887
87535
636953
205496
396520
52914
611728
5489258
138599
194964
235627
26360
39512
1303357
206421
425421
2054408
174450
3002096
255307
989989
1010218
107958
911506
235001
85621
6647
391048
1464132
36644
149026
210628
956382
705159
489591
1568244
292431
135338
374577
297051
497068
299926
246065
138292
37767
222470
624469
4538
263221
401715
63665
808696
149087
449217
87903
165733
570487
117017
1151566
1057034
115692
1296903
100989
374179
65046
15481
340911
978058
143628
108995
2144672
339952
602316
1050390
89541
11219
341967
261507
54733
432536
3000146
386118
451319
348510
42564
358436
284004
399566
484609
252389
118316
124149
452137
14559120
255540
129849
183057
331736
338862
4312379
124661
62470
33832
2416338
235212
758651
262045
214899
376686
54730
256953
206629
62082
16618
393204
224630
115899
168892
269389
657916
220535
385326
297188
2092041
148862
1998829
338644
988948
143229
140745
29404
8157
311310
1628101
92301
92964
1372850
764666
133382
256878
346844
195783
260718
458628
128887
1631969
1859072
168429
2889
462575
77457
342145
51746
250531
248570
233708
256000
3110975
392245
1333734
121791
214907
72143
1812578
340397
536683
1363196
807793
3096387
314233
878696
121286
432815
1212094
35614
886755
241099
1411766
282513
1625671
260736
449598
292295
316997
181857
4686
531531
230489
314875
2311371
825578
1422059
285662
602265
79589
223086
306232
221306
277842
345238
16015590
3450499
2609279
704936
620315
464378
1054675
238296
577379
174142
690573
10080
171681
273030
129001
217441
471406
1532156
35677
140011
639762
514390
869159
42539
509096
205965
31214
50018
644450
5169401
403310
413818
775109
377842
939385
769394
4459065
466243
302362
2638160
1271298
1364925
1898622
430533
169927
457820
426644
272006
177130
147215
171555
5588272
505567
8534
269164
156118
132454
1661778
292226
5013763
425034
287995
144094
301180
188230
252571
434061
894034
643227
40943416
415162
930411
94763
1834977
111324
343816
419050
70632
599767
362656
187712
373987
742928
334243
1053378
968455
115460
1885418
110893
968269
333553
50002
241332
99636
2929950
548624
753467
364176
125816
191246
1640476
312624
1980487
76504
1008519
5703
141509
575534
146548
392517
310366
249562
955390
187157
58351
203927
506145
176787
194351
367656
48430
638969
630868
3756439
253839
3637
297055
200307
563357
76859
323792
863418
832031
1491735
355794
364177
104122
266969
2883137
247148
77940
115854
357353
4636199
166110
111467
261689
199451
1348634
287840
677786
1343190
641420
62873
5857685
54149
1159868
495144
1809777
263207
342748
71912
214578
2104
590363
619084
1103509
230496
297840
3974239
117392
133435
529675
235842
13341041
374631
79698
96610
2233505
22875
3239489
246808
404114
451465
135495
144857
28407
1180159
276232
449828
462448
1620072
307610
721558
1531479
12634398
463145
434168
40269
957419
358734
1232183
257709
96378144
99406
469955
73921
69393
765077
1333859
308376
92409
370864
519907
851397
63951
135157
67879
224312
10561
242844
429721
747292
428617
180506
675752
152036
1059117
450693
5663604
114974
480320
2168154
366264
152076
6558665
1479149
720006
533913
559326
276727
173969
157243
1748717
101916
50596
23
139858
1079491
20060
1138233
138585
7827150
2060693
473424
1198789
359076
5056
5231673
525342
145428
338847
410247
9940
4083857
17980
322534
537356
254936
159132
293528
120186
1048155
878397
306084
376677
96122
1204905
42041
6357523
6104246
1472137
318932
535749
57875
236210
25067237
591569
350855
225471
360067
179922
323501
511362
386530
201861
1200021
131152
785205
448053
410349
3991043
79621
658167
434033
458422
411779
12851
1482169
24538
342095
1188960
756909
203857
2780026
333932
1631318
2605884
2397944
1575625
4579978
728590
559457
329627
426599
39335
206408
136645
145899
257229
3951002
735203
18756
3430071
210908
216720
341515
466800
1160818
214621
93026
9116328
497075
885593
13605
15385
273321
391570
284478
4233408
241049
249102
26861
409084
543198
1789012
14791135
663514
426392
337467
354207
1694403
385876
148791
256300
279848
689966
397350
363509
631448
748889
179429
89043
1081782
152479
213949
285079
133846
180052
48409
453587
307554
169944
215469
50861
154798
139036
282122
623034
149617
94344
468737
1422541
504129
282635
103129
268296
3090943
907274
226462
806313
1205886
303644
39620
455606
1959095
1335717
310689
699718
667970
327812
22282
30570
430435
2343483
741690
113077
310271
781349
80839
23701
71647
619935
310688
73801
553850
376043
309272
2162623
306914
332882
145094
26868
427820
429220
138137
183058
922265
258393
39132
138377
572480
388608
293482
239756
224988
232824
540961
255439
90817
18666795
342565
476053
229036
161915
362552
115172
112738
9469492
183202
1127490
1127994
7798665
1548562
1252482
428219
399099
194981
595529
276942
262113
544819
34867
911322
701545
364661
293916
2717679
913895
7550124
240420
241436
4602001
106296
116670
237711
317214
66017
199571
324655
1628490
588194
372085
389024
61223
640430
1486930
863878
1503441
186709
294774
1415768
58121
150170
3610032
221050
121116
493464
102959
53228
258385
204885
206373
288569
197558
637222
383409
148815
115772
54483
314984
700656
1074206
413901
398150
298550
102773
131533
822806
111233
592386
940635
152477
179955
39479
357257
253129
261818
182092
45205
272502
1240018
659992
93017
3573682
325991
61325
214397
382159
223890
2525620
405818
749144
3667404
195092
5575313
1622843
530917
165041
108321
518482
19388
441519
153616
227622
1793483
182634
556572
4381
261201
330267
2948949
8112
71965
348481
1009439
386384
238959
309695
35384
259096
259468
288020
334689
74703
309520
190858
187495
681260
32319
489263
2468724
219724
238733
712813
272513
76644
1864785
630651
339291
375962
303633
898593
930724
272211
1243846
4069858
1389388
333129
157309
628303
302414
16135
730841
89144
751781
566152
237360
221980
134464
531322
379303
568370
334567
219217
273242
662331
109870
397406
237934
207396
211051
60377
259392
321997
740225
553998
544751
155211
2789880
71842
188474
1359415
2431857
331394
363791
18978149
707650
370300
12513
38743
971815
4048379
326287
2894281
401305
171321
412868
828763
506897
376700
699021
181962
485004
628488
276376
13991850
127772
89568
324862
837652
614582
945548
217379500
515796
919726
8519
270453
317171
487543
837188
460705
2857609
226341
1326281
47522
1644204
15453
45822
668551
524735
158092
2018829
248801
6151
298176
1240081
68126
248840
75297
230809
45302
233709
636419
650696
255512
347490
185560
1093469
363412
3959260
581110
296065
421877
590215
66106
376771
383974
226605
528322
432207
565202
130031
88255
395416
1900606
335539
113594
537924
305306
34989
430406
896963
54847
164661
1037752
249820
2812
156893
285103
132234
42767
29815
317560
87585
9054409
2031576
5923224
232758
156148
4303219
533371
190002
269457
457282
1705841
634720
44400
706227
217768
239321
25486
410743
64157
280660
304095
572444
5973637
82769
364942
112041
215967
300718
448192
97150
688741
305598
163866
685492
345155
554321
199807
390012
704647
270392
1568763
877184
1973865
316683
293771
372008
1237968
698100
68957
346819
480558
517825
595189
696807
560599
92909
429812
1705915
344497
257130
10159
653410
199277
817782
344858
243454
533905
133641
774727
545676
5127467
318588
1176516
88863
1796071
136401
97841
963551
473883
14191
476552
191677
480735
26642797
431508
80236
330502
326969
13346524
562030
1720236
521309
259933
1888526
1452643
207007
967915
312567
423143
101007
292285
19871
464952
738970
378378
1167324
324212
1790555
10390713
202202
603304
75969
140687
128741
426920
418405
355774
4005737
157464
295982
272665
2122665
1125304
2964463
118524
1246532
114110
47630
215861
1665714
1069549
4319819
118188
463080
287717
639863
408925
358683
269390
607996
3132283
33370
243875
116171
209133
69847
21743111
495572
190663
2272928
282308
324962
685679
515652
113854
160156
2967154
673546
1481768
180104
454814
456578
77966
710232
49880
324110
152724
288165
547658
870748
573094
216344
73154
2529750
1963832
174576
5412763
81291102
29544
669873
57642
81316
361035
334099
1140104
53396
952473
946403
422916
105930
364194
14451241
202220
172409
1561540
149679
628381
224642
315615
247255
604583
25271
419415
112210
4339230
921199
381624
261563
226720
20117
186965
992031
1194221
861249
420076
466822
1565573
239462
1513396
175821
353761
2794212
1012763
49620
295680
472259
1017732
345977
286594
426376
417812
8087
279969
453290
226042
51876
159828
391577
240663
104943
242088
20984
468798
147958
467671
348680
144686
488445
133489
278380
162527
99839
4748092
262226
175160
345572
86308
510364
2634620
293516
379099
1131496
30218
412856
122668
470228
250438
142189
182948
466777
102102
364000
45678
201568
77769
393399
812405
295693
2969499
958666
1170994
2576
81671
556255
443326
266501
249697
4235456
223419
1350098
510982
349922
105094
215451
4886388
2278147
1531006
47027
1254123
748979
97994
143931
722988
342616
1861210
1642970
160300
246694
127533
64776
367819
218720
13803537
544254
5013162
478147
266017
636930
2724385
413505
11296
290288
295978
2224703
296288
1702905
42249
2026444
337367
373023
338776
26547478
148957
77395
173279
84153
37527
954722
744961
22657583
5857094
84464
2068907
223498
810857
68724
416834
2402847
664152
158948
346949
34393
335063
53387
246929
103096
144702
83428
17311
70621
181600
86983
662298
869314
54604
73746
40377
75473
33709168
25768
536405
152340
347552
66166
762747
219281
1259736
194521
101467
322121
249978
331525
631333
138822
398160
192940
319800
349158
15472656
401248
574406
1034477
223793
1350635
128976
345568
363172
275197
1688908
1954419
25852
474098
2717821
364328
462178
158432
277227
108143
107285
331388
478004
1776277
1026926
319145
65782
615804
757134
1495157
226052
301019
947335
652013
25382
21393
4469893
375827
46084
53554
157493
568493
445947
95568192
74043
12780537
711499
319196
13357
758087
292952
72891
221405
1538066
157103
768815
322395
296839
190737
309087
6571
104638
243776
86159
45774
1043095
241570
693767
828809
967900
164911
665758
44190
283010
5863
63239
318872
150601
231899
224016
100406
403397
393563
647576
588477
1030231
2767321
706987
2357829
2673822
443419
59108
66161
543929
1294765
653933
459566
60948
117492
20783
516649
1360
231190
1375843
403107
500744
1365327
493818
412914
369209
144300
344530
19528392
1119888
1150914
1390297
661763
386363
537513
375415
293501
108992
222326
22903723
323743
201073
751270
409779
2380012
120865
215770
203450
185124
760924
196327
267926
244907
1980873
13403
1446229
790807
100657
1930
784324
152117
3321976
194686
2487431
78913621
1364648
912818
780597
52786
1328410
163036
21297
332257
1259342
21236063
96001
71598
14507102
2976689
104469
84063
424083
365080
575327
302790
2066808
590054
774720
28229
201699
1100370
925968
205013
7594671
203709
289558
107970
77383
566683
880172
524422
2734433
2318906
1779318
1337138
245265
28692
504798
650934
202140
173805
136928
103245
387627
505487
534627
829272
4486
1922592
549562
16706
186294
16280
80059
524570
397322
429152
1656339
749221
416590
31472
1204529
104675
168655
35510
510961
142781
219629
584026
1246428
1704081
320746
2857108
159630
165910
94741
420657
762940
239353
503781
189237
154294
670408
109217
1730626
67224
353939
17499
221049
121904
937271
168216
1035569
19300
656112
1094171
330101
71413
114389
304806
204498
401082
10797382
1052067
342752
138983
417154
178188
3316071
299615
559314
585150
281262
221426
402663
839860
794549
13182
90230
173903
255768
326230
3747929
23202
2069603
260925
1228625
2136628
47673
141576
1092753
832346
399422
112878
308938
384499
40016
112847
109906
95934
397422
742587
293504
547386
1072640
151597
308135
283641
54908
367225
210260
810644
212047
590311
163936
436854
15638
355729
67715
412019
171593
222927
474387
11304998
1128886
3732042
201327
222938
292994
1204650
204288
463328
103294
16217
286810
109780
77654
406813
2947
272740
272125
362042
588732
1310538
4271833
272643
595768
359456
465281
1504271
179089
70935
1990136
263936
412621
163698
310144
228943
976591
471173
587819
372020
292910
2815011
727840
166362
95771
432727
186266
265865
927
63617
99180
129713
438820
797191
367999
272245
1113101
653999
585339
347482
740135
1035596
1609958
530279
16173
309054
58627
4820517
409085
180654
1781492
258747
355322
152221
5582370
742494
12268634
318970
616741
1759678
3440466
403932
1118870
293614
191302
614554
245953
617278
127555
108589
210724
2778554
378322
56518
410417
240924
1157311
687011
281706
15580
107449
159385
281736
152407
406987
309107
564641
1562288
311377
885806
36627
3167462
697016
900197
377038
13696060
607659
116694
350071
2608167
341499
344992
152541
309670
55806
1230394
1440321
258850
6468216
444429
536237
216855
390142
506363
225520
381648
221811
207422
821714
400068
280015
73516
1476167
15860
130248
209192
324067
1661007
637334
595576
334430
321909
289662
371194
3433961
630232
1452982
314954
693004
417760
2471682
184443
1328862
389140
59154
3475
120505
198093
211316
420804
62433
70957
40238
157148
212720
4219
293263
269616
28149
486519
304593
3858577
528063
399887
7483950
814176
646624
1943604
401050
42287
513084
3216210
626522
293077
270151
495682
779342
39289374
46111
282800
85842
412092
271412
6467444
148489
387276
33833
444463
291488
776971
1326441
44034
453624
112158
6243512
170250
218524
853709
454489
488148
81895
211094
134457
138623
703334
443632
17440
159448
2921756
409396
848181
294895
212483
229443
123847
430799
738159
743537
345
957586
24069
90388
8471035
795846
202109
445393
460207
4658867
1108386
7011
1089744
1090794
115322
286590
238181
784953
84031
1715273
76423
566334
43463
284534
573807
651185
478526
92083
135055
476909
3670890
526085
881942
632147
423700
63511
142810
68792
225783
424486
766262
2537806
366891
167608
7443820
662776
558566
120087
97273
64418
245261
269109
148744
399023
111430
281964
294102
40540
31686
2882903
354630
5820891
1426518
235236
297377
491009
298770
3180
4493742
168413
674668
336714
2716773
1292392
1436538
288639
11400
237946
340688
112405
918083
341991
49380
522156
36233
361635
93848
513000
251326
615115
4371743
5620897
318765
5145486
2712271
113950
91549
13095349
27241
1176
584580
138063
802742
194272
609368
1129050
244150
82737
181419
543115
189475
188644
310555
216242
2328591
1205815
469353
136172
378505
469936
668542
1067554
30250
82893
355437
46061
59145
119563
406315
213747
59171229
321055
207895
474059
201937
85456
260175
952770
435701
333944
847555
284233
225899
524496
1367598
7304
1747502
1093311
408846
1223167
584437
192841
248889
96341
561852
377208
904045
730733
142755
433601
4200639
59823
542708
312308
151845
281505
240520
498039
823279
704132
361300
723819
1573007
284897
1665433
412555
206313
446173
451393
70048
386878
782599
397004
336922
161094
424464
279395654
539728
112277
120373
361978
1349034
167086
389944
240963
1176073
1289393
133648
1658129
316094
378764
340528
1278001
294151
190606
297231
1234042
78422439
81361
1283
3312313
767927
163940
297283
7465913
258299
199215
818597
814569
172264
439155
917671
283499
232353
4936384
129901
291170
8489726
1211500
57406
146615
1082221
95977
465432
587153
537660
170471
333693
275398
911253
1400080
1984258
649968
142942
3133841
1958432
654935
209645
160904
25537
155444
1276326
192825
322345
333161
147279
139329
230463
620508
1471949
679827
318209
232642
147208
424528
518324
375053
279195
73786
436028
1163487
3167312
10122467
619162
18643
173312
1630562
260513
581360
217143
161468
321031
117375
414769
2426283
59267
109831
3094813
165430
685891
128287
532206
65976
120547
607161
500615
1299696
70796738
111507
559387
159231
115732
30071
21601
1126937
665212
953150
406124
268941
318992
115937
13450
275470
593548
258293
1129294
134166
3635354
164032
1834136
388749
466769
1850114
310530
254307
787903
14770
564926
1464873
543552
357173
36953
18618
832396
657303
98942
269017
11295
108927
445255
86075
413944
4965313
204838
1286692
969400
2882428
58136
397420
326291
1405650
474305
9213
635323
449377
240436
58149
424379
779438
63097
402278
609529
851997
159946
105912
526270
995779
1021182
854436
3178962
347980
9608574
145613
396402
196066
271224
634679
377210
1768454
428026
1299977
577344
1456333
1228446
51932
274137
75540
21766768
256041
859903
198541
89348
182257
336974
48542
510289
194444
708302
1175978
309185
32855
87126
282573
553528
278111
230794
270559
176425
1411519
845321
803912
190390
204794
134319
639952
296280
1220259
560662
417639
438338
7746469
323919
434046
188343
751326
79760
381673
352994
610181
58861
356029
528642
77534
388291
14415589
224407
144467
303408
790757
830174
240641
66444
312224
58134
4966127
463915
544416
258716
566858
420266
524957
4553860
532988
227945
266842
588093
138259
801291
117822
259603
357401
343017
128477
438933
7433469
405514
1107969
1104627
27966773
440385
150204
1128528
41229935
466112
559506
46322
51900
361528
25665
38546
1920616
43501
792625
269165
2144792
136286
140350
1106378
303506
735053
384120
347319
359913
88695
353832
30128
1715666
2831531
599444
247953
287797
16572
29877
3064464
76937
620391
419519
1286615
70764
525304
397678
6137
762608
253883
627032
188271
841098
164178
568875
243780
292572
547671
134183
37937
393002
597824
309736
173017
386467
1570693
1423822
80727
209039
45281634
573648
1048544
823827
373695
301536
277114
235929
1190080
3591277
301476
372480
167632
295882
28734
382804
558587
11799
395516
2061944
172741
693892
14130
424065
73443
460331
292902
4578765
228991
260894871
2397092
418067
314648
52714
481936
779995
1004939
187616
18494
11241
387911
373952
184839
1358851
1978677
238053
4270430
301036
2569580
66241
8779
249494
10186
279822
175822
329151
305569
644617
470757
243889
136110
200494
475346
271508
42915
305897
59304
31091
91000
590735
510899
726993
414102
556509
299919
417953
104716
320346
147910
282395
148642
192955
54123
1219629
547241
832300
209839
224101
325115
438784
20760441
533684
283049
39579
6907893
273051
73838
303717
391118
232042
200572
57327
31288337
380057
39772
450063
185329
759599
160023
38614
634388
405187
1809928
126120
36541
1274355
90015
628632
570847
613711
376011
49430
1598
897096
462580
635369
303819
314839
409202
481539
711804
4950316
829588
18059
156959
97970
27270
384986
468112
204365
3692828
4354843
1105985
79729
30783
185426
60771
322216
89042
240865
4716
160369
486568
711725
88324
4312033
388669
328200
30291
112448
517610
1730471
1604978
706720
3032363
1027
514054
72730
56753
494336
422038
170899
747361
193672
382144
283303
127147
328415
629585
640568
33363
169221
127679
254325
1275955
995901
3115141
872481
124073
1998298
157468
1182835
309895
623745
158591
199794
292038
2608337
170689
222841
21281
351982
93147
91040
82362
748549
290075
1092254
216524
123394
88455
135739
325746
151622
2066
255203
8106
256392
369053
104058099
92798
330462
777920
363148
997733
685522
218211
365191
280313
33877
386084
547264
1053808
159404
481217
113513
362819
10600
392065714
479665
90600
175195
20086
2944825
7433797
44492
361874
85846
501354
112844
81683
410738
297422
755224
82482
101477
258982
712452
209478
542514
350467
5262
591097
824044
229856
253983
337159
243803
104266
713693
6424166
999063
134578
66650
716429
300542
383581
10828
419700
401329
528312
590701
6942633
332827
175392
10724709
269125
66645
322458
389703
45809
406283
424337
335004
321082
494188
176052
1008732
2186294
232593
1404620
2309688
250255
36815
131823
321654
543212
106575
254217
43310
720302
1756652
682008
3870527
70828
243936
222934
201392
4866563
414831
202012
125887
805536
2111300
474358
929600
389803
254040
352956
232960
416531
82631
413706
7610
1839949
85419
697291
80186
574965
454518
1623195
910637
856468
2279737
440536
46768
663595
706342
142837
338118
251834
13442393
10535703
206873
304527
349277
680529
209599
44884
266886
388635
104808
47364
315912
916368
262869
247606
1351225
73462
383218
286502
167444
747427
1517836
1889375
35011060
1006466
544335
454166
230836
3567745
25630
1260922
251
319913
112417
432366
312398
165695
8251737
169944
152616
2991290
251198
1559428
236575
28212
190644
277354
238273
1435692
336588
963481
276168
124599
137139
427721
568376
327245
342158
32425
2533850
16690
1930463
695525
221786
352127
238269
2256164
156670
111169
508983
604601
1333605
88457
304400
212668
84085
2224450
543834
109689
771239
3205460
102719
206691
21605
394535
944147
281060
554791
548872
194825
154383
714755
493259
455518
258449
108922
68902
108069
277186
432933
237972
67919
79404
558020
15388
441041
1035387
21646192
246251
46240
776472
216589
184979
380405
291414
1061074
1915636
320471
477204
397416
498625
682129
40786
490380
1350786
519583
161360
299633
941530
196842
205660
19322
657851
690305
386786
445594
362364
252872
541871
123854
55157
241662
58167
5373616
354150
316642
1030306
954161
557634
291254
1355196
523917
190467
151568
364998
574298
194812
1973151
214604
327124
427145
194414
308378
2732444
488863
1803354
971509
374959
235231
451285
280181
813924
559960
71674
4169680
518884
620444
323943
154
632376
258065
44150
4604953
1343884
314593
833898
1307556
330519
20168
1556035
947013
118928
5801271
632603
350496
145279
265032
937211
303022
85755
29647
3361090
108920
753224
137914
160552
742390
1807969
525322
82429
676878
596569
180780
273484
6020
308247
518271
227041
333244
435255
287451
44288
690726
1097626
257821
1645907
1960558
15307
1266513
132416
671645
47013
10105
2683
2258594
283003
367253
153601
501439
647036
1709994
200097
720249
324223
183678
68097
55247952
726428
62912
129461
175792
301405
200955
453303
2564425
1064590
18835
642996
185864
1890544
309557
51466
9805671
64451
1397219
39446
327143
661032
674955
93460
322848
5000820
66082
238917
1371840
159770
835804
245640
258464
106411
1239410
552039
51694
770741
161098
1407145
396349
573725
255797
492694
855225
549402
486217
545270
248252
361809
453126
506660
1987525
719119
169483
197406
701537
91008
915286
144198
180922
1361251
28666
226383
34993
7569338
282871
490024
27231
405777
134838
459016
18645463
4146716
408283
295736
167980
1145343
231214
14132
197547
640896
50613
878830
1159864
102257
575870
669350
118461
653193
337151
110174
123683
248956
299284
163456
28707
181570
144722
1413908
164177
1516770
1419244
71948
219112
277735
658444
16300
564236
1172499
1761076
808182
165405
185250
547464
566791
415191
253375
1404472
503464
628492
1170496
4762
593195
3973011
823244
92777
300344
2142369
499264
393161
2882584
37895
489510
382347
544681
244958
1163046
15376075
580510
187768
246454
151648
326879
32787
2226881
178676
89751
544788
192775
10220
120512
4019225
359888
332725
346386
246501
239502
358785
569859
457645
458560
226275
107204
1115084
186393
316970
921523
82586
37906
600640
9202
792355
488687
358173
8235
397733
177532
34832
22952
312332
141149
65785
54775
491665
11055
291560
18531270
394093
71069
137749
311677
99799
2029532
59360
355938
268772
230129
1424627
1080991
1229928
402631
71550
85056
6472559
220684
122061
1358171
736082
374894
545938
142146
293978
314256
513962
4435881
44602
174636
347368
157886
1016538
2326
215311
144459
218968
214254
252134
290715
77648
554452
26718250
223008
608272
815539
828129
3373216
272767
232479
117627
225609
414373
4642269
611896
710543
278701
683885
317617
435009
503364
264168
376167
472403
202970
47335
141683
31009
1388263
556772
2862026
1528326
364917
526421
122092
32556
336292
109641
684511
2358990
17471
3356357
192641
124345
292624
299450
625843
556764
466421
311831
183296
1062838
557661
345864
346652
2388477
302588
984937
23543
1069287
498140
538258
4569
923082
133266
26740
290643
199511
513857
345332
213298
172185
151103
21577
991720
310600
107256
683688
189805
232655
458609
1051
386275
187545
1408094
313416
931
102418
420823
83528
426634
1172564
1083604
210657
206197
669369
175460
328588
1541851
1019805
444886
822580
2619529
7576350
288309
446885
222634
202477
292208
39097
10159
393721
228153
131574
876035
5224125
433729
667082
83566
324776
1213373
885672
281343
225160
905602
618948
95478
741875
180957
1906434
565229
7607603
482880
509255
615940
138063
1490109
214932
78826
596257
358070
504293
4341941
428699
109354
368109
1870923
35041
24810
434644638
192775
2887496
195884
490426
430530
124252
119426
221590
93121
1069632
296102
238351
728938
90575
327700
153916
533328
131893
33411
657922
321284
346738
376881
20797155
229713
1270012
479238
1015959
686308
320900
1843373
318260
341801
272617
180986
122774
376461
316457
1790618
1354095
173792
689138
285029
1483195
377238
239086
298467
354415
80470
378974
257778
284289
323942
332161
508278
476677
366751
121334
61667
89520
491828
310943
221938
69992
919130
3601638
100514
107539
1973475
94393
596958
109742
576667
4086526
385791
511201
879456
179336
642969
112500
457437
498245
204146
91253
313238
2285148
37692
1156222
284203
1504615
197099
8037683
1376611
335721
537897
119075
21176
4034333
565400
272699
1895759
255155
294768
21896
161055
8556817
1280392
161759
491042
484412
193195
219584
46076
246391
165350
372982
116351
485840
494738
36928
13670
250605
182999
277102
34613
470775
175626
11541
519633
348583
455443
481551
273518
128819
22330
1404774
243540
1345395
369863
126198
387482
464149
835896
748490
830381
27152
468746
397555
132005
427340
441900
290251
267681
277223
68877
96890
72130
287799
389545
493635
11427635
142293
496123
649291
508102
246061
547822
539939
557270
1058066
360471
567726
1710866
285138
284677
4260647
231979
216057
278577
738521
52492
348780
309598
301296
738636
1105118
264529
228352
32032
289620
15264
381125
2951673
29660
521736
163356
307783
705737
33655513
888437
285900
19019422
251238
10139993
2099733
450016
383038
450956
14914
2133169
261623
49488
90891
248874
282296
44851
748647
7734071
730107
22894838
12360
2249041
437224
21922
539136
287849
1088098
2529587
327609
28295
96000
338080
554891
879099
191400
230772
106871
302979
148428
717868
551311
41738
409495
178468
321216
148658
3131116
396969
187313
516449
233328
167122
277125
205408
502325
25188
1779514
300919
6242877
26629
175390
307963
573108
871128
215279
303019
64505
664857
328956
35433
638427
3865607
92173
470120
747072
1318425
495543
359917
5592021
514370
769575
550562
372300
7356124
138641
105554
2529118
570211
549780
107982793
598832
284177
406987
75106
479170
192705
485076
460247
130187
340982
1235859
398033
149831
2864434
245059
405710
10464
66645
164187
4000201
811946
1961507
1457
111031
467956
248092
876672
687581
32120
191846
217985
382011
343196
395510
60987
284376
167999
83940
1700320
1061017
178312
261149
129454
5550897
334342
2283760
479913
372870
1010503
291374
725777
254537
396849
4146437
25688
477044
117627
222700
147878
108559
37465
675315
212367
616582
55154
144341
372414
500360
168697
38304
959981
318341
1186489
1256545
208806
74312
110689
50698
119569
96736
539734
873326
544130
131473
41078
545418
122408
507968
173553
1102923
228859
79936
324694
5994
591694
186612
305739
663650
97030
436762
146072
729180
43076
300221
1576402
332674
65178
393598
142835
387379
191337
308164
176604
977731
493834
178456
374357
91252
19136
138538
166963
529252
13428
642381
404046
389570
1418982
380648
1709360
372476
34855
722138
363086
6612
152216
3743
447350
722203
6233532
315231
461359
400267
83230
382517
99679
414107
176642
325883
1725801
40864
2187187
290376
298050
1007799
95898
154197
125150
228384
92274
98352
1937894
683984
72494
471134
53145
585591
184489
10905717
127730
1803130
311684
95522
419394
263537
486215
185733
233814
5003380
118599
259053
495844
347576
84480
131908
308274
1059929
490361
207671
158547
309090
30839
382217
115644
129455
684089
194181
218713
534673
448708
153834
445385
168702
125453
18627
479431
4038
303367
98040
66657
44894636
865371
598585
1347851
237186
22483
442794
1924543
557355
30843958
302857
469801
208237
9007
486757
216923
17181
57908
516792
599842
30261
130125
754324
207228
459331
506918
340945
129061
185364
220671
326165
335183
148919
233494
286988
48291
255180
99403
3183269
94397
1933980
220194
1877086
2212880
224661
628414
238438
494306
445963
108416
228894
342384
178542
312991
511202
96094
206768
240946
340985
416118
831486
479772
319203
285244
417309
519781
195102
178412
199785
317153
950146
57390
131377
63503
131351
6219050
4111338
118691
235108
201176
206748
87174
111670
710155
657114
135684
581122
5151378
6912
10589
8844039
209423
782885
238517
212451
97906
441800
135071
284572
183676
127428
201936
38703
1453869
328632
435551
474356
834335
289155
312749
713537
159970
1058246
515367
307534
571459
850430
16813
36833
183814
466525
24567
272084
120794
63939
263649
571606
107277
1194760
125921
371177
422121
625008
192753
138039
2101
288479
468715
472790
878573
202927
465844
479185
133914
285022
73178
463493
70983
94478
217486
105024
2897128
297432
56561
325700
111402
196210
305156
71928
308636
263177
752811
322525
235027
107208
669102
1205448
320305
504911
542149
329996
1136416
256828
221191
287370
39054
42625
290632
125414
45653
833441
218841
732766
2825626
37603
23845607
858006
371546
143136
469805
563458
380501
967047
139843
108625
6324457
243554
94153
108816
230525
545353
283046
162971
423276
91711
453520
1007971
1235
125201
116911
433594
109936
311824
1373531
137138608
616988
1293248
463759
700182
106829
324750
381422
406042
888269
161886
3269393
572912
617936
3520808
1291127
276422
194697
21275
731334
10478
289766
151071
30302
940274
1718443
1319873
1252087
217243
414970
345622
355314
625091
207596
144272
366659
293534
4561
508743
212204
46346
396867
283963
444508
321717
205903
352868
6387164
484341
127063
4686685
180137
222293
438943
483920
193499
217723
143624
1083434
687656
224671
123974
20536
1296411
3285898
104108
1155709
263879
546
77277
124358
168769
567182
1744355
54955
119108
32479
96974
11904
674639
138768
1198058
228133
92749
176800
1890343
1203516
833557
48844
3381517
166855
455397
281926
514378
749506
1314281
236667
590672
1082347
858715
505845
41930
67259
55137
29741244
522551
350131
5219389
315884
108789
446722
263981
312503
81472
387897
190876
433386
202386
446039
202731
824284
328259
1057412
581346
233131
43514567
488536
636695
1403449
139590
837989
351159
176900
144067
40206
615836
139072
8581
4202029
135709
6015736
29216
111176
175667
415641
130444
9461893
115280
288255
350403
2263451
846082
992284
906323
55120
466042
280093
118688
2158061
43130
5598857
150807
114351
294326
645705
623730
3352631
494442
593909
129120
178538
1148582
557082
8853882
88081
835242
228970
260833
61665
150466
407579
318956
118779
1908993
1210323
428127
5014923
612888
714208
527300
372983
375986
410936
528861
21122186
439813
173986
37261
118069
50043
140367
126132
2341685
746095
39860
168331
1567818
337542
1493110
177398
589343
914743
60807
762875
36210
403231
958372
384920
125823
152579
79583
102825
185025
214530
250913
11422144
192144
251327063
247375
10918647
51256
163820
1503881
260291
286311
748236
633016
130414
352421
176665
496538
143547
1799319
270571
159311
86662
559087
432295
1833324
435392
154582
893165
13346241
429931
2197121
4377391
358537
770790
2236450
501015
864929
3290460
61293815
573317
165525
49375
194707
108623
2465665
151393
617763
212286
944538
244959
124666
1050965
233758
15017
1267754
1718544
417829
140188
692450
365721
79404
287111
647087
2647401
194065
630752
461943
1736819
3938045
286260
404452
8705
99252
3391
88484
613649
123519
400937
422029
180813
426297
169995
590586
620740
323338
549200
186170
677600
187142
195756
1852673
194876
917498
333815
910067
74724
621715
472146
293024
736730
3669068
738297
5134718
463179
818430
6859
221802
1057852
651559
1010171
605071
366172
1344225
395230
258638
923860
972123
55423
128638
154471
149080
1072357
16565734
624728
205546
6187037
176199
459298
66300
634722
342797
2161551
209662
347744
959911
264675
402677
198201
41174
58649
488971
469358
352585
782906
143582
367642
48737
178224
498286
9967249
140350
579630
850405
303667
548943
60459497
281333
416882
306460
5429857
76900
56207
141573
1323287
300271
448654
825998
130341
74492
530637
2759873
771148
248144
52860
1338673
633279
167676
36079
19261
199029
33673
536817
96346
919231
1138944
159236
85201
740414
18856
960094
3091290
517926
173747
340366
107866
449947
124686
243676
64766
2475453
218683
184674
32755
224539
333361
99717
456380
5584
99410
507584
1561611
1483228
157936
569
379724
439596
300228
317479
110436
173013
1404593
532123
1372441
240427
44464
1322120
248426
1459495
535731
401180
318169
613083
1150202
16606
257919
138780
348997
1553664
387641
127082
49180
299633
52017
1533011
246081
145673
575841
622031
408603
318431
1215535
204719
4979340
181433
540314
392846
765550
456381
450362
425707
302076
632967
295621
48915
345459
390332
25666
2538686
4026430
48203808
241353
297142
408390
1186643
511604
53285
308471
1024679
1199813
4233523
838442
86460
575449
158941
9428309
2167358
107691
138342
569400
409602
5411543
69796
615988
116396
308081
77874
3233770
98497
729147
310115
208992
508869
272950
253900
112561
291812
594500
105669
299706
938483
2281334
63827
144845
39785
314885
174428
1687639
556763
208912
188394
374387
119580122
227485
1528642
547013
407392
503233
102709
733199
429748
568888
802591
934289
1411516
681007
154589
364516
363972
1083445
457523
146048
2097680
142107
175834
93782
483147
242718
374582
7819914
7411
281174
84771
439628
404704
81764
862074
755204
5757797
33285
1822829
411189
257967
849430
56364
47081
118267
347854
138821
486897
1263551
270943
1130697
327284
3639563
889287
77105
97104
256754
426128
153973
253713
263762
17194
2574410
1289765
155520
389587
1139116
629512
448904
38444
232939
2637946
442502
5400740
817094
308976
519380
906157
564050
5171849
17750
6157993
30088
463849
3421901
932832
490907
147600
434299
87508
492517
701694
817826
277720
330492
1809076
176360
4537575
583774
878294
11353
736906
1375464
619496
325256
538685
146786
444491
33158
1980914
250604
120949
441751
282288
270183
303843
243972
70539384
490130
685399
191932
117921
60722
941226
6457570
410974
193515
145073124
69716
309972
827592
461005
210175
5146953
262657
337737
2810557
47463
3231118
300684
28387
163973
139860
89427
76187
378452
331089
746301
1416200
117382
111692
560789
1067003
322326
454319
291118
243311
518085
673500
17243396
4738343
425558
135998
239347
173449
7244120
295574
109590
3882
655684
966352
478353
111734
857098
376066
1100375
204082
70607
111667
132934
1918915
124246
310951
210907
352226
121712
263393
227892
152135
2753033
602615
3067326
2237472
1124273
1728126
490357
28416
130611
670873
380827
580988
111938
179938
240015
481416
1029281
1199335
164862
264902
689408
49778
186237
149508
532329
470816
1108364
4248898
985805
780890
3615991
331786
21938219
169991
1278985
12363
308683
10598080
63550
13721565
280187
924650
1160858
306661
14071
350244
220763
322108
895025
239483
470721
305196
549755
362340
124647
483957
3159871
1208039
2699080
438016
363637
726851
106194
218859
183318
265641
408261
381819
793424
194282
280832
2429872
391726
259538
357064
175232
622472
167030
719859
78507
265522
1140245
329228
145946
24251
663951
139741
4433162
662579
28540
247472
268518
600365
439491
312630
8305
23259
7883
296531
545298
230427
392383
11665910
179527
661221
597871
152023
233887
386081
3983698
6200
189104
118002
954784
237228
794897
1147834
139037
949782
187510
365170
407962
2146077
39315
1014898
22757
10518637
184436
15531
305581
622703
1140524
133441
337984
586389
72581
142320
60474
45362
2263607
513191
297857
383700
1032393
197699
177060
289216
919455
116724
2032277
110779
476628
135577
3324744
1344475
397493
334209
294692
507539
183620
135353
316828
274932
279305
80965
716384
403413
1169436
2303809
8022792
143890
180932
1080272
214367
1116652
45081
323568
193728
143017
43283
3301385
886335
383009
362023
56981
773027
1045688
267669
530529
1189735
657426
1048469
784312
181634
3796885
1866698
322465
388962
485109
240358
41037
325808
97811
324474
253713
663050
75134
48579
158208
452231
875087
60398
448820
1740036
75687
137479
131361
1485414
1219826
56769
248012
386501
283896
390426
40179
120916
1939983
2315619
207471
327044
257097
27508812
456041
294387
24349
378715
721369
509415
151781
326827
587020
13300
989753
755890
1205164
853270
519808
35406
9812578
554985
682711
270798
45583
308117
732435
390867
835749
481589
571108
173189
2820564
319645
296182
423042
667537
533507
5893194
207478
2234016
5223418
313397
343824
146766
4303953
29275
286661
95306
219742
580115
370208
502163
14394
117122
1512664
505660
246645
74633
365761
173789
137415
177006
298742
4184140
472020
7069
565682
139783
682578
4194591
163619
672649
279898
851060
248283
821813
4421
183420
105070
4589179
148612
1210287
111675
418881
279397
983843
91363
1049516
83451
600567
55964
481741
346754
147015
71640
270793
392682
7113014
233646
375585
27421
338673
292860
12927364
856182
228430
915948
1515384
6837074
17345
364371
445388
1605978
46273
341322
806650
1221832
495504
223039
929846
239984
217784
203738
336849
250107
278255
5395270
173729
520056
135703
30169
2332332
1782915
65579
953543
956155
406095
86602
635652
349053
430097
204345
451243
17705
19196422
146441
944197
67974
691530
221203
413200
703471
1248129
23241
985583
783710
1557745
426675
124265
1324262
399905
227602
399618
1637762
21795695
398267
256804
184800
12124
263394
2379901
494626
329974
294159
158658
2536904
322967
161231
313348
52829
263219
781561
159320
68978
4070747
270069
189615
439871
251427
55048
299232
278300
627765
139898
645213
16514
6085701
1734587
146069
1855612
3298106
13551
47380
783176
369517
68875
206156
1102137
595648
95829
201025
59514
59584
54333
93627
599192
572122
123744
171207
281903
4616653
1654519
94145
1522497
1803041
1634046
717015
92352
289535
409282
419866
588778
742624
422936
1007278
76563
309329
4398277
308841
537223
745287
53658
454416
181497
197840
114955
522681
944436
684504
216794
308974
316215
739846
49533
212294
424937
140772
291335
1115512
350894
275349
497959
644585
320886
650293
174745
180659
6329204
350362
46090
220647
413805
1183813
456386
17345
177413
695058
277400
75331
16809892
168299
672322
269812
931364
378667
248168
76081
1521322
380055
130292
1240960
718159
801060
239802
1258674
481756
261591
391708
136475
383282
89577
380478
1013162
196371
330680
27926
120653
92145
5187
795878
699629
681598
3620979
286261
3504833
4916687
11775
95479
144712
4023587
3517341
2576507
1193664
411882
66631
338892
372210
662321
18796666
54138
1064178
3337532
368707
120867
266594
97836
1180740
564541
1077541
406647
1608721
123216
4829
361040
853579
615010
1681805
662170
52664
281162
81847
305801
72240
36763
964613
509111
406260
12107502
217768
222204
742693
373212
71227
559873
341528
231947
6770597
177179
9398
387853
346546
2488186
218971
662536
741822
370875
61613
194166
135613
108397
333189
1133875
956679
537073
240652
692065
9058
32437
439529
241112
261350
290258
770753
1051326
4127813
2088781
2375322
692593
437232
766188
770146
590709
226918
347807
227055
6165425
160536
1799480
22659
142388
150190
152270
274043
4382126
310806
321495
376223
216775
2089034
388661
417865
303078
215403
275088
473839
461494
3399723
208474
484440
772325
64787
119044
289938
1150009
1509117
1121566
137334
249029
416262
486470
647800
267441
3271949
50317
2236316
192176
92530
379559
286414
661942
272488
358092
684156
77808
340135
337743
872075
589873
121862
61666
857595
319658
615713
28167
350668
843729
152550
168430
182025
1161171
414720
252636
610260
3787366
466036
636200
497445
7884176
473601
330388
308387
233246
1059218
435361
402723
299097
66642
237888
604511
386831
273557
231387
617369
716658
55512
706811
263355
276866
554449
624864
308926
276843
197674
3556437
179984
10257
992961
229745
73760
110055
2108642
2645216
731792
590639
536057
24727718
348896
109112
532026
231453
50070
80921
638
225017
95594
85079
154722
103791
811702
219378
146129
395631
40880
286294
296701
2118047
431660
806676
75843
306296
76283
226189
649110
1024
64553
978697
605063
747335
101265
240838
404398
2472891
175527
4330191
2612549
949596
320109
160732
476089
193773
313320
28881
230524
1742880
688907
595809
84853
5073420
1230157
348626
581635
7775
944922
282776
269484
3655428
33902
32743
65530
128953
947
73671
360435
96207
298018
121131
35523
6368280
70647
692090
223277
356200
3605341
289708
259699
746618
182722
310219
193489
315537
246559
315830
438954
520810
57994
497502
3022023
989448
435199
110382
286286
146060
482865
166321
28380
1240836
32089
161186
523017
380123
832951
1211960
185279
920476
148588
599766
148270
335359
382011
3863602
584650
561860
20077843
19611
70211
142000
403855
589244
7394219
265137
226944
238254
398439
272672
370429
274275
290389
83048
107308
251244
270923
1306
986536
498920
499001
253715
154697
228383
37179
219406
110740
89329
27652
172696
297124
407262
316183
558545
3045502
12258
12049
252996
845467
542121
96314
597558
1294922
129402
121579
497480
1426414
7339798
1037805
151852
302331
722678
4302394
115834
739227
1175273
279932
61688
59629
364232
172267
146434
1000467
534778
130985
5116
340073
2517406
970868
506245
8159915
424193
220881
145774
886027
4738930
626266
370227
236265
1498129
384804
50976
607794
170325
2383831
189826
1535531
127609
371382
291300
324906
289410
2057149
621268
800158
871047
90806
448294
11331368
197977
85680
304509
129847
18892
380187
272599
189929
975304
618710
920276
60416
735332
408507
492888
865739
358747
865281
118540
164321
379564
220629
1837611
2414820
99520
470724
365037
100466
64278
21321826
40663944
269085
137621
259785
322790
2522337
497599
65337
170970
645987
212877
631962
37395
2446246
284391
254074
249565
121805
253203
220170
356697
143799
94155
175161
1444304
215910
648566
525232
173226
218864
354222
63421
652098
280680
353978
569019
10841
1290349
111913
104037
550674
73180
377276
336496
757729
5161
218241
917995
31188
765589
438806
78619
49070
296123
1895364
248270
165370
623170
497078
746654
54708764
2566691
686019
475251
108858
187945
128472
163570
42303
562608
87779
798333
157430
206434
230060
360636
328289
469684
14596680
21705
74355
392755
496952
330645
1999389
1727799
238685
1887783
2552545
182520
258126
1305518
415627
25281
165935
799847
1179459
345256
385011
1060198
55045
556283
352247
188691
31687
2445475
2995
335763
3606615
855177
217343
51366
1046256
98168
331239
2194580
522332
586992
758086
1092340
54989
1458644
272312
1992444
114007
329431
434123
187195
823591
63922
185065
168922
1640584
37780
73149
893676
408454
398462
816414
143463
116734
615209
32122
245998
99259
106078
322075
205463
51552
258134
214878
607453
467740
630243
360277
658223
290374
618886
464277
312698
541022
1229778
1002772
963829
607878
1089978
226879
100316
448212
372559
2698157
333314
679580
381175
1001048
38798
397912
830742
2404761
308620
238644
366616
237394
100989
77785
47014
1518260
1262707
704655
283814
294290
67644
198426
1023767
481716
442366
419608
154825
1068191
13077361
4986870
357998
553214
646451
31179
767565
322168
722280
276285
153327
103565
301431
461992
148959
848044
82610
451475
593451
3661593
70450
698808
76272
498044
233662
1802239
249003
484245
61532
640370
411169
323070
601543
295842
81879
524305
456907
193916
209591
323170
132364
142473
129674
206505
875688
2540581
6936959
555779
143569
197238
21808
88381
104488
79594
833078
793875
1344658
2127547
7075770
2086129
380423
222236
795981
20613
45713
1503298
2131392
170185
282008
1275430
1439756
569428
94162
233080
595809
241199
17877
72686
337078
1469135
1763073
3129981
140700
8050346
171872
199467
1064361
100040
106607
1994700
487140
67860
882917
1195068
526456
404180
4626867
30757
244130
736983
1763873
713606
392850
241990
67427
475164
423976
896184
6203
463265
588111
298593
348676
100494
396235
25544
401316
3508432
1707446
4111066
451735
1253627
632546
1134956
248408
108447
2111659
437453
197860
281693
4661898
5059708
67311
122252
55798
311232
634898
5336228
1009091
469558
3223023
90617
120852
210705
238967
798780
660084
182848
5474415
435854
367968
501498
277866
327500
207454
222641
58646
492217
744100
25845
164641
163922
1931169
688648
576747
193338
532159
2076594
98511
111958
36675
1474985
4610537
388565
5356
237189
778
198032
27898
203025
286058
304417
1685445
337376
3358539
300080
533609
21596
874910
562137
449704
68072
340994
641476
3113975
1749185
8930
19676
676404
530211
412429
404004
307025
90901
707958
93410
5890131
127886
76317
446783
363376
223991
415345
1914773
464926
104943
183855
171267
985740
26510
397332
270352
571663
353456
537084
400369
444832
611333
254427
318994
1859954
3008704
36214779
31824
101705
313327
547613
150315
5664134
151507
118496
1044588
49157
271728
422374
4101503
145598
3738274
210830
37666
234384
145021
967500
315562
360331
321216
783615
279243
246281
307455
162006
134280
2262069
835705
47865
256040
14241680
290480
190292
47933
405804
604648
645725
238802
46270
280435
814712
147468
1416025
325757
391390
491225
125248
834236
22088
3245718
199710
1655851
50335
788958
707575
50252
18518
538305
532169
2279407
119170
10582
390347
716989
4283625
218642
313825
251693
730282
4343469
612385
1530241
319471
132789
8906
281150
425823
579312
439532
1523197
329797
344242
113424
171624
318580
169251
5122175
5637507
2671601
10107
329162
1631631
209425
491803
300968
271054
1908820
241013
460741
1090991
151789
469386
572078
3667720
485930
503539
938452
259138
163640
242812
31508
160066
4019177
228332
35886
428727
1433051
187617
1103200
811021
101298
279584
894489
83031
1466209
232380
504621
535328
631388
340310
2311465
309105
322451
155002
424844
2422918
1316906
100134
2680920
145605
262153
678768
13695
480427
954504
1221236
658890
279303
1017733
161762
302780
1464166
91639
1027946
43904
358242
1056144
97059
303677
160880
4196371
360026
6678146
504528
573428
4112654
324310
1072088
154621
2185334
323798
377137
4177484
168925
122373
425711
151842
334360
12801
69162
206575
488961
116246
75612
651417
389668
872056
1050
145176
345605
843527
9907670
561275
1009011
225615
184112
276487
486435
247195
186609
11169
566592
842982
29892
165530
1069290
315206
430790
1566682
636569
318160
2366034
535518
85841
314740
321454
75917
119231
396661
42265
97287
4794783
546261
2962241
1618395
214593
394223
720068
539286
281776
20235
343054
564038
282932
842916
349446
1017289
110972
262495
1624079
107737
865754
98032
1049481
1401923
242368
1884111
390575
7811228
152118
48283
215710
521990
394640
112685
1287550
399545
182843
1043357
571135
191310
735491
284173
338149
704190
429675
900931
1623534
1217704
347299
218489
94045
756089
292437
948614
179026
374717
318043
376174
826995
44101
178443
70555
1119404
895726
1062728
675905
186819
399639
638149
34088
453351
4727478
281862
242010
630645
621267
1453742
511456
275972
872933
144926
5165
287347
1823572
2462
1874692
178066
264145
285695
86941
75779
208710
278056
83995201
266246
477596
244268
81817
240547
1511397
110981
423594
301817
198822
1677100
377365
236724
550513
157828
1763503
258793
2693460
292607
71755
8009
322062
93986
570055
364390
73634088
206678
530134
582204
798858
199048
794202
58504
490068
1365576
4348592
455575
170882
144746
639927
269791
105113
3738937
460352
433023
420847
478922
56611
520931
185308
167598
452801
2071348
162826
239474
271900
335422
175144
96384
783211
220431
396461
780685
606683
425420
88471
368975
55582
370214
65041
224171
821540
473525
1057372
1466261
112789
258664
277965
87413
365097
51623
4716670
105784
195272
649375
34333
496901
408858
51728
104340417
216052
189708
2488876
655465
233516
2796892
16156
389210
2669419
327235
106146
130700
97528
40388
563986
239709
239423
4691968
580252
87228
66124
171606
381245
106549
2718402
367631
155090
287346
229143
112539
374499
309800
800344
30742488
347876
48600
221618
251259
816044
295824
1752433
986281
1019740
74626
524441
202634
459976
431564
287468
419642
1274690
235630
134000
457574
134950
426706
334200
663376
293516
703821
398278
35828
910576
2847894
205828
145518
395592
333645
226251
463560
856979
5210199
29322
565077
296010
278037
191279
937394
568012
131114
787233
1427358
155465
198939
810493
323920
2170445
437954
201754
343387
131491
97632
6028039
245369
650469
15334141
84517
5371705
207022
135031
3020242
961612
2584224
208734
194525
985018
813511
442882
1059506
51505
1429409
332618
5273581
310993
301734
504867
51917
335287
179166
85827
53646
33000397
30378
223571
49262156
2723092
1750701
712997
486994
546250
493124
272577
296448
366042
3710620
457388
104506
3966273
1784193
79924
46786
76431
338259
2644683
701970
734080
593755
361830
752923
482857
122286
280284
224842
241765
267205
451268
3558272
117770
2242944
67800
270057
54499
187126
948560
31623
10049707
836142
1568898
543107
636344
1498239
29329
1739603
1679853
226806
405637
367631
347495
67631
289779
434162
265638
125250
1360835
112569
243586
144246
453381
297036
1425923
156151
2667094
682042
19646
556466
350373
338447
1507132
768806
31007
949037
39403
1758146
882281
268937
154266
815574
1943201
1579655
1370141
578664
589893
279588
397816
2171304
82124
351831
199935
1847035
284224
88508
7000469
1844781
455106
682817
915013
64558
1675842
710117
67817
412142
254832
290805
812699
58806
297241
52230
139489
3979400
201638
448099
1243346
261496
13432
153737
11618712
873222
192117
195715
203253
744313
238901
162991
423094
309667
