18
68
96
20
25
8
70
91
105
24
25
17
17
88
28
48
27
59
156
47
17
5
19
60
58
105
34
30
28
82
16
33
320
93
60
12
79
34
41
97
24
4
171
473
12
9
15
35
15
369
25
72
32
21
11
32
51
7
211
647
22
30
623
61
57
16
3
19
9
98
46
58
3
7
10
44
31
24
40
54
9
6
25
13
22
19
394
20
29
15
3
35
188
28
46
15
26
45
128
10
45
241
20
65
14
9
113
21
17
6
27
86
9
21
29
5
3
48
102
6
80
62
30
20
37
5
12
422
114
45
171
15
64
13
122
43
48
32
38
95
14
8
86
50
38
138
99
21
91
4
3
23
193
11
8
11
34
88
25
20
5
55
4
3
436
5169
53
33
7
226
39
586
30
49
235
61
26
56
17
18
23
29
3
3
31
23
58
36
233
28
5
12
136
3064
132
53
33
102
51
5
12
120
186
51
20
63
14
15
23
54
29
46
34
35
19
854
3
15
15
27
46
21
150
46
60
38
230
9
24
238
170
22
131
9
47
55
3
48
7
39
91
28
37
7
25
72
22
411
24
30
38
19
30
31
51
19
16
18
38
26
32
33
42
68
14
284
12
18
20
31
29
67
47
16
134
29
29
432
63
64
29
67
13
43
76
82
7
37
78
16
263
232
33
36
655
34
10
21
41
45
51
34
122
34
34
29
289
1446
28
52
5
30
20
8729
53
109
20
76
111
225
518
12
131
156
55
26
195
45
51
65
6
5
36
415
20
52
45
29
15
67
18
90
32
3
3
17
4
30
35
29
18
102
12
24
12
68
123
63
44
122
62
25
141
32
3
50
74
20
42
42
14
17
17
122
10
78
11
41
37
11
1660
448
49
37
19
145
104
8
16
52
21
2242
4
18
81
3
9
373
63
12
21
29
203
247
7
18
58
94
1917
111
75
47
46
22
13
29
180
712
3
24
2502
496
22
26
129
102
35
76
21
698
41
718
47
51
116
203
62
60
22
30
695
36
36
31
155
6
84
19
21
44
21
3
13
27
54
19
8
7
3
746
68
36
5
62
29
10
35
22
233
31
30
235
18
38
29
25
25
227
20
3
68
139
54
22
8
19
44
96
21
22
101
39
43
1009
68
42
26
26
22
33
52
35
23
44
14
86
124
3
38
17
7
282
29
13
31
45
24
16
4
64
3
57
25
33
42
19
17
4
14
37
29
69
240
113
36
119
11
37
127
37
51
36
6
36
20
106
87
3
16
19
25
2291
46
4
30
28
56
98
29
18
41
44
18
35
14
70
73
3248
81
27
54
36
70
3
62
29418
28
36
16
35
3
3
5
38
19
70
3
29
70
140
60
40
66
24
62
5
48
5
147
25
22
244
14
30
38
71
3
3
43
81
95
4
20
34
375
11
32
10
78
9
58
30
63
11
5
9
20
3
6
56
18
21
162
53
172
3
223
51
3
90
9
6
11
26
72
44
49
74
21
26
56
60
109
880
79
33
4
63
51
675
55
16
41
17
33
48
83
10
17
53
12
900
23
13
72
41
51
7
43
8
197
105
18
35
78
31
3
31
57
50
31
35
41
33
28
9
18
20
45
24
144
153
281
24
25
61
53
80
55
8
60
105
81
18
31
7
39
78
25
13
97
178
43
42
46
1188
67
36
65
186
32
4
29
7
28
151
5
887
21
1837
18
29
18
11
34
55
155
11
11
224
6
3
18
23
121
11
31
5
868
102
16
6
6
54
22
52
11
8
565
375
53
22
25
4
74
19
51
91
41
245
479
35
31
37
98
72
91
43
11
6
25
27
138
20
34
100
3
3
27
167
69
9
48
4
27
108
22
3
63
30
3
110
37
19
27
36
80
6
28
30
25
26
30
24
91
50
16
22
3
169
68
202
26
34
29
20
22
54
59
20
345
75
28
21
20
26
35
34
11
28
405
66
5
203
8
908
14
119
32
7
185
4
27
32
13
113
16
32
53
9
33
36
10
5
68
30
3
19
47
13
19
29
70
17
98
3
39
16
4
41
171
13
102
72
8
28
13
87
191
15
21
315
26
82
26
30
6
42
38
4
34
51
113
42
4
46
379
93
51
44
9
67
4
20
6
9
122
913
91
15
36
755
6
33
57
113
9
30
27
18
31
3
57
29
25
52
12
6
169
20
22
53
8
10
32
50
8
38
35
49
49
63
10
18
206
6
3
123
29
99
3
36
57
14
18
1457251
32
15
15
145
56
8
11
150
193
43
17
17
21
24
44
37
14
19
9
44
22
107
9
8
14
45
372
13
53
24
36
41
17
63
146
3
15
239
66
125
51
241
13
56
31
2044
22
34
18
33
9
5007
30
8
25
7
36
131
5
31
179
43
21
21
551
5
81
304
51
124
7
480
81
37
10
64
3
8
13
7
80
892
42
5
23
3
5
83
118
4
3
33
49
7
20
25
57
62
21
45
36
77
3
374
30
68
15
3
26
149
4
23
882
12
8
53
101
191
22
22
24
11
12
17
19
25
18
24
37
484
164
20
16
13
23
46
28
7
20
46
7
24
55
49
67
580
13
72
4
32
110
44
33
32
695
47
3
13
12
141
10
45
114
153
80
1117
7
541
853
41
251
18
26
38
257
64
19
8
13
41
107
3
226
10
27
2785
22
25
29081
62
144
22
49
70
53
83
19
75
3
23
93
29
32
13
69
31
5
4
38
58
9
28
24
25
13
298
136
31
35
72
47
218
31
10
13
3
5446
44
19
16
27
66
8
117
3
131
5
12
13
121
5
31
41
10
29
3
20
116
24
39
5
24
113
5
3
147
61
56
4
46
11
216
45
82
129
120
38
307
20
3
36
392
49
41
32
86
8
3
27
99
57
40
80
32
30
87
88
17
32
38
30
826
25
20
112
8
34
36
71
23
602
17
52
60
4
6
218
45
14
44
37
26
14896
39
25
167
105
35
601
13
12
46
15
18
90
80
60
19
20
102
39
20
16
18
130
227
40
189
16
12
23
62
27
81
7
21
3
88
105
171
27
20
354
10
554
41
45
45
5
43
27
20
104
63
80
35
34
31
6
29
22
31
25
10
55
39
23
58
39
22
10
25
97
3
27
3
62
98
43
154
25
207
9
53
63
26
3
35
363
31
30
41
8
23
247
45
30
7
21
151
9
105
35
6
164
32
46
43
51
8
11
95
298
63
54
576
36
41
26
149
41
3
19
6
3
6
31
93
9
60
32
5
74
97
102
36
5
23
24
28
84
363
46
11
22
657
9
69
127
49
5
169
23
167
3
109
169
72
8
11
20
16
5
156
41
176
26
93
48
54
248
215
14
26
3
10
8
26
22
99
20
20
10
82
21
28
16
298
33
156
6
125
50
29
50
577
11
20
137
3
15
47
46
92
28
33
27
13
32
6
122
3
1255
64
20
29
69
4
13
31
31
202
180
17
409
3
28
180
2260
38
18
11
51
25
16
7
88
12
44
31
14
19
9
38
8
562
97
53
760
137
356
18
20
18
71
3
27
161
43
51
41
32
16
17
79
17
928
35
104
3
27
38
43
26
389
54
3
7
23
22
109
40
26
48
29
408
37
21
10
49
20
49
6
60
80
10
3
87
10
32
43
47
9
8
20
49
32
27
20
151
142
17
3
14
9
3
60
106
143
19
428
92
1168
433
77
23
3
60
5935
29
31
61
5
24
41
30
65
26
33
46
77
21
22
12
37
7
17
26
94
32
285
12
104
30
18
11
48
48
31
484
48
6
134
23
3
767
25
605
30
1543
37
18
158
8
38
61
59
16
33
14
11
26
48
27
8
123
194
23
100
22
26
392
55
15
69
40
59
73
63
173
363
5
16
3
156
254
32
14
45
64
12
26
21
29
16
23
8
15
18
5
25
128
49
21
12
10
3
52
63
50
11
564
14
28
80
45
39
43
10
50
47
32
7
28
391
22
194
4
78
75
27
43
21
48
447
7
5
3
954
32
44
21
66
46
16
38
21
10
61
14
32
29
16
144
32
51
118
39
45
43
6
28
71
52
48
31
41
19
25
107
921
20
35
24
23
129
15
43
76
11676
111
95
57
11
8
146
24
3
206
52
23
7
10
36
172
8
1707
37
22
42
4
95
135
21
63
18
3
41
32
54
39
4
13
17
18
4
22
19
10
190
70
87
21
113
59
31
15
32
13
12
34
32
62
3
3
57
64
103
40
39
49
11
24
21
3
6
14
40
158
104
27
72
48
17
29
44
78
45
15
135
119
12
11
611
79
14
4
41
22
20
96
350
74
20
14
5
72
5
36
51
30
11
147
19
10
77
841
45
24
14
3
26
26
11
67
172
17
42
46
33
203
121
29
49
20
63
36
123
17
20
104
31
5
48
14
19
187
8
65
44
32
35
47
76
63
35
813
33
21
49
38
27
29
489
21
21
29
421
18
37
10
31
71
44
39
139
21
463
104
27
489
22
174
61
46
47
27
342
19
311
70
28
58
18
4
34
27
33
367
8
116
100
37
4
114
15
21
39
35
81
37
3
34
20
15
3
22
2003
33
89
293
26
29
266
7
26
109
4
35
13
13
51
3
3
4
654
43
29
320
19
63
20
31
286
141
45
19
51
33
61
56
28
25
15
12
64
22
42
97
46
44
155
12
186
396
7
36
25
29
16
22
32
3
18
25
14
25
32
33
42
18
47
246
29
38
3
41
12
47
62
57
57
40
37
13
94
25
80
3
28
26
26
3
52
18
20
17
56
16869
51
239
3
39
234
76
81
38
34
36
46
51
16
290
21
14
4
100
11
145
16
71
6
12
505
33
93
5
148
54
220
26
37
52
20
118
276
15
31
16
38
298
35
14
27
43
45
10
416
67
16
24
9
46
28
44
17
27
31
14
13
17
36
465
11
81
10
3
232
130
15
36
9
23
109
14
32
83
75
11
23
31
51
15
37
12
6
70
20
28
39
55
28
38
19
32
144
3
64
68
13
8
130
36
20
41
48
35
43
18
35
17
33
109
24
18
65
2098
4
62
26
266
41
11
41
4
15
23
45
6
22
82
23
41
68
36
101
49
41
25
34
9
40
27
111
50
7
36
3
261
27
104
393
31
11
19
47
83
12
53
19
32
8
28
46
10
27
13
3
22
3
20
23
15
4
27
128
210
3
20
36
161
3
9
54
25
53
3
16
24
150
9
32
13
43
73
9
208
509
182
58
117
47
3
57
153
18
4
3
34
31
23
26
115
5
33
834
12
32
16
49
348
113
30
23
14
24
11
12
141
113
14
27
62
95
14
110
21
103
40
90
5
46
6
360
80
64
47
11
12
50
27
64
27
32
3
19
40
42
50
37
41
5
197
37
687
31
57
44
3
4
49
43
155
177
71
29
52
9
53
22
29
4
15
672
51
31
203
37
33
103
31
52
18
39
50
39
6
59
90
53
14
47
252
120
23
11
7
158
109
3
315
3
33
193
9
9
5
220
4
298
310
27
130
29
721
8
116
18
45
24
5
13
64
29
30
38
25
54
21
23
71
4
64
42
49
470
20
21
3
6
16
51
118
19
44
53
3
47
47
129
70
10
20
6
73
74
3
1395
12
3
48
324
210
23
17
565
44
20
61
4
416
48
34
72
18
64
63
10
85
28
16
30
112
661
85
48
62
18
24
33
72
105
49
79
94
326
30
29
125
46
306
5
7
28
30
6
42
40
17
28
99
380
12
26
140
31
80
14
52
91
35
46
29
157
19
3
35
12
140
17
100
26
222
692
138
100
26
36
28
9
211
15
47
10
221
14
3
169
1895
4
50
5
845
4769
6
43
233
13
29
50
48
31
20
32
32
25
62
47
9
55
3
26
64
29
70
97
73
7
23
23
61
623
89
19
18
17
45
8
9
35
54
144
54
24
241
399
133
39
16
71
8
7
100
481
10
82
4
3
50
9
15
181
44
3
37
63
33
58
15
25
24
373
20
25
31
33
37
74
28
78
27
187
71
37
12
174
12
6
31
158
111
34
17
45
8
14
149
16
53
42
3
87
3
26
459
11
79
544
1438
194
8
18
60
613
234
23
25
3
63
449
25
616
3
34
13
117
191
10
61
39
20
1463
12
21
33
61
13
24
29
1568
79
35
66
13
30
47
6
21
279
31
3
369
3
20
3
26
464
97
38
25
32
113
15
2208
21
36
44
87
6
4
32
9
17
4
1164
20
26
191
28
27
5
15
51
115
77
9
26
12
40
57
11
39
50
221
159
9
86
3
3
29
22
8
53
6
20
22
27
3956
14
4
14
7
63
50
39
10
19
126
25
33
25
11
82
57
41
39
8
19
18
9
95
19
26
33
19
16
9
31
10
76
30
72
26
56
487
19
96
36
126
19
148
2478
29
1286
22
54
15
197
110
17
13
27
210
79
66
33
3
710
290
37
30
34
32
16
50
167
43
38
128
51
37
6
106
102
34
55
10
87
20
26
182
24
74
3
43
100
6
42
52
67
26
22
6
6
34
25
120
74
27
24
3
30
14
15
72
55
13
193
204
159
8
42
34
37
60
115
19
13
247
72
421
3
169
26
6
14
27
3
13
10
24
12
178
133
22
53
49
113
19
13
53
45
22
42
59
98
626
8
24
17
5
178
7
113
559
343
56
3
19
32
43
87
30
5
208
278
15
13
91
106
50
25
33
54
5
58
82
82
23
721
34
38
42
35
83
30
23
4
35
3
20
48
562
6
42
19
16
45
27
51
18
52
20
34
26
81
46
45
245
28
7
60
24
84
26
74
26
86
29
43
44
74
17
18
9
37
26
40
36
21
104
31
63
18
42
14
96
36
3
248
4
17
31
99
3
46
44
6
21
44
17
18
9
12
35
1273
375
14
16
52
43
15
110
429
48
43
32
3
30
44
15
5
42
84
43
8
1224
15
10
229
74
43
54
146
153
253
28
34
26
14
70
19
48
57
35
29
151
20
20
42
47
149
52
10
4
29
15
49
8
42
9
78
14
603
37
78
9
76
42
32
36
111
7
487
114
32
39
7
367
160
145
31
3
23
157
25
38
21
36
3
47
13
61
17
95
92
12
991
26
18
366
17
26
92
39
15
182
3
1005
9
33
33
26
209
43
28
28
31
300
56
81
18
38
206
33
10
86
350
89
11
465
56
100
29
25
120
24
36
628
13
37
147
23
4
21
12
12
35
49
4
6
141
56
28
18
22
200
38
45
24
15
22
18
24
56
73
290
62
12
33
11
3
204
58
21
35
63
7
51
43
11
27
23
29
490
46
21
48
12
45
142
114
21
22
67
523
9
23
86
95
20
358
4
19
37
1533
108
3
134
185
90
200
11
298
3
8
10
255
8
59
13
13
35
29
22
31
189
24
4
80
91
24
48
74
9
9
7
40
32
23
38
27
27
81
21
33
31
57
38
3
20
13
44
32
321
60
5
27
70
23
132
25
4
965
49
471
3
30
79
65
3
12
51
31
36
27
15
13
33
494
6
88
33
31
268
220
32
33
20
38
28
9
208
9
874
10
78
392
21
24
106
58
57
11
37
5
12
40
369
293
17
3
93
68
3
34
22
6
13
2058
12
41
15
82
6
114
77
39
23
8
28
3
68
28
97
28
395
578
33
36
7
87
200
13
44
10
11
36
3
37
15
61
15
6
112
11
42
121
66
3
12
96
8
30
1355
6
5
5
105
23
29
684
127
16
28
82
77
82
52
34
23
24
30
182
155
12
9
40
3
41
19
144
54
48
16
41
23
39
32
773
9
43
40
38
57
19
14
31
3
20
66
34
37
110
42
69
37
35
27
20
15
28
844
68
100
15
46
29
32
84
42
32
33
58
109
12
46
51
4
22
30
11
25
21
205
48
59
204
36
8
139
55
42
25
6
41
61
181
10
1168
107
33
23
42
12
22
55
48
245
69
19
129
43
53
18
34
1427
27
168
180
9
16
24
84
24
28
187
18
145
3
519
39
19
43
44
64
25
339
46
47
58
31
53
174
42
125
56
46
454
18
12
43
32
185
39
42
7
75
58
41
89
267
21
30
3
16
59
172
373
44
7
87
37
68
31
30
19
97
1416
177
78
1872
445
13
45
40
45
149
76
32
42
6
6
35
118
55
4
12
17
34
177
677
261
53
15
56
154
36
86
63
17
3
63
6
36
41
53
144
312
7
33
67
20
15
31
99
14
15
9
21
26
30
9
52
36
40
84
131
3
33
33
36
20
10
72
142
87
43
33
31
52
3
11
192
61
21
502
10
69
29
9
23
3
42
14
7
43
884
9
5
26
24
67
197
27
176
12
41
235
64
58
49
14
27
65
288
117
200
97
3
22
16
4
18
22
15
61
42
366
106
9
4
46
32
132
19
7
25
148
46
902
64
8
61
3
206
25
7
54
28
21
28
3
74
10
18
5
28
4587
89
48
63
4
35
62
15
12
54
23
23
214
12
54
42
53
178
26
19
4
28
17
25
17
34
51
16
24
13
14
10
16
51
22
106
8
955
186
50
54
6
2737
36
28
46
159
9
25
112
13
3
55
972
471
71
3
3
6
28
18
57
90
58
31
26
359
3
20
46
17
50
19
5
41
47
75
14
2935
231
24
17
10
178
6
26
213
66
353
51
68
21
29
78
80
25
3
12
51
29
40
21
12
49
82
6
32
283
8
17
4
81
115
84
69
11
166
3
71
103
15
1471
59
29
63
26
16
3
58
30
11
57
78
15
12
33
195
10
10
56
4
16
64
3
107
7
3
44
907
16
4
18
3
86
11
26
16
9
109
17
37
3
16
3
117
6
14
19
77
23
39
3
25
6
21
21
8
10
15
20
15
1058
45
4
8
13
34
40
128
10
217
41
46
87
96
123
18
18
41
67
35
49
34
6
18
32
45
114
19
23
37
31
19
50
15
263
42
5
44
39
25
16
3
30
156
232
20
10
3
45
47
138
73
372
13
37
51
454
11
3
9
24
67
18
46
72
111
3
25
17
23
20
69
16
25
8
373
22
33
3
22
6
40
1018
209
12
21
49
136
754
13
41
9
83
12
21
23
634
35
14
69
15
97
3
41
39
25
13
13
183
115
22
21
3
44
12
41
11
245
9289
156
56
23
12
33
366
62
3
27
89
3
99
490
59
57
28
11
10
36
230
34
6
9
48
42
42
11
30
34
29
3
72
46
85
171
49
47
22
9
25
79
76
40
288
43
198
110
770
154
48
18
47
34
22
16
163
47
27
32
48
48
7
79
28
157
66
48
83
62
23
9
19
67
27
52
10
30
35
325
26
42
29
223
22
44
81
6
29
34
165
37
76
708
49
91
47
39
105
54
65
110
31
10
10
8
102
195
28
16
24
9
32
37
22
6
331
44
105
27
272
17
23
23
8
193
6
60
36
21
31
5
28
7
3
222
80
25
49
64
4
25
40
364
26
9
53
4
55
341
34
21
3
27
8
23
16
14
15
974
4
30
4
32
24
118
53
336
20
160
12
396
15
73
11
87
431
68
30
15
71
153
21
42
59
79
21
48
112
30
19
69
12
98
77
18
17
134
35
31
6125
103
39
9
95
92
374
46
109
62
22
6
35
4
36
118
88
38
45
13
53
29
3
61
23
430
15
55
14
36
76
3
8
3
145
26
820
3
7
38
60
10
34
197
63
99
17
44
47
19
33
25
45
40
4
42
77
54
38
14
24
40
347
9
3577
14
20
115
83
25
3
15
28
8
33
297
42
389
6
48
37
34
25
36
33
226
107
6
22
20
6
76
56
65
368
37
136
27
55
52
31
42
92
25
31
61
75
52
107
22
23
13
33
28
49
73
80
117
1800
4
38
8
18
2062
183
12
9
3
38
40
33
39
30
37
19
30
44
96
118
38
12
349
23
86
6
7
4
26
30
34
18
255
47
34
36
3
188
166
11
26
45
35
39
20
44
20
1390
300
15
252
4
42
6
189
56
11
41
36
351
1126
19
11
3
15
58
91
45
42
12
14
315
6
3
18
20
120
377
12
32
29
26
10
196
470
36
43
712
9
383
594
23
5
27
13
51
7
64
105
13
37
13
32
4
18
21
45
20
6
56
5
47
42
51
50
6
78
51
92
102
4
7
30
67
12
3
65
37
45
7
109
217
16
15
49
687
5
82
437
2678
57
13
17
28
45
105
33
12
72
24
69
58
56
40
50
8
91
29
44
35
139
16
23
108
24
41
86
82
9
271
17
29
45
67
48
44
96
21
57
99
16
486
18
608
9
36
13
16
104
32
14
162
3
28
9
32
3
62
113
58
24
24
14
12
2230
41
63
149
17
35
12
12
18
32
3
65
33
21
11
94
27
6
27
19
33
78
98
45
9
7
57
168
142
16
301
127
3
29
132
69
35
149
15
53
21
14
4
11
32
88
16
32
4
50
39
30
3
213
50
21
3
33
60
52
93
13
91
47
16
30
43
29
18
37
23
47
204
43
9
21
163
15
17
209
11
3
7
54
23
3
24
132
47
28
352
30
158
638
73
14
28
28
30
22
40
48
21
23
166
16
51
2125
26
33
32
18
1038
12
24
122
252
107
44
34
16
16
30
19
67
87
223
8
218
20
50
119
12
18
83
70
271
50
55
358
46
229
3
78
106
27
22
35
127
253
7
3
3
115
48
17
293
24
67
23
102
33
87
54
80
3
93
188
3
18
45
70
36
33
18
33
12
67
3
206
8
12
3
58
39
51
776
183
41
14
36
40
7
13
9
23
19
3
11
53
31
96
22
5
3
41
5
33
45
24
31
26
9
71
38
5
46
3
174
10
33
20
21
51
21
68
58
177
4
18
63
7
218
20
15
11
18
69
56
81
16
137
13
68
141
131
48
3
17
167
60
20
28
37
30
23
132
35
1100
702
14
55
12
18
63
35
17
17
89
13
32
23
172
6
8
305
3
73
3
23
4
219
15
10
29
83
3
61
224
24
14
33
43
136
15
72
13
72
170
21
73
49
59
22
192
10
46
30
101
213
14
62
54
223
62
56
190
75
76
51
32
20
24
9
20
5
23
52
24
110
15
17
112
3
45
12
32
17
7
72
5
31
46
208
15
33
7
27
49
17
31
10
6
8
5
41
27
585
11
1357
154
46
75
48
54
47
138
63
19
181
10
35
76
11
59
17
18
114
48
173
9
56
3
23
7
29
35
19
7
63
20
11
46
5
33
112
4
11
12
82
47
279
4
53
8
36
51
53
24
28
43
10
61
21
65
73
223
55
1209
64
11
124
1148
19
228
46
96
6
41
43
15
50
233
227
209
90
3
27
3
108
97
66
50
20
132
18
22
3
87
42
13
37
3
19
77
62
79
30
4
58
60
12
16
112
37
40
30
42
50
39
151
62
75
245
3
97
3
18
3
15
9
55
15
52
32
6
38
43
31
32
26
18
327
50
24
36
22
25
9
25
135
5
271
4
35
4
218
98
9
28
35
45
3
88
44
3
37
22
8
807
71
208
20
19
8
103
50
57
68
159
38
28
15
110
77
28
33
5
41
35
38
43
38
3
40
10
42
75
37
52
8
102
9
41
65
28
9
123
164
76
7
24
30
39
12
174
29
106
940
16
49
30
53
3
48
37
82
35
53
34
91
8
68
46
76
40
6
34
9
17
33
41
3
31
59
48
21
35
61
3
143
28
33
34
270
59
51
5
56
103
242
21
47
11
30
75
35
234
47
27
137
242
7
10
30
28
153
82
55
23
30
100
58
25
21
4
36
3
37
179
16
35
12
78
26
13
10260
4
16
33
5
23
13
12
38
39
52
143
237
50
137
23
3
9
3
77
119
740
59
18
18
19
21
12
4
49
20
16
119
26
16
301
64
139
21
1745
127
11
1935
21
21
40
14
62
7
4
199
72
58
3
37
52
40
195
25
74
26
90
6
3
78
27
22
66
22
5
71
282
28
3
17
44
72
38
47
19
27
461
31
9
138
120
281
4
83
84
13
16
38
403
34
25
119
3
3
268
9
53
19
3
71
39
220
36
2152
64
7
46
16
351
26
4
3
39
5
12
5
7
25
49
3
19
9
345
8
96
17
93
44
30
103
13
3357
56
14
211
21
40
53
58
18
46
14
45
3
12
17
66
30
100
1423
8
26
62
20
25
28
15
7
154
1158
14
11
8
29
32
41
23
32
70
11
203
7
82
3
3
50
61
84
12
103
6
13
39
45
488
18
655
47
17
97
5
3
44
44
8
227
92
41
38
3
3
27
3
3
23
146
38
17
47
39
3
3
98
42
37
79
3
18
3
5
7
31
95
6
40
76
18
24
21
38
20
26
47
22
3
36
12
115
12
1532
31
36
8
28
64
19
70
17
80
4
28
23
28
104
33
39
36
31
22
13
39
1223
13
47
3
71
11
22
52
135
5
33
53
11
105
47
56
21
11
34
34
38
6
77
45
49
3
36
3
48
3
22
35
183
143
47
3
64
49
11
26
53
43
22
24
24
35
30
96
3
61
14
9
32
13
30
3
34
61
238
8
110
3
38
61
26
43
588
36
67
34
33
103
33
29
21
16
25
41
26
5
6
31
20
139
9
25
24
7
47
25
42
18
17
14
441
24
29
31
35
210
7
94
8
38
34
3
147
131
5
20
3
8
11
8
3
628
19
96
24
30
33
18
32
87
72
28
107
34
10
41
21
16
151
10
32
40
61
16
60
108
33
602
13
79
22
16
6
816
31
19
21
10
86
229
17
8
10
24
150
10
16
57
72
5
13
18
25
71
57
38
69
146
96
180
5
166
4
47
11
30
13
58
40
25
23
5325
17
10
7
34
202
36
17
17
9
41
691
28
100
13
61
26
4099
196
7
40
57
5
20
28
167
27
29
7
7
76
24
146
35
42
7
9
18
27
21
3
93
30
43
10
38
802
7
19
131
113
27
576
3
90
18
28
68
53
22
19
35
94
55
38
10
38
38
2510
53
7
57
42
104
14
87
18
24
40
43
10
83
852
10
35
40
14
283
23
23
33
32
54
81
20
23
41
7
40
970
83
13
18
15
79
8
96
39
4
148
5184
56
489
30
61
55
39
8
132
35
26
21
39
13
74
137
445
7
13
7
281
27
8
11
54
88
96
22
23
9
39
29
105
739
16
351
35
76
136
30
45
21
128
416
33
43
9
11
160
36
69
409
32
25
15
23
8
44
3
389
34
35
98
8
372
5
73
3
7
69
68
15
102
120
32
392
56
13
53
70
1130
9
11
21
30
8
8
75
53
21
76
7
111
31
588
46
31
51
36
7
45
29
52
35
137
9
9
30
72
14
20
41
220
129
31
30
29
3
27
42
3
60
56
2818
22
59
30
83
17
32
259
21
75
89
177
38
57
147
146
7
23
37
31
11
84
639
220
69
24
16
399
345
63
29
572
82
38
32
29
10
64
36
41
12
65
25
56
57
4
127
85
72
76
38
25
212
82
5
40
23
33
77
65
3
3
28
19
54
37
491
31
64
20
34
3
260
53
219
66
30
4
30
37
18
71
34
149
23
6
28
10
38
5
70
87
26
7
128
29
132
26
79
18
42
43
9
3
4
43
472
59
381
179
18
6
19
33
25
110
11
35
58
24
17
51
45
19
28
12
10
58
3
26
10
12
25
91
12
34
25
230
19
28
156
38
44
60
4
81
25
18
42
26
19
300
34
16
40
12
47
3
54
41
3
4
48
33
46
16
3
10
3
23
53
16
38
16
124
401
222
16
7
22
1517
180
145
25
575
57
20
264
58
18
13
143
36
73
50
3
51
19
94
27
20
59
21
9
7
7
10
25
134
32
12
76
21
14
3
8
61
34
85
37
28
30
7
68
327
6
15
5
19
32
21
37
34
14
44
40
209
35
37
23
254
5
57
10
31
13
3
285
244
24
8
111
21
201
3
14
47
77
45
66
205
131
32
3
33
8
3
203
281
14
32
97
245
220
6
7
9
30
115
14
12
55
9
41
30
4
14
20
18
37
31
73
39
691
30
287
42
94
77
74
78
181
47
54
34
36
334
28
36
21
564
37
85
44
18
1296
35
33
402
11
13
53
23
33
80
10
57
31
3
32
83
2505
41
72
24
253
61
70
3
45
44
25
80
13
3
19
29
26
43
219
34
103
59
79
32
27
25
18
3
134
106
43
106
94
10
23
71
21
3
147
59
23
31
12
21
48
19
15
30
79
32
25
1415
50
66
23
71
3
33
12
44
44
3
33
100
48
28
3
40
23
23
10
19
8
42
148
9
20
87
168
7
31
20
212
70
10
44
53
16
176
16
13
3
71
50
77
40
11
35
17
96
5
35
18
5
597
14
19
34
24
34
37
15
17
20
15
103
21
304
149
141
6
12
23
14
13
69
28
358
16
3
37
19
14
33
18
14
117
13
49
29
29
24
166
12
52
52
19
70
155
3
49
60
3483
8
35
33
49
83
34
153
29
75
95
112
62
60
57
13
15
15
40
14
63
80
65
57
27
28
17
28
14
47
46
40
30
31
39
54
51
24
23
139
177
256
16
339
34
39
836
14
25
68
4
35
7
89
26
26
46
43
25
192
24
108
13
10
5
123
44
6
75
42
321
22
24
12
25
221
14
98
79
107
62
144
40
879
30
11
100
3
5
23
34
152
7
116
9
78
35
31
22
65
74
130
70
31
13615
93
1500
42
49
52
24
8
29
32
37
318
26
41
21
49
25
71
17
893
377
105
26
231
7
36
30
23
33
5
174
31
3
79
420
402
14
118
45
21
43
62
38
5
84
40
11
34
12
17
27
24
53
34
6
40
36
266
28
892
323
4
98
79
132
57
51
284
36
318
25
19
365
14
98
116
7
42
43
3
47
1235
12
10
6
38
2089
28
46
4
65
34
145
135
36
84
34
18
168
120
15
5
36
12
49
40
3
108
26
34
18
9
5
31
3
342
3
43
147
58
22
40
36
50
133
107
8
9
26
56
40
5
289
122
25
45
48
24
25
117
13
7
80
71
66
8
15
4
41
33
136
24
51
65
99
479
65
18
50
470
4
67
9
7992
29
88
573
3
10
35
36
325
46
55
25
14
83
68
6
99
28
5
9
956
3
104
53
69
33
63
19
56
37
42
21
32
81
133
4
3
18
27
3
92
65
22
89
34
19
79
103
18
80
5
3
30
15
32
19
117
9
627
57
38
182
102
3
40
539
36
13
207
46
5
116
31
9
45
84
380
20
7
12
33
10
88
18
42
24
3
44
4
40
30
10
201
45
6
10
18
150
11
17
110
6
514
202
70
10
54
2227
10
106
13
60
21
10
220
25
46
37
51
21
32
39
10
193
19
32
37
47
32
6
325
8
39
36
22
55
65
10605
22
65
46
39
18
7
211
365
34
48
19
144
3
86
7
34
63
519
3
6
18
19
225
77
103
6
175
955
30
182
336
20
12
9
30
61
68
24
180
22
50
38
9
6
1015
33
463
1858
42
32
135
18
7
114
147
14
58
49
28
29
28
132
10
37
3
35
24
17
42
25
17
18
29
292
10
30
190
49
25
92
30
22
1088
69
19
34
37
202
10
5
27
35
41
218
3
176
18
21
284
19
38
322
19
24
206
336
4
4
5
1307
6
67
70
167
6
121
50
49
17
16
22
112
159
39
15
87
159
75
92
21
16
457
36
27
30
9
27
11
18
51
24
122
21
197
9
69
486
8
164
16
68
5
21
1837
167
185
32
25
5
43
14
125
13
1168
160
25
7
77
6
42
39
34
107
91
1605
13
18
91
25
1193
18
94
1448
52
21
1436
986
9
51
72
6
72
12
31
3
30
5
13
48
62
25
31
6
47
9
94
28
28
43
38
17
164
38
5
16
3
19
59
21
3
5
52
14
52
17
6
26
52
24
14
5
56
106
13
17
20
245
297
3
388
28
58
45
92
101
25
193
17
37
8
504
36
319
28
307
100
44
10
94
16
22
41763
21
25
46
22
16
40
95
19
23
37
47
42
13
32
514
350
39
41
24
13
22
13
17
127
19
136
24
19
45
99
240
10
49
27
24
75
5
3
18
7
372
24
22
3
362
2727
3
56
26
34
64
54
3
23
101
35
47
31
15
61
3
142
27
28
57
36
40
43
12
66
260
44
123
317
102
817
15
9
123
19
256
6
54
38
3
98
40
23
7
22
32
419
37
45
49
131
31
338
4
40
71
87
27
26
39
4
45
92
19
18
39
168
14
6
12
985
12
149
3626
13
11
23
122
151
316
4
17
48
62
51
4
100
42
165
271
23
36
43
35
16
29
8
48
43
10
44
69
33
103
26
45
67
23
26
37
21
53
246
90
178
115
12
43
421
57
118
59
69
67
72
43
37
81
29
42
50
14
79
35
32
35
10
44
4
173
14
6
36
233
71
32
120
22
23
77
30
42
34
83
11
178
72
288
187
1836
33
34
43
12
9
90
108
26
33
15
9
74
38
117
68
7
25
33
15
92
39
3
464
14
42
604
56
3
62
75
26
11
84
112
43
147
5
162
47
10
27
9
53
8
6
45
308
33
28
33
11
39
773
74
58
26
68
27
29
62
222
20
21
62
23
26
51
338
47
37
35
35
123
3
43
117
30
34
505
34
29
357
19
188
54
4
31
28
73
50
30
4
9
36
364
71
51
3
3
173
18
76
182
3
33
9
944
49
66
35
32
29
9
39
16
21
36
35
3
6
58
18
28
29
25
15
67
15
27
149
45
7
25
80
406
76
37
12
9
34
7
26
197
26
81
41
27
3
18
46
37
25
3
4
54
40
130
7
27
973
92
86
406
29
11
61
29
1208
266
134
656
35
8
66
42
7
213
26
101
620
282
43
832
20
13
596
13
30
27
46
90
17
32
35
34
177
28
92
31
7
52
216
699
15
46
84
50
110
5
9955
36
70
179
35
4
46
44
8
15
58
21
52
13
481
42
3
37
3
12
27
9
17
14
33
11
166
13
88
23
44
13
43
26
25
38
33
54
25
99
5
66
31
27
3
1293
8
3
279
32
51
25
203
63
98
19
13
13
48
23
19
7
108
314
3
4
3
6
190
54
60
34
37
22
60
76
486
16
6
39
502
22
46
27
22
61
17
52
9
4
17
105
21
34
31
27
21
17
18
92
40
34
38
352
17
39
57
4
337
12
3
97
20
45
50
46
20
17
479
469
38
3
44
8
19
140
6
118
3
3
19
34
22
96
22
20
71
3
29
274
34
12
4
33
35
6
16
62
36
16
91
61
44
291
36
41
3
56
41
37
44
73
219
23
142
6
11
95
3
37
38
72
17
5
11
51
35
22
35
20
78
557
62
35
26
85
127
106
35
9
343
7
26
18
37
72
25
11
22
61
43
15
45
5
18
66
4
43
21
22
36
32
78
3
5
280
41
158
4
467
19
19
63
14
42
51
37
113
15
543
14
51
8
87
36
34
19
17
45
395
44
92
105
61
73
10
88
31
181
11
3
23
45
8
13531
69
61
47
7
129
50
81
541
189
80
43
44
130
19
28
26
9
25
3
3
869
614
30
14
11
27
91
464
29
36
102
445
11
13
35
473
31
20
4
264
12
582
46
50
9
1120
16
29
16
233
4
27
34
167
4
14
24
75
7
57
29
13
32
280
1309
45
60
28
114
24
67
14
39640
9
18
86
45
3561
105
4
14
9
3
26
116
43
15
34
23
24
41
20
22
24
9
21
240
3
43
29
35
187
227
90
77
3
3
400
29
86
3
50
21
4
27
3
31
16
5
33
66
50
20
56
29
53
31
17
157
34
52
37
52
24
83
55
60
47
31
21
52
5
12
15
3
297
66
94
7
32
14
3
11
90
45
196
5
73
3
33
70
2847
154
80
63
510
7
47
3
32
1177
18
41
54
4388
20
15
88
35
67
63
279
72
33
17
4
29
17
25
32
6
63
26
235
9
14
44
4
22
32
87
10
20
7
12
112
28
10
24
44
23
27
35
67
17
16
50
142
21
337
37
24
81
32
9
22
20
40
136
22
25
8
86
74
149
20
53
8
43
70
134
35
11
5
38
38
35
25
19
18
3
886
16
19
51
138
27
68
3
42
5
132
3
49
124
5
41
588
5
23
45
15
22
71
3
44
15
120
16
21
133
35
91
32
52
1017
14
54
18
33
10
14
81
66
31
10
12
23
15
41
7
95
83
14
23
3
32
10
36
40
14
27
18
14
40
25
79
25
38
16
140
18
19
21
38
6
3
74
72
27
102
8
24
48
514
50
45
42
20
127
23
11
54
231
12
15
61
31
1251
39
193
26
6
98
3
182
99
73
57
3
30
6
25
36
63
40
60
77
10
240
52
45
37
32
34
339
332
7
29
36
48
72
58
39
40
62
61
14
31
11
7
22
103
29
21
102
185
110
5
63
55
31
39
97
250
56
33
66
20
6
5
31
19
30
7
14
27
18
17
15
49
18
45
7
85
21
55
155
300
717
33
10
97
45
24
16
34
12
22
87
27
293
33
23
171
9
95
31
18
3
174
83
29
10
31
51
10
3
482
49
31
76
32
5
31
114
120
3
3
75
12
54
23
42
264
22
49
13
13
31
89
6
108
3
48
21
371
135
423
9
3
3
23
13
12
3
138
20
108
40
10
26
89
322
9
217
81
3
46
37
15
7
75
48
110
12
30
21
22
58
12
27
59
28
10
48
4
3
46
681
217
28
75
59
42
29
3
42
41
37
8
187
17
576
29
3
126
27
79
74
9
51
168
605
13
52
17
49
7
19
30
107
66
129
23
5
26
17
6
3
45
29
23
25
40
4
30
981
162
27
86
3
33
35
11
73
8
53
35
7
59
28
192
74
19
49
28
10
19
53
12
12
23
82
149
3
4
34
34
62
57
24
241
16
16
81
65
385
24
59
28
77
41
82
37
7
28
43
38
32
39
69
94
33
10
122
28
42
21
29
38
50
63
21
14
2268
13
25
71
5
42
31
24
3
18
3
5
34
47
5
30
46
5
54
32
122
77
77
168
203
46
11
15
111
89
2999
3
60
25
3
39
38
11
75
20
49
34
37
48
16
65
280
82
465
73
38
4
6
5
88
12
13
179
14
88
23
379
128
6
218
3
6
59
39
27
89
84
26
87
10
12
62
4
4
90
6
64
13
16
12
17
230
3
111
78
106
41
73
64
44
1188
61
11
173
44
17
72
59
8
3
35
62
59
49
43
46
70
3
61
506
19
19
15
25
70
23
170
87
49
36
46
29
12
101
73
30
180
392
10
18
109
30
21
8
55
18
690
46
38
81
17
26
3
72
26
48
17
46
3
25
9
27
46
63
7
21
64
7
12
84
74
33
50
83
12
310
48
462
38
117
19
24
20
10
17
94
10
90
6
14
12
56
18
24
81
37
70
60
38
62
10
13
3
108
357
26
29
19
15
124
58
12
59
3
16
43
25
40
33
3
17
48
82
120
37
53
43
41
78
15
133
24
36
99
93
117
41
499
86
17
8
144
92
15
184
7
22
35
22
32
63
52
3
10
121
31
25
19
33
83
47
48
68
14
56
40
5
24
44
42
18
38
18
46
3
24
3
15
51
49
18
53
17
6
34
18
50
43
25
25
27
41
19
41
37
473
40
13
14
996
24
361
52
55
62
36
16
29
23
13
24
7
27
27
58
30
27
24
238
3
13
41
37
72
18
104
6
52
8
109
43
199
29
3
35
49
72
3
35
48
16
71
52
4729
9
139
91
17
46
35
42
531
39
3
4
183
4
9
1991
61
50
23
45
6
41
30
329
3
27
143
11
86
43
55
33
64
10
22
3
46
16
31
73
539
32
12
64
17
3
14
23
218
9
58
106
26
49
9
865
129
46
109
43
37
37
56
39
20
39
4
49
37
3
45
16
26
9
47
18
66
46
142
24
100
19
6
12
67
770
898
286
12
13
5
33
66
3
23
11
21
521
108
41
37
26
28
24
153
22
20
50
16
46
73
14
102
68
71
3
5
100
38
44
3
14
24
53
26
25
66
45
310
188
379
381
15
17
3
32
3
289
14
475
9
21
78
33
62
40
21
96
327
14
94
32
24
15
51
90
177
46
70
71
82
26
742
24
17
57
17
89
38
16
28
164
49
412
41
8
128
54
8
6
39
62
789
42
62
6
511
4
50
37
56
153
32
61
20
38
112
27
13
37
68
10
5
34
17
32
11
58
120
65
52
28
13
61
80
12
17
167
9
13
88
56
79
116
3
30
240
91
5
236
105
9
5
10
230
30
9
23
3
43
5
42
20
59
36
441
7
31
5
88
25
63
72
3
21
9
35
59
28
19
4
31
16
24
30
10
42
69
9
34
21
104
57
30
16
358
40529
12
25
4
6
6
746
82
69
22
36
4
78
11
57
86
51
36
131
39
883
27
39
16
835
88
19
1176
68
39
17
52
3
13
73
30
35
226
39
42
28
32
158
17
3
22
124
3
119
39
23
143
47
69
28
97
4
49
24
41
65
38
3
23
221
63
39
60
10
52
80
95
4
1149
7
42
17
103
30
11
11
14
37
69
48
98
3
28
42
6
36
36
49
170
5
87
9
5
22
164
32
24
24
32
18
25
60
15
300
3
183
39
103
58
613
37
3
14
22
13
81
48
67
53
34
385
1133
41
33
43
122
28
49
50
3
3
14
36
20
12
22
7
10
8
73
3
17
3
22
7
13
79
10
34
43
317
37
39
108
20
263
104
115
18
5
25
28
5
3
79
9
14
21
5
11
593
25
160
17
7
80
47
41
40
1520
186
152
277
5
107
17
19
64
4
96
24
13
6
8
106
21
59
43
33
16
42
131
34
85
8
79
24
9
48
39
12
3
28
59
5
170
251
21
3
34
21
21
54
31
51
23
9
88
106
35
201
11
34
43
5
23
40
59
23
8
37
3
41
55
45
9
252
42
19
3
201
231
5
8
67
28
26
15
238
41
30
9
46
3
32
24
7
85
64
4274
33
3
60
1017
99
371
22
22
80
38
144
13
48
25
39
39
23
10
10
3
19
8
17
3
44
51
10
1350
60
7
67
12
11
44
78
515
91
24
32
27
19
3
15
8
33
66
123
249
3
5
12
76
11
16
14
107
3
143
6
37
19
25
32
91
8
78
115
16
120
29
20
61
20
19
323
63
48
11
3
6
41
18
45
112
35
35
14
73
197
1224
36
151
5
248
39
382
16
44
30
5
99
4
54
24
58
99
34
33
33
24
27
49
17
223
34
114
32
22
51
39
22
48
341
83
1158
3
99
259
40
2215
53
25
18
18
13
6
45
91
54
620
26
11
9
32
35
58
57
13
65
26
71
49
102
26
265
25
3
77
31
3
19
35
4
82
6
60
11
28
43
65
12
178
59
74
55
25
40
86
49
49
330
104
114
40
52
45
28
86
32
17
39
28
30
55
304
31
14
24
625
41
19
29
56
45
14
16
27
16
84
65
3
36
73
38
12
11
166
28
59
52
33
15
82
12
6188
532
8
48
15
12
6
13
162
63
3
48
8
22
686
10
23
139
3
22
55
25
12
7
22
50
25
24
87
46
41
54
12
3
72
11
27
94
50
65
19
13
26
243
15
33
4
35
66
37
30
12
52
23
336
11
6
38
51
311
35
63
16
21
69
40
26
3
16
5
11
40
42
110
42
37
8
19
132
19
26
16
75
32
27
28
3
67
72
128
3
60
64
121
4
58
37
785
40
370
59
51
3
67
29
58
98
18
98
104
30
15
74
88
7
32
30
46
21
15
75
344
18
53
79
45
28
38
43
81
4
69
47
37
40
50
44
14
90
38
7
18
68
50
30
50
49
21
81
3
103
58
3
288
64
149
8
35
58
24
155
187
51
10936
63
157
27
18
42
40
22
47
34
28
90
31
31
669
132
38
75
86
81
5
220
23
32
26
39
13
114
46
31
46
30
26
114
18
20
859
9
2194
19
50
81
3
34
117
47
19
13
9
121
48
21
49
32
75
8
1041
206
18
113
110
45
37
31
9
3
113
17
24
32
1277
10
107
45
82
24
8
29
41
359
21
50
81
3
27
46
26
21
247
30
41
33
45
119
73
26
83
63
93
4
103
52
9
10
39
3
77
38
36
22
23
17
39
119
32
21
30
257
52
11
36
129
93
8
23
115
44
38
16
46
124
50
7
50
48
221
135
23
84
32
24
23
152
24
21
68
106
5
7
28
4
50
27
15
42
155
63
276
33
250
7
237
12
656
35
18
54
34
13
4
203
28
28
23
74
21
46
33
5
110
19
61
50
41
69
42
40
42
13
59
44
4
440
47
65
76
38
43
3
360
38
9
26
125
10
42
47
209
7
114
48
101
16
368
17
45
16
31
44
29
26
20
3
23
37
35
3
67
28
71
13
20
74
325
14
27
13
58
22
52
7
50
11
51
26
31
3413
27
62
55
39
26
1902
154
12
46
24
48
18
14
3
409
90
68
197
60
36
14
164
17
16
23
144
393
21
50
44
45
58
3
43
22
11
18
88
46
82
58
12
53
3
28
49
10
29
39
7
61
35
21
14
41
34
12
105
42
10
52
3
78
54
238
259
18
30
3
87
37
34
43
11
12
255
227
101
7
17
6
30
11
54
6
756
15
9
29
12
43
21
4
81
12
138
5
34
131
39
25
10
19
4
293
36
42
68
40
39
3
1961
44
8
21
30
15
904
4021
25
22
36
129
26
38
12
27
29
35
45
38
948
3
9
28
17
47
112
92
52
3
28
103
19
41
41
86
13
36
136
44
119
27
378
4
168
41
44
42
89
9
50
27
23
15
10
13
