17
3
47
13
3
3
14
102
13
25
28
57
3
4
3
31
5
4
3
5
124
15
5
37
5
3
12
3
45
17
23
5
1488
3
4
13
11
697
51
397
4442
3
16
3
18
48
40
48
3
3
13
9
46
307
3348
10
64
498
19
6
8
4
4
3
3
5
4
21
3173
256
7
79
3
43
11
14
28
3
60
38
20
33
8
8
16
74
13
4
12
7
3
8
90
101
6
7
8
3
9
8
43
3
17
5
6
3
5
75
19
19
44
1268
3
3
10
27
4
3
8
4
14
646
3
24
7
3
5
4
3
3
3
4
4
3
4
54
118
3
16
8
541
23
14
12
28
5
984
3
20
6
8
22
3
6
9
3
3
9
16
7
3
18
29
3
31
15
3
3
7
3
6
6
39
48
146
17
3
16
10
19
3
4
10
841
11
4
10
42
225
73
8
3
37
118
3
4
3
213
3
9
8
10
10
3
3
3
3
3
4
11
3
21
12
5
455
44
9
25
4
4
10
5
8
3
3
15
6
61
59
3
14
12
27
18
6
4
6
23
53
3
17
5
5
3
23
26
7
31
47
3
13
9
4
3
40
3
42
3
8
13
77
17
4
5
14
3
3
5
49
5
4
5
130
28
19
5
56
3
386
3
32
16
10
3
6
119
8
22
6
3
5
14
11
12
88
3
11
199
14
4
98
6
1362
6
6
234
9
6
37
20
3
4
3
3
21
5
9
19
4
50
3
8
3
6
50
3
23
21
390
6
6
5
4
7
14
4
26
3
17
3
9
6
23
52
22
3
470
4
3
9
6
5
24
7
7
45
4
3
17
4
175
20
3
3
16
5
4
37
75
3
8
60
3
12
42
69
30
24
11
4
10
40
52
15
3
5
10
16
7
3
62
7
3
14
7
12
27
9
16
11
16
3
5
3
34
3
3
7
4
120
580
3
5
9
3
4
12
69
9
31
5
17
3
15
51
3
6
24
9
6
3
28
6
5
64
19
44
3
122
110
13
21
151
3
3
11
3
26
11
35
11
3
12
6
50
10
3
39
11
3
46
10
5
3
3
3
3
16
422
12
6
8
4
5
12
3
3
3
4067
3
3
25
178
61
3
9
7
9
7
3
10
3
5
57
167
3
3
3
3
9
3
7
17
28
5
3
12
5
3
53
28
29
3
7
17
3
10
23
4
4
27
16
3
16
6
5
3
3
3
4
7
9
3
5
5
3
4
6
3
86
3
5
5
18
5
3
3
3
3431
5
5
85
10
12
29
4
24
3
3
21
166
6
3
4
30
3
5
32
16
4
3
11
7
4
81
5
102
3
5
65
19
7
11
12
16
16
9
48
9
21
3
3
4
3
189
12
6
6
3
25
10
5
5
35
3
14
3
3
166
5
8
41
3
4
3
8
6
9
216
308
14
13
3
7
3
18
9
5
20
3
1087
18
16
7
4997
20
6
35
114
27
9
7
3
3
6
3
3
19
256
8
3
3
3
3
3
4
185
17
4
5
4
3
8
5
3
3
7
9
18
17
3
45
4
88
3
11
98
12
3
3
49
180
28
3
7
44
3
45
6
9
3
7
3
17
183
235
3
3
4
5
9
25
12
15
33
252
24
3
11
29
18
24
3
1019
9
4
11
5
16
3
15
6
4
5
5
106
4
4
11
4
6
6
40
3
32
41
3
5
3
5
25
8
246
145
13
27
43
3
9
7
7
3
3
13
3
14
3
3
12
3
25
259
12
18
165
3
7
7
4
4
8
27
3
12
21
3
11
8
8
4
3
7
13
134
11
74
32
12
19
4
8
6
5
16
4
18
3
539
5
8
5
17
63
50
11
3
64
6
12
36
3
5
28
23
8
4
3
5
18
210
4
5
5
7
3
10
9
184
58
836
3
3
9
14
72
33
4
90
60
16
3
3
16
119
3
9
3
20
3
89
3
7
5
5
5
63
4
3
3
11
8
6
38
8
2406
13
35
3
441
16
48
3
44
302
1011
13
3539
4
9
48
30
11
17
38
3
4
48
22
5
3
11
3
3
7
25
3
3
5
10
3
3
3
3
3
4
85
13
39
4
11
3
3
6
9
20
152
7
3
3
3
3
3
11
22
41
3
27
4
22
6
40
138
7
10
50
9
29
4
11
3
10
3
7
7
94
11
21
3
3
3
6
3
10
5
3
26
3
4
13
3
35
17
9
11
18
10
7
10
21
3
58
8
8
3
618
3
3
3
7
3
8
3
65
10
62
7
3
3
3
3
12
5
18
3
62
3
3
43
18
6
5
4
3
8
13
15
111
172
59
159
45
12
45
44
65
1812
9
4
6
4
3
6
3
10
3
3
6
7
2793
67
5
457
194
15
5
15
3
12
278
16
6
9
101
28
5
27
11
133
16
3
12
5
3
64
3
98
13
7
3
3
95
58
29
3
3
37
28
12
7
11
30
130
19
348
15
154
31
4
3
111
21
3
17
13
10
50
11
4
26
13
96
3
7
3
45
3
16
47
9
3
3
4
3
26
3
179
4
3
3
11
51
15
7
22
4
3
259
3
3
10
7
5
4
10
29
34
119
20
6
3
3
57
25
6
20
16
5
12
108
24
3
28
9
3
3
19
180
393
4
5
315
1967
54
4
3
8
8
5
5
6
8
120
4
19
7
5
13
3
6
6
5
32
2445
4
7
57
111
6
3
40
627
58
5
15
8
6
24
33
3
7
10
20
139
6624
5
135
4
10
70
5
7
4
7
33
9
473
9
38
8
5
9
145
3
16
50
8
10
27
8
69
3
3
6
143
6
3
29
3
5
3
68
3
7
3
3
5
152
3
12
4
4
13
96
19
15
14
3
3
3
6
7
10
5
17
3
60
6
70
10
3
17
16
69
10
3
3
3
17
3
10
4
42
44
9
25
7
7
7
9
6
134
15
21
17
5
6
5
5
11
28
7
187
18
34
4
10
4
14
19
5
3
11
5
4
3
5
9
8
11
3
759
92
11
88
9
9
3
63
3
24
65
3
4
44
177
3
7
3
6
6
108
249
3
6
7
3
45
6
6
28
174
6
21
3
8
3
4
8
13
18
7
3
230
3
25
13
39
4
11
3
8
11
11
8
11
19
3
15
38
25
3
11
3
5
9
3
302
4
3
8
9
7
14
52
4
3
6
27
55
12
529
3
4
6
4
15
4
34
18
3
8
6
481
28
13
26
55
56
3
4
12
8
8
6
462
5
5
3
309
3
14
15
27
3
11
44
7
18
6
8
19
6
3
6
3
3
3
3
12
4
6
3
7
23
3
7
3
3
8
19
3
314
6
226
32
3
17
945
63
3
3
13
4
7
29
4
5
3
9
27
40
24
3
81
3
127
9
25
4
9
6
3
7
54
7
3
7
3
115
3
6
36
6
18
37
31
7
3
3
4
3
3
3
12
9
4235
5
23
56
31
36
7
3
76
5
5
71
6
329
12
13
12
34
4
31
3
7
1265
3
33
3
35
33
20
4
9
29
16
21
37
10
983
3765
6
6
8
15
23
11
3
6
9
4
3
199
290
62
6
3
3
45
3
3
3
31
3
29
4
128
100
54
5
3
61
48
20
25
4
2055
7
22
5
3
45
12
5
9
12
24
3
18
10
152
8
4
335
14
25
6
16
176
4
5
29
41
5
18
3
11
3
66
3
6
37
3
8
5
9
8
23
44
269
54
6
6
25
3
5
307
104
6
5
3
3
7
41
3
5
22
5
3
9
14
5
22
9
3
84
7
3
1144
4
3
3
17
9
16
9
10
3
3
3
141
27
15
22
27
3
3
6
123
13
6
30
3
9
43
3
10
3
5
54
34
11
4
9
3
3
9
4
3440
5
9
4
42
6
27
9
3
5
13
17
12
73
59
21
32
3
5
86
44
11
6
29
17
10
5
18
5
53
14
555
4
3
6
8
8
7
193
5
46
6
3
31
4
3
3
16
39
9
51
3
33
86
3
5
14
16
6
486
7
3
31
21
3
3
8
4
3
27
5
9
3
4
294
7
12
3
10
3
3
3
5
7
18
6
59
66
4
3
151
132
23
4
3
4
15
3
6
20
52
122
3
73
17
12
3
15
40
14
111
24
5
8
3
5
168
8
5
9
15
28
28
9
6
6
4
3
3
3
3
3
19
3
8
3
5
6
83
79
20
9
5
10
3
66
8
20
20
178
8
20
3
20
71
6
65
3
24
3
12
21
3
12
16
3
10
30
3
5
6
5
5
24
3
23
54
3
19
20
268
6
3
3
10
93
48
3
18
3
13
6
44
3
101
8
17
7
7
128
10
33
24
20
5
17
3
8
5
70
6
7
3
9
4
13
35
62
14
3
4
18
6
10
3
17
45
3
3
27
35
84
3
15
11
64
2060
7
9
54
12
3
754
3
4
54
107
39
8
4
14
11
11
207
8
3
54
31
26
5
4
29
3
5
7
6
216
6
5
7
20
41
5
220
52
10
3
3
16
3
2179
26
140
3
9
356
7
3
3
104
7
7
4
3
87
624
6
70
9
14
164
10
8
11
7
7
38
58
6
271
8
3
3
5
268
13
3
3
50
11
80
21
4
3
6
10
11
92
11
3
3
4
257
3
8
45
64
8
3
23
7
3
66
10
5
17
9
33
5
9
11
41
13
3
5
3
3
4
28
9
1269
4
4
4
2526
15
46
25
9
3
3
5
23
7
4
68
18
3
2991
14
70
24
27
11
6
5
57
7
42
11
4
9
58
7
3
387
11
13
3
10
8
27
30
25
43
3
49
12
3
124
35
11
278
27
426
10
3
3
15
8
10
36
10
57
4
3
6
10
5
25
7
3
17
41
3
3
18
12
9
214
3
7
68
3
345
33
22
12
191
5
6
24
3
4
6
8
4
19
4
14
23
16
16
11
7
3
9
18
14
11
4
3
4
317
6
4
32
4
46
4
1189
33
11
5
3
28
3
9
3
8
20
4
3
6
3
3
35
4
9
7
56
345
29
17
11
537
56
35
16
24
4
3
18
122
345
177
6
3
67
9
17
8
3
3
30
9
3
3
41
41
15
38
3
56
8
17
8
8
14
21
36
4
22
48
5
3
11
9
12
7
17
14
6
29
77
19
456
65
76
3
18
3
8
6
9
4
6
8
12
40
12
5
7
3
15
23
5
3
16
3
3
29
62
3
9
8
3
372
7
17
4
247
6
4
4
3
20
4
22
574
6
31
6
5
34
610
18
5
23
43
3
3
9
33
23
9
8
11
3
25
334
64
2224
22
181
22
4
277
11
3
4
4
3
11
12
229
3
83
3
5
5119
3
13
4
11
3
11
3
4
3
52
10
3
4
63
12
3
39
22
24
3
6
13
8
6
9
7
3
172
30
6
3
33
6
3
337
9
99
12
235
3
24
7
5
3
9
30
51
5
7
500
22
7
3
12
3
21
3
102
63
154
3
3
4
4
10
85
79
3
3
54
29
5
11
4
4
78
3
4
143
9
6
11
3
9
3
11
4
8
3
6
160
45
5
7
3
3
20
8
732
93
145
3
146
22
443
6
9
3
5
3
7
5
44
11
7
3
10
4
3
30
26
3
4
3
4
84
5
10
6
13
9
5
41
152
62
20
5
7
5
34
25
9
10
98
6
21
3
7795
4
3
3
3
7
13
7
4
55
3
63
26
5
3
39
9
3
21
184
3
4
3
3
126
3
8
10
20
31
20
4
9
3
6
16
10
10
63
7
118
6
10
5
18
7
6
84
36
11
12
3
3
74
8
16
3
15
3
9
3
48
3
13
24
14
19
5
8
36
49
9
18
4
8
7
8
7
271
38
18
9
12
36
30
23
3
15
11
3
47
4
19
5
1519
3
209
11
33
3
7
302
3
3
3
9
467
8
7
10
3
157
5
6
10
50
14
3
61
15
23
5
6
3
3
3
5
3
5
3
123
10
3
11
3
18
3
3
37
33
19
4
5
21
3
4
12
3
5
20
9
12
52
3
41
68
4
29
84
38
4
7
3
11
18
3
3
17
5
10
3
4
105
10
5
9
50
10
5
3
4
21
24
10
28
9
7
3
29
3
3
3
4
5
12
3
66
3
52
4
3
18
7
12
3
30
14
5
97
29
8
17
9
3
3
103
83
4
9
15
18
3
3
3
10
3
6
3
5
162
3
16
835
5
12
19
517
80
6
15
77
60
75
8
3
6
17
21
3
35
4
161
11
26
7
5
4
3
5
3
45
13
3
3
8
9
4
26
9
7
9
4
11
5
220
91
35
4
5
14
193
3
6
3
4
8
7
11
59
3
181
20
7
3
3
13
3
3
12
4
59
39
40
11
11
8
12
4
4
3
4
8
11
4
3
9
11
7
3
4
3
70
8
166
6
31
34
13
3
3
5
3
32
21
55
3
4
7
7
130
50
60
3
6
3
3
4
6
81
15
7566
3
36
3
3
213
82
11
75
5
3
5
3
650
11
4
73
3
8
5
187
3
42
3
6
3
8
11
8
447
75191
73
9
131
13
5
5
21
8
7
3
591
122
24
4
3
9
3
3
3
5
3
36
3
13
9
57225
116667
17
3
20
53
46
5
10
4
5
6
3
5
3
3
3
4
3
3
17
5
11
12
3
8
3
11
4
3
3
7
7
11
5
26
5
5
26
18
15
3
74
11
3
23
3
7
4
3
12
4
32
19
3
14
4
5
10
772
3
4
73
136
91
3
3
3
42
332
23
5
76
846
3
83
5
4
10
22
9
7
3
61
4
3
22
8
12
5
23
19
3
3
3
9
13
3
5
5
22
12
12
8
6
25
23
9
9
6
8
13
272
6220
62
2186
5
6
7
14
117
35
293
3
5
5
5
527
3
121
6
3
10
14
11
7
4
3
19
3
5
5
49
12
16
16
25
17
6
3
4
60
100
32
14
15
46
5
3
3
7
3
5
45
5
35
20
11
3
6
14
28
8
29
3
10
39
18
8
12
6
15
5
12
7
33
1036
3
13
22
2378
9
6
19
57
3
39
10
3
3
140
11
4
3
6
4
9
3
3
3
3
67
189
20
7
3
102
14
269
5
5
15
3
3
3
14
15
5
277
11
55
7
16
434
12
13
53
13
45
12
5
7
3
13
3
104
3
856
11
12
3
4603
3
30
3
8
6
12
7
35
8
8
26203
4
11
7
17
17
3
12
19
113
20
451
6
25
5
7
57
4
4
3
238
15
8
17
56
1623
15
18
7
3
106
3
10
4
69
6
3
104
7
17
3
20
60
3
3
4
19
6
40
3
11
3
4
14
24
3
53
54
15
65
52
4
108
12
64
11
19
3
3
12
6
3
4
9
398
4
3
3
29
10
25
27
19
15
132
8
10
14
7
5
7
26
3
3
3
3
399
12
78
1327
13
4
4
1842
7
33
5
27
4
3
16
5
3
159
3
37
19
4
5
16
7
3
11
5
5602
18
3
4
16
3
19
20
1345
7
34
3
7
91
3
11
5
6
9
6
3
9
25
4
4
113
3
11
3
9
26
89
16
5
12
3
16
17
228
92
60
499
3
3
40
44
12
8
3
8
8
6
10
232
37
26
84
3
21
7
3
6
3
3
24
4
804
8
35
3
52
33
3
8
6
4
22
10
43
22
9
32
19
3
7
3
5
20
5
218
3
9
17
5
7
7
3
71
20
3
51
3
4
14
11
16
107
17
5
24
30
15
3
763
3
3
4
8
24
5
5
12
21
4
7
5
50
77
11
8
5
100
29
3
18
6
11
76
4
3
69
6
8
47
315
6
6
11
17
62
24
37
15
4
10
13
55
3
8
59
5
13
5
5
82
6
20
5
14
7
19
4
7
22
4
3
265
5
4
57
170
5
8
11
37
8
10
98
21
32
20
5
17
4
213
4
43
5
4
22
11
4
8
3
18
8
3
15
12
22
6
4
16
267
10
96
6
309
142
467
12
14
13
1263
5
3
3
16
13
3
213
14
3
13
7
28
4
138
27
22
90
14
11
13
12
3
36
5
31
5
32
81
3
22
62
45
3
18
141
53
40
4
31
9
35
3
116
7
29
5
17
15
142
10
19
61
16
3
14
3
4
3
12
27
12
3
12
8
4
6
7
26
5
68
5
3
27
50
5
140
11
16
18
7
5
8
3
8
3
3
3
5
3
6
93
3
52
35
28
10
3
32
3
57
12
3
4
24
5
6
3
3
250
3
14
5
13
3
14
274
10
44
5
3
16
11
90
3
13
3
76
3
218
5
3
45
30
93
7
30
6
24
3
4
3
14
78
16
28
6
430
6
5
14
3
3
3
3
20
3
1521
19
3
10
3
28
3
5
16
292
3
7
4
6
3
16
30
6
9
99
106
6
31
3
13
13
3
3
3
5
27
4
9
3
12
3
17
6
591
6
7
4
27
6
19
349
20
19
18
5
3
7
58
33
34
56
5
5
2194
3
7
18
39
6
7
16
10
10
3
4
360
179
3
3
7
12
4
16
36
48
5
10
9
66
8
12
3
4
45
6
108
14
6
3
3
38
19
3
78
3
3
3
3
6
3
541
191
17
5
4
4
26
3
9
5
4
8
26025
6
3
50
13
9
3
248
6
5
20
3
111
14
15
19
4
34
458
19
13
6
19
8
6
3
3
58
3
86
24
21
4
13
233
31
9
5
81
4
7
12
5
5
15
3
7
3
3
12
3
31
3
3
115
96
18
3
4
3
374
31
24
3
7
5
20
3
4
14
3
17
10
11
41
7
4
32
75
3
27
14
58
3
8
58
9
324
117
11
6
13
19
9
260
6
22
38
6
4
158
9
10
12
5
19
6
31
3
6
5
63
17
3
6
11
94
4
31
32
4
14
3
9
53
5
3
24
10
8
7
9
3
13
12
42
18
3
3
20
11
4
2169
11
4
4
4
5
10
6
21
3
20
33
107
3
28
9
3
3
7
4
45
3
7
208
43
2745
7
51
3
7
9
40
3
92
7
3
7
29
14
7
3
21
17
522
31
13
622
7
3
15
7
26
4
34
7
3
12
16
32
290
41
4
3
3
6
3
3
3
13
4
3
16
80
5
32
14
27
7
1234
3
28
3
20
11
4
17
19
34
6
3
3
3
16
11
9
8
250
35
310
5
4
15
3
8
4
16
3
3
9
14
3
4
3
29
12
30
3
9
3
8
74
14
15
164
13
6
16
17
4
8
71
5
16
38
41
33
3
3
58
10
4
75
10
61
3
11
3
3
6
3
3
58
3
5
3
14
3
5
13
22
5
3
5
39
3
26
6
27
28
11
4
17
3
13
3
31
9
39
7
7
3
3
3
5
3
571
6
16
8
11
12
3
6
3
14
12
558
3
23
19
3
3
14
10
11
35
3
19
631
3
4
28
3
3
197
47
8
79
4
26
91
7
4
7
9
11
3
31
4
3
4
3
616
3
110
9
28
72
3
6
9
6
8
5
677
4
3
23
5
31
4
4
29
3
3
3
3
3
36
10
166
3
12
309
4
13
6
8
26
22
3
21
5
34
7
8
5
3
258
18
39
7
8
3
31
9
6
6
5
3
12
12
4
37
14
14
55
15
5
3
65
8
7
8
32
20
4
56
3
21
68
10
369
3
3
3
3
31
38
137
4
8
10
8
19
3
3
825
5
3
541
3
25
3
3
5
6
1167
12
9
7
14
3
3
22
9
9
6
5
6
3
65
48
14
6
141
5
182
3
5
3
4
5
58
6
3
35
12
16
86
11
44
3
3
5
19
33
5
4
3
23
3
4
7
13
3
107
16
138
15
7
3
31
3
40
29
17
47
54
3
3
22
3
28
3
32
3
15
16
189
3
6
14
21
3
22
10
14
19
4
278
20
15
4
48
23
13
3
3
21
3
12
3
18
14
3
50
14
5
38
3
3
266
5
5
6
338
8
4
3
6
27
24
19
6
35
34
12
4
3
6
54
3
19
8
8
3
336
6
6
3
3
7
4
16
497
4
3
16
15
3
12
19
3
5
3
6
3
3
4
24
3
25
3
7
20
3
21
5
10
8
301
3
5
3
3
61
15
5
49
22
3
19
3
6
5
14
3
32
3
3
4
3
10
3
7
9
16
4
3
7
4
8
6
6
17
3
5
15
4
44
92
495
19
15
29
18
6
8
8
15
3
5
151
6
95
307
7
19
14
15
5
3
8
41
11
24
14
86
14
5
10
550
3
619
4
3
3
3
436
3
8
22
3
56
31
61
3
3
13
51
22
8
166
21
4
3
3
3
16
3
44
3
7
3
10
9
19
9
17
5
37
578
5
7
71
13
4
13
483
215
21
9
10
13
27
28
5
771
22
73
4
6
37
6
3
13
7
3
8
31
7
36
136
12
13
4
3
12
16
17
15
3
11
5
9
4
5
3
29
5
5
6
6
58
4
48
29
48
7
6
9
5
124
5
22
5
3
39
4
3
24
16
4
7
3
3
3
32
7
45
7
124
3
6
6
39
3
26
5
359
5
31
3
3
12
5
8
11
15
506
38
3
7
3
45
31
39
28
7
19
3
92
11
25
243
159
3
3
117
21
4
784
3
15
3
4
9
5
22
70
4
3
7
1135
19
3
17
54
3
42
9
13
17
71
3
3
4
56
19
27
22
10
6
17
12
16
4
26
8
4
25
3
9
83
43
4
22
3
15
5
4
3
4
13
6
15
6
10
8
3
4
4
462
7
48
5
9
9
14
50
6
17
18
18
3
399
3
13
64
3
3
30
3
5
7
7
15
10
5
82
3
14
3
8
3
6
10
13
10
6
3
22
6
79
3
4
26
60
9
24
17
3
68
11
203
149
107
4
16
47
41
8
4
12
4
73
53
5
15
9
247
25
3
3
4
9
7
31
5
3
3
47
3
19
4
17
9
20
21
117
5
25
4
58
63
172
3
3
3
8
3
11
10
38
111
3
8
9
16
4
52
15
8
187
11
4
7
17
6
5
5
12
7
30
6
3
25
6
31
3
16
44
51
3
32
341
6
3
8
7
3
28
4
3
3
34
3
75
10
27
4
3
6
18
9
20
10
16
103
26
52
24
7
3
3
5
12
32
31
280
3
14
4
31
6
23
145
6
13
11
5
3
3
7
3
11
3
198
3
13
19
3
4
116
3
3
4
62
39
3
6
4
191
16
7
49
212
37
4
3
11
4
5
161
4
3
3
43
9
12
13
3
7
3
3
2557
5
13
452
3
16
4
3
100
4
323
6
10
978
117
95
5
15
6
3
3
26
5
4
3
5
4
4
75
3
41
10
3
9
18
12
126
6
131
8
3
17
9
7
16
6
8
33
9
137
5
51
3
10
11
12
14
10136
61
9
13
11
19
16
230
3
5
48
19
17
5
3
78
33
13
104
4
3
6
38
4
3
4
8
3
18
15
23
3
35
9
95
13
3
10
69
37
4
14
4
7
14
13
32
3
8
28
28
5
36
16
25
3
6
20
3
6
3
12
27
3
25
8
151
28
6
3
98
30
8
44
6
3
3
15
13
15
18
57
52
11
29
83
28
3
6
3
11
44
16
3
3
34
42
4
53
93
5
10
8
4
26
9
54
3
3
7
3
15
3
21
24
278
18
10
24
7
15
64
5
30
19
9
20
23
3
3
37
373
5
26
6
4
3
33
17
23
5
33
36
17
7
4
3
3
3
269
6
4
67
6
182
32
144
7
11
7
3
9
5
8
3
91
8
22
8
3
3
6
6
4
30
27
12
1469
4
30
8
3
80
4
4
3
8
11
14
5
18
6
11
9
3
9
3
10
5
3
9
5
3
3
5
16
11
14
14
421
5
3
15
3
3
121
10
3
11952
25
11
6
4
14
3
3
4
5
3
3
7
13
4
20
8
5
10
3
4
72
3
3
26
6
24
16
19
15
20
4
19
4
26
18
11
16
9
14
3
24
5
5
65
32
13
3
28
30
15
7
338
21
89
3
6
3
13
5
3
27
3
13
10
9
14
13
10
393
12
5
5
53
3
17
11
21
3
7
10
21
24
8
3
24
7
29
15
11
4
3
3
7
8
58
3
6
18
44
94
338
3
7
3
7
88
7
17
5
17
146
122
4
3
3
61
10
25
20
8
43
16
95
620
52
6
3
8
50
24
6
47
7
3
10
22
8
19
8
3
100
127
5
8
52
5
3
10
10
3
12
14
3
539
12
26
3
3
5
7
10
93
4
27
32
3
31
3
7
14
45
4
10
12
111
10
6
6
12
6
35
6
1111
6
659
48
3
32
19
34
20
32
22
1609
22
4
9
5
22
3
8
3
26
22
11
9
63
3
8
8
3
3
19
23
53
12
7
1075
11
3
3
7
7
6
12
6
35
11
22
58
7
33
26
15
23
66
7
298
13
3
9
25
3
14
10
8
3
5
8
6
3
6
34
8
98
3
3
3
404
4
6
6
4
78
63
604
6
5
12
3
11
13
5
8
12
61
5
35
6
6
308
6
3
106
3
8
261
3
24
3
3
4
6
30
3
29
12
7
6
21
5
18
22
243
58
9
16
73
47
8
7
12
7
20
150
11
5
98
11
4
10
38
4
7
61
3
57
6
47
3
6
51
54
6
3
27
3
3
8
615
6
5
3
3
9
33
3
78
11
3
1096
8
3
3
9
27
3
5
8
6
11
589
183
4
73
230
7
17
31
7
33
3
56
15
52
5
8
18
4
3
4
3
14
11
5
5
23
7
23
5
27
33
6
13
5
5
8
3
11
13
52
3
102
7
29
41
7
21
774
6
11
3
3
6
10
4
9
12
32
384
3
56
23
35
3
8
27
163
3
3
9
5
6
6
114
67
13
5
40
5
3
3
8
23
36
3
17
24
195
6
17
257
10
18
15
3
3
3
278
387
67
103
3
80
10
3
6
44
4
65
6
48
3
5
1189
4
3
285
4
4
9
3
12
3
6
9
10
11
14
7
3
28
3
8
10
22
15
3
4
4
3
95
7
6
6
11
5
16
35
47
8
3
3
6
8
4
3
24
5
12
9
25
5
30
9
3
3
434
8
21
3
3
62
14
9
11
21
3
4
9
31
30
8
61
6
6
5
29
3
3
4
6
8
21
24
3
15
14
134
3
11
10
10
6
8
16
13
45
46
3
3
13
10
86
148
19
71
4
5
3
49
14
8
12
17
14
9
8
12
5
12
3
3
4
8
22
3
13
3
6
8
12
14
12
20
26
4
3
10
8
16
10
107
3
3
23
15
23
3
173
10
49
3
64
31
5
3
10
178
3
37381
3
151
112
375
4
5
49
24
29
12
3
7
4
3
13
31
12
60
28
96
3
4
120
14
11
505
10
25
124
21
28
6456
7
3
27
3
13
5
40
9
10
6
9
9
20
4
151
15
3
4
3
4
8
13
9
17
6
3
14
3
15
22
3
12
4
24
5
108
4
8
22
27
13
7
3
3
3
3
36
3
3
15
6
3
37
31
20
10
4
5
15
12
3
3
247
3
4
6
8
6
40
34
5
8
10
11
44
3
20
16
3
3
52
135
8
4
3
17
7
3
11
23
70
4
3
15
18
45
50
13
3
15
73
6
50
32
13
21
32
3
3
3
21
30
3
13
81
51
29
158
67
17
9
69
7
5
5
3
32
3
21
72
6
3
7
5
7
44
13
274
3
15
3
6
13
3
8
5
4
12
3
10
33
6
3
23
11
3
10
18
16
16
4
3
7
21
24
53
11
4
18
6
19
6
21
22
17
49
5
3
112
8
4
8
53
7
39
46
7
3270
6
5
13
10
5
79
6
12
7
49
3
8
3
4
8
4
9
12
5
96
15
289
3
6
8
3
29
10
3
12
10
15
3
3
19
29
24
101
28
3
20
2162
4
39
14
6
8
74
10
184
3
17
7
3
6
7
32
28
8
9
361
4
70
6
4
474
144
43
14
6
1048
4
334
3
7
3
5
3
3
7
3
3
15
4
15
7
21
266
3
15
5
1226
36
17
5
24
11
19
4
29
5
3
4
3
15
3
3
9
3
30
22
25
9
8
4
21
3
148
7
47
13
5
7
34
3
6
10
7
3
8
3
3
3
17
96
9
17
5
129
4
50
9
58
13
64
9
5
3
3
4
56
29
11
7
6
8
26
3
4
7
19
7
17
34
25
31
948
19
16
22
8
6
7
4
4
22
16
3
47
9
4
5
5
20
10
3
11
7
7
12
3
3
20
75
67
5
10
16
156
214
3
6
5
15
112
5
1514
3
5
26
10
3
156
29
4
3
31
4
35
22
36
3
4
5
68
3
17
25
14
4
13
19
162
5
82
3
29
32
3
3
7
3
6
14
5
25
7
6
3
7
17
3
91
48
7
7
10
5
3
3
8
5
4
7
4
3
13
112
3
6
3
5
480
19
5
7
4
7
3
47
3
172
62
9
3
3
16
11
49
10
29
3
7
71
3
7
8
12
11
19
3
5
12
3
3
5
159
3
21
7
18
18
13
5
3
27
77
65
19
8
25
7
3
4
17
3
23
3
3
7
29
3
7
5
3
3
3
5
18
3
5
170
11
12
3
41
24
13
32
10
11
51
9
39
18
64
3
3
3
6
26
12
3
3
3
9
17
22
4
3
1929
3
14
3
51
22
3
3
3
24
6
3
3
8
10
21
40
7
4
6
271
23
3
4
17
3
544
4
10
3
7
113
3
5
3
7
3
18
3
16
15
6
4
6
1731
5
27
8
39
6
12
12
4
10
3
3
7
119
3
12
5
16
3
5
5
3
11
3
9
56
38
7
3
60
3
3
11
3
7
752
9
3
6
13
19
3
12
22
4
4
3
10
50
52
3
250
12
14
35
459
5
56
11
11
22
25
22
108
23
6
5
5
8
6
42
3
6
3
15
4
11
3
3
3
7
4
3
3
3
10
5
50
3
11
45
11
72
10
20
3
7
3
36
5
5
34
93
109
21
10
3
12
11
2539
9
8
15
7
18
19
5
6
8
71
3
14
81
6
7
5
4
20
4
3
14
19
17
6
4
62
11
4
4
14
20
9
3
19
213
18
12
21
5
6
9
5
4
24
5
24
5
54
3
15
72
12
4
33
18
8
12
58
20
5
162
9
22
42
4
11
6
4
366
3
5
4
178
8
15
3
5
5
11
5
123
13
638
94
3
16
15
6
3
18
12
54
260
3
3
11
3
26
5
4
13
10
3
62
5
5
4
17
20
31
1626
13
12
3
3
105
13
4
4
3
3
543
8
4
6
35
4
6
3
17
25
34
82
22
7
28
7
9
33
6
10
23
3
60
11
7
30
3
62
7
16
21736
22
14
4
123
9
16
14
96
14
3
3
5
238
3
5
16
24
8
63
154
42
48
65
6
7
87
3
48
54
3
3
42
6
12
4
4
12
3
5
40
5
14
59
27
9
5
5
31
3
4
20
5
42
130
23
6
11
44
3
7
11
3
4
3
14
65
8
3
69
22
4
3
3
5
4
9
3
236
69
11
6
3
120
7
27
7
4
23
16
9
14
6
10
35
59
7
6
287
4
3
8
3
5
21
86
10
3
3
3
9
21
4
6
20
3
7
4
9
3
15
40
6
5
12
7
15
6
35
3
3
10
10
7
3
267
3
211
13
44
30
3
18
26
4
4
11
1547
7
324
3
5
57
11
361
4
3
18
6
10
362
73
8
56
13
131
21
4
339
43
20
17
13
49
3
10
9
19
11
4
3
247
7
8
14
107
17
11
31
3
56
6
10
12
10
4
70
1100
13
71
14
36
4
3
100
3
3
8
31
82
3
12
4
9
5
3
19
60
5
8
9
5
9
7
15
3
4
138
4
1143
20
3
13
239
24
146
49
19
6855
382
4
15
3
3
3
14
4
4
20
81
33
3
3
3
9
14
3
9
200
19
32
4
3
6
3
7
3
9
39
9
13
4
3
2030
1621
8
34
3
354
3
3
28
46
171
3
16
3
5
3
13
4
11
7
70
171
33
14
84
12
13
24
45
479
4422
3
4
73
5
3
7
42
8
3
3
6
11
17
5
6
3
7
5
70
3
187
8
211
10
48
3
3
3
186
9
24
18
9
8
8
16
27
9
46
3
6
72
77
4
16
72
13
3
7
35
32
3
47
3
6
5
7
7
24
16
3
40
12
1220
4
4
80
32
12
28
3
3
245
11
9
3
4
7
10
3
18
23
3
11
3
78
3
3
3
4
33
4
40
27
3
16
3
25
4
22
22
10
34
18
107
3
3
3
228
5
6
9
6
27
5
62
7
3
354
3
5
3
5
3
8
8
4
26
15
24
18
3
280
4
19
9
18
10
17
3
40
3
4
6
3
9
31
1906
32
19
7
353
14
9
10
12
61
3
119
3
4
83
6
3
223
3
9
8
10
101
3
6
6
46
3
3
8
6
816
22
18
7
14
9
8
8
20
47
16
3
8
3
3
7
25
11
3
3
5
9
51
14
4
8
27
3
6
8
22
64
9
3
5
4
9
4
58
11
4
6
3
3
3
178
3
16
3
3
20
112
19
9
7
4
15
6
6
9
4
5
3
3
24
3
4
282
4
49
13
23
29
6
21
7
3
31
12
8
4
17
12
27
55
23
3
5
12
23
7
12
5
4
5
133
49
3
103
314
4
13
3
124
54
20
3
7
5
8
8
8
214
119
8
21
12
30
56
6
96
3
165
10
57
77
4
10
7
78
6
3
5
3
55
4
5
3
11
21
3
16
4
6
14
12
4
243
5
3
4
10
5
4
5
10
3
7
19
7
3649
15
75
6
26
22
34
30
16
7
31
4
3
27
5
200
3
6
5
33
3
10
5
114
9
4
3
17
22
3
20
8
4
8161
23
767
3
12
7
28
5
15
32
8
18
3
192
7
3
22
28
11
6
6
10
6
6
145
25
3
3
54
8
19
25
19
15
14
5
20
6
3
143
50
8
109
9
18
14
7
26
17
15
3
80
4
56
15
3
3
3
58
31
3
85
17
13
64
4
23
273
3
5
6
98
5
7
126
12
58
5
563
5
17
8
3
46
142
3
5
8
6
6
5
3
48
4
55
4
28
13
7
3
3
24
22
10
3
5
35
35
24
30
24
14
3
22
28
125
12
51
3
4
20
13
22
19
2426
4
3
3
5
5
8
81
4
22
6
3
20
5
3
6
3
115
19
4
7
3
3
122
3
4
7
7
9
6
227
3
22
4
231
3
4
3
4
8
3
3
3
9
5
18
7
8
15
13
65
3
13
3
12
20
12
12
7
4
28
120
3
3
3
7
100
3
170
10
196
17
3
10
6
11
9
5
4
1355
3
5
11
5
3
65
3
3
83
3
32
36
5
3
6
10
3
3
6
8
251
3
6
36
4
16
3
15
4
131
6
8
3
4
17
37
148
3
11
15
45
6
16
7
6
6
7
40
25
110
89
3
7
22
13
3
103
9
5
10
3
21
10
17
3
6
9
11
17
11
4
15
4
6
3
11
19
23
3
8
19
3
3
15
283
5
3
6
10
3
3
7
3
8
8
7
6
36
13
111
4
16
24
11
4
5
17
9
179
3
29
16
12
6
3
33
14
8
3
9
7
73
37
123
56
8
3
5
3
9
73
3
3
3
5
9
11
40
19
3
3
4
6
6
112
7
56
4
3
12
6
3
10
13
14
92
4
13
6
128
34
9
16
42
43
3
15
3
4
26
7
17
3
7
15
8
2636
14
19
89
3
4
15
3
76
14
17
4
48
4
44
29
8
3
72
49
5
8
7
8
5
4
39
101
9
23
4
7
4
8
27
4
13
13
6
471
3
3
83
23
19
4
12
15
35
47
9
3
14
290
90
8
9
19
8
3
3
24
3
3
522
12
23
4
5
16
3
4
8
245
12
9
6
12
4
30
10
17
5
8
6
19
3
6
3
8
249
163
4
16
6
14
3
7
3
66
3
12
95
59
75
14
8
5
8
7
5
18
5
5
17
34420
9
21
20
3
7
4
63
47
73
85
12
27
15
20
11
12
5
4
7
11
22
53
7
15
3
4
20
8
23
627
3
4
137
5
5
131
13
164
3
26
3
13
9
8
3
5
3
4
46
3
24
26
8
3
4
8
2129
31
3
20
150
6
3
1755
5
3
4
3
6
7
9
14
73
5
31
19
13
51
3
56
5
63
4
12
11
20
10
54
3
27
16
5
4
6
5
5
10
12
8
4718
56
5
4
41
9
11
3
3
5
5
18
11
3
1620
7
110
3
9
8
20
17
3
14
5
268
93
3
11
11
10
89
36
5
30
6
9
3
11
316
7
17
5
4
3
3
3
19
3
3
3
5
1934
20
3
3
12
1008
7
33
10
10
14
30
21
5
11
104
47
559
3
5
3
3
221
3
9
3
3
784
61
30
5
5
498
184
5
10
23
7
13
13
6
14
8
14
3
10
16
10
15
28
25
3
9
3
9
26
19
3
3
3
92
6
3
21
4
21
5
4
32
7
3
3
32
6
76
22
5
28
3
26
7
46
7
20
3
3
13
6
7
148
3
61
15
23
3
17
14
9
21
3
6
5
4
23
5
25
4
3
70
4
3
8
8
39
7
6
797
562
3
7
3
52
3
5
3
3
3
3
7
37
10
3
3
5
12
159
78
6
33
38
7
8
55
52
3
12
6
12
7
7
3
1008
6
20
236
3
718
125
11
3
6
3
12
9
5
8
12
3
3
5
67
5
5
3
35
179
3
3
18
11
3
10
417
5
63
11
3
6
8
3
24
20
8
3
6
17
13
12
51
3
3
3
9
3
34
3
33
25
37
3
983
3
8
959
5
9
38
29
13
55
676
7
40
3
5
9
25
5
5
3
19
49
37
3
476
11
45
3
15
3
6
7
3
22
17
23
55
33
12
6
10
220
9
3
9
9
3
57
3
29
743
5
17
4
15
4
5
4
60
3
12
13
10
4
231
3
3
3
33
5
3
12
3
9
5
3
9
9
5
43
4
49
3
10
17
53
9
24
54
3
6
7
42
11
9
58
3
6
7
6
6
4
3
101
15
20
29
3
10
9
3
4
5
4
3
31
5
62
6
7
3
16
3
5
455
4
11
3
4
64
4
22
3
5
3
4
5
11
6
3
239
6
4
3
3
18
41
521
3
6
157
11
9
12
14
11
5
3
11
16
3
3
4
25
3
8
24
6
51
4
4
8
4
29
24
8
341
103
7
486
9
22
31
4
103
740
4
3
6
21
17
7
3
3
4
7
52
90
6
9
7
3
31
3
97
5
12
10
14
466
245
5
6
6
5
34
28
9
14
36
18
3
3
4
3
5
8
3
21
5
48
8
6
23
12
4
8
3
5
4
5
14
9
13
127
3
8
4
5
6
6
835
31
85
8
423
4
6
6
9
3
64
13
13
51
8
100
66
12
4
40
3
951
20
3
6
4
32
3
4
3
19
15
14
8
8
39
9
7
3
6
919
3
1508
3
4
3
16
48
3
138
3
25
11
29
33
3
3
3
8
3
115
62
5
280
12
6
20
12
3
21
3
3
3
12
16
5
62
8
14
13
31
195
8
6
18
14
53
12
3
83
9
13
18
3
7
131
6
3
10
3
11
24
5
3
11
3
76
18
10
3
3
327
6
6
23
13
40
14
24
41
32
15
6
5
17
106
6
122
6
7
3
3
3
9
75
4180
3
4
10
22
19
6
3
5
104
3
16
9
22
12
8
41
5
3
5
21
126
11
9
33
86
42
6
40
42
5
211
17
3
3
8
16
2781
10
46
388
3
13
21
25
365
3
8
3
7
3
31
106
23
3
9
7
3
3
3
4
10
13
50
85
6
4
10
4
40
5
3
39
18
3
13
3
280
49
32
4
548
3
4
6
3
6
6
4
32
38
3
9
169
3
39
412
6
8
110
72
6
7
44
50
257
3
8
21
17
4
3
3
37
7
3
4
7
16
3
58
6
37
18
4
3
93
16
4
158
53
3
6
63
3
149
65
7
3
76
3
7
8
3
8
3
3
38
50
348
7
4
6
5
5
6
127
15
6
4
4
9
64
11
4
4
4
13
9
66
5
7
3
871
9
11
3
4
27
3
19
3
22
6
6
5
16
191
4
5
21
3
17
9
3
3
6
6
727
3
3
3
6
30
4
3
33
73
12
5
3
22
3
5
30
3
3
28
233
5
12
3
69
18
75
3
108
3
3
85
70
38
11
18
3
8
32
11
14
11
4
3
55
2585
6
18
5
3
5
3
24
7
33
4
13
26
3
7
4
114
22
679
11
29
13
4
10
59
10
16
4
22
69
19
11
98
5
3
3
7
6
395
45
9
4
8
3
24
7
5
9
137
3
80
16
12
10
23
123
3
4
11
6
5
3
3
33
6
8
3
31
14
7
174
5
4
11
10
181
7
417
18
22
51
76
4
12
4
18
10
90
22
3
5
8
56
8
15
9
28
3
8
54
7
11
5
3
14
4
4
14
14
5
29
24
7
3
61
14
18
13
13
3
8
8
18
44
7
25
3
8
13
55
49
144
31
6
36
56
210
5
6
9
3
1446
4
3
4
7
13
158
3
8
3
188
3
4
5
4
5
34
4
3
4
3
55
9
8
3
25
30
4
14
15
4
3
19
4
9
13
6
26
3
129
3
17
3
29
51
67
3
4
5
5
3
135
13
3
16
15
4965
3
10
82
4
3
19
33
3
854
47
7
6
4
16
5
21
24
3
5
8
14
4
3
10
11
3
5
8
3
29
6
3
3
121
4
3
18
13
19
11
68
3
11
3
46
8
3
9
40
3
6
3
9
6
3
37
3205
154
7
31
13
47
276
13
5
270
3
28
23
7
3
9
7
7
11
3
8
17
3
22
17
3
3
11
3
4
29
5
3
4
9
128
7
7
6
7
3
14
29
4
100
3
3
9
3
3
4
4
38
3
26
12
92
6
100
3
47
3
67
10
25
31
22
5
16
3
7
8
29
144
9
27
67
3
3
7
8
3
26
12
13
146
25
5
6
5
119
259
32
5
241
3
91
14
4
5
577
45
6
4
12
26
58
3
6
12
10
16
7
3
31
4
7
3
5
5
10
16
8
3
18
18
16
34
17
6
357
3
3
38
3
3
10
23
3
3
3
5
3
90
262013
79
17
13
3
142
4
36
6
3
370
74
9
5
14
6
65
31
14
4
66
3
24
11
11
7
82
188
9
588
3
6
3
3
4
11
3
3
113
21
4
42
3
3
6
4
3
3
3
14
77
9
3
9
28
31
13
10
7
6
3
10
3
12
93
9
20
3
3
4
3
3
5
6
5
6
5
10
22
7
3
90
31
3
3
7
8
7
39
3
22
7
10
30
26
3
19
10
6
65
11
5
334
36
5
13
3
23
11
5
30
13
4
3
6
6
6
9
5
20
112
6
10
5
6
22
8
7
132
14
31
3
6
3
6
11
5
72
3
7
3
12
5
5
19
3
13
27
5
8
5
8
4
9
14
12
7
40
3
3
26
31
8
13
13
31
13
30
128
6
13
379
3
80
6
3
4
3
11
45
10
415
3
415
3
3
3
4
6
5
9
30
6
47
5
4
5
3
7
5
16
9
7
4
14
4
936
12
45
6
40
3
12
4
8
12
3
9
28
5
3
4
142
10
390
8
25
12
147
5
15
68
4
13
126
3
22
12
3
61
3
23
8
3
21
50
3
7
56
6
35
3
21
3
3
65
3
140
10
3
3
9183
3
7
407
4
7
185
3
11
3
61
8
13
5
17
155
16
60
3
36
3
3
195
13
3
23
249
3
4
3
5
16
14
81
3
3
4
3
3
48
7
3
5
3
94
3
20
10
338
7
5
197
5
13
12
6
239
13
84
5
3
9
7
8
6
3
9
8
3
6
6
260
50
4
4
3
26
20
3
3
3
8
11
3
5
3
3
7
23
38
74
4
3
109
109
126
3
3
17
10
6
21
4
169
3
31
6
4
3
13
3
5
45
1595
46
4
23
10
3
45
200
37
3
13
20
28
35
258
5
15
3
32
18
8
5
20
9
6
8551
4
3
4
21
9
352
6
25
3
8
11
3
18
6
4
18
97
72
3
18
3
20
10
1236
51
3
18
3
3
360
3
37
6
5
17
52
3
3
21
3
10
10
12
6
9
31
4
3
6
30
15
24
4
4
31
6
3
3
11
11
10
8
97
10
28
12
3
10
11
38
19
9
26
5
47
49
46
11
10
10
4
16
8
18
10
25
3
20
39
17
84
162
84
6
47
283
3
12
23
3
50
1800
6
3
10
4
9
4
7
12
55
12
273
371
8
144
3
4
58
8
10
3
5
21
3
23
13
82
6
8
4
1266
5
4
12
6
21
52
3
13
14
3
3
3
3
5
118
805
28
63
3
4
3214
3
8
6
7
15
5
8
6
34
4
7
10
6
4
190
10
234
16
3
3
21
11
6
12
123
36
3
3
94
48
3
10
11
8
51
3
58
7
4
191
5
233
3
3
29
4
16
4
34
7
6
23
36
3
5
3
3
36
7
689
27
7
16
11
3
4
9
19
6
3
6
6
7
11
13
8
48
192
3
71
13
3
3
11
8
3
48
7
8
9
3
6
27
85
6
72
44
8
37
6
14
3
14
3
36
19
4
12
3
3
5
128
4
26
7
6
17
18
27
51
48
3
3
120
3
3
3
13
14
5
196
15
31
6
3
4
6
3
18
9
4
9
26
81
3
37
4
7
6
3
3444
3
3
5
303
9
39
13
19
3
3
