7
19
3
31
16
3
13
6
7
10
7
3
37
23
14
9
55
4
205
8
9
6
6
4
9
3
4
181
4
47
88
67
21
253
13
9
57
6
14
45
15
190
6
12
3
3
12
66
4
11
3
72
6
52
3
18
5
7
15
11
14
58
14
7
8
8
3
19
150
184
50
43
4
3
6
10
7
4
26
37
9
8
300
25
15
21
5
15
15
10
185
12
15
16
6
43
11
6
20
6
12
7
8
6
3
7
4
3
4
3
4
6
7
6
17
6
3
14
5
3
100
31
77
169
3
7
10
6
7
9
23
21
14
13
3
13
5
16
19
7
25
23
5
9
95
14
13
10
24
13
12
4
20
15
12
7
37
3
3
4
3
4
3
8
9
34
6
6
19
9
8
1170
8
8
6
1845
143
28
36
3
295
3
6
21
7
19
4
4
6
6
46
6
3
9
7
10
10
3
34
10
50
23
16
47
53
6
4
7
8
275
80
9
3
26
26
5
24
6
7
3
10
10
35
8
18
5
5
742
5
6
89
5
4
5
66
10
3
141
11
17
36
74
57
3
48
7
59
3
13
5
5
3
4
8
46
6
12
3
4
9
20
49
20
116
6
6
8
199
10
17
5
42
14
20
54
4
4
4
11
5
6
3
4
11
5
9
12
4
3
4
7
17
42
10
4
5
9
5
16
15
13
6
91
11
3
11
110
11
7
8
4
23
107
9
16
11
14
97
4
30
3
8
12
6
4
5
10
28
12
8
22
22
34
17
11
5
12
10
3
9
3
10
11
37
5
8
8
6
24
16
274
9
54
8
7
23
3
3
3
12
21
22
113
7
7
8
3
3
11
28
3
42
46
10
28
45
8
55
14
15
67
3
9
58
8
54
27
3
74
456
6
16
4
9
4
20
11
5
9
3
38
18
10
5
54
17
26
7
4
23
12
83
3
3
3
602
3
27
8
11
378
147
28
7
9
4
15
9
6
8
26
3
8
10
175
5
10
7
3
4
4
3
61
84
4
11
6
3
9
21
3
9
5
22
9
6
15
4
3
6
16
3
11
6
3
7
54
17
5
24
11
13
22
3
6
7
16
4
3
25
32
4
9
18
5
8
16
3
5
23
15
8
9
9
63
9
7
8
6
9
20
5
349
39
6
13
19
17
17
20
151
15
11
24
13
4
50
6
36
14
15
11
10
40
21
4
19
41
13
4
9
5
33
3
32
10
8
3
9
41
9
5
17
10
37
30
55
10
13
6
12
8
3
10
41
20
5
5
5
143
38
3
3
20
26
93
95
16
5
16
29
8
8
25
29
253
3
24
5
4
52
21
5
55
4
7
5
8
3
16
10
3
3
17
5
1548
5
17
38
4
9
21
5
3
552
667
3
12
18
3
5
199
3
7
20
5
3
3
13
26
4
4
6
11
148
5
9
3
276
11
5
3
11
69
37
14
4
8
19
13
13
62
9
3
3
29
12
165
113
15
3
51
39
14
8
26
7
330
11
6
15
6
18
9
3
7
40
3
16
4
16
34
15
11
8
62
32
8
7
4
3
13
3
7
81
5
80
3
7
107
17
49
12
3
9
95
52
23
3
6
21
13
3
26
7
7
41
242
4
95
6
13
3
17
8
4
8
6
9
76
9
15
20
54
5
6
19
22
36
9
592
4
14
11
8
30
11
25
11
3
18
5
10
18
9
6
7
137
90
11
8
7
7
4
156
11
8
3
3
16
3
29
10
11
3
91
4
5
14
3
4
11
3
5
4
317
8
3
10
29
3
22
29
7
27
4
6
3
6
13
3
16
3
5
3
33
41
10
141
94
3
4
6844
85
15
6
24
11
9
15
54
44
632
20
14
3
5
3
8
4
34
4
4
3
6172
12
11
13
24
21
18
3
18
3
36
34
3
565
5
6
3
5
103
5
4
4
25
3
5
19
6
33
4
3
24
7
8
5
18
10
21
52840
10
95
35
37
34
99
10
29
26
33
35
9
74
39
14
3
30
6
44
25
27
23
45
7
21
6
7
3
4
20
6
3
5
15
6
529
9
12
9
7
8
78
6
3
5
22
7
19
187
249
3
5
11
5
9
45
6
3
13
650
32
3
3
7
287
9
6
98
4
5
5
29
96
15
68
11
20
5
30
52
4
8
15
49
6
33
8
3
23
31
3
18
3
20
5
1600
29
6
176
3
27
49
3
253
6
8
50
7
20
38
15
4
71
3
84
12
21
6
8
368
40
5
4
16
8
9
22
8
3
10
7
18
4
7
7
23
13
4
4
3
207
40
3
9
39
40
179
14
12
4
10
3
337
6
23
15
30
4
4
9
1795
21
9
5
4
8
5
119
3
72
10
3
29
4
4
23
7
22
4
4
6
3
14
9
75
18
78
3
8
6
3
6
278
4
8
5
15
18
15
12
3
21
10
85
3
5
9
19
18
6
7
4
12
12
19
14
8
46
416
7
23
21
3
12
32
29
5
12
3
3
10
5
4
4
39
30
3
14
111
3
5
5
3
34
23
4
12
4
9
9
8
14
26
33
73
4
4
12
6
4
149
17
106
8
17
11
98
26
12
8
21
10
64
4
20
10
10
6
25
3
7
9
38
7
7
60
10
3
9
18
11
7
3
13
123
28
3
3
7
41
8
104
4
3
7
5
11
10
8
18
10
17
16
4
14
5
3
5
19
14
17
7
9
5
9
6
11
22
5
12
6
83
10
23
36
57
16
7
9
5
10
20
25
30
5
186
5
4
6
3
3
7
3
90
23
3
3
35
24
7
22
3
7
4
5
14
10
24
7
9
3
9
6
7
8
33
9
6
181
16
8
70
4
7
98
16
57
17
3
3
1314
3
4
29
25
3
10
3
11
20
16
12
5
4
7
4
86
16
4
9
5
52
4
22
43
10
11
62
114
22
18
8
10
63
15
6
4
5
39
5
26
16
49
7
5
3
26
70
43
87
19
3
14
16
7
1990
146
12
8
3
14
16
17
3
9
14
28
10
3
4
6
650
5
4
4
5
38
9
3
10
6
462
3
62
9
59
3
10
144
20
27
5
115
5
5
5
108
6
218
4
3
25
10
14
3
18
12
5
178
4
46
14
9
8
23
8
10
3
554
3
116
3
26
5
140
59
3
53
3
85
137
21
6
28
3
47
5
64
23
154
303
4
8
10
7
3
5
3
4
4
35
56
5
33
5
6
6
6
239
31
5
4
7
55
15
11
3
13
11
6
25
6
9
9
51
3
7
51
10
5
10
10
5
47
22
23
5
34
5
8
15
3
14
24
20
23
8
5
10
3
3
6
3
24
3
3
3
6
23
6
3
7
14
3
3315
35
17
10
3
22
9
3
10
1365
3
26
416
11
16
80
18
3
9
22
9
8
13
31
11
15
10
14
9
58
18
3
15
75
10
3
26
19
3
31
7
7
33
3
3
17
4
9
45
11
26
5
18
119
29
7
3
3
8
5
10
21
34
4
129
13
11
135
14
4
18
26
8
5
6
41
19
4
66
29
16
4
3
15
3
5
6
38
6
84
3
6
34
1088
5
5
23
16
3
3
12
7
4
33
25
7
8
10
45
20
11
737
5
4
3
4
11
95
4
29
9
10
323
8
28
17
13
3
3
4
4
6
18
35
6
80
3
14
4
4
5
20
19
3
5
6
77
7
9
8
31
132
6
5
3
9
22
9
14
15
244
11
8
9
91
142
3
3
5
11
20
156
4
6
71
3
3
5
6
5
12
6
7
6
34
10
10
26
8
17
5
9
8
16
24
26
89
205
10
3
21
18
6
17
3
32
23
11
3
6
20
72
12
9
4
3
8
330
5
3
9
26
5
3
34
5
6
46
124
31
7
10
11
11
4
57
25
12
10
38
16
3
3
9
16
93
103
10
6
16
31
8
20
6
55
3
17
11
7
9
12
173
7
3
9
4
12
28
4
84
17
9
15
14
137
19
1430
11
3
5
375
37
6
6
14
9
7
3
5
5
3
4
11
8
21
32
29
3
8
22
4
16
10
8
3
7
5
3
8
11
6
7
7
11
16
3
72
14
8
17
5
14
57
3
104
56
59
6
12
28
3
4
6
3
15
18
33
11
10
5
151
32
32
76
9
20
15
4
6
4
11
6
3
35
5
108
295
28
6
18
9
11
6
4
4
5
3
10
512
3
5
7
5
4
8
4
102
112
7
4
6
9
31
14
232
3
14
4
12
12
9
234
45
17
57
16
9
24
5
3
13
5
28
14
7
3
5
5
8
23
32
16
15
34
81
6
3
161
3
3
24
3
8
9
14
16
88
3
17
17
17
8
9
4
9
34
9
11
5
9
3
4
70
88
89
4
22
3
3
7
39
4
18
3
31
9
189
3
6
7
20
3
15
4
6
6
15
39
8
31
9
7
5
4
7
9
24
7
3
3
4
7
4
24
18
5
24
8
13
127
21
18
8
118
8
37
37
21
55
15
5
11
3
5
3
11
3
9
38
4
132
4
6
24
40
3
56
95
3
3
19
37
8
18
140
17
4
6
19
5
18
3
3
6
6
22
4
16
11
6
3
69
34
7
6
12
25
6
110
4
3
4
17
1461
94
4
6
5
3
7
12
7
40
33
4
7
21
22
5
8
4
10
48
117
21
4
41
224
70
17
6
3
5
10
5
4
11
7
3
3
11
6
253
8
8
5
3
53
11
8
15
7
13
7
3
5
22
9
914
2498
6
14
3
31
16
10
23
4
3
4
4
4
7
43
27
27
93
13
45
13
3
4
6
40
9
36
52
4
37
7
160
9
3
4
31
6
162
16
15
108
10
13
20
6
8
15
22
7
29
12
15
7
8
12
4
42
5
21
3
6
7
11
26
3
4
23
36
7
4
7
3
7
9
4
3
84
24
44
17
5
3
359
7
24
6
15
9
190
9
7
12
4
9
4
12
8
20
41
13
6
22
17
3
19
18
4
6
60
6
33
57
3
10
606
20
12
5
8
10
16
3
8
8
14
5
21
7
3
10
73
3
15
5
3
17
3
23
3
6
19
7
45
3
9
4
5
8
3
6
9
591
16
6
8
10
21
7
13
3
71
24
44
9
29
7
22
80
8
5
9
10
3
12
7
20
9
143
97
6
6
5
14
3
3
21
41
6
32
3
9
25
16
3
12
3
12
3
11
3
6
3
9
60
13
730
6
15
7
5
7
14
3
11
33
9
3
5
9
40
20
8
3
14
31
7
7
8
5
6
8
3
11
15
18
20
4
6
24
6
103
56
12
88
44
3
4
3
7
3
3
6
11
10
20
4
9
28
8
11
14
38
3
5
19
13
18
11
4
5
6
5
280
15435
3
4
4
4
5
62
10
15
5
5
26
6
3
3
10
10
4
10
13
18
4
6
21
20
6
11
13
7
11
5
21
3
7
149
10
6
6
15
10
8
10
11
5
8
89
4
16
69
5
3
7
6
3
31
61
5
7
7
15
6
3
34
8
3
12
10
28
6
8
3
23
35
5
21
9
4
30
6
5
21
3
22
7
3
5
8
45
10
26
4
16
6
72
10
27
3
15
24
24
4
19
6
41
17
4
5
6
7
6
4
5
18
10
12
9
17
6
49
24
10
50
6
3
13
47
15
82
4
28
11
7
15
6
20
9
41
3
3
85
3
12
5
56
35
30
5
7
3
3
116
13
5
4
85
8
7
5
11
19
11
6
5
29
3
5
13
4
24
21
7
3
8
7
30
24
39
22
5
13
7
19
12
4
3
4
9
64
5
10
20
15
7
3
28
11
24
7
4
117
30
3
5
3
8
17
12
5
43
4
3
16
7
3
3
377
10
3
13
3
7
4
4
6
7
8
9
40
12
3
4
6
4
7
12
21
9
16
7
7
89
5
11
3
6
4
16
76
5
13
11
14
41
13
3126
3
3
27
6
13
3
3
3
4
13
13
9
10
149
11
118
47
32
10
3
22
3
17
21
4
8
7
52
62
11
5
3
5
9
40
12
6
14
16
6
5
24
13
11
12
4
25
7
8
5
282
3615
9
27
9
3
4
4
16
7
5
9
3
160
29
8
100
10
5
3
5
9
16
64
14
10
5
18
8
10
65
9
14
41
9
6
61
6
11
7
5
7
10
3
94
5
5
3
5
4
14
5
3
408
3
894
13
3
193
113
520
4
8
378
5
6
11
20
4
23
81
26
24
3
3
15
3
6
15
7
25
79
8
13
9
12
7
3
4
3
8
4
38
64
14
5
37
6
12
8
3
24
17
3
3
10
11
4
61
5
12
3
3
13
21
50
3
48
8
15
8
14
6
3
5
3
12
79
18
15
10
4
4
11
7
149
5
3
6
17
9
9
6
67
10
14
85
38
8
7
6
3
3
6
12
3
6
5
12
5
6
13
4
15
54
6
28
27
59
3
3
7
116
12
17
3
11
5
12
10
7
3
24
4
151
45
18
5
7
8
206
27
18
10
6
41
7
5
4
7
5
14
6
25
7
3
5
83
7
31
3
11
4
17
76
5
4
12
10
3
12
28
19
462
3
19
25
31
6
4
17
5
16
8
4
8
10
19
249
7
7
14
21
16
7
11
12
8
9
3
5
21
4
11
7
6
5
11
9
3
4
13
4
6
15
4
32
4
4
3
12
36
10
3
11
3
11
14
20
4
11
3
69
25
5
10
13
5
20
55
44
9
3
11
4
7
147
6
4
15
16
3
20
17
3
138
10
4
221
1541
3
17
8
9
6
3
4
15
35
3
4
37
10
4
119
11
3
34
10
3
40
216
8
25
5
3
11
3
109
16
3
1622
75
5
5
39
997
5
3
5
3
4
4
8
3
6
26
31
22
7
56
5
22
3
29
5
9
10
3
9
10
22
7
27
3
5
4
5
3
13
8
16
30
75
3
26
57
23
9
22
9
6
6
10
39
9
7
75
28
3
5
27
140
43
32
3
4
5
3
25
9
25
24
5
4
13
33
5
3
130
4
151
26
64
10
42
9
29
12
5
22
7
3
18
9
45
31
6
75
4
13
13
23
7
6
5
9
3
6
4
3
7
3
10
3
6
20
6
30
67
6
5
34
15
11
4
3
9
9
9
6
343
636
3
4
10
7
15
21
11
6
3
5
15
3
148
4
25
4
12
11
1665
4
7
3
4
46
4
3
9
5
28
23
4
6
7
9
9
76
76
4
4
68
10
24
47
102
7
8
4
30
36
3
88
667
3
511
51
91
50
8
5
3
1473
6
4
36
5
18
16
21
7
12
4
13
4
10
5
4
17
4
7
73
101
65
11
7
3
5
22
30
177
10
28
7
72
8
5
31
9
14
49
42
18
12
12
16
35
11
12
4
9
3
21
12
220
21
37
15
15
5
87
27
38
48
9
8
1302
6
5
9
4
18
22
17
9
22
3
3
13
7
3
11
2897
98
100
47
6
22
23
58
5
23
41
3
12
8
6
35
4
13
30
119
420
21
23
47
73
47
6
6
5
5
33
7
3
12
3
89
20
52
10
3
11
21
25
6
3
3
7
37
3
3
12
3
9
9
13
11
4
247
17
9
17
3
9
7
9
13
14
4
15
8
35
18
4
3
6
19
28
21
249
52
12
3
11
3
6
5
57
6
13
6
48
12
4
14
19
3
13
15
659
8
10
27
9
15
199
6
5
3
3
3
22
3
7
17
9
11
4
10
6
15
3
18
24
3
5
4
7
12
16
23
3
3
67
70
5
55
47
54
9
230
15
9
6123
5
11
5
3
3
496
10
4
41
6
4
12
34
5
6
108
3
11
42
8
3
8
3
57
21
18
11
9
3
8
65
17
7
28
71
13
207
20
9
39
26
17
3
11
11
69
29
8
43
6
3
7
4
7
15
6
8
858
36
4
7
338
3
3
16
5
37
3
6
27
40
9
17
8
8
49
17
4
4
5
47
9
60
7
3
19
19
11
8
19
4
6
13
8
51
8
461
26
65
46
7
51
20
7
5
6
4
69
347
14
8
6
6
3
6
19
11
11
4
10
7
10
4
4
5
296
3
5
8
8
3
36
52
30
29
9
6
24
5
17
19
8
18
165
5
20
9
10
8
6
5
28
4
24
14
133
13
15
90
49
13
4
22
21
15
6
11
3
4
7
12
69
4
7
9
26
7
41
16
3
7
7
8
7
26
10
6
61
38
4
371
9
3
112
8
4
3
11
6
19
7
11
4
11
27
12
13
18
4
26
8
36
4
22
12
11
40
4
46
27
6
243
27
4
9
5
29
41
4
17
17
47
21
38
24
6
3
14
80
10
132
4
10
14
27
8
13
32
29
6
14
16
10
14
11
9
10
9
9
1179
10
3
29
12
11
23
83
277
250
7
42
48
26
9
12
4
101
11
7
21
31
4
4
70
5
6
9
80
8
13
5
27
27
7
3
21
4
8
30
9
3
94
59
9
51
6
3
14
49
17
5
72
123
16
18
5
17
20
6
6
16
3
3
21
11
154
17
8
17
20
25
5
38
22
8
5
15
9
3
8
29
9
29
10
3
16
3
10
6
4
64
4
5
17
4
15
16
5
16
42
6
9
25
61
4
1267
16
60
14
12
50
3
3
18
21
7
4
23
7
5
8
4
3
3
11
133
7
3
11
3
14
8
18
15
3
5
3
24
12
44
4
7
13
10
4
5
10
3
9
24
14
6
122
90
3
4
4
8
317
12
15
52
31
4
6
22
15
21
14
3
14
4
11
22
5
6
34
139
46
18
13
3
5
55
4
5
3
9
807
5
3
21
5
5
32
4
9
3
8
16
65
6
3
20
3
8
17
34
4
6
65
17
12
4
3
3
125
3
4
5
5
5
10
12
78
13
6
21
10
8
11
17
5
101
12
17
3
156
47
9
20
32
36
3
8
6
18
25
4
11
3
5
19
6
10
6
17
9
6
4
9
412
4
4
5
4
18
7
4
13
5
51
19
208
6
912
3
23
7
5
4
5
5
5
21
70
6
26
12
3
86
6
14
3
24
8
7
17
3
29
1289
3
16
6
25
9
10
40
6
5
196
4
10
12
3
34
4
51
33
19
370
13
4
5
66
6
4
23
7
180
26
3
3
161
4
3
29
5
26
8
29
45
8
30
974
6
5
6
71
3
4
3
3
3
7
12
6
3
126
94
6
5
42
3
20
20
3
4
3
20
24
33
31
8
19
3
5
34
48
6
91
10
11
9
7
16
14
6
4
3
25
5
17
33
6
6
6
44
7
3
30
55
27
6
11
82
5
4
4
6
10
8
5
18
595
12
17
8
73
833
11
6
10
7
26
4
11
22
6
15
150
102
4
44
35
13
5
9
22
13
7
13
3
37
3
17
14
4
3
4
20
6
8
23
4
9
6
15
16
4
30
155
8
12
3
3
3
4
45
9
9
4
9
7
6
10
5
3
17
9
8
50
40
4
3
3
3
21
9
19
78
5
7
116
21
3
21
91
4
14
6
28
3
73
13
113
40
1498
8
106
4
28
3
224
3
45
65
7
5
11
5
3
66
15
6
3
3
7
14
127
9
3
4
13
13
15
31
3
25
275
34
22
18
24
23
4
8
14
9
17
10
4
7
16
15
21
6
24
11
5
7
8
47
3
6
32
3
26
58
4
23
5
9
6
4
3
11
14
21
3
6
6
7
54
3
13
11
6
3
4
3
35
20
5
57
9
292
18
86
28
8
48
10
5
11
5
12
3
3
10
3
3
9
3
22
3
7
13
53
11
3
109
19
13
115
8
23
8
7
43
6
6
19
29
4
4
36
39
9
7
30
3
3
90
52
26
11
5
4
116
7
12
35
3
3
10
81
16711
41
4
13
13
9
8
32
15
19
9
4
20
5
19
41
10
7
10
4
47
38
3
3
7
33
6
99
4
74
5
86
17
15
3
34
8
11
9
8
6
13
29
6
4
17
7
36
3
6
13
10
7
80
8
5
17
5
3
12
17
32
4
52
11
3
3
52
20
4
8
28
16
7
6
16
7
59
210
15
6
5
5
9
43
9
32
3
17
6
24
11
6
21
4
4
3
7
3
9
5
9
24
6
49
88
66
7
50
59
13
9
9
3
3
8
69
15
26
7
6
11
24
13
20
54
3
11
6
10
8
196
6
5
40
86
31
28
13
5
241
4
15
3
36
9
13
24
11
14
5
3
6
4
15
45
7
3
13
6
3
69
413
11
5
27
11
18
5
35
15
6
9
6
7
8
13
8
33
10
7
25
14
6
4
88
11
6
5
4
7
7
141
18
100
3
17
20
3
3
7
28
3
8
20
4
4
12
24
11
9
24
93
6
11
3
11
3
11
11
14
78
1099
3
323
152
6
12
7
3
7
23
13
3
5
10
137
3
6
3
23
7
18
26
4
102
166
4
3
5
21
15
9
50
111
10
3
66
7
5
361
435
14
10
4
6
20
35
8
14
15
6
6
4
4
5
17
6
33
8
5
18
5
13
6
16
23
21
7
24
3
6
6
91
119
60
11
16
66
3
6
149
3
17
33
4
6
9
7
68
7
3
135
7
3
34
6
11
7
5
12
15
5
4
84
6
5
22
126
8
9
11
126
32
61
33
4
13
174
52
3
121
5
3
21
3
3
15
203
3
36
4
25
8
4
8
5
58
3
18
40
6
15
23
4
152
259
22
8
34
6
5
10
52
3
3
4
4
4
3
52
3
31
4
5
6
20
61
6
6
491
6
56
37
3
260
8
105
11
62
13
4
81
11
89
3
9
9
14
26
15
6
65
3
30
4
5
3
8
5
11
4
23
10
6
119
11
41
3
12
10
4
38
11
3
295
14
5
10
5
3
8
118
34
10
90
39
31
279
3
4
6
3
7
3
4
35
7
13
10
6
5
6
13
20
5
7
16254
15
10
33
30
36
6
4
13
27
69
9
4
13
7
53
13
4
2532
15
107
20
27
9
10
121
4
8
242
9
4
18
3
182
16
10
57
7
17
10
4
46
13
15
6
6
18
5
13
9
65
5
10
3
3
8
19
7
18
4
10
12
3
3
135
36
11
113
3
26
38
3
3
69
3
12
18
268
17
5
75
7
7
15
4
7
9
18
6
3
10
276
7
5
23
10
3
79
15
13
4
5
7
83
366
4
12
14
7
3
20
3
5
10
8
5
5
23
3
5
3
8
6
19
3
8
7
10
74
88
7
6
8
125
16
6
3
4016
47
5
8
3
17
14
6
4
48
37
5
6
124
3
13
35
3
9
23
5
14
5
7
10
16
6
35
16
7
7
151
4
12
3
20
3
3
18
3
3
28
3
3
43
26
37
4
16
4
1089
5
8
7
7
11
3
6
40
12
4
14
3
36
3
146
9
26
8
8
5
32
16
14
15
22
5
4
34
19
13
15
33
4
8
9
18
7
26
7
32
18
34
82
6
7
4
6
7
41
117
15
4
7
12
3
21
6
11
7
30
3
24
36
21
4
4
27
18
9
6
12
1344
3
24
50
93
20
186
28
3
21
17
3
6
19
4
8
11
3
3
10
4
23
5
6
3
11
13
3
9
3
4
8
13
4
7
3
33
3
34
8
3
3
120
9
14
5
18
5
8
3
75
13
28
34
10
12
66
7
23
6
9
8
3
6
3
138
23
10
84
15
28
7
40
82
7
27
18
8
4
11
7
29
9
35
33
536
12
42
3
8
49
36
43
6
3
147
7
128
13
29
9
5
5
22
7
10
4
13
13
222
10
52
10
50
3
5
6
6
13
8
6
6
18
4
6
297
5
9
8
49
10
4
6
7
8
10
4
4
686
3
6
3
10
9
15
20
13
3
3
24
27
4
39
27
248
19
72
3
22
8
106
92
11
3
24
15
3
5
3
5
4
21
20
6
22
6
4
38
28
3
16
4
8
4
43
5
22
23
5
7
10
28
6
9
5
26
119
37
10
193
4
14
110
3
23
21
3
7
22
349
37
3
53
8
4
5
3
16
7
3
6
3
7
112
7
14
3
10
17
3
8
15
54
8
4
4
170
13
6
11
11
15
3
24
8
3
5
23
12
3
117
10
6
21
4
28
4
108
20
7
13
24
28
3
28
5
5
5
14
11
11
5
27
10
14
7
6
3
3
20
13
12
8
3
10
61
6
27
5
12
45
6
6
20
7
20
10
9
7
115
41
3
3458
5
7
7
3
7
78
33
11
6
7
3
8
15
5
3
3
16
16
3
9
3
87
4
32
26
5
4
19
9
26
4
3
3
3
6
3
6
10
7
71
21
42
24
7
7
3
540
4
20
7
14
3
6
28
99
16
17
13
7
18
491
3
5
193
19
25
72
6
4
11
24
6
24
72
4
7
6
5
14
13
10
12
4
7
2517
25
4
4
9
13
3
19
12
5
15
14
7
14
7
3
200
3
11
10
129
12
5
26
8
5
7
436
24
21
3
1306
66
15
5
12
5
17
10
108
50
4
21
16
12
152
4
94
10
99
12
9
59
21
15
5
4
3
6
8
20
3
17
3
9
5
9
46
18
3
4
18
3
13
63
16
7
55
46
11
25
6
44
11
3
16294
8
3
10
9
15
3
9
17
3
23
20
4
28
19
234
20
52
6
90
35
6
9
9
6
21
4
20
3
3
4
9
77
55
4
23
59
127
793
5
4
3
9
3
43
7
10
9
120
1088
4
10
4
11
11
4
17
12
490
4
46
6
24
52
3
10
4
7
9
20
3
28
12
4
10
3
9
8
22
7
24
13
4
4
31
261
3
7
4
27
16
28
140
10
4
14
10
6
4
9
7
6
3
23
16
10
15
17
9
45
15
5
4
16
6
17
4
58
3
57
53
3
9
79
7
6
31
6
4
10
3
28
23
5
3
6
21
14
268
13
3
24
341
9
19
27
72
12
33
7
65
38
11
95
3
31
27
3
9
8
29
3
15
4
43
15
7
19
98
22
23
36
15
5
7
8
11
25
38
3
28
46
7
15
3
13
8
9
320
3
20
18
9
52
3
16
89
17
25
20
6
10
37
19
47
11
7
1701
10
11
9
9
21
7
4
7
25
3
25
34
14
35
13
9
5
10
15
24
5
46
6
13
10
8
7
3
42
81
45
11
5
3
4
4
14
3
3
75
16
5
17
6
3
8
99
6
10
5
39
5
30
155
4
4
138
15
6
13
15
11
56
53
8
18
21
12
12
4
23
11
157
31
4
4
3
9
12
5
3
13
4
4
7
4
20
3
4
4
139
10
8
35
4
5
4
10
25
669
3
12
6012
33
221
6
9
3
4
3
11
132
36
8
5
3
5
68
47
6
26
7
4
19
6
57
4
29
41
20
35
3
29
4
6
86
24
5
3
37
70
115
5
20
5
4
3
4
9
15
18
8
98
19
20
5
11
4
91
4
14
5
11
7
15
3
10
5
3
18
64
5
11
5
3
42
3
7
55
18
14
17
3
4
4
13
4
3
10
5
52
4
78
12
9
4
6
9
8
6
47
8
42
12
4
6
10
8
8
274
4
9
6
3
22
5
25
12
291
4
3
1136
3
20
15
8
3
3
3
38
5
5
10
5
6
8
5
13
4
3
5
11
7
7
9
20
26
3
66
35
6
3
11
51
12
15
3
9
4
3
653
12
40
11
3
29
108
53
23
9
40
3
23
23
8
44
633
4
4
18
35
7
10
16
9
10
4
3
23
3
32
5
43
5
213
7766
10
84
10
15
3
11
2181
15
63
9
16
33
4
5
10
54
7
111
52
3
9
11
3
37
6
6
8
8
8
23
4
26
32
6
3
11
3
8
3
26
60
3
70
3
14
41
4
24
49
6
3030
7
42
9
35
11
12
5
512
20
147
5
5
4
9
4
12
3
74
12
15
11
29
37
7
4
27
3
4
24
8
5
6
58
28
29
3
8
5
27
68
9
8
18
4
3
13
29
24
22
71
25
8
71
8
3
3
293
12
8
10
3
4
6
573
3
8
11
10
7
4
12
14
7
11
5
3
4
5
63
20
21
54
5
14
9
6
300
11
90
6
62
4
3
14
57
4
3
9
5
63
20
9
5
4
217
6
51
3
15
13
10
4
24
7
16
18
19
8
7
7
4
4
14
1540
15
14
39
20
6
10
20
18
4
71
8
5
60
4
65
5302
23
6
9
5
21
27
30
3
5
14
3
3
7
7
17
8
3
5
23
13
8
4
133
6
4
7
10
9
29
6
6
77
59
6
33
10
30
13
6
15
5
33
513
13
20
8
4
7
23
20
5
46
69
91
7
36
31
6
10
8
14
5
16
19
12
25
161
44
9
7
3
7
7
7
27
11
11
11
14
6
6
209
8
2575
46
73
4
438
5
8
9
6
3
3
6
4
6
7
3
23
7
5
7
3
39
249
605
6
24
16
5
3
3
4
3
123
4
3
3
6
7
29
83
4
14
4
15
13
15
8
9
37
3
5
78
24
19
12
8
15
56
6
16
9
3
6
5
14
30
22
90
10
6
9
20
9
12
11
52
27
14
3
61
72
3
11
4
14
24
5
67
20
8
3
7
3
5
26
3
68
4
811
18
3
5
13
76
8
5
200
22
19
7
11
5
6
253
9
10
9
22
12
19
41
16
3
14
13
12
9
76
7
5
11
35
49
35
7
6
7
5
3
26
6
11
7
11
18
4
14
18
3
13
34
33
39
71
29
102
7
7
63
12
12
21
3
14
15
5
8
5
12
718
23
3
364
3
4
8
365
18
33
6
35
7
10
7
3
17
20
9
5
3
319
3
18
5
3
8
11
12
3
4
10
4
7
3
10
3
19
15
3
10
8
18
98
27
30
9
10
206
19
8
45
3
9
37
11
30
47
4
44
13
3
8
14
43
4
7
32
10
27
170
10
54
11
3
23
4
442
61
11
81
7
5
8
55
14
21
3
41
7
48
25
5
10
3
13
13
8
64
89
81
16
36
6
11
8
6
3
67
3
39
19
22
11
4
7
7
9
4
28
9
5
3
23
6
6
279
19
10
7
3
106
11
7
5
3
6
12
9
8
20
3
4
9
201
10
18
17
10
4
6
3
74
6
16
6
8
3
13
29
6
4
13
13
11
5
7
4
5
8
4
28
14
19
47
18
23
11
8
19
5
16
4
32
3
70
3
4
17
4
111
17
19
8
15
71
12
11
18
7
15
6
4
31
10
4
7
3
40
4
5
7
6
689
57
6
16
10
10
4
14
124
11
6
3
82
11
7
4
21
4
9
3
44
31
18
4
14
9
4
7
10
7
145
13
3
9
4
6
15
50
21
50
13
10
5
4
3
22
61
75
16
16
6
58
52
7
16
10
78
45
9
24
16
4
22
14
7
18
27
11
33
8
74
8
21
8
9
27
39
78
14
45
7
91
60
63
3
44
11
27
6
3
3
91
6
4
4
6
13
34
4
19
11
10
9
5
9
14
14
45
7
4
4
30
60
44
369
16
7
9
6
47
3
6
5
6
4
11
2002
10
36
4
5
48
723
7
6
178
17
7
3
3
3
4
10
183
7
87
30
6
13
12
8
8
10
43
10
18
3
195
7
5
12
9
22
4
11
9
190
3
6
9
57
87
4
11
4
36
14
3
9
5
38
7
21
3
7
14
5
4
3
4
4
6
5
9
378
16
10
18
34
6
5
24
9
4
11
6
4
5
22
21
11
3
297
4
39
4
16
6
32
4
5
38
5
3
3
6
19
25
26
3
31
10
8
3
5
8
16
396
8
5
19
18
12
26
14
7
11
4
255
4
80
11
18
3
151
16
19
8
3
13
6
7
75
15
65
69
7
5
3
35
10
3
10
47
11
5
388
11
14
6
9
150
18
234
9
3
4
36
4
17
15
277
7
157
4
4
47
8
10
8
7
5
5
9
19
5
26
3
8
13
38
3
10
13
69
4
8
45
3
47
49
4
4
7
3
9
15
3
433
13
8
122
9
6
305
4
7
10100
15
5
5
7
6
32
8
9
3
8
12
8
26
168
4
5
14
50
22
46
10
3
24
10
4
123
40
21
14
36
14
5
26
4
7
5
20
21
11
201
38
4
8
9
11
45
182
5
6
3
11
15
11
121
5
8
17
4
6
47
10
52
419
23
6
17
63
4
8
6
6
18
43
15
7
4
5
3
4
75
3
4
141
15
4
4
4
6
4
9
8
102
6
3
55
5
3
5
6
4
8
11
65
8
8
15
20
5
4
35
3
20
3
7
3
11
4
17
17
31
3
3
18
38
4
15
3
11
5
5
17
5
9
4
7
3
31
86
27
3
20
470
17
3
3
7
7
14
14
9
40
1922
155
25
64
23
5
22
3
15
5
18
19
56
7
37
4
9
39
151
5
11
10
4
97
5
133
4
104
7
6
3
4
13
11
47
26
3
14
5
1346
9
9
7
171
10
17
6
3
10
34
41
5
17
15
6
26
3
50
10
10
5
22
34
12
9
20
3
25
27
6
3
12
5
7
5
58
5
5
5
20
48
15
31
308
3
13
3
15
16
8
6
28
3
4
4
36
20
8
5
25
43
10
28
17
28
133
15
31
14
25
24
93
15
3
26
6
8
28
4
109
25
53
10
3
7
24
3
16
18
20
4
77
12
3
12
16
9
50
14
7
15
6
13
21
3
17
5
4
6
66
7
54
5
94
37
114
14
113
630
3
37
7
7
4
13
17
6
16
8
13
110
4
31
3
145
4
10
27
71
4
12
7
3
11
7
1544
16
39
5
4
58
16
4
7
10
36
3
7
7
3
4
8
3
43
98
13
111
9
9
22
32
27
3
8
59
90
72
5
3
6
60
13
17
8
12
9
25
3
15
8
5
21
103
39
7
5
15
12
66
7
4
16
36
3
28
64
8
15
16
7
3
3
10
4
8
7
3
3
12
3
450
60
59
6
46
50
20
8
20
13
14
13
71
26
5
262
6
9
3
159
122
7
12
11
18
279
44
96
14
23
39
3
10
16
6
6
10
10
83
23
20
4
5
3
10
20
4
25
13
9
17
3
23
11
109
4
14
8
3
14
5
11
3
9
5
8
14
12
3
10
16
20
6
3
7
3
68
5
9
9
5
16
4
26
5
4
12
32
3
6
6
62
3
3
8
3
19
11
17
15
57
11
11
40
23
4
47
4
5
3
3
5
7
3
4
40
5
8
8
117
19
3
4
7
8
3
3
46
4
35
28
4
20
83
55
9
3
6
66
33
62
3
128
8
3
15
41
5
4
3
15
4
4
7
3
3
4
10
11
12
4
23
9
60
107
21
22
23
17
11
3
78
13
176
14
14
13
4
3
3
18
17
86
3
10
48
6
17
6
7
4
4
8
5
22
3
5
10
4
5
5
497
12
38
7
4
8
7
20
3
8
29
3
4
8
109
3
5
4
22
38
14
3
63
19
6
118
8
33
4
5
23
3
3
3
117
4
3
29
3
36
21
97
3
3
48
5
7
59
10
10
6
4
5
15
10
26
6
7
18
25
59
29
3
17
7
3
8
87
6
3
19
32
5
16
225
14
23
3
3
3
7
4
3
6
10
15
6
4
14
5
7
27
17
23
58
13
45
6
3
13
33
3
12
4
10
4
7
145
5
5
14
10
15
5
8
3
5
12
5
14
4
30
32
10
240
15
6
5
6
34
7
11
4
18
3
22
64
4
4
54
68
11
17
9
5
4
34
168
11
10
3
40
8
11
3
19
20
5
3
147
5
3
63
20
49
16
16
15
21
3
32
16
16
5
3
6
8
19
4
14
6
7
4
5
13
4
22
4
9
3
22
6
157
52
7
38
20
3
20
3
102
72
28
7
11
55
5
40
14
8
96
11
10
6
6
4
112
6
4
3
19
8
5
3
5
95
4
22
5
22
70
16
121
5
13
4
93
20
7
5
7
6
3
9
27
8
14
5
52
8
5
8
9
33
17
5
17
54
8
52
12
11
108
17
50
12
12
9
6
5
4
14
45
20
4
21
27
5
390
74
590
52
6
6
4
118
13
13
76
10
7
3
57
32
11
12
13
3
13
14
6
3
80
46
11
27
3
3
27
6
24
7
11
13
10
3
21
6
42
22
55
21
6
4
5
21
132
5
6
5
7
12
4
124
16
16
3
4
6
9
8
3
3
4
5
55
18
4
9
34
10
18
9
158
5
3
7
801
11
3
622
18
16
4
3
5
55
15
48
7
6
9
16
27
22
3
9
5
5
22
10
24
8
5
30
20
20
28
37
9
198
17
16
3
51
5
139
8
12
6
10
11
5
4
46
3
37
5
44
7
7
3
3
61
4
14
103
36
13
15
8
4
26
30
23
6
12
9
46
9
29
3
3
16
106
4
24
4
30
4
43
475
3
3
14
3
33
11
4
373
10
16
76
3
205
9
11
143
74
10
122
3
31
6
23
4
4
79
10
8
16
25
3
7
19
8
5
3
64
5
38
5
24
357
27
12
5
31
146
40
15
123
11
3
23
17
24
8
25
14
23
6
3
16
4
3
6
5
5
235
3
4
4
4
57
50
3
5
14
4
24
7
5
6
6
11
5
10
9
4
3
7
5
6
55
7
9
3
3
69
4
20
35
12
5
265
11
15
24
35
19
3
63
5
18
8
8
7
7
21
25
6
3
13
16
12
5
7
3
3
45
20
3
5
3
9
7
21
7
12
3
3442
11
3
42
25
29
22
9
11
6
11
71
7
13
35
5
23
5
121
19
16
8
3
14
12
3
62
4
50
9
7
3
12
8
20
6
3
87
3
81
3
3
28
28
78
8
5
6
6
5
3
81
37
7
13
7
9
7
9
5
16
3
15
7
33
9
10
11
6
1528
29
4
45
9
11
33
10
15
21
78
17
17
9
9
379
7
3
49
5
7
19
4
21
4
11
6
43
3
4
57
4
9
331
4
17
7
3
48
3
10
13
4
11
4
8
7
5
6
3
18
61
5
58
5
22
47
3
32
4
17
22
50
40
6
3
6
29
49
82
15
4
6
9
24
73
3
16
4
258
9
46
9
365
7
4
31
37
17
8
10
4
63
62
3
50
18
68
16
3
14
7
4
4
31
17
3
157
4
6
3
24
4
3
10
5
8
46
13
62
11537
23
7
69
8
7
12
758
5
13
13
17
567
385
15
17
76
9
12
36
3
21
4
45
14
6
12
7
3
3
8
28
3
21
3
6
60
14
14
7
55
57
20
11
152
9
5
3
3
5
7
4
7
136
8
3
140
4
9
6
7
38
5
8
6
5
9
7
8
4
9
3
7
3
5
25
4
3
5
151
6
7
24
25
16
8
3
61
3
6
24
62
26
3
5
6
57
6
20
16
8
7
112
36
8
6
7
162
3
3
6
46
4
4
49
7
17
34
11
3
16
4
11
5
9
49
6
7
11
7
12
3
38
50
13
3
7
15
45
6
9
7
19
39
3
14
10
1602
3
4
4
15
3
31
5
3
24
63
12
6
13
45
9
10
12
121
4
35
8
3
13
5
17
5
18
5
20
19
94
75
33
5
97
86
5
10
6
4
4
35
3
44
5
23
46
18
3
8
11
3
3
8
65
4
9
9
5
6
9
3
13
7
37
22
82
7
3
17
4
13
22
4
7
14
4
13
22
14
8
3
9
656
3
30
21
33
12
4
122
17
4
220
10
31
18
7
145
144
8
4
10
7
3
5
39
3
132
31
6
96
8
15
4
5
6
8
224
9
25
7
4
252
23
6
62
9
18
5
68
29
8
16
14
4
132
3
38
5
10
5
3
11
113
568
5
6
3
7
146
10
6
6
40
377
40
6
64
62
21
6
3
50
14
3
6
9
4
15
188
15
121
6
8
12
80
11
54
5
231
3
15
17
84
9
5
5
21
52
4
8
7
4
4
3
90
6
12
43
4
6
19
11
39
51
9
13
6
144
6
3
8
6
74
8
8
11
12
9
67
3
7
3
9
9
7
4
8
8
24
9
1439
16
20
4
4
16
3
6
3
3
33
11
6
7
4
13
16
17
12
195
8
12
3
6
7
10
14
5
25
4
3
17
6
442
63
5
14
15
6
4
16
8
7
12
3
6
3
31
4
3
6
32
9
27
4
3
6
117
24
4
21
7
5
8
21
5
59
12
4
9
54
65
4
13
10
10
18
4
3
23
37
10
5
6
13
30
59
8
122
16
10
34
17
3
46
11
11
15
66
33
5
6
43
31
15
277
16
3
6
11
11
7
20
3
60
6
4
11
263
19
7
109
14
20
27
3
3
11
4
12
218
8
9
11
44
18
5
15
7
23
9
9
310
3
3
21
16
7
7
3
13
18
9
3
8
11
4
27
34
27
4
15
5
8
19
16
4
3
3
21
26
3
27
7
16
4
16
3
6
14
8
5
13
9
10
10
117
8
10
15
21
57
9
7
3
10
3
43
119
9
49
6
4
18
7
8
6
22
5
41
6
4
71
480
51
19
52
3
4
29
25
3
27
247
3
5
3
5
13
18
3
15
11
28
53
4
327
4
5
7
6
17
26
5
15
20
7
7
73
28
30
5
4
10
255
3
5
5
9
4
26
11
4
4
5
3
6
5
5
10
84
6
3
1757
4
11
3
6
3
17
51
3
5
4
8
80
10
30
3
23
28
3
3
36
18
25
3
4
73
7
3
28
84
5
35
19
19
25
7
8
25
15
3
12
8
9
3
11
16
9
30
71
132
5
22
7
20
17
12
9
5
11
27
17
15
8
147
30
584
209
18
9
100
16
6
68
6
14
4
6
6
7
5
5
439
6
19
10
4
7
18
8
6
21687
4
208
21
18
20
11
13
8
9
15
46
38
6
3
3
18
15
8
9
3
20
27
19
3
5
8
65
9
58
74
11
83
20
6
3
286
80
3
126
4
6
4
4
4
28
6
22
20
10
7
4
25
6
3
3454
13
6
6
20
13
21
22
4
19
16
10
10
14
15
7
82
3
18
5
16
7
113
19
3
8
5
8
16
13
30
4
19
4
1149
4
16
5
6
15
3138
6
8
12
33
18
3
9
30
5
14
24
82
8
132
90
15
6
4
5
28
4
4
7
5
5
41
5
8
18
26
7
3
4
7
90
228
8
39
24
45
27
364
54
43
11
3
3
5
29
4
23
7
75
18
5
4
3
12
3
11
6
12
9
28
120
7
3
45
834
10
25
25
14
31
6
3
10
22
19
10
4
156
412
16
41
313
18
10
5
6
4
6
18
4
4
11
34
3
30
23
13
6
4
3
3
14
4408
3
3
22
19
34
3
1282
73
11
87
13
4
22
8
3
5
13
6
5
8
3
11
4
24
10
4
64
17
26
11
43
7
4
58
8
261
46
4
16
24
16
41
7
6
3
3
10
104
9
3
17
42
5
4
15
7
5
24
353
3
9
3
14
7
217
15
18
17
9
58
3
4
35
9
4
21
3
21
32
4
3
3
12
28
4
40
3
4
23
34
3
6
82
4
8
16
7
3
4
11
50
3
30
30
9
16
8
16
6
25
37
5
8
30
24
4
5
8
4
34
14
44
18
25
4
14
64
3
4
78
154
3
3
22
3
10
3
7
4
4
14
3
12
10
24
62
21
3
12
5
4
9
4
58
21
84
33
3
1487
3
18
23
143
27
198
13
28
4
9
6
19
20
3
124
9
14
18
7
7
78
3
29
6
13
55
38
5
8
36
8
18
3
9
6
131
11
15
38
6
167
8
55
4
53
4
38
5
7
14
26
7
24
3
18
3
3
7
9
4
3
4
326
25
6
3
3
69
88
21
35
21
3
75
6
423
6
9
9
11
7
22
339
7
22
5
10
6
18
5
5
7
3
23
4
11
6
19
6
13
7
11
13
4
18
12
4
12
21
15
18
20
15
3
41
13
16
4
46
39
4
4
11
369
3
6
76
3
13
4
21
11
11
8
32
6
8
21
20
7
7
8
7
33
26
8
6
9
3
26
8
4
4
3
16
5
14
8
13
6
45
4
35
9
6
655
33
26
15
3
67
14
6
8
4
6
3
10
23
13
5
8
3
7
9
30
11
631
3
580
12
8
4
205
8
8
5
20
27
3
77
8
39
377
26
10
3
14
18
6
91
10
15
3
80
17
105
5
17
69
14
7
17
21
3
3
16
6
4
68
13
7
151
11
6
7
14
4
13
157
4
5
6
11
7
3
18
12
10
8
7
40
115
13
5
7
5
8
24
15
4
24
24
3
6
14
14
3
12
8
21
31
7
5
22
24
3
5
6
59
39
10
30
32
16
71
3
3
19
14
11
15
5
4
7
74
3
60
5
9
4
3
18
180
21
5
7
7
19
5
7
8
19
15
3
3
3
97
13
48
24
30
11
4
11
11
160
22
10
36
4
10
6
12
5
12
63
6
11
50
70
34
5
3
16
4
20
7
7
42
141
5
15
13
11
7
7
100
3
3
16
6
18
10
18
5
10
5
7
4
24
4
21
4
253
9
17
12
11
4
16
9
30
21
12
13
5
4
4
322
19
70
3
25
175
6
25
7
31
13
28
6
9
9
184
30
5
16
26
10
7
3
26
7
8
9
5
15
4
143
6
10
27
103
5
4
12
36
26
9
7
11
30
20
499
4
23
10
15
8
6
3
11
4
19
12
5
3
47
7
8
8
7
3
47
3
10
38
7
3
4
12
10
119
13
19
3
86
8
10
59
5
42
3
4
20
3
110
10
13
14
18
3
12
28
16
6
34
5
18
26
