8
11
3
12
23
12
58
7
8
26
8
4
4
29
517
12
12
3
31
12
19
54
28
3
5
28
6
7
130
3
9
9
5
45
7
3
25
70
12
49
6
12
13
367
4
62
6
8
4
4
8
7
33
12
3
8
8
5
8
76
4
3
29
3
12
9
5
79
174
58
32
36
13
10
27
24
4
74
29
8
3
7
56
31
9
4
13
5
12
12
23
3
9
42
9
32
15
11
3
12
6
49
20
5
3
33
11
10
23
11
53
38
34
28
4
23
5
19
7
15
12
8
46
7
50
10
4
8
3
18
3
34
7
16
13
17
9
5
28
54
6
26
11
8
7
42
67
45
8
8
85
3
10
10
37
7
31
8
7
3
52
34
15
11
3
71
5
40
10
59
7
4
20
11
10
27
12
587
40
16
7
24
10
4
12
163
4
8
4
34
7
8
39
10
17
42
5
21
3
23
9
17
14
211
7
19
22
5
119
9
31
9
13
3
3
3
4
7
3
24
173
11
45
8
14
18
19
7
9
9
22
95
10
5
5
19
147
9
17
23
4
3
1330
4
73
5
6
5
3
6
16
22
3
20
16
34
6
17
7
32
3
5
19
6
4
17
14
10
3
4
3
27
6
4
141
8
3
10
12
5
5
26
3
4
71
7
13
4
39
3
8
15
66
66
3
47
26
14
5
53
6
8
11
4
3
83
13
56
4
6
31
7
16
10
30
4
85
15
3
5
56
19
18
8
4
9
6
7
80
29
31
29
24
12
104
137
4
14
20
378
5
12
4
21
67
12
6
13
981
20
8
42
5
3
3
15
62
7
18
3
15
16
45
3
89
45
6
22
24
5
18
11
37
15
4
17
7
16
3
7
70
6
7
64
17
9
12
112
3
72
4
6
8
57
7
10
98
7
12
31
19
7
4
4
9
65
4
5
8
9
23
3
35
29
4
3
319
6
19
3
49
3
33
36
39
19
19
28
7
6
74
6
28
8
3
14
4
129
51
4
11
101
100
6
72
6
3
118
3
3
4
39
8
3
37
6
14
5
8
20
17
69
4
8
5
15
10
19
24
11
33
8
13
47
39
4
45
5
7
11
20
51
818
36
3
25
98
23
3
8
16
35
6
21
22
111
21
8
6
193
7
4
18
28
3
5
7
9
3
3
5
3
292
7
21
48
3
11
10
8
27
3
5
7
48
3
14
3
87
19
4
5
16
6
9
15
28
43
16
102
13
26
6
16
12
28
9
9
395
4
3
3
3
9
46
3
5
12
3
4
19
510
12
26
8
6
24
7
8
29
17
3
5
11
24
12
6
20
10
4
14
6
42
25
30
7
17
14
14
87
581
34
23
4
4
15
130
3
10
7
13
3
10
22
6
8
18
51
81
25
5
5
4
31
5
22
5
3
3
6
40
49
21
6
19
7
6
7
7
43
114
7
11
9
4
10
66
42
3
8
6
10
7
24
5
43
3
5
3
19
3
12
7
16
6
3
14
21
5
3
34
103
3
50
62
14
7
6
9
6
31
37
5
3
3
3
3
5
3
17
4
9
16
3
5
109
12
8
11
29
3
8
9
450
15
29
3
3
139
14
4
18
47
12
7
13
90
3
27
49
10
3
20
394
10
25
261
3
3
3
58
5
3
4
8
20
6
48
133
4
19
17
47
3
544
6
3
287
7
31
6
4
26
4
43
10
32
4
5
18
9
346
12
5
13
12
16
6
59
51
12
7
312
11
3
4
27
5
19
9
13
104
3
4
81
20
20
68
50
10
7
25
10
134
16
23
9
34
7
512
3
9
35
17
69
4
104
4
3
7
113
7
4
35
10
25
3
75
8
12
4
36
33
213
11
10
11
19
9
9
17
3
9
101
5
6
23
3
27
7
12
5
6
10
11
7
3
27
53
4
30
8
6
15
3
72
20
3
17
21
8
3
33
15
4
17
4
113
15
11
17
7
9
36
162
71
10
10
9
17
4
29
691
3
7
42
24
68
74
17
14
5
7
3
123
5
23
5
17
3
17
5
26
5
3
10
7
5
57
3
43
13
14
17
3
5
11
44
19
27
4
3
5
20
33
4
34
7
31
12
11
8
3
6
3
10
5
32
17
100
14
20
9
3
24
27
4
5
102
22
17
29
4
3
12
5
4
16
5
5
32
5
83
3
12
7
3
3
10
6
49
7
5
16
8
27
15
9
10
3
217
11
52
81
3
4
10
4
3
18
20
7
3
55
10
12
5
14
8
3
27
12
9
41
30
36
21
13
4
19
9
11
120
11
4
4
38
13
30
25
18
7407
298
26
82
7
56
5
38
6
22
22
16
5
15
4
3
8
14
26
3
22
6
6
18
9
26
22
5
19
15
11
3
7
11
3
3
13
4
2458
56
20
9
54
15
84
10
12
9
4
6
934
4
6
4
30
18
7
3
5
21
11
3
3
3
18
3
39
4
323
3878
7
33
11
4
3
6
3
6
3
19
22
5
7
4
5
3
6
20
5
3
3
4
17
15
3
100
13
7
24
8
4
26
7
10
11
4
3
58
9
36
3
7
6
9
5
11
7
24
17
10
87
21
3
6
7
5
16
16
4
6
13
85
10
42
6
217
9
3
6
9
167
29
3
15
89
3
9
22
4
15
1235
38
45
56
58
9
45
37
55
7
58
30
504
11
21
9
12
16
6
66
3
20
4
15
7
8
19
3
18
12
15
19
5
136
16
44
10
5
4
5
116
11
76
4
386
24
9
5
1844
9
7
5
7
27
3
34
22
4
19
6
3
9
34
3
14
31
5
3
37
13
5
48
14
4
3
3
7
193
3
3
5
13
7
9
16
25
4
11
17
6
12
3
10
14
27
4
18
70
169
33
9
6
5
10
3
25
13
41
3
6
39
7
13
5
6
3
7
13
4
111
38
12
5
33
50
3
8
3
8
33
72
4
8
4
3
6
160
4
8
7
14
4
5
67
3
6
38
20
11
9
5
443
4
80
4
1191
8
25
8
33
12
6
3
15
19
8
3
17
49
4
8
7
5
187
7
766
7
3
5
3
20
43
3
31
38
7
24
8
3
6
4
6
35
19
7
6
6
3
271
11
6
41
10
9
3
7
9
12
6
3
11
6
7
15
10
8
5
4
41
14
6
707
9
25
64
17
11
17
15
17
3
36
14
5
19
1082
3
31
16
8
22
3
6
5
47
8
8
4
3
16
115
5
3
17
2011
120
6
3
12
372
3
10
12
12
36
9
5
3
14
13
4
56
235
15
13
5
8
3
10
11
5
58
16
4
26
19
12
6
7
6
17
26
12
16
7
8
6
163
9
7
28
58
3
38
8
9
4
4
54
12
5
43
4
17
12
337
14
3
19
5
4
34
3
15
1752
10
7
9
3
9
25
2026
59
950
13
7
41
4
16
4
32
12
24
11
97
40
17
19
88
11
7
10
5
4
3
3
106
13
21
66
3
3
5
6
13
21
5
21
34
5
3
32
3
7
3
38
5
16
24
10
30
3
14
10
19
3
39
3
3
24
6
16
85
7
21
3
16
29
147
76
23
56
33
8
6
3
29
4
143
19
27
7
6
33
54
15
263
7
10
3
7
6
46
7
43
26
11
5
12
6
16
6
103
3
13
9
7
11
13
3
8
257
41
5
51
14
4
3
1963
3
42
24
9
5
28
6
3
23
30
169
47
4
42
23
5
18
5
5
4
13
47
7
3
10
8
12
6
4
265
7
4
6
13
4
14
12
60
7
32
13
5
27
131
16
63
7
41
7
4
14
3
13
3
861
282
9
48
6
16
61
21
7
12
4
4
7473
12
15
3
7
11
42
3
9
44
21
8
5
65
4
87
197
4
581
4
7
3
45
3
3
11
3
74
14
36
38
139
8
175
3
5
5
2108
86
23
42
25
4
3
43
6
45
23
120
6
8
6
35
24
15
17
5
7
7
8
6
45
51
5
6
4
4
17
11
41
12
34
12
3
22
3
10
7
3
18
6
7
10
22
28
24
4
8
9
4
7
126
32
10989
15
6
7
3
4
7
26
18
50
18
6
12
8
26
9
3
7
29
1615
538
130
7
8
46
119
4
9
3
18
25
10
3
252
4
8
12
49
7
3
23
160
7
8
6
3
6
139
6
24
19
9
7
33
3601
5
19
522
47
3
13
12
8
6
4
3
6
9
64
81
246
4
7
11
4
4
20
14
11
9
94
12
167
10
5
39
43
10
6
7
13
106
10
9
25
16
59
22
3
13
34
6
8
5
26
4
12
12
5
86
12
11
11
135
3
22
21
13
6
154
88
18
3
13
3
11
5
3
56
5
81
32679
5
18
3
5
9
4
6
31
3
13
10
19
6
8
8
3
3
4048
6
6
49
18
9
9
7
118
22
32
53
8
44
10
444
4
4
13
8
4
26
3
100
14
29
6
37
30
6
5
7
6
9
323
79
4
12
7
34
36
9
4
16
159
75
15
4
62
6
3
20
14
82
13
997
3
3
6
77
5
7
5
23
5
3
3
6
5
107
172
12
4
36
15
6
4
9
16
30
13
18
4
64
13
15
7
7
8
4
8
58
5
8
81
3
15
8
4
24
13
91
37
4
4
6
5
3
7
70
13
55
100
331
5
3
3
6
10
6
17
194
5
46
5
5
9
3
6
30
7
24
21
3
22
4
30
5
14
11
9
7
4
6
6
6
9
285
3
6
5
9
10
7
16
13
4
80
20
6
118
12
3
44
14836
3
13
10
62
12
13
45
12
118
5
13
5
56
9
9
132
53
8
6
299
4
8
9
99
4
5
29
6
8
4
504
8
8
137
19
4
6
20
7
5
7
3
10
69
10
4
3
58
20
6
9
5
9
24
20
3
29
259
3
9
14
24
68
56
51
337
3
3
6
50
6
3
8
13
16
16
4
9
3
136
21
805
9
5
7
13
42
4
3
63
30
64
15
6
227
9
1675
4
27
4
4
13
4
18
985
19
14
16
12
133
7
15
6
20
7
18
5
11
5
23
22
34
3
3
6
11
3
5
3
47
7
10
6
70
4
3
402
6
10
6
12
11
7
7
7
10
5
6
4
39
105
30
7
8
12
6
209
12
60
5
20
36
26
24
123
7
7
4
1019
3
15
9
706
3
17
25
26
45
3
8
62
4
10
4
430
9
6
4
52
154
125
16
76
77
3
13
6
34
170
18
14
4
12
27
35
4
3
8
4
4
9328
6
21
10
265
4
7
4
54
11
16
18
12
8
76
4
11
8
6
81
67
3
7
6
4
18
20
15
8
10
3
3
7
6
14
4
12
14
24
11
10
8
762
9
9
12
10
200
3
7
22
11
10
6
4
58
3
47
11
26
107
969
3
11
5
4
3
13
5
4
5
3
3
6
18
26
23
3
12
11
4
14
24
7
13
4
5
5
4
231
6
27
12
3
9
6
10
9
4
168
7
34
5
7
3
3
32
4
11
47
6
12
15
6
34
8
17
7
133
10
23
3
10
9
22
9
3
5
6
33
8
11
12
10
4
10
230
13
5
7
11
35
22
49
18
5
6
14
5
5
3
3
7
3
144
137
16
29
6
12
13
6
16
4
7
21
5
8
82
7
143
188
7
3
13
4
168
14
103
13
32
3
68
31
91
3
3
3
3
43
6
5
7
5
5
31
5
3
10
184
10
24
5
10
9
12
12
5
30
24
33
3
9
4
7
22
5
28
3
5
6
3
76
12
12
21
27
15
12
4
7
30
3
29
9
3
18
11
6
57
11
5
9
7
8
4
1037
619
15
6
13
12
8
14
8
7
3
7
17
3
19
11
7
29
6
7
16
15
4
4
10
308
63
3
19
32
3
15
6
93
10
14
17
19
203
8196
7
16
43
5
9
100
3
4
261
5
31
45
18
21
8
10
3
35
4
26
120
6
8
7
8
4
8
6
5
13
16
32
22
18
8
3
9
11
4
20
168
11
6
58
3
24
3
93
11
9
101
19
19
8
3
36
19
5
8
9
3
3
17
30
4
7
5
4
43
32
52
10
7
4
14
5
10
10
9
347
3
95
226
91
4
10
5
7
5
25
167
6
11
54
3
8
74
6
8
6
111
6
8
67
12
9
4
29
339
4
8
154
142
41
22
3
15
40
5
6
9
3
174
6
6
12
15
14
4
51
13
7
19
6
10
4
14
133
5
9
3
3
8
4
10
5
28
359
9
167
13
104
3
11
26
1218
17
6
53
2973
21
15772
3
6
21
9
27
8
9
16
9
17
981
6
79
16
5
7
99
3
4
9
7
29
8
3
14
7
10
12
10
17
68
6
6
10
19
5
9
16
7
3
4
17
8
23
23
17
9
8
10
18
7
3
3
5
7
8
26
3
17
5
17
7
10
108
6
3
4
31
3
15
3
23
3
23
7
8
16
6
5885
3
5
5
10
12
4
3
16
37
3
12
39
3
17
16
64
7
22
88
12
72
6
47
5
13
12
11
26
4
11
4
17
4
19
6
4
9
3
19
31
3
12
10
11
4
13
21
37
213
3
25
9
12
9
10
13
25
7
23
4
7
11
1760
10
6
120
3
9
35
6
18
5
18
4
8
8
15
6
11
22
12
4
16
6
4
35
17
27
7
4
14
74
48
9
700
13
14
6
10
169
7
5
16
35
4
3
8
46
49
13
12
5
319
3
24
8
20
3
15
7
3
11
3
8
13
14
3
10
17
3
18
31
3
14
4
21
129
13
6
9
10
8
73
6
8
11
13
4
16
4
15
14
8
30
4
7
13
7
10
18
28
21
4
69
71
6
3
5
30
3
4
35
28
6
5
8
4
25
4
14
19
24
13
3
13
120
9
7
10
4
11
36
7
20
16
6
3
3
6
16
6
4
23
3
27
7
27
148
7
31
13
10
17
6
13
29
3
4
3
21
5
9
4
22
9
7
17
6
31
3
3
20
100
6
17
18
23
4
3
25
3
3
6
13
7
4
6
5
28
10
25
9
13
18
24
5
196
4
3
42
8
20
75
13
8
17
23
11
7
3
7
13
8
6
13
105
4
78
11
5
6
35
18
54
7
4
4
41
36
16
377
11
30
6
10
157
5
8
8
16
8
7
9
229
7
8
6
8
3
32
8
5
11
9
7
27
583
6
4
3
59
9
4
5
7
20
11
19
6
4
700
10
6
36
9
5
3
13
5
40
12
3
10
4
20
7
8
29
10
5
21
7
4
51
15
16
3
13
18
5
4
4
16
52
9
8
3
49
3
31
56
9
4
3
10
3
23
55
6
5
14
15
15
3
8
8
9
3
3
166
101
25
3
5
11
46
5
48
4
8
40
1266
11
10
22
11
11
8
13
10
10
4
5
9
10
34
10
13
5
9
6
142
5
308
3
4
5
3
25
7
15
12
31
73
14
19
15
10
3
5
9
11
16
27
6
10
15
14
5
49
4
26
7
27
12
3
3
8
7
6
4
15
6
2366
39
12
31
11
28
33
3
4
36
15
46
5
11
9
44
5
7
16
60
41
55
99
4
3
5
20
4
8
3
4
5
1638
14
9
5
54
3
8
8
16
19
345
12
106
3
10
6
11
10
3
12
21
186
13
27
35
9
14
3
3
60
74
60
193
9
15
4
46
7
5
4
25
11
7
7
10
62
14
3
12
34
11
16
8
3
13
5
3
35
6
25
105
9
14
12
685
5
10
3
4
3
6
16
10
12
83
17
6
15
9
250
5
3
21
30
139
14
5
38
5580
6
57
15
8
9
17
31
7
47
21
7
327
120
6
10
7
3
10
22
67
175
373
4
9
36
10
17
10
14
6
9
3
4
6
5
42
9
4
11
10
4
4
77
3
23
3
21
8
6
148
64
7
8
3
10
75
51
3
67
9
80
6
7
28
6
5
112
9
38
15
30
90
355
421
3
3
18
11
19
20
30
75
4
5
7
57
23
3
3
5
8
19
9
12
3
10
4
4
10
37
3
3
3
10
56
9
6
37
12
63
12
3
13
5
38
5
32
5
52
18
50
3
24
15
4
20
11
9
21
4
11
8
3
5
9
56
16
54
68
4
12
7
5
15
129
5
22
116
47
10
5
42
7
34
4
8
11
9
10
6
10
4
7
219
16
5
5
3
46
9
386
3
40
3
39
3
6
8
6
7
8
6
15
3
8
17
5
21
3
18
11
4
8
11
5
354
4
9
54
7
8
12
3
32
204
5
3
20
18
8
22
18
17
18
17
9
205
12
989
33
3
7
19
6
10
19
30
7
91
15
10
75
7
17
12
5
5
3
4
20
13
4
4
20
10
43
4
3
14
53
5
21
64
13
3
8
3
6
3
13
3
6
19
7
44
3
12
5
7
4
6
7
11
21
12
34
254
7
21
88
46
236
5
13
15
16
37
9
50
12
8
3
6
5
11
4
4
58
15
9
22
52
12
14
33
6
3
27
4
5
71
20
7
5
16
13
17
38
9
4
62
3
27
42
8
3
13
6
7
4
53
5
46
8
15
4
15
40
527
6
4
26
156
5
5
19
3
11
37
4
16
6
1262
3
6
11
8
3
79
35
3
5
9
12
7
3
4
4
25
23
15
35
4
4
12
65
4
3
27
3
31
5
39
67
155
15
7
41
4
23
3
9
20
135
8
4
22
4
12
34
36
5
27
4
42
5
20
45
20
3
16
6
19
11
26
42
15
5
30
4
9
402
4
51
7
3
17
6
5
26
10
4
76
18
29
3
6
30
5
3
11
11
14
41
8
29
7
19
29
6
8
11
6
8
36
3
14
9
751
1607
3
3
12
57
3
5
10
8
433
59
314
14
29
4
10
20
20
3
5
106
4
5
10
71
9
3
4
12
6
28
102
4
11
9
7
11
363
54
28
6
4
34
86
339
6
13
14
4
26
16
4
7
231
8
15
29
5
148
20
19
7
12
12
24
14
10
6
6
39
3
60
50
7
5
3
158
6
5
9
19
7
8
12
27
528
20
3
13
4
14
14
222
5
12
42
84
12
445
8
46
7
7
47
15
5
16
9
4
8
59
316
8
24
31
3
6
35
7
35
7
3
3
22
89
6
48
15
39
73
6
3
49
171
8
33
107
3
17
3
75
35
4
39
13
14
3
5
6
13
31
14
3
7
18
3
8
8
35
233
4
320
17
79
27
7
10
43
69
6
5
10
6
40
6
8
4
10
25
47
20
37
6
43
83
3
7
52
11
18
8
5
8
8
5
3
4
280
19
6
861
6
11
25
4
5
3
11
1132
5
219
4
114
15
6
6
20
55
5
5
16
24
3
89
3
4
5
4
14
128
33
325
15
6
3
22
13
13
23
3
3
43
3
44
5
26
5
8
5
64
5
31
10
16
31
5
3
56
48
3
7
4
5
4
3
14
3
8
155
38
5
59
4
5
98
35
9
11
14
18
3
231
6
5
10
7
5
8
31
33
7
3
4
3
9
13
20
6
12
9
883
9
3
3
138
16
8
37
96
7
69
3
37
160
13
20
12
3
7
30
30
5
9
4
24
4
91
3
4
14
8
4
56
4
361
27
13
80
4
41
73
30
161
5
15
3
28
10
18
397
22
5
7
71
22
10
68
7
4
81
13
6
8
7
3
17
4
29
17
3
10
108
20
4
6
45
5
7
3
4
3
31
27
27
27
6
7
77
53
112
6
5
3
599
3
16
8
4
59
8
7
8
10
7
36
3
22
6
1183
5
5
18
18
5
16
3
16
10
44
23
11
11
19
998
7
2131
5
26
17
6
28
7
15
13
185
5
5
29
24
6
3
4
3
14005
15
8
28
5
10
3
11
200
74
5
5
5
7
3
3
3
6
26
176
8
5
5
5
8
58
14
11
4
3
16
10
385
8
3
8
3
7
15
65
8
18
7
51
11
16
5
3
4
6
6
45
7
3
71
11
24
12
7
32
8
25
48
3
6
10
6
37
33
11
54
15
33
3
102
9
295
20
28
27
7
5
3
57
21
13
4
10
15
14
24
636
79
10
5
68
5
43
6
13
11
7
30
25
7
5
14
20
51
82
7
5
13
15
17
14
40
190
46
20
22
8
26
8
8
19
6
11
14
33
9
9
14
24
4
31
8
22
15
3
3
19
5
4
81
4
4
92
3
12
10
7
6
50
6
15
34
14
10
7
4
3
6
10
160
20
42
11
5
12
26
7
7
19
4
5
7
92
6
434
4
21
7
15
7
54
3
65
5
14
35
3
6
30
11
48
46
40
4
21
5
3
14
5
54
6
143
15
28
9
162
24
47
3
9
9
5
25
3
6
3
6
21
10
13
12
4
252
11
12
18
3
5
58
11
3
8
583
95
9
8
5
13
12
9
83
4
3
26
3
8
6
5
4
6
5
5
3
33
4
8
6
8
10
29
8
29
3
11
4
12
13
4
10
4
106
6
60
10
7
300
22
6
28
21
5
4
20
3
26
19
8
9
4
6
65
10
15
31
3
14
5
8
36
4
68
4
6
367
7
36
12
7
28
6
23
4
3
7
7
301
3
4
8
3
109
4
50
4
33
3
4
17
12
103
124
7
3
32
12
16
3
9
22
6
8
4
6
8
4
6
3
4
6
11
37
144
9
14
5
20
5
3
26
47
12
55
52
18
6
3
6
7
7
52
10
78
8
17
5
7
11
3
19
9
17
4
19
42
52
22
87
16
104
34
8
13
3
4
12
5
7
19
131
16
5
8
134
3
6
5
3
3
4
32
6
48
3
3
19
5
21
12
32
8
45
182
17
11
36
12
3
3
6
13
20
162
30
22
7
7
10
84
5
22
3
230
11
188
3
3
4
14
5
11
114
45
7
19
30
8
4
34
4
61
91
6
15
49
32
6
39
12
18
6
12
93
30
11
33
3
22
1687
151
233
21
15
5
20
5
20
17
18
5
4
8
28
48
6
6
87
27
10
6
12
106
49
8
3
3
5
5
27
3
8
8
10
3
130
16
4
3
15
10
7
4
3
8
15
8
27
29
11
8
5
7
76
102
16
12
15
4
5
11
4
8
5
16
15
37
30
13
6
16
23
12
3
19
7
600
65
11
3
7
1004
145
58
24
3
53
8
10
28
4
3
4
22
17
35
20
10
9
258
14
6
43
68
9
4
16
22
9
13
32
6
5
61
3
52
5
23
14
10
24
3
5
3
6
9
11
30
17
4
33
13
4
64
4
9
13
7
29
6
33
53
12
8
8
3
12
13
73
6
6
24
22
26
1039
5
6
3
7
14
3
247
4
158
15
12
6
49
29
19
6
5
4
5
16
10
3
72
6
3
3
6
4
50
38
4
13
7
7
5
95
40
19
12
5
8
8
10
5
9
24
95
55
12
35
226
17
60
3
14
6
29
17
10
5
15
19
20
8
29
12
4
10
6
7
100
35
8
14
15
22
10
5
317
6
9
4
6
8
3
13
27
10
472
16
6
3
5
6
4
7
3
3
5
14
12
31
40
15
13
5
3
36
17
117
11
14
77
24
4
15
37
5
9
129
12
11
4
81
6
118
977
3
56
3
155
8
22
9
26
6
7
38
57
15
67
12
84
12
3
3
22
39
38
4
7
3
16
5
3
40
5
36
5
3
4
362
53
3
9
3
4
3
10
5
10
10
3
485
10
16
350
7
3
4
3
31
5
6
8
4
43
73
5
4
29
3
67
10
3
9
12
207
15
187
15
20
11
3
31
10
61
62
4
10
17
3
291
4
183
17
122
9
30
31
6
6
8
27
4
17
6
3
4
35
23
16
72
4
10
69
40
23
18
5
12
6
52
11
19
8
25
19
12
124
5
7
50
8
16
17
11
607
3
327
11
9
18
5
6
20
26
5
46
18
4
12
6
4
177
3
24
44
4
4
3
9
19
21
4
37
18
18
34
5
15
10
6
6
39
17
7
6
5
281
20
15
5
26
6
223
3
20
90
40
5
224
5
26
15
3
6
14
11
14
130
129
4
5
12
4
5
9
3
379
28
34
57
16
7
14
23
40
6
10
8
5
47
3
23
13
4
43
145
11
3
4
4
27
5
4
4
328
10
3
12
154
20
4
6
5
13
22
10
7
12
12
26
8
23
127
3
56
39
16
7
8
5
8
4
10
21
4
3
5
18
122
45
84
93
240
51
31
10
20
49
82
10
47
69
30
15
21
362
181
29
11
3
4
4
11
14
16
16
13
361
35
31
13
18
68
37
5
3
3
441
855
46
22
11
47
22
5
3
3
107
86
11
20
7
90
4
6
19
323
5
13
11
3
3
78
76
80
9
26
10
15
20
92
3
7
35
3
17
6
30
83
4
3
1545
74
62
8
5
23
18
7
3
9
7
7
16
8
4
10
3
4
52
26
1974
7
32
20
6
5
3
96
11
12
8
68
8
6
3
4
3
3
24
27
13
8
4
11
6
5
6
7
5
10
15
9
3
65
82
4
17
19
7
13
6
4
7
37
39
3
10
5
27
333
3
3
42
11
16
3
7
3
4
103
17
42
11
17
3
20
15
50
32
10
47
8
46
4
17
81
7
15
8
27
4
10
3
6
34
36
38
8
22
8
4
4
7
4
29
30
3
10
65
52
8
3
4
59
12
4
78
4
3
3
17
10
26
56
10
5
16
3
8
42
27
61
3
12
5
21
11
15
13
139
32
8
8
7
83
15
4
24
11
8
25
16
8
82
6
5
140
5
6
7
19
26
7
6
3
10
7
15
5
5
8
3
3
14
3
10
4
13
7
6
13
4
5
10
4
3
16
19
14
16
17
18
5
8
8
16
7
5
151
3
11
5
44
130
65
11
90
33
32
18
6
15
3
3
20
33
16
10
3
17
24
38
23
50
3
32
3
6
47
26
7
3
46
26
19
4
30
19
8
8
3
24
39
69
3
4
6
4
40
4
27
44
12
12
16
8
9
15
7
11
3
7
160
3
42
31
13
15
20
22
8
4
11
27
4
17
22
34
3
25
7
20
20
5
20
11
5
13
12
3
43
38
5
3
7
3
24
18
21
3
3
44
11
17
6
7
4
8
301
12
2055
9
109
17
10
5
7
3
96
5
94
3
8
23
8
7
3
8
3
13
4
14
11
4
3
7
31
154
11
31
3
4
16
282
18
3
24
71
5
34
51
47
25
7
35
31
3
397
10
17
27
6
11
10
5
9
11
7
19
4
15
168
3
3
8
64
191
8
10
5
7
19
18
5
25
5
11
5
6
7
276
120
37
4
4
42
4
20
9
7
34
38
10
9
5
9
11
8
5
5
13
18
3
4
16
5
4
11
5
14
42
4
24
12
31
154
5
3
9
4
7
25
32
12
8
6
89
7
12
28
13
14
7
18
29
306
8
45
5
13
6
6
17
114
3
14
6
16
8
15
22
6
3
4
3
4
14
7
34
19
3
8
4
3
26
54
3
843
121
6
3
80
4
3
53
4
9
6
15
5
3
5
6
3
485
18
57
6
10
13
11
15
19
13
23
13
5
9
4
6
4
3
110
3
130
17
8
9
5
16
14
16
47
3
14
4
77
62
9
7
79
9
4
49
32
31
3
9
63
15
18
19
13
9
9
7
16
28
10
16
16
6
6
18
5
6
53
71
6
6
12
8
5
3
12
12
45
31
5
13
8
147
5
3
731
4
5
7
35
3
3
12
177
3
9
10
8
12
147
3
13
4
9
53
95
25
31
10
6
360
13
21
7
7
150
3
4
10
7
6
3
66
6
10
50
41
99
15
10
12
4
38
3
9
43
45
112
81
11
9
140
7
80
11
9
4
7
14
44
14
4
3
64
7
4
49
8
10
35
4
260
11
57
11
7
29
6
8
5
11
25
53
11
4
555
11
42
6
7
14
4
12
4
4
20
5
19
37
3
4
30
5
5
10
29
17
135
3
8
19
22
26
29
4
3
12
199
9
14
15
29
105
9
11
13
105
5
3
4
7
33
3
12
5
4
3
8
84
4
4
4
5
43
21
88
8
9
47
10
24
42
8
3
10
9
3
5
6
1036
146
3
91
58
9
36
55
115
7
3
5
9
12
3
5
12
188
19
6
11
14
24
4
31
3
15
81
31
20
4
19
12
9
13
3
9
15
252
15
7
3
3
18
17
347
4
3
4
19
79
161
48
4
87
6
16
4
3
21
9
25
42
4
6
3
23
32
13
7
26
12
6
6
6
9
8
6
12
248
42
7
6
5
76
12
6
10
3
33
140
8
20
29
5
20
8
15
9
16
10
4
931
9
3
4
4
3
4
3
14
4
3
6
14
14
25
3048
3
10
4
47
7
5
9
3
13
8
25
4
75
175
4
40
4
18
6
22
63
92
3
3
16
17
15
25
4
12
8
4
9
40
13
11
8
21
29
8
6
16
16
7
125
10
7
38
5
16
6
47
3
10
3295
4
24
5
41
13
9
27
5
26
96
3
4
30
32
4
11
12
4
7
219
9
10
62
27
3
5
5
26
35
16
7
3
18
18
7
5
16
4
5
17
86
8
21
6
3
45
3
7
13
3
62
3
31
21
6
7
93
11
46
18
57
10
3
17
12
4
3
7
18
27
7
19
4
44
6
35
4
3
4
30
47
19
29
28
3
5
9
29
146
11
7
7
9
24
7
7
3
16
4
5
8
35
4
98
49
10
3
4
43
10
7
254
17
72
60
26
86
3
17
239
10
3
8
7
18
128
42
7
4
4
17
4
4
26
13
10
66
5
26
15
3
3
20
43
14
15
7
58
4
7
13
4
5
10
10
544
49
8
44
117
5
12
6
3
5
4
6
15
3
3
24
22
3
113
3
7
18
4
44
7
79
51
35
3
28
69
81
1294
19
25
3
7
39
8
3
4
3
5
169
21
13
6
18
46
3
7
6
7
31
4
40
3
3
7
6
7
19
10
3
44
86
8
53
9
43
76
8
843
16
28
10
4
25
9
12
178
4
14
7
60
42
126
6
11
86
8
10
4
4
6
13
4
12
7
4
141
30
3
8
3
5
8
14
8
19
6
70
6
9
3
87
10
30
4
4
4
3
10
6
5
22
10
3
60
17
34
9
7
832
3690
3
63
432
57
26
12
11
21
5
29
24
4
11
5
352
11
14
13
27
3
11
6
3
10
280
3
81
22
11
3
4
41
23
7
11
16
10
7
4
32
266
9
129
8
21
8
21008
3
3
5
20
17
28
5
8
3
15
47
14
6
6
5109
116
93
3
16
131
6
12
3
3
10
4
25
8
5
15
4
6
35
10
3
3
8
18
23
8
22
35
32
14
22
9
6
12
15
4
145
35
19
11
4
3
3
7
31
10
4
3
11
3
5
8
24
3
63
24
3
6
32
40
19
141
86
165
5
9
10
3
18
6
7
11
10
20
17
15
17
8
8
4
7
5
27
25
4
4
9
3
36
5
2754
23
4
6
11
6
7
10
5
19
25
10
10
11
3
33
4
5
25
13
151
3
3
262
178
10
15
5
6
30
21
4
6
6
24
3
4
28
15
8
6
14
8
34
7
15
3
4
8
15
6
17
9
6
32
13
19
10
3
5
8
3
10
3
15
3
11
16
3
34
5
7
101
4
8
19
10
3
9
4
8
5
7
5
7
12
3
158
127
4
5
4
10
83
19
14
14
17
5
19
64
4
12
19
4
3
3
11
14
15
9
21
24
3
4
7
6
11
5
21
9
5
7
16
6
5
7
6
3
8
32
9
24
34
11
14
3
18
4
22
8
12
3
7
34
12
5
3
6
7
5
6
3
6
7
10
22
10
4
28
20
4
7
69
139
22
13
22
14
19
35
13
16
3
11
7
336
52
23
8
8
11
8
6
25
6
19
26
9
27
148
12
10
4
16
26
7
52
3
10
343
83
12
5
7
5
8
38
8163
6
12
28
18
14
5
4
12
4
47
20
3
1458
124
3
4
475
3
740
4
4
32
27
17
3
19
54
32
8
4
44
7
9
3
27
413
3
17
5
3
5
3
42
4
7
8
13
59
11
24
4
35
349
7
4
14
28
13
157
5
7
14
79
3
16
25
3
4
9
7
50
4
4
5
13
6
4
11
12
32
13
3
9
87
79
9
5
6
13
7
17
51
52
13
6
19
4
9
18
45
17
21
54
6
17
14
11
3
3
12
7
73
10
37
7
4
5
45
26
22
4
219
11
14
5
34
6
3
6
45
19
7
14
48
36
87
7
3
25
20
6
125
3
300
3
21
4
664
22
3
4
10
23
45
13
23
26
4
12
39
5
3
9
7
33
8
14
17
145
7
3
55
10
5
8
7
10
31
54
10
3
99
8
93
119
4
28
32
8
5
6
673
12
59
10
11
49
31
3
20
13
12
6
6
193
1169
15
21
16
37
36
6
6
7
5
6
28
99
9
12
646
12
20
29
12
5
1871
4
11
5
3
3
3
50
8
3
21
16
4
4
6
66
7
66
11
10
4
337
9
7
3
32
18
15
48
6
6
16
24
51
5
12
28
7
3
30
115
12
13
6
21
25
5
7
3
82
6
6
9
16
106
15
4
19
3
5
99
9
8
11
49
59
7
3
184
11
14
3
3
38
9
77
7
7
84
4
23
6
138
4
32
15
15
33
3
3
3
8
26
167
3
4
14
15
17
6
37
89
29
46
3
4
351
5
111
3
11
31
58
5
3
127
5
9
5
69
3
28
37
10
62
57
11
10
20
8
10
7
3
5
15
5
4
3
7
6
5
38
3
4
49
38
5
4
234
50
5
5
8
3
8
21
6
3
5
32
5
4
17
9
7
19
13
24
3
5
25
4
9
11
23
5
3
11
23
3
3
10
3
12
10
82
5
7
93
9
40
4
74
7
65
5
11
11
10
9
19
6
22
24
71
14
3
3
18
20
24390
78
10
19
173
8
24
6
13
6
22
6
198
4
20
305
138
15
8
35
6
707
3
4
5
6
13
3
31
31
17
11
13
11
12
3
134
151
263
4
17
5
50
28
13
20
14
83
3
28
8
6
166
24
7
26
410
3
3
4
4
3
8
7
10
274
26
9
9
8
3
7
67
8
5
4
11
4
65
4
25
23
3
5
3
6
4
6
19
43
10
6
3
6
6
5
78
53
4
20
30
25
6
9
4
4
7
3
18
4
4
9643
7
5
15
3
3
3
4
3
43
11
10
5
15
5
3
9
7
17
22
1645
42
26
22
15
7
25
3
3
13
6
37
50
307
12
15
5
317
9
3
9
7
197
6
6
13
21
71
3
3
3
19
9
26
4923
3
175
8
5
10
3
4
3
4
7
7
15
163
1599
7
102
4
7
3
8
17
4
3
2446
7
11
4
38
23
6
4
6
13
5
6
32
5
3
3
42
9
5
216
8
10
6
525
26
19
4
7
56
6
1552
30
17
6
8
24
5
8
3
6
30
104
3
11
9
9
3
9
3
4
39
12
11
11
10
4
7
10
4
4
4
42
5
5
4
66
39
5
1005
7
6
27
4
4
95
27
16
18
7
16
7
9
3
6
8
34
39
11
16
156
4
17
7
23
6
5
12
4
26
9
10
3
5
3
3
14
32
4
3
11
64
60
4
8
4
12
28
5
3
1892
4
147
6
14
28
3
6
7
25
3
89
4
30
3
11
63
76
28
22
37
12
4
3
5
5
66
22
3
8
5
5
4
48
10
3
3
3
8
8
7
7
9
3
8
16
24
198
416
7
5
7
5
11
7
27
45
9
121
14
12
23
4
5
18
50
3
94
4
85
9
4
106
16
6
13
128
4
26
17
5
3
6
11
3
9
3
10
14
22
11
260
14
9
8
4
22
19
4
11
89
3
3
19
22
56
48
4
7
1524
3519
475
25
19
9
60
4
6
22
13
10
11
3
264
5
3
26
4
9
18
72
25
11
8
20
8
143
9
6
29
14
16
25
3
10
17
18
14
12
9
4
7
29
6
8
4
5
229
7
4
1549
3
26
47
5
8
12
85
10
20
5
11
10
24
3
6
13
529
3
12
4
18
18
102
7
11
17
8
5
497
23
92
57
50
10
14
301
131
3
35
8
4
7
12
3
38
19
18
3
8
19
23
9
7
3
4
6
3
4
23
9
26
10
6
3
28
8
38
12
3
10
99
302
13
3
4
5
14
4
729
8
5
9
53
5
16
3
9
658
19
45
4
34
17
4
15
5
20
19
40
7
5
6
28
3
20
23
22
62
4
16
12
8
156
79
11
41
18
4
5
4
11
6910
14
8
11
3
16
32
93
206
51
28
25
31
15
18
13
170
39
4
23
18
3
26
20
309
13
25
6
16
6
52
36
6
14
31
34
3102
6
10
12
11
34
12
7
127
3
6
11
7
3
7
43
6
31
3
188
19
3
562
3
8
30
6
5
57
5
3
44
4
14
3
3
9
5
183
97
4
6
6
9
35
3
5
18
7
48
53
3
658
25
5
3
39
9
23
6
57
3
6
102
64
19
7
112
5
5
50
5
17
8
7
3
5
7
7
33
23
6
12
3
54
18
20
4
60
3
21
3
5
4
7
8
150
57
15
4
40
4
15
38
27
8
26
3
40
7
8
3
79
3
5
5
4
6
6
12
29
27
10
9
14
17
4
17
8
13
24
11
4
15
13
34
11
7
29
3
7
5
49
11
5
4
11
15
5
4
4
24
7
5
5
8
12
5
5
4
4
4
8
7
498
17
3
26
6
12
3
25
43
3
8
119
3
7
5
16
3
18
14
10
16
10
20
15
37
4
17
10
40
13
53
71
3
11
95
4
9
9
12
4
11
8
19
34
14
9
3
144
3
34
4
4
20
4
62
79
3
4
5
103
111
41
9
3
3
3
7
20
3
395
20
3
4
78
5
10
4
3
37
7
99
11
326
5
6
116
5
9
4
3
3
12
46
85
4
20
13
14
5
13
7
11
7
316
3
10
8
4
3
6
3
3
3
3
123
5
4
7
4
46
42
16
3
15
53
24
3
131
19
10
3
13
35
11
8
10
48
10
6
3
7
4
21
3
7
104
66
17
9
10
10
8
7
16
10
12
8
4
13
6
3
14
3
6
3
46
6
3
7
3
7
10
16
7
6
63
6
3
20
13
83
16
10
3
5
23
36
5
12
197
30
11
3
81
17
3
16
10
3
33
20
6
7
51
11
30
7
16
8
4
6
58
8
11
11
4
4
4
90
3
21
22
5
24
5
8
52
5
6
3
7
19
7
8
18
33
3
8
29
7
48
51
4
26
9
6
23
10
3
13
82
133
6
144
6
52
24
3
6
14
4
35
80
3
11
13
7
7
83
12
72
3
3
8
8
177
6
4
4
5
4
16
5
12
14
31
148
42
3
12
10
4
3
5
11
17
20
3
8
12
37
19
4
24
7
5
3
60
5
40
11
5
8
5
4
20
21
72
10
20
12
43
4
11
5
5
11
18
3
114
8
6
9
389
6
11
3
19
6
4
5
7
18
3
7
5
24
77
3
6
22
6
9
3
144
4
8
50
10
17
172
18
321
5
6
3
5
16
7
23
21
14
9
19
40
69
37
4
38
24
3
12
6
18
10
119
73
21
6
3
80
7
6
4
18
5
11
3
19
36
21
7
13
4
4
34
3
28
3
110
7
6
4
5
12
5
43
3
15
5
2230
76
10
13
43
3
59
64
3
3
90
24
28
3
9
25
65
3
3
3
7
7
15
535
6
41
68
33
11
182
6
5
6
6
4
5
184
4
9
4
183
3
32
50
8
4
6
10
27
6
5
50
32
8
5
6013
22
57
31
3
19
5
5
4
5
3
194
6
6
12
7
317
16
67
6
31
5
9
10
78
9
3
15
66
8
4
287
3
79
50
6
79
4
24
7
16
3
22
53
17
4
3
43
9
7
27
6
11
49
7
5
36
28
15
4
10
3
3
7
56
56
187
36
3
36
21
5
3
7
3
1321
33
3
44
8
7
4
17
41
12
53
33
12
163
7
4
13
6
6
4
10
9
1588
8
27
58
110
3
3
13
68
30
163
5
3
3
12
223
4
10
9
8
12
3
114
5
135
10
235
25
27
15
11
3
47
15
27
5
11
3
5
3
111
8
6
20
3
64
3
3
5
18
7
5
5
3
6
9
6
403
8
37
4
377
1011
16
8
10
55
6
10
5
18
139
4
7
117
6
8
13
4
7
62
42
16
8
22
26
9
6
9
90
5
13
13
4
24
17
343
3
12
66
8
36
12
21
4
10
16
49
3
13
5
4
22
4
127
7
15
6
3
31
5
5
9
81
4
3
14
3
24
13
5
3
12
10
8
126
11
96
7
24
4
8
8
11
3
6
3
8
12
3
15
185
3
143
3
5
45
3
12
25
14
3
10
30
5
17
15
14
4
3
18
3
17
6
4
3
4
7
14
6
28
21
26
155
5
50
6
18
10
21
3
13
38
3
3
6
6
7
3
43
7
3
3
3
5
3
8
13
8
5
72
158
9
10
12
5
107
4
16
128
15
11
8
7
9
12
22
24
4
3
4
3
3
11
171
3
139
67
3
8
19
4
11
3
11
6
13
6
266
13
8
11
10
12
20
5
24
6
7
41
4
61
6
6
20
29
3
5
11
6
144
27
3
203
9
4
3
9
13
3
3
5
5
9
8
28
14
82
8
4
21
12
24
25
104
27
12
31
95
22
140
4
5
13
171
8
425
11
3
5
23
3
17
5
9
4
146
3
3
3
291
31
27
15
22
9
106
10
3
21
15
8
4
5
7
19
4
31
39
31
5
3
3
7
3
45
5277
5
44
3
31
4
40
5
27
4
28
14
11
21
8
3
6
12
4
6
10
7
7
24
11
18
74
24
58
19
13
3
10
14
5
17
27
14
3
5
10
12
5
4
6
49
3
83
3101
25
7
4
3
3
11
3
5
3
10
107
7
35
3
9
71
829
14
8
19
22
21
103
7
15
13
24
8
5
7
14
8
27
4
4
120
12
10
4
46
5
32
19
7
7
3
60
3
353
8
3
152
5
19
8
8
24
15
83333
24
65
5
10
7
12
4
15
200
23
3
4
3
252
3
8
8
12
14
44
6
8
11
8
5
7
6
8
9
16
3
4
123
3
130
21
3
6
8
37
33
17
60
5
29
186
241
30
6
5
9
3
27
5
15
6
25
12
16
28
8
38
26
7
15
4
12
5
6
17
96
45
4
34
33
11
8
9
22
9
12
5
54
6
16
17
21
17
35
10
41
12
30
5
52
4
29
32
131
4
8
5
7
85
3
14
50
197
5
3
6
10
334
11
4
47
26
11
93
7
6
11
30
4
6
4
20
4
15
3
105
14
4
14
4
8
4
34
3
32
4
5
5
27
45
11
6
44
16
10
3
15
22
1871
5
110
3
4
10
6
3
5
6
6
9
32
508
4
7
7
3
41
3
83
3
22
23
6
4
6
12
138
131
18
4
17
27
12
14
12
7
39
5
6
19
7
6
123
3
3
6
3
416
31
34
27
20
39
48
29
8
15
4
7
6
3
3
22
5
14
5
14
22
9
7
28
4
4
157
20
4
24
268
179
7
3
82
9
44
9
23
3
17
3
42
15
4
8
13
31
4
3
85
10
18
5
3
53
5
3
7
7
39
6
9
7
30
13
19
10
12
8
11
7
5
9
9
19
23
16
15
14
203
5
11
49
66
3
25
20
15
14
4
5
26
17
37
17
16
13
24
11
12
7
6
18
19
6
10
3
3
3
38
12
21
5
7
28
11
3
4
13
3
4
41
3
26
13
30
89
3
10
24
24
6
23
6
13
46
6
10
12
3
52
9
18
7
3
18
34
6
6
389
67
7
36
8
19
57
103
4
4
48
12
65
5
77
3
3
26
3
4
112
17
21
11
16
3
10
13
108
3
110
67
3
28
7
9
8
17
27
8
4
11
9
13
16
12
3
12
15
5
12
65
3
5
9
6
467
20
7
36
7
6
3
45
67
578
22
4
12
8
24
7
3
16
15
3
7
38
8
18
11
8
20
6
3
68
12
172
3
10
13
10
59
3
77
27
6
12
4
3
52
15
4
7
5
5
3
31
973
3
4
7
7
41
20
5
9
9
15
181
5
19
27
3
3
3
11
11
8
4
11
4
3
32
13
6
23
3
9
11
13
12
3
437
5
3
23
16
4
4
5
22
8
6
77
5
5
27
13
13
64
7
25
17
117
12
23
10
42
13
11
58
14
83
4
8
6
4
44
5
4
6
5
9
4
32
37
264
24
24
87
27
62
3
48
3
20
5
23
73
14
7
4
4
5
11
4
9
82
5
11
5
50
140
3
14
4
82
6
14
28
18
5
71
454
41
120
16
37
363
31
30
3
642
7
7
14
25
7
32
6
18
19
6
33
3
13
14
46
23
3
7
48
15
3
11
3
10
61
7
8
35
5
3
4
4
3
557
4
5
41
61
28
9
65
513
13
8
4
37
36
77
7
8
21
37
94
7
42
6
5
10
5
3
9
81
11
12
8
4
47
32
13
3
67
112
18
26
4
56
3
4
24
4
7
5
4
53
3
4
8
15
5
4
72
23
7
8
60
31
49
152
29
37
9
28
6
28
13
64
22
45
133
35
367
3
9
31
3
18
100
6
7
188
5
7
18
96
48
23
14
67
5
29
9
38
17
23
28
4
56
12
4
498
9
6
8
209
3616
122
13
22
18
3
6
4
18
186
36
7
449
35
44
25
60
92
23
15
4
28
3
5
25
7
4
13
5
