70
297
295
340
31
248
9
222
393
49
124
342
72
319
228
189
78
163
262
235
227
90
463
158
96
74
211
266
5
14
234
365
30
470
1
403
464
82
330
58
499
259
169
153
486
237
128
63
145
125
342
146
453
420
22
418
304
28
93
360
57
455
232
400
333
130
98
481
130
93
474
198
83
143
287
305
118
375
218
181
121
137
438
372
203
18
50
451
276
441
443
483
432
209
196
492
200
376
201
450
160
84
392
440
116
192
135
300
270
60
55
184
171
476
257
497
280
382
145
81
168
293
222
143
367
162
296
66
30
15
475
306
363
247
143
176
5
341
52
185
489
156
106
472
121
155
89
46
369
193
59
127
386
325
313
373
138
173
239
309
9
178
101
431
354
147
169
104
129
289
328
61
126
44
168
387
392
77
17
477
446
133
75
78
11
69
19
94
261
114
457
452
437
89
320
384
314
20
3
182
107
482
42
434
240
493
32
12
302
151
71
154
135
275
428
100
243
25
254
344
301
95
337
231
152
170
427
487
142
2
188
427
77
295
343
467
283
88
229
439
172
123
104
334
388
73
317
181
171
51
151
137
355
4
358
471
108
119
147
295
395
148
219
419
490
173
183
259
92
53
323
127
88
445
76
91
44
24
339
37
33
376
143
496
246
478
206
309
494
207
349
7
469
131
100
41
143
112
484
216
274
26
241
215
54
204
251
332
56
111
136
30
488
331
228
149
71
417
362
212
69
291
65
220
113
431
376
498
83
318
480
75
144
61
23
128
86
376
187
258
249
299
80
255
342
98
68
64
194
241
233
185
208
413
135
286
375
26
132
170
202
43
136
89
48
250
96
375
238
307
21
224
233
167
289
217
207
426
155
23
337
161
181
10
407
114
133
204
13
39
284
194
151
174
6
172
118
166
99
54
378
109
141
406
364
425
184
326
277
176
404
38
45
139
197
97
103
351
479
175
246
76
460
153
416
142
461
34
179
68
491
390
379
397
169
423
67
79
401
283
368
402
27
129
68
253
146
148
140
336
129
213
128
8
414
192
29
100
359
279
102
192
350
267
256
401
449
264
57
40
374
495
303
500
285
235
283
465
47
124
261
115
253
361
35
210
422
230
322
62
201
100
292
288
424
105
123
120
293
178
