103
608
348
370
980
235
1991
192
618
77
241
585
146
142
237
227
139
134
48
88
69
438
502
353
1855
590
255
916
125
612
1421
378
40
74
584
238
569
373
100
982
221
1485
321
244
294
637
467
414
228
867
322
543
145
278
440
648
270
879
136
113
424
375
101
98
79
326
586
186
117
305
170
426
270
1015
319
508
220
139
170
193
480
338
115
322
343
179
453
296
104
334
770
513
477
124
1270
331
277
357
818
273
147
828
157
83
436
245
198
395
275
306
317
64
260
731
1191
893
124
300
249
529
871
410
203
369
526
491
1986
905
788
592
181
12
416
247
91
84
175
53
445
287
53
281
452
85
197
398
449
517
430
434
463
215
253
893
342
182
277
133
672
264
77
557
285
235
457
411
430
741
215
426
118
369
371
212
257
190
797
165
464
115
425
183
348
182
529
222
259
171
536
780
456
380
216
327
307
144
1025
86
52
774
1303
67
211
1556
256
562
832
267
157
262
275
329
618
263
169
138
65
375
1144
483
671
314
301
84
207
1602
678
143
211
402
274
71
205
143
1952
437
45
496
190
107
1094
94
124
149
478
525
348
488
204
371
147
174
433
30
134
438
37
302
186
92
257
125
780
716
515
23
198
1552
208
457
369
522
178
804
345
1377
603
744
307
197
371
755
1994
27
757
158
283
314
271
260
2000
314
584
71
372
200
543
1894
191
243
97
750
115
42
57
331
884
400
583
1182
157
223
299
653
142
299
206
582
56
486
271
174
689
170
1793
229
852
524
280
291
218
233
425
294
43
521
250
441
170
1993
909
320
534
426
446
243
114
356
698
209
81
91
815
382
369
321
405
295
175
993
84
305
1941
814
362
213
392
174
241
714
113
269
424
183
72
697
128
254
881
316
1872
92
88
161
109
183
409
270
364
319
205
400
1035
172
537
120
315
177
160
561
145
624
786
321
254
320
493
647
329
163
1602
290
634
340
263
286
352
338
208
417
29
805
619
125
905
162
396
169
197
578
103
103
68
315
66
368
1972
1491
246
468
397
416
229
799
92
185
139
747
369
175
601
253
243
144
384
140
289
208
271
704
281
507
487
139
295
841
202
1998
407
409
126
311
494
282
117
761
1270
588
544
57
163
135
207
396
26
47
813
381
611
385
880
385
541
142
278
19
616
657
225
521
