500
8389 9766 957
8492 9775 1266
6272 1366 551
1952 137 1105
5535 4166 1873
1104 3691 555
1383 6883 1991
4160 1652 1217
4568 4797 1240
432 9454 351
9983 5904 241
2523 7081 919
8630 8271 278
1066 3459 587
8330 1436 688
4110 9539 534
7750 7725 689
8288 3745 1006
7482 7703 1046
8908 7327 378
4500 7456 69
3920 6352 1339
4649 701 1018
3561 2735 912
1677 1196 1966
5409 2374 967
7442 721 255
3622 6030 1674
2777 4406 595
68 9061 1785
9998 1819 1675
4672 1079 698
2407 7905 40
211 8226 986
4323 1550 1350
319 8504 1107
8164 7840 1504
4683 1649 1322
2809 1647 324
7920 9567 1839
9037 1953 221
9908 9608 1910
7002 7658 754
3241 1133 911
915 7718 490
9277 4246 1710
109 5801 545
6224 326 1389
2528 4973 1559
2671 8972 1685
5252 5963 1283
2178 3246 1694
4241 3649 872
1763 1461 495
2132 1762 459
2209 2579 1282
5951 7490 841
6415 8270 1545
7484 7655 1145
2054 6235 113
4850 5114 797
2166 3646 375
8417 3941 787
8855 8695 246
2671 8492 1096
8636 4976 1245
9422 1706 1255
202 405 1227
491 8824 117
7800 6666 1175
1015 8841 170
7739 6004 1035
6209 4230 1353
6022 2713 1985
197 8299 1324
7077 2202 1918
4383 6761 505
5558 9489 200
2884 6465 839
4893 9534 500
7274 3156 519
1591 2430 445
8822 3857 362
9683 3094 322
1957 4980 1387
2165 3003 493
2902 4420 954
1103 4640 1036
7492 1300 104
967 5425 1231
8558 1501 770
3461 1876 877
6293 6983 853
4725 9120 457
4458 5655 1827
2137 796 977
9019 7073 296
459 3069 1182
640 7226 1879
6703 9554 302
5601 5579 1086
3080 7260 1203
3449 8924 565
3069 6222 83
9956 8272 1741
6334 7293 574
1244 6741 889
8865 993 498
155 7238 984
8740 222 1653
3701 513 1042
484 6491 508
5457 931 982
3665 8628 1904
4294 3785 1875
5421 9516 893
3322 2036 124
6967 2482 1846
9908 299 249
4952 5845 1728
5205 866 1950
5682 1510 1578
5671 8512 756
2733 2500 884
7435 9773 1458
28 3408 1032
485 9510 1986
2227 477 1866
9730 5170 845
5447 4752 1838
4248 7080 1725
2967 6013 12
2756 523 1331
6437 3096 1842
2973 3717 402
306 7119 84
7085 8306 580
7034 5410 53
6865 5715 484
1921 4125 287
1924 2845 176
9341 2444 1210
6520 2411 631
2818 2489 141
1397 4600 1298
88 9473 543
3380 458 1830
1559 3946 1009
2290 8044 430
9333 132 852
423 9969 779
8694 5184 573
4757 9240 866
3532 3318 1784
1943 2795 914
6817 1835 1752
5698 6270 277
536 7310 1238
2791 2865 1697
4357 8536 760
2117 7655 77
2101 7446 880
8039 431 807
2557 2838 583
2122 8476 559
2515 183 1635
4534 3428 1872
7266 1245 1326
7751 2243 734
6029 2287 1250
8364 6706 389
9768 9950 826
6607 8890 1347
7848 9767 1385
1823 8653 308
4410 2303 439
9613 2517 1459
398 7927 400
8881 2509 540
7381 1244 863
5850 827 1258
8438 5616 1045
7729 1233 677
2908 7851 469
7215 8188 1421
1061 2485 222
1346 7140 1703
5542 4609 1318
583 151 1775
9018 5508 1409
3783 4374 865
8127 3037 444
2836 3266 216
9405 5130 701
3780 8287 307
2047 9209 144
9634 445 1859
8453 1406 86
3570 6023 785
9979 8708 1755
7335 227 1849
5913 1644 67
827 7128 1543
7618 7679 1953
8061 3864 811
4902 3003 1719
6134 6029 1917
2704 3872 579
1032 7988 1294
8724 8158 1386
8617 6911 1315
3092 9646 903
6612 5347 1933
4972 2207 533
7872 6169 344
6204 9555 138
6352 8251 1305
5407 3813 1594
6218 4870 1978
41 8578 1547
3229 9346 1658
6022 3840 1454
5815 5231 301
2882 2434 90
620 1213 353
8727 3923 1714
457 1413 846
3173 1878 143
5282 119 281
3767 3645 900
5647 642 428
2525 4194 684
8372 3036 338
1663 8906 812
4306 8276 1952
6692 6622 1128
6456 8250 1058
562 7947 1815
8614 3343 591
2574 8692 907
4266 303 1914
4360 309 475
6472 1019 1039
1124 1535 1050
1525 5339 1379
7398 5748 1262
8115 8208 1106
3716 9309 1368
8796 6737 204
6171 5239 592
3858 7810 742
119 7067 485
2236 5557 765
6052 3834 172
7873 6000 995
4721 3884 1405
6716 9690 37
3319 5855 717
2307 3112 667
7303 8159 956
366 5800 395
8662 5412 1021
7129 3801 1742
8847 3217 1550
1572 4691 1597
2344 9144 23
3685 1149 340
5703 7599 1915
4384 4416 357
1461 7828 1056
8951 8718 1745
5292 1381 1863
6067 8492 178
8089 5409 1681
8054 2453 1920
4213 6902 1944
3977 4978 1425
7527 4521 762
1138 2832 481
118 4295 1222
744 4465 1623
1100 1683 1473
6655 1919 1994
7236 657 27
6587 9940 1362
3859 9902 1329
5877 5909 603
5030 9397 509
8528 7301 820
2964 3808 796
7304 5231 2000
1332 522 1186
7790 6971 1209
1301 7084 1669
9225 4635 666
9695 7989 630
5015 357 1284
3347 4508 1894
4566 2412 713
3790 5854 945
6313 4894 1734
4249 9099 1556
4081 7168 115
8357 1403 244
7553 7104 65
5394 8244 1480
7015 6134 1354
78 3897 1166
5850 8608 1306
7709 2454 1989
4977 4232 885
5374 6150 325
5115 3748 517
4733 2319 1359
1453 446 152
7505 4879 299
3722 3931 602
3546 2382 1481
529 9474 1924
7129 6607 1159
3985 9349 759
2671 6203 426
2888 5023 1837
4720 3334 824
9224 6669 1793
656 9283 961
6794 9211 1380
3217 3872 804
900 7330 1759
9051 1544 291
8625 4210 218
418 7155 1248
8593 5517 1230
7682 885 743
3847 9944 1251
1426 2725 702
7117 7435 621
9496 7962 892
1208 4326 1897
63 281 1993
2646 3522 1749
8129 1686 536
71 4487 1300
6973 9598 510
8462 8173 1497
703 8146 916
8460 3222 715
4446 1915 816
3051 6432 1365
6762 2274 209
6077 5108 81
7425 252 91
478 6427 1724
8349 3865 1610
6844 4224 1349
6541 272 758
9664 4366 1179
8557 3161 1293
2735 8539 1369
1017 8145 1833
8603 6029 110
4291 4603 694
8610 500 1941
5454 5580 1805
1583 167 1620
5410 3080 213
5587 7974 1586
4826 2467 1232
8402 7061 854
3658 7910 1008
5516 5282 639
2020 4532 269
3747 827 1821
7252 8382 382
7960 7645 72
1219 9372 1899
6957 4162 304
8008 5112 690
8356 6824 1664
7497 7091 1140
5817 245 1963
3720 3725 876
9796 8681 88
2388 472 1253
9425 4111 109
5886 3963 1099
9576 9369 1800
4587 4527 1013
9993 6244 364
1909 2458 435
345 4946 1776
2566 8585 1607
467 5111 1835
6489 4360 1398
4925 4381 1084
6100 3932 693
1612 667 944
192 812 177
6266 8116 1181
9058 9586 750
365 7291 857
1225 226 1808
6504 3334 1865
8261 5137 1316
2646 6376 749
9998 4943 320
8519 6017 1072
8870 4749 1403
8426 6502 1147
4668 3729 314
4009 9851 1921
4504 9238 1139
1101 5118 1733
1466 8931 1089
3137 4936 1052
6990 2768 1561
1803 5555 952
5899 1250 1408
4393 8948 1364
5377 8808 752
7264 2191 29
9640 5979 1419
803 8913 1754
1524 5464 342
1053 3317 1352
5272 3576 162
2593 4172 858
3822 7953 862
7544 6885 197
8993 7350 1114
2906 5392 103
6985 8280 452
7314 292 1376
6476 4188 1624
7064 3788 1370
4185 2882 1069
1052 4257 1972
3785 1321 1925
6608 6390 337
2892 1703 1142
6484 7764 926
479 2057 416
1103 540 383
6565 7375 1174
5539 5378 155
6474 5622 185
5787 8434 605
1806 8910 1855
7163 9236 480
5566 8371 643
6329 3909 1854
8093 8461 718
7937 3487 243
7777 7583 179
5433 267 394
4154 3796 899
3297 181 1512
5447 5372 991
3399 8576 1124
7883 670 1499
3416 3061 1644
3795 5553 1541
3090 7855 487
2977 9725 207
7323 7670 1903
9886 7188 1472
2758 8309 712
8616 8874 1998
9256 5843 422
123 5334 987
6021 1282 276
3536 9055 935
96 6741 933
9618 8713 282
585 1091 311
6529 1130 1684
370 2723 1451
2300 4993 1823
8235 19 1280
466 7123 616
8656 657 1270
2530 8365 135
4794 3180 1469
672 1012 396
993 3306 26
7730 5957 871
2628 1316 1778
3128 3311 599
1174 848 1957
9109 8174 1296
4112 2521 1609
2130 2202 744
4904 7921 541
1164 1810 1121
4103 4070 668
4744 3185 19
3330 905 1905
4995 6501 1292
5753 4224 686
2683 5502 1158
