500
9934 4768 5236
6334 8060 8192
5929 7788 5001
3191 8724 7733
4309 1598 8776
5827 7804 4658
2634 4919 8807
2980 1129 933
3072 3495 2593
4555 3889 1203
4431 4254 573
9944 4381 3373
3571 2332 966
6857 7154 911
4420 332 3739
7277 4435 8147
3841 298 6558
8569 8249 5640
6803 5383 4910
5698 9573 320
1687 850 5245
250 3112 9943
3176 1447 7668
5879 3434 3391
7068 3291 8156
9749 8604 3852
4417 983 5606
8205 3681 7019
5239 1308 6970
2932 7443 7098
3882 7394 2482
2093 8723 2324
1091 1510 2717
5754 7485 6237
1039 9543 797
8364 7851 928
6413 2881 6568
5542 7178 1800
2003 991 4328
5473 4180 5981
1839 5924 2281
2448 1184 2435
6319 879 9131
433 5945 3094
8730 9727 6329
8284 2966 248
4040 3041 2675
7248 9769 135
7563 8353 6550
6789 5664 7798
5943 5693 4500
1998 4439 6373
56 7001 6391
8063 1466 148
8020 6313 9260
8724 457 8592
8378 1102 2656
3897 5899 4053
4036 7069 385
5622 6225 5966
6325 5986 4040
9397 8311 5304
5270 5146 7037
5377 6719 545
5069 8056 2665
3632 7503 4196
686 6564 2375
7641 7180 8714
4962 4160 2634
7725 9429 5775
2546 8449 4212
5736 2968 1490
8699 9924 2110
639 1266 4453
8343 2432 7367
4378 3704 3152
2727 4301 946
7869 1817 4466
115 2220 3564
4189 8309 7795
3088 2157 3147
8270 1808 7177
3616 3685 7379
9258 344 2345
6153 7796 7436
7832 45 9476
7173 5590 8121
3149 9683 9243
5147 1963 9346
1960 6171 1760
6116 8577 9890
1621 3448 6527
5598 78 1204
4442 3343 5020
8279 6965 7461
7002 2706 6812
8673 8854 1035
7844 5202 891
3730 5940 2353
7808 7983 3412
8423 4367 2112
8619 910 1477
6505 4444 281
5695 2422 4839
8901 9882 6583
427 8483 1967
4047 1652 2872
1220 3856 5103
519 4095 4438
145 7655 8684
485 5477 6276
4264 3150 3850
1711 4206 5307
874 909 4134
8640 9904 7603
2730 2679 1386
7788 5389 7012
7686 4437 195
6615 4407 3119
7095 7093 8913
9332 9092 7602
526 8100 9637
3354 1887 8300
2965 8546 5052
8664 9042 8871
3742 9850 2963
5842 2382 8786
8993 3700 8619
2172 1861 7314
2089 8209 9364
2153 8728 9054
5401 9881 3014
7188 4159 2915
8198 9606 2967
2450 8671 5311
5919 4684 5146
2209 177 1100
3965 9913 7118
9585 3071 9628
8596 447 3103
156 9656 5478
9609 8440 2767
9161 1409 2810
5588 7399 3756
8009 2857 5848
1905 6814 6704
3869 8356 478
3823 1693 7403
7862 6386 9698
1890 7245 8142
429 614 9826
121 7391 3161
8976 9451 1839
1764 7341 6655
1869 2320 1556
8239 6827 8693
5807 211 5735
6986 630 2414
2589 6759 2581
3123 1540 5750
448 2571 3732
9047 4058 6112
1840 9821 1285
6263 2521 5476
8677 2714 6474
9464 8729 6723
4677 5233 1466
7854 1538 5490
3782 4487 8744
144 817 9964
4676 989 4299
924 1091 6697
8752 5102 2696
3581 6238 2103
5491 7092 1308
8357 4689 7297
4424 5170 8529
3475 5081 6328
6882 6886 8438
2072 9046 7667
2058 4077 5768
7766 1709 7320
2359 9762 2456
190 4111 2852
5156 5741 8426
4316 7465 1538
7951 2403 6815
5313 3206 2937
1947 7857 8719
1675 2851 9663
8121 3163 5292
6768 9968 1910
5498 5353 7194
2174 4231 2393
2274 3584 9384
5125 9277 6196
2924 8141 4218
4725 9405 7475
6624 3121 590
8199 7161 6139
2285 3221 6067
5577 5245 4310
1750 5968 3195
6849 9759 9808
9069 104 524
3520 1184 3955
4164 9296 3169
7607 3946 1847
1914 5358 6598
9619 703 6998
7723 5373 6490
9684 3307 3499
2717 2758 575
3282 3998 6976
6342 6875 4263
7657 1711 8107
8920 1705 4709
2555 6693 4480
8694 2865 4076
3817 9327 1723
3584 5826 1384
1849 6645 2766
2770 72 5265
9430 1615 4126
9326 620 6066
6588 1745 6683
9467 5379 3198
2390 1297 9720
7288 7021 2991
6792 5138 7211
2775 8819 6854
5799 5499 9677
5309 3702 6275
8654 4535 9752
7087 9125 9704
5525 8933 6437
7886 2618 1805
4676 419 2143
7153 3860 1437
2257 157 3789
3299 2675 1551
1970 2346 5628
9277 43 5125
3626 5125 8419
4689 8174 3779
4261 6482 5472
4659 5722 7815
565 5554 6126
6806 4983 9561
7 4099 4493
2760 3748 4738
391 6318 3580
2825 4268 2652
8806 1855 705
4217 5451 4455
5276 2068 9780
6584 5459 9769
6152 2196 8377
390 2247 2304
2621 3414 8140
2456 4652 8925
1695 2461 4135
9358 1089 8321
3872 2605 1258
2419 3344 6309
8528 3288 6608
5572 3968 3367
623 5413 8775
3934 6162 7550
6634 2084 536
8879 1425 1679
5798 9372 5088
5566 4605 8102
3395 8867 8323
4826 7979 9165
5660 3559 7637
3847 6592 703
1268 3149 2830
1168 7504 1276
6055 4194 8732
6104 9948 8883
3997 691 4607
9905 5857 6082
5737 3163 9842
935 9114 463
3487 1539 3530
3837 3887 5769
9386 5363 3981
2767 6774 443
7429 6583 598
885 3125 5552
7860 7639 2396
583 6113 3622
241 1012 9925
7446 8171 787
5064 2099 7840
5535 4013 2932
7164 1840 9602
8353 5251 6824
6773 6154 1981
9881 3907 7830
6873 8414 4300
9283 6654 8649
8650 8683 7545
461 7316 3316
1686 4871 8636
5717 6513 8964
4106 8054 3906
1937 6873 4584
5409 158 2413
3707 1582 261
8138 6211 9307
4985 6962 6085
4168 1157 3685
7770 6306 3237
2021 2007 3950
363 3563 1134
5862 8031 854
7067 5723 1668
6745 9430 747
9109 4587 7111
9831 9847 8324
146 2109 4833
1954 6461 7237
5801 1971 2828
471 2324 6926
1652 8598 2635
8721 8954 57
1901 3961 5795
6455 6202 7100
7677 1049 6906
2861 3686 6676
9581 8187 1907
1641 970 4812
6805 6959 2099
3123 3835 7240
1770 4684 5224
4603 7748 1796
87 619 9970
5916 4468 4964
9956 8416 6842
7998 1535 5924
8163 2653 7626
4156 9299 7066
8534 4708 9557
1842 5532 8881
176 8357 2514
1355 4007 1929
6401 2068 7775
7406 3272 6406
7410 4456 8230
7134 6383 3972
1865 30 8487
6139 7138 3911
6793 8174 1343
7044 9306 6463
814 160 5095
3302 9375 3060
1953 7205 1530
1812 7765 8090
6068 5678 5511
1277 2809 6830
5948 617 6502
2091 4428 7759
4236 1033 7493
235 426 2038
1019 8 9749
6895 8558 6606
6910 1416 4388
930 9445 9451
579 6030 6235
3727 4250 4275
3577 8628 4531
1284 8772 4626
2499 1388 2762
5247 9832 8355
230 3053 3366
9470 5019 3155
2011 406 5926
2378 6312 2942
2320 503 3203
3072 9360 9031
5147 2895 5251
33 3044 767
7086 5051 9924
7819 6849 6517
4288 8130 3038
3097 8898 1647
9542 8214 7757
8450 9391 8344
5518 9779 188
5181 2500 9847
1879 9380 3917
8886 5878 2568
7985 1124 9435
8416 587 6642
4367 6778 1072
6145 8966 5938
9117 9603 4257
6129 4379 7294
208 1429 5720
3017 48 608
5864 9616 1916
9930 8222 2226
3330 8882 5896
8131 9568 3034
2839 7464 2028
219 6767 6653
5389 7784 2625
8471 5556 371
6006 5019 4863
870 9841 7588
7357 8967 3018
1721 5764 4859
9508 3690 5130
3131 6759 8369
9431 605 8480
2521 3398 3933
3069 5686 1932
7217 7299 6539
6767 7816 7564
5482 1539 7404
3920 553 6577
1973 6716 7139
2461 7389 5892
5875 4559 235
9662 4885 4958
5149 5671 6929
429 5907 9066
7082 7988 4305
7872 2332 6220
5182 144 7609
6310 7933 8780
9049 9978 8991
4530 1131 5887
457 3659 6752
9669 2938 8127
1981 5139 2540
4205 7673 6374
6751 8557 5369
1953 7848 5308
8332 8205 1884
2412 7555 9480
2287 6411 1319
3054 9489 3520
3659 8474 4545
6739 5438 2219
9910 9822 780
7422 8211 7561
7407 2928 489
6861 0 2582
9623 7178 3350
1534 3144 8848
7029 3295 5748
4526 5399 989
4574 2338 5064
8575 7641 5408
8805 6776 746
8462 3861 4717
3717 5366 1140
6354 2927 8981
7068 6336 1039
6862 8053 5420
8211 8435 6883
8269 9137 6320
9972 9051 4448
9580 4187 659
6916 7586 8914
1903 2322 1727
3265 4498 8201
9912 5530 8163
6676 4105 5776
6978 2083 7423
6717 3961 6595
9781 7246 5633
8428 1018 2985
9749 3719 4009
4138 4370 698
4772 6659 1404
7214 1076 3557
7326 8051 7528
2585 100 7332
4560 4308 7965
6279 4010 2374
3373 5123 8493
5222 3187 7825
6192 8415 2137
7250 3536 1676
7850 5005 5630
6637 4336 825
7709 412 6267
8778 966 2988
2558 3551 8703
7038 6534 4270
3660 8523 5752
3293 6652 4399
3792 1916 637
1113 4942 5528
2645 6355 2995
5102 7836 4782
