410
19 14 395
7 7 148
3 7 68
17 2 343
4 18 99
19 3 384
1 15 36
4 9 90
15 11 312
15 5 306
1 13 34
3 1 62
10 2 203
14 17 298
12 16 257
11 1 222
14 7 288
7 16 157
2 16 57
16 16 337
12 1 242
6 6 127
6 3 124
19 36 405
18 10 371
0 1 2
18 4 365
18 18 379
5 18 119
6 2 123
8 0 161
10 13 214
6 11 132
19 6 387
13 3 264
15 13 314
14 9 290
1 3 24
18 13 374
18 7 368
15 0 301
2 8 49
4 16 97
19 21 401
12 13 254
19 16 397
13 18 279
11 9 230
9 19 200
12 14 255
11 17 238
15 17 318
9 11 192
16 18 339
0 19 20
17 11 352
12 2 243
6 4 125
4 7 88
2 12 53
12 4 245
15 3 304
11 10 231
11 19 240
5 2 103
16 17 338
15 18 319
17 18 359
7 1 142
1 8 29
17 6 347
19 7 388
0 17 18
1 17 38
19 532 410
10 7 208
11 16 237
7 15 156
13 16 277
15 12 313
2 17 58
16 2 323
17 14 355
3 11 72
17 7 348
19 28 404
16 6 327
18 19 380
19 18 399
3 12 73
14 6 287
2 7 48
2 6 47
19 1 382
4 1 82
3 10 71
19 24 403
12 11 252
10 6 207
19 10 391
11 12 233
11 15 236
15 15 316
4 3 84
0 10 11
12 0 241
14 4 285
4 10 91
7 10 151
7 12 153
7 3 144
12 10 251
12 3 244
16 5 326
11 8 229
12 12 253
3 3 64
0 2 3
5 11 112
10 12 213
18 12 373
5 15 116
11 6 227
9 12 193
0 16 17
5 13 114
0 14 15
7 13 154
5 8 109
8 2 163
1 5 26
10 11 212
16 7 328
19 9 390
9 0 181
4 15 96
9 6 187
1 11 32
18 15 376
9 4 185
19 148 408
9 9 190
19 0 381
1 7 28
12 7 248
14 11 292
5 7 108
19 17 398
9 8 189
17 19 360
17 13 354
19 52 406
11 11 232
0 9 10
0 7 8
13 11 272
13 5 266
0 4 5
6 18 139
16 0 321
8 8 169
6 0 121
12 6 247
19 4 385
18 6 367
17 5 346
18 0 361
13 2 263
14 10 291
5 0 101
17 8 349
13 12 273
18 17 378
3 13 74
3 2 63
0 13 14
10 17 218
16 19 340
1 16 37
10 4 205
7 5 146
17 0 341
7 8 149
16 14 335
2 15 56
10 1 202
7 14 155
7 0 141
11 13 234
9 16 197
4 14 95
11 4 225
15 4 305
10 10 211
9 3 184
6 14 135
8 9 170
11 3 224
16 8 329
8 1 162
0 12 13
13 8 269
13 17 278
2 9 50
5 9 110
4 5 86
5 16 117
2 11 52
1 18 39
14 1 282
6 19 140
3 4 65
1 4 25
6 8 129
4 11 92
6 16 137
11 2 223
6 15 136
18 1 362
15 1 302
17 4 345
9 18 199
4 6 87
3 14 75
15 8 309
14 8 289
7 11 152
5 3 104
14 13 294
11 7 228
18 11 372
2 19 60
3 16 77
13 7 268
2 3 44
12 15 256
3 8 69
17 12 353
12 5 246
0 5 6
13 1 262
15 16 317
6 7 128
3 19 80
7 2 143
16 15 336
19 13 394
13 13 274
18 16 377
5 1 102
14 12 293
16 12 333
7 17 158
0 18 19
14 15 296
14 5 286
18 5 366
17 15 356
7 4 145
9 17 198
11 14 235
8 12 173
8 17 178
0 6 7
8 10 171
1 1 22
15 14 315
12 19 260
13 14 275
12 8 249
2 4 45
18 9 370
5 14 115
4 12 93
10 14 215
7 18 159
5 19 120
4 19 100
19 8 389
8 15 176
8 7 168
8 11 172
2 2 43
9 2 183
3 17 78
9 10 191
19 19 400
4 0 81
15 9 310
13 10 271
13 19 280
9 7 188
1 19 40
14 2 283
8 4 165
2 1 42
0 8 9
1 0 21
1 9 30
13 9 270
8 18 179
15 10 311
16 1 322
17 9 350
19 11 392
14 14 295
5 17 118
2 0 41
6 9 130
17 3 344
17 1 342
1 14 35
8 3 164
10 3 204
19 12 393
4 13 94
14 18 299
6 5 126
9 13 194
13 0 261
6 1 122
14 3 284
11 5 226
17 17 358
4 8 89
8 6 167
18 2 363
16 11 332
7 9 150
13 4 265
7 19 160
16 9 330
6 17 138
7 6 147
6 13 134
10 16 217
19 2 383
8 14 175
10 8 209
0 15 16
8 16 177
3 0 61
12 18 259
15 6 307
5 10 111
3 9 70
10 9 210
13 6 267
2 18 59
9 5 186
1 10 31
15 7 308
3 18 79
11 18 239
5 5 106
4 2 83
16 3 324
10 5 206
2 5 46
8 5 166
17 16 357
4 17 98
18 14 375
8 19 180
5 4 105
9 15 196
19 84 407
1 6 27
10 0 201
2 10 51
16 10 331
5 12 113
14 16 297
19 5 386
10 18 219
4 4 85
10 19 220
14 0 281
15 19 320
1 12 33
18 8 369
16 13 334
12 17 258
14 19 300
1 2 23
3 5 66
15 2 303
19 276 409
3 15 76
6 10 131
16 4 325
5 6 107
9 1 182
0 11 12
2 14 55
17 10 351
13 15 276
18 3 364
10 15 216
6 12 133
12 9 250
0 0 1
9 14 195
11 0 221
8 13 174
0 3 4
19 15 396
2 13 54
3 6 67
19 22 402
