410
1500 900 310
1200 200 243
100 200 23
1100 1700 238
1700 1100 352
900 200 183
600 1100 132
1900 1700 398
0 400 5
200 1400 55
400 200 83
1000 1300 214
1500 700 308
900 1100 192
200 1200 53
500 500 106
1400 700 288
1400 1900 300
1000 700 208
400 1800 99
1800 700 368
500 900 110
0 700 8
1900 2008 404
1700 500 346
1900 700 388
1700 100 342
1300 600 267
200 800 49
1500 400 305
1000 200 203
1400 1400 295
500 1400 115
0 900 10
1500 1700 318
800 1900 180
800 1200 173
1400 1200 293
300 1900 80
1200 1900 260
1600 1600 337
200 700 48
1100 1300 234
1100 500 226
500 1000 111
1200 1700 258
700 900 150
700 1600 157
1900 1500 396
1100 700 228
1800 1700 378
200 900 50
1900 900 390
1900 2016 405
1400 800 289
1600 800 329
1600 1300 334
600 1800 139
900 700 188
1900 1400 395
1100 100 222
1300 900 270
600 1200 133
1900 300 384
200 1300 54
1300 1300 274
1000 800 209
1000 1500 216
1200 1100 252
1500 1000 311
900 1900 200
200 0 41
1800 1500 376
1500 1200 313
1600 400 325
1300 1000 271
800 1000 171
1200 700 248
300 1400 75
1900 1800 399
1100 1400 235
1900 1000 391
1900 0 381
700 1700 158
1700 300 344
1200 1600 257
1000 1600 217
1400 1300 294
400 1600 97
1200 1300 254
800 1500 176
600 1000 131
1900 500 386
900 500 186
400 300 84
1100 900 230
1000 300 204
400 500 86
1100 600 227
200 200 43
300 100 62
400 1400 95
0 0 1
1700 1200 353
300 1700 78
1400 600 287
500 1200 113
0 1000 11
1400 100 282
300 1000 71
200 400 45
100 1200 33
1600 1900 340
1300 1100 272
400 400 85
1100 0 221
1700 1800 359
1500 1100 312
100 600 27
400 1500 96
200 1800 59
0 1600 17
1800 1900 380
1400 500 286
600 900 130
600 600 127
1600 0 321
100 1300 34
300 1600 77
300 500 66
500 1100 112
100 1700 38
300 300 64
1300 1700 278
1600 1800 339
1500 1600 317
1300 700 268
1200 1000 251
1800 1600 377
1700 1900 360
400 1300 94
700 0 141
900 800 189
1100 1500 236
100 1100 32
0 800 9
300 0 61
300 400 65
800 1300 174
500 1800 119
700 800 149
800 1700 178
100 800 29
500 1300 114
0 600 7
1900 800 389
1500 1500 316
1400 400 285
1800 600 367
800 0 161
1200 1400 255
600 0 121
1300 200 263
600 1600 137
1300 1900 280
1800 900 370
1700 600 347
1500 600 307
200 500 46
900 1000 191
1400 900 290
1000 500 206
1600 600 327
1200 1500 256
400 1700 98
1700 1000 351
500 100 102
700 1400 155
1400 1800 299
1200 600 247
1500 0 301
1800 400 365
1700 1600 357
1900 2001 401
1000 1200 213
900 1500 196
100 1500 36
1000 0 201
300 1500 76
600 800 129
1100 1600 237
1200 500 246
1900 1900 400
1100 300 224
1000 100 202
1800 500 366
800 1600 177
200 1000 51
1800 300 364
1900 2512 410
1800 1400 375
300 200 63
1700 800 349
600 200 123
1900 1200 393
600 100 122
900 1300 194
1500 1400 315
1900 2004 403
200 1100 52
1900 200 383
100 0 21
800 200 163
1200 300 244
1300 0 261
1300 400 265
100 400 25
500 1500 116
800 500 166
1700 400 345
900 0 181
1100 800 229
1400 1600 297
800 100 162
200 300 44
300 600 67
900 900 190
1300 1200 273
1300 100 262
1600 700 328
100 100 22
300 1300 74
700 1300 154
1600 500 326
400 900 90
1400 0 281
1900 400 385
800 300 164
400 600 87
600 700 128
600 500 126
500 800 109
1900 2128 408
600 1300 134
1800 1800 379
600 300 124
1600 1200 333
1100 200 223
400 800 89
500 400 105
900 1400 195
0 100 2
1700 1400 355
1600 1400 335
700 1500 156
700 600 147
500 600 107
0 1900 20
1600 900 330
1600 1500 336
500 700 108
1400 300 284
800 1800 179
1800 800 369
0 1400 15
1900 2032 406
400 1000 91
1800 1000 371
1600 100 322
700 1200 153
1500 100 302
0 500 6
700 1100 152
1500 800 309
1500 1900 320
1000 600 207
700 100 142
300 1100 72
1400 1700 298
1000 400 205
100 1800 39
700 1900 160
1700 1500 356
1000 1700 218
900 600 187
1300 800 269
900 1200 193
100 500 26
1000 1100 212
1100 1200 233
0 200 3
1200 800 249
1500 500 306
1600 1000 331
1300 1600 277
500 0 101
1400 1500 296
1700 1300 354
1000 1900 220
600 1500 136
500 300 104
1700 200 343
600 1900 140
1900 600 387
1200 1800 259
100 1000 31
200 1700 58
1800 200 363
700 700 148
1800 0 361
200 1900 60
1300 500 266
1500 1800 319
1600 300 324
500 200 103
1800 100 362
1900 1300 394
100 1900 40
1400 1000 291
1300 300 264
900 400 185
200 1600 57
0 1100 12
700 400 145
1800 1100 372
900 1700 198
800 600 167
400 0 81
1600 200 323
700 500 146
1400 200 283
0 1300 14
500 1600 117
1900 2002 402
1500 1300 314
1200 100 242
1100 1800 239
1900 2064 407
300 900 70
800 1100 172
1700 1700 358
0 1200 13
1100 1000 231
700 200 143
1600 1700 338
100 700 28
1300 1500 276
1100 1900 240
1400 1100 292
500 1700 118
600 1700 138
1700 700 348
0 1800 19
100 900 30
1900 2256 409
400 1200 93
300 1200 73
500 1900 120
1300 1800 279
600 1400 135
1800 1300 374
0 300 4
400 700 88
400 1100 92
1000 1000 211
800 900 170
200 100 42
1300 1400 275
800 1400 175
1500 300 304
300 1800 79
700 300 144
900 1600 197
1200 400 245
1900 1600 397
300 700 68
1900 1100 392
1100 1100 232
200 1500 56
900 100 182
200 600 47
1000 1400 215
1100 400 225
1700 900 350
100 1400 35
0 1700 18
700 1000 151
1700 0 341
400 100 82
1200 1200 253
0 1500 16
300 800 69
1200 900 250
100 300 24
600 400 125
900 1800 199
1600 1100 332
1000 1800 219
800 800 169
900 300 184
700 1800 159
1900 100 382
800 700 168
400 1900 100
100 1600 37
1000 900 210
1200 0 241
1800 1200 373
1500 200 303
800 400 165
