454
6039 1548 2206
8058 9832 6220
7033 7534 262
76 9570 3192
4878 6890 1763
2217 5108 6524
1173 5091 5058
2668 2642 7850
5694 9310 1781
2453 9925 7685
2883 1146 6586
522 8178 5388
7390 8320 730
2489 2398 6073
6400 4583 5906
609 8353 1069
3027 5560 7496
1283 7747 1169
3175 3879 4690
6157 1726 9122
1865 761 5870
1980 4028 5118
3058 9632 330
8758 2022 8458
2393 9673 7064
1166 3006 1195
2697 3636 2844
8531 5183 7412
9536 8245 6332
4900 5493 4500
3350 5012 1509
7710 1463 2707
3025 8125 7438
653 6486 1735
5948 4698 8794
6465 599 3763
3800 9701 3239
8797 9260 4920
1631 3416 1858
2292 9867 7311
5176 4682 5069
8631 5649 7126
2521 8724 1234
1214 6641 4750
3118 9050 4803
1934 6182 2052
422 2715 4142
185 7372 2531
3870 4932 7367
5099 2475 7015
9732 3558 7304
6147 8853 4004
3927 9277 8836
3392 6218 4791
1577 9932 814
3508 3827 8858
5089 4990 1913
7937 1814 9915
7259 5378 8387
4326 8520 4083
7971 8001 1548
1202 4695 3999
1808 4984 5203
2567 1213 4728
8305 3377 8392
2757 3244 7093
3648 2776 2177
66 3540 1119
716 2645 4147
2840 1919 4573
7765 6936 8958
5582 9851 4291
5851 2184 5878
9817 3481 9001
809 6653 9021
9680 3617 3295
216 6813 5923
9159 7335 1579
4990 5593 419
3762 3911 5210
1947 4163 7812
4606 8362 1489
4139 9978 2678
7078 8619 5961
9221 4402 4648
2362 454 8397
946 1966 461
6107 2026 281
3854 8000 4630
2405 4380 2466
599 896 1812
2197 516 7251
5919 1811 4911
2937 352 8955
4981 4835 6314
2698 1912 2194
3842 1147 8868
1754 9220 4301
4777 4083 6406
2082 9020 1723
8646 8535 2683
1527 5505 6693
5574 3950 4334
9978 1177 3973
2507 4581 2016
550 1504 2038
2670 6060 8244
8792 5325 3862
6593 1743 7672
9877 2820 3684
7853 4570 1744
2636 6016 4751
1802 7928 31
7071 0 9891
989 3604 8608
7570 8425 9214
5979 9705 6315
767 6393 8221
3874 1498 4235
1392 2689 9087
125 1362 43
4903 6851 4885
9280 2823 5904
4920 6493 8582
3840 8888 4053
3502 2764 3052
8207 4338 5139
5617 590 580
1643 9860 203
4748 7271 4370
2412 105 3698
5431 2881 6368
4687 6696 9432
8151 2835 2809
9745 6435 2362
7763 6358 9693
9110 7432 5078
4106 7575 2161
3049 6782 2586
9651 7790 2223
1720 2087 9409
2368 298 442
4601 4380 1903
7357 4851 1598
3065 4931 8375
7192 6656 324
4806 4580 9430
481 1095 4806
9288 2539 9034
5429 6835 5970
918 6569 3799
9874 1813 3485
6557 5336 2371
7759 2428 5715
3740 1065 4637
4309 749 2635
7786 3436 4674
3837 3033 3082
686 1046 9982
6008 3422 296
2074 3108 8939
577 5383 6293
4051 294 3773
6264 6245 7478
5071 4041 1373
1581 6361 8362
6915 8134 8177
9113 223 4812
2767 5854 609
6939 8284 9805
9509 2524 3508
5214 3535 9209
7984 3594 61
8043 9479 9823
9781 8180 4586
2844 2587 3249
4515 620 7180
9447 2937 9026
2222 5542 9534
1279 5583 5943
4402 8852 7289
2334 6469 8322
2579 1975 1008
4818 4085 3076
9479 1795 7666
4254 4904 1074
5233 8566 3358
6456 230 541
9332 7732 9338
1779 9912 9911
4705 3997 7036
5185 5923 9531
1074 589 7391
9488 2616 4028
1970 5582 4237
992 8692 6272
9539 7564 4988
7635 3661 3407
7360 7786 2838
2032 5396 6063
3477 1184 2583
3745 4852 1664
6066 7430 830
607 6352 4469
9906 5607 1909
7361 473 4156
9149 2350 2659
8984 9494 2606
6305 3114 542
6482 8705 8345
8604 786 3530
5632 5064 9950
9624 8095 5476
9031 4184 1725
1974 2141 2011
4271 3728 3673
535 9268 9723
3807 7469 9980
9720 9428 1279
5388 3157 3977
7263 7662 2331
274 5930 7268
8898 7191 3032
7420 45 9332
6178 236 6998
7927 863 4969
2315 7029 6504
6584 8587 1992
6561 6548 3744
5351 8271 5347
1842 3299 9597
5845 3821 3363
4966 7346 8047
9377 4892 4547
990 176 4266
4580 6132 3127
6953 450 9877
7957 2577 488
6582 1594 2755
7492 4329 7968
4501 9052 306
9596 6380 2226
6459 4910 1925
6436 1230 9945
6293 4931 3688
5 4289 6391
6721 6800 5929
8621 3543 4082
354 2014 9065
6975 9015 8583
7901 1041 1715
1136 7263 2622
113 3507 8618
465 6377 7841
3809 1456 7815
4651 2991 7423
1423 5712 3737
4705 9527 5228
8308 8236 4931
9665 726 4115
9781 1661 3723
9062 9788 1075
2085 9591 8643
779 669 8897
3773 4315 990
5679 2791 5279
7969 1980 39
5967 3781 2626
2413 9454 5066
941 1617 8576
6971 3269 989
46 9076 7263
3202 8159 8566
3534 1814 7784
98 1127 7505
4046 5885 1688
6625 8236 3124
3374 9450 6825
9064 9285 6185
1270 8654 5746
2478 427 5014
8006 2918 4670
301 4780 2873
3799 3894 5750
8259 1264 8138
2128 7538 8004
8148 4203 1590
3871 1090 1126
2979 7145 5756
7533 6777 17
5184 5719 563
1012 8174 1330
3511 8108 852
535 4951 9785
4470 9270 9710
1118 8433 3553
5196 6186 5784
838 8892 4285
2258 8314 9132
3372 6784 1814
4757 2747 8450
568 9230 6049
8532 5005 7369
6500 2869 1259
9926 4441 2366
5753 8072 3287
4952 1920 5688
1032 140 7716
1944 6241 9428
5808 68 6212
5957 4679 8989
4997 6028 4687
1791 7861 5358
756 648 2231
9542 9293 6660
1368 3441 4659
6749 6264 3114
5146 5120 7018
6023 6653 8804
3233 7941 5005
212 2835 8729
3762 8836 1772
9941 9596 2078
9458 6527 8916
8018 1793 2834
7525 9645 8313
9905 7312 5811
2201 3104 9173
1946 33 7791
1468 8216 9829
7425 760 3026
736 5385 9561
5974 4253 1863
7558 8294 7315
5632 334 417
2069 7543 9196
4363 7667 2705
6836 4200 8673
9676 6737 2771
1087 7100 6195
459 2462 2140
4255 7166 278
2891 5312 6278
6990 5459 6265
6266 4713 9126
4009 5173 7828
6150 5569 8423
1494 872 1494
4335 7249 2841
8033 6590 8943
349 6040 8007
6828 2938 3876
5803 8706 7679
5153 3627 1054
1561 9625 6088
5705 876 6411
5608 5648 8108
7322 3394 1774
5535 2321 7475
7369 89 6277
1193 4382 2509
2508 2970 5221
479 3992 2812
5009 9036 7255
3724 3395 1417
5581 1126 4766
805 281 9232
7528 5046 838
9564 2891 3121
494 5830 5445
627 9553 3039
7657 9454 7982
3771 2029 1722
4685 7623 4789
7141 7502 5183
7785 7446 8962
784 3666 5936
4194 2003 5766
190 4994 6462
5326 694 1519
6804 4762 8209
5176 2376 2452
8173 1128 90
3679 8078 762
1049 2909 4528
8277 6675 6398
472 2380 6615
6882 5380 8646
2627 1592 486
8831 691 9995
1120 4409 6056
1749 3897 1578
7644 5892 6282
592 4369 2611
8562 2263 5271
9854 6770 723
883 6417 5185
8545 2703 2896
8627 930 4864
6852 7271 2104
3295 7422 9461
6737 8423 1540
2913 4628 4485
4709 544 4597
336 5989 3402
9777 5369 6189
1987 1461 2355
6528 8286 4716
494 1470 952
6728 5855 604
393 9494 1125
7235 1347 3528
6320 367 8624
3163 2842 151
3340 1393 5200
5703 9633 5376
7315 9497 9264
2263 7710 5962
236 5126 9558
570 3976 5415
17 9433 1453
7943 2038 7772
7614 6500 766
6454 5044 1452
5362 9579 2394
8079 1182 3586
6490 8547 7344
7607 5276 7083
9233 6594 9696
3633 7129 8239
8518 1376 7431
8809 8042 9118
8797 8321 7056
5540 7773 7319
7901 4989 2775
9379 4639 8518
6867 2517 1349
2447 2602 3612
475 9001 1436
7369 7463 7936
3949 8880 3318
1288 784 8718
6432 154 7550
6393 3056 3515
9444 3967 4676
9648 8537 7770
5598 4749 1516
1136 6872 4242
8260 8231 9839
8120 836 25
2300 8111 6855
6587 8108 2699
5736 5808 1833
9220 2208 8309
