483
8488 4587 8943
5132 7694 8956
5763 972 2971
6258 2112 4312
5664 9836 1851
9296 7346 7781
9146 5821 6495
756 5942 4416
9849 6062 2965
4015 5631 4452
7555 8154 1232
6654 2334 496
5142 9716 9014
6985 6675 613
9098 9485 1877
9663 2836 1463
3929 8560 7592
4455 7551 7121
7667 3256 2695
1451 8986 2389
3976 5076 4933
7584 8360 1132
4224 1094 6052
7449 6155 2111
1848 6909 3244
4617 228 7302
3668 9696 2126
6168 4984 781
134 6247 7955
1197 2247 461
6791 296 3788
6807 1774 1260
9447 3715 3425
5775 1639 8150
2329 4345 2592
6144 8372 1047
9332 1247 5394
2125 468 4678
813 5514 1962
85 7090 7572
3767 2832 6654
7137 3607 373
6046 6455 2746
4047 4560 5975
7174 4662 2249
3206 7239 5648
8751 9725 6297
3664 1373 3771
2070 5095 9794
8933 133 8450
839 2596 6416
6002 5941 8516
1572 2517 3844
2657 7791 1710
4596 5926 8176
5497 2173 2112
2033 2247 91
9800 7884 4422
1289 6502 5472
7461 181 9019
4370 9664 5635
7718 1969 3289
5593 4430 4939
1168 7679 7917
6941 8902 4809
4524 6986 5116
276 5045 7744
3742 9990 5698
3536 2563 8607
3441 1021 469
3347 8796 3918
3282 3605 6840
9482 3131 2609
7915 5245 6170
894 3946 3560
8577 6974 11
4737 6011 4372
5567 2408 3564
7706 141 9758
6758 2953 3371
7844 9839 936
7577 9572 7426
8018 2609 2736
5116 3288 9385
4612 5102 5265
5963 6172 4780
4061 5425 3286
9844 2888 1906
4485 3 2532
8570 6538 9940
4580 7529 6445
3873 4052 6853
5410 5533 992
1087 4701 8858
4312 9148 8769
1379 9417 4836
3844 8305 762
6898 9990 4274
7749 864 3701
3290 5442 6809
3940 6887 4865
1680 4506 8472
9579 7569 3998
5931 9301 5788
1161 4597 4630
8260 2391 4574
6751 4838 2294
4129 2019 2540
4815 879 9629
5954 7202 7237
4780 6585 1268
1915 4671 6856
9673 5049 3413
5995 9429 5443
2685 820 5572
3906 3859 3437
9595 9089 79
9386 7646 6700
4208 1344 9708
2771 4972 4497
8900 6179 3056
4410 716 7627
5012 1412 3183
1496 335 6511
7011 5320 799
4117 802 2441
9091 998 4861
6890 604 9152
8800 8167 622
957 2396 6779
8761 3188 5513
3858 3726 400
6142 214 4818
6461 5990 1844
1159 6976 3243
7756 1018 9574
9690 9182 1486
696 3532 357
8205 1764 9046
6793 5909 4031
8994 3693 9787
7146 7842 4068
2236 5677 3589
5221 2941 6171
5825 3302 2819
4162 1062 2515
5700 2668 2789
8156 7699 6771
1197 7458 3652
5012 7146 7288
2026 183 1508
3773 904 4054
756 4730 5285
7131 7885 8468
2292 6027 6088
3344 3320 7624
9515 8006 8705
7464 4579 4317
40 6943 5448
484 2962 5050
136 2499 1055
2420 9631 975
4572 7608 5936
1582 427 8776
215 1023 479
4326 7243 9731
2706 1080 7081
8096 4255 6538
6132 6527 53
4710 4089 6242
9221 744 2159
6474 5495 284
5199 6658 5803
1593 3350 1754
8160 8475 4327
4415 4029 8682
864 2297 7725
6787 841 409
6296 7139 2030
898 5514 2893
1378 231 5460
1561 680 7726
988 2180 9416
1064 9464 663
6729 62 463
7410 9358 6550
8229 1700 9637
6998 9938 2741
3155 3289 9929
9343 3522 959
6643 751 1435
5785 5766 1960
2791 2078 297
1769 2009 1826
6217 4580 2987
3076 4121 6106
2136 1205 9196
4189 8910 1513
9267 4043 8494
5374 8278 2136
4338 6757 3010
897 3691 1044
9613 4194 7127
9631 460 7526
2913 6853 6863
9955 9204 3938
2475 3083 7504
6218 7697 6358
4880 5262 6351
339 9767 8931
5610 7470 1991
6363 4534 6865
4127 5290 5952
640 184 9788
5885 94 6959
987 8190 8755
5234 2084 432
1691 4697 3996
3197 2377 2025
3967 9925 8825
6563 4553 6184
5686 4202 8507
9140 49 103
2551 1076 8605
9122 8534 6705
3335 357 8143
4176 4949 3403
1756 1224 8973
4223 1699 5517
326 9717 5979
5852 5328 8590
4868 8913 5984
6831 1887 3336
3721 8645 3734
7920 4879 3171
1481 9704 5905
17 5205 8878
919 332 150
7713 5302 1875
4645 9550 5141
4864 2615 7597
8548 2823 7979
4167 5925 772
522 6573 1610
7998 5387 7027
192 7078 8625
3374 1568 8233
7420 3847 4793
408 7522 3637
781 1318 4982
3237 103 1202
4870 6126 7654
2839 5134 5072
9795 6610 5995
1449 1011 2503
5116 9082 1357
917 1975 4399
4326 2553 2310
121 3932 4903
7359 2873 6981
733 5976 8772
8018 597 9472
7915 7606 5976
429 9146 3182
7045 5895 3912
3899 117 352
502 7978 4700
9302 9540 4539
1930 8429 480
8858 3018 100
7592 1292 9393
6792 1783 2852
5612 2885 55
2685 9142 6210
9537 7910 2344
4906 4039 93
2885 1293 4323
8944 5032 4094
214 9819 9662
327 8114 9244
3346 4074 1409
1670 9528 2273
1153 2019 2528
6361 6541 1394
2093 7892 9966
2680 7174 9235
3735 7132 2564
7849 1301 956
5791 1200 3143
5482 1534 8339
1864 5117 1116
2642 2032 5000
259 3785 5214
9709 8610 5904
4052 1527 6417
9477 2532 8601
5131 4747 7483
8474 3498 3772
9371 7836 9858
4313 7960 4087
6321 7536 2548
6817 9178 4160
5384 8468 7186
5055 4342 9817
7210 8661 3071
1205 9857 1404
9023 9626 4629
918 9949 2919
987 8866 5916
4856 7024 7522
8276 1036 1274
8604 905 4245
1599 2627 2725
2411 6142 2411
9186 7159 2042
3131 6702 6492
8153 7816 1247
4350 1327 2140
6335 556 5155
1677 1761 3288
6792 6603 6256
5646 265 2102
9747 5214 7630
7222 6670 199
2445 706 1609
9758 9176 4133
3847 4513 3529
927 4735 3187
5781 2727 7965
5349 6984 1965
804 2209 8091
5816 6673 9428
3911 575 3117
6044 9454 2948
3309 5832 1060
1019 5054 5776
756 1981 7724
906 5951 6927
2841 2683 8977
7732 286 7758
7499 7360 7901
3644 8918 6317
8322 7531 6826
141 8857 5921
2025 8388 58
4031 8417 3
7605 5883 1733
448 2586 7385
2955 9806 4535
4778 6034 2488
4655 4999 1999
825 4408 4419
9040 6577 2496
2354 9287 3007
2602 6295 4442
3816 4425 4431
8936 2638 8373
1431 2108 9434
174 5764 3256
6810 9706 1272
4339 2276 7315
3919 2572 4260
2418 5237 8291
986 3710 8158
1163 1398 6756
2624 1713 8077
4407 3050 9816
6638 54 3697
199 8459 2653
5790 9613 4220
6210 8268 5928
9391 9542 927
1722 8759 9288
510 8623 4571
3645 1581 602
4940 5160 6441
9670 7093 4470
9936 6124 1762
3728 1364 96
8351 3795 5590
4018 458 3916
7628 5257 2096
7319 2400 4524
4102 6972 5900
1554 5217 7206
4686 558 1123
9118 5904 2529
2091 3867 2920
2649 5053 2267
2337 4773 3586
7020 3149 7281
6368 4302 4934
3450 915 8538
6955 8536 4627
7021 6518 4958
7068 7170 2427
9027 9446 1057
7440 6362 5663
1789 2862 4791
3983 5550 4671
1440 6376 733
316 8275 8719
9735 2859 8672
6546 5903 3421
5836 7450 6255
4639 2898 718
2083 7049 4040
9387 653 3673
4794 3110 1012
6736 5549 5024
7965 6550 5243
2186 6403 5784
5890 4905 2880
8289 1631 1553
712 672 922
4051 9777 4265
8716 6868 2274
3814 5678 3899
5905 5144 5408
710 8640 6602
5323 2843 9020
8332 7610 135
1782 4127 3621
344 940 7488
2677 2292 9647
5721 1745 2130
3729 3775 3370
3128 1661 6381
2648 9932 1399
3239 8180 968
763 7389 516
7131 1924 9649
6818 7624 7789
6615 8312 8460
8279 3753 8036
5693 1261 5815
231 8229 2327
3736 2037 9677
5992 2676 2683
2143 260 3555
6003 1080 1453
8266 6865 9605
9476 9619 6830
1015 1449 232
1964 6418 9728
7368 3171 4266
7564 354 7171
8050 7083 7793
568 3040 3164
2196 7576 6992
1986 2415 8575
5328 9469 7573
8405 8795 206
1581 15 4477
7748 2224 86
2626 4379 7681
5477 1348 371
7514 1442 6229
1496 9547 4006
8135 4670 5345
6896 8162 9243
8331 7091 9747
8841 7457 6044
63 3629 8114
2015 4589 5454
6508 6037 6446
5068 4322 9674
8373 8898 7318
4353 626 3266
7887 8911 6094
8975 1808 6001
5259 9142 5357
5340 8398 9439
185 2257 9872
2644 3750 2796
9373 714 9893
1024 1405 6054
9567 829 8274
8318 4382 7128
9546 6496 7603
8131 1949 8921
6602 5767 5721
5766 7954 2928
