703
249
474
121
167
331
209
180
1138
260
2517
284
318
514
127
447
438
157
581
57
156
448
258
296
795
224
358
432
263
147
364
190
511
1852
283
223
207
656
703
55
524
435
1468
3512
77
255
192
116
177
473
875
9991
171
1064
744
477
1098
570
258
70
469
373
287
505
306
284
232
266
615
599
305
279
329
335
330
905
515
97
366
671
129
790
3825
243
52
119
337
80
425
550
696
108
444
1457
107
1044
549
442
221
187
382
276
72
556
57
248
592
1126
145
474
661
316
428
716
630
699
283
324
484
278
313
248
639
306
1173
157
233
505
893
618
140
445
219
110
271
1310
441
184
98
218
324
179
452
94
685
314
366
430
557
142
176
858
556
587
145
235
896
177
203
275
1046
226
238
399
225
334
176
302
76
228
108
1224
191
595
206
1018
90
616
488
378
72
741
982
169
472
403
276
226
547
284
374
429
230
157
151
1889
96
379
388
199
160
210
470
187
11
787
199
550
377
113
480
878
669
471
71
241
599
14
1194
308
42
679
412
2000
263
899
95
640
521
360
257
45
166
153
97
200
210
66
390
5013
261
282
106
152
359
301
175
555
54
714
336
501
599
261
833
79
600
2375
2437
322
310
468
176
309
1251
231
407
364
364
318
1087
204
702
26
272
146
670
139
82
686
77
305
1075
986
335
247
263
898
174
110
172
435
406
166
622
540
183
182
98
246
523
527
440
471
363
710
435
713
391
93
541
612
344
228
135
414
382
603
1971
30
277
236
101
298
649
1087
690
66
579
28
129
218
319
508
541
343
1035
327
489
57
183
773
306
188
129
373
666
209
288
379
4258
51
21
248
1461
1095
996
58
146
235
314
992
143
243
208
330
84
251
58
276
1911
79
1315
722
169
80
475
1388
325
550
3493
381
628
1411
434
488
324
298
293
1166
988
236
104
110
95
219
226
1298
598
291
303
326
419
313
286
384
182
419
1272
384
252
289
301
222
314
274
178
209
23
614
276
79
979
293
186
251
1264
357
124
401
197
447
308
490
89
222
515
177
149
251
445
144
407
169
651
371
251
437
722
79
136
88
241
365
1511
