455
5769 5076 7739
3619 227 6235
6132 3785 1936
3469 4061 2383
7146 778 3400
7736 5169 358
2335 7308 2019
2754 9364 5575
5106 9719 8629
4558 2520 7904
4361 620 9637
4153 9390 483
7223 4128 6954
552 118 7026
1267 7677 4118
1812 2699 3040
1835 9429 4358
1600 1569 4092
8481 2027 5117
4985 3069 5101
6987 2629 7038
8008 8301 8894
8570 4600 5599
6693 599 6640
4178 6418 7298
6955 5667 256
3766 6585 6298
8010 3458 950
775 8634 2146
7912 9499 3395
9668 2621 778
7927 4898 1692
5591 2904 2409
4095 5464 9802
3127 8342 580
7211 8016 4875
5952 5722 1072
7744 2514 5405
4479 4874 9397
6585 7200 2554
2734 1779 6746
9066 1793 8205
7947 7857 9642
5641 4384 9958
4285 9124 432
168 9855 1243
9878 1539 1201
9751 4294 6018
9581 5201 5305
5934 8088 1519
8647 4353 7533
2250 5301 9991
3374 2815 8343
5068 5895 9171
4940 6673 6770
9349 4754 5340
2485 1153 8918
10 9198 6276
5339 9830 579
3418 476 6498
1285 9772 4111
7068 5385 826
2754 1255 7369
2714 4287 4062
6892 6668 1459
3731 5735 6209
4077 5126 232
9825 973 6410
8653 3687 6744
6951 3962 8370
4405 2255 4995
4751 2917 695
7486 9601 4003
6876 7454 2085
1496 6643 2513
9404 8877 7353
544 6583 3816
8456 9699 2541
4375 9701 5898
1507 1696 7507
1440 8226 5672
7859 6295 8696
9684 9738 9790
5449 3731 2983
6516 3481 561
9717 1023 4006
9408 7970 337
8804 5745 411
8566 476 1251
5832 5891 8472
1624 849 8353
8442 5040 5238
1196 9311 6365
6610 7250 9739
2496 5506 7827
4663 3846 7720
7538 6741 1241
1258 4423 4070
2566 7693 1984
7149 5780 4701
1003 2491 4077
9438 1992 4505
9207 5411 1524
4930 1154 1676
3852 8417 798
7515 2611 4592
8513 6402 7653
7088 2510 8466
5850 9555 6273
1125 6296 6872
933 4122 6315
3150 7834 336
9532 7080 4773
1334 5137 6525
441 3325 2012
3447 5727 9215
7424 2343 2600
9382 1721 4648
9962 2114 6316
2254 6221 859
6829 959 3100
7478 7667 2914
9807 5799 4971
6094 6795 1810
9365 3684 8231
8007 8003 4026
4467 3719 1531
1386 7631 4685
7834 8743 9596
7329 3472 4480
8630 2485 725
4049 7705 7755
5283 5850 9119
9709 69 558
7088 8615 6262
8839 6897 9492
8761 98 1617
570 705 2328
1180 8786 919
1724 6230 4055
1281 642 3347
9541 4327 712
4143 223 8926
3789 6969 314
3148 978 8198
5537 8647 2760
395 648 5547
164 9600 2028
6773 6386 2648
3976 2357 2488
3910 1528 3492
3270 1819 8588
4528 8126 7387
5834 1113 1969
256 342 4935
2103 4484 3138
2122 9761 7469
1844 8806 637
3478 1051 3098
2043 5883 4845
8996 5862 8493
8954 6360 5544
2539 35 1299
7609 8275 8745
1979 1249 1528
3534 1275 3411
8449 6567 714
8751 5684 4546
8815 8014 936
2267 2606 1846
3002 3981 3198
123 402 9770
7887 6757 191
5247 1611 3402
5314 2181 1852
6738 4989 8410
7608 4303 489
6529 5883 8217
9511 2292 8428
9191 8564 4705
4484 7261 8250
1348 8135 8833
2206 3146 8670
9473 3300 3035
6132 3311 6956
949 1730 2450
8999 6138 6250
141 5008 1275
197 2737 2416
7572 1480 1436
1832 3146 3912
3044 2184 5069
6785 4122 601
7806 8483 2321
6255 5741 595
7530 4348 9929
8285 9637 2190
4736 9635 7133
3069 6438 2333
6372 4352 5725
387 5595 1239
8789 1286 5292
7420 9278 6349
3532 1462 498
7947 1484 11
4032 9878 8003
1313 6563 2356
3465 9929 3853
7038 8241 5349
7515 4461 6845
2213 1549 5344
6841 9329 7197
7472 9945 4963
6490 8467 5152
8711 2600 890
9819 5558 1553
3856 8474 9664
8942 6368 627
8496 9610 9738
7794 9587 3806
6202 5872 42
8685 8243 5938
9738 3507 5922
9732 5107 8892
4348 5536 2354
935 6958 7946
5724 9627 6396
3458 418 7101
9674 4207 6151
1506 6233 4729
1915 5660 3839
9347 6593 45
4133 2545 3578
4362 9128 1455
9027 1704 6704
9227 2247 3821
5360 2447 3914
166 1480 66
1040 5905 3620
6035 8589 9975
8629 3427 408
3633 8648 793
3872 1627 1284
3275 1063 6333
5355 9202 4342
663 510 4660
9763 4931 3851
2419 7527 7183
609 519 3805
3843 1142 7117
455 2281 1226
2745 3629 6683
7355 5146 5640
1132 354 4325
5765 530 1986
2066 5136 8155
3421 7356 7223
9854 1238 9711
3618 3025 9811
9104 7081 7786
832 8891 4689
1969 4678 6596
161 9107 2975
4697 273 401
9348 93 9093
2942 3508 5625
2020 8556 4795
4983 3672 6237
3869 7019 4447
1828 6531 2727
9027 2227 9631
1342 9454 3884
244 7083 4182
9301 1858 26
5469 8954 2796
565 4305 1018
6535 850 7003
8869 6250 3205
3501 3985 896
9468 6360 6473
2548 5262 1966
9324 3381 4698
3110 3973 9565
8878 1095 8342
6523 9437 3897
1508 4961 5520
8961 845 7471
3410 6625 7322
6763 1121 1050
9841 5088 6830
869 6091 3200
6196 5602 1092
7477 1173 4217
9327 5526 884
1752 6852 3604
6504 4502 6113
1633 1032 245
4518 526 3749
8434 2114 832
8731 6675 6620
3466 3526 1641
6104 7101 8114
9144 5447 6795
7268 7800 4923
8845 5160 5750
530 8964 6486
2064 1040 6199
5038 3048 7452
7292 1528 1918
228 191 3616
486 4428 1819
7199 1908 7446
8537 1147 5842
4820 9848 3320
7723 8349 5996
237 5653 3219
3433 4177 3590
7214 8855 6447
282 5185 9395
1153 6308 6682
4302 4145 1663
2998 8765 7987
8718 4426 1780
968 6550 1720
2839 7891 8432
2305 80 8851
4209 9111 8373
1621 783 1775
5106 8168 3610
1180 9334 3421
4193 342 1173
2279 2254 3603
5526 8328 2692
5157 2501 6995
2957 9718 6234
8061 4763 6213
6316 1484 8540
5115 3372 2230
5629 3895 4204
3718 5791 4273
1667 3273 183
1797 6008 8283
7428 5652 2913
6566 8295 2955
9540 2166 307
9164 4314 7331
5772 9710 7687
306 139 4045
7846 9031 3398
4415 4398 4172
1034 1220 9902
217 7127 2651
7448 5645 1354
3521 7128 5797
743 2772 7757
1591 4053 7750
697 6091 9115
5414 2424 3730
9452 5271 3432
2193 7462 6831
3476 8170 820
2351 8319 9322
8357 9573 8396
1736 2468 1428
2595 5323 2006
9410 9554 3703
336 5250 9038
948 9355 5460
2884 2696 58
7622 4609 7000
5517 2142 9580
4209 178 4646
4721 8648 9964
2870 4888 5443
9858 2248 4038
4121 7742 7341
8193 5956 6714
7140 5967 9059
8518 5937 4326
689 2039 2753
1234 8868 9846
9690 1582 5102
4299 2544 8018
2076 2172 9620
1701 271 1605
6387 7841 2327
560 8391 578
2330 4996 1286
8889 8032 5156
4372 1920 9359
4451 7326 9182
9174 9555 1815
2835 8595 2873
2093 2281 3216
5682 2015 95
3203 7381 5091
3927 1352 4414
3653 7910 9773
2706 6066 7481
962 5624 2032
6131 1243 837
1600 9859 3469
2798 452 419
7601 3317 4394
9538 9130 6971
4074 8124 4310
7302 2207 236
9761 166 8184
6562 3506 8510
1105 8506 3358
7289 8271 5302
9207 5116 2164
9212 3944 7470
2046 5213 9060
8482 5141 6878
3371 110 3307
6850 7631 947
2497 6085 1219
7493 2620 82
2924 8540 8186
2643 2040 1849
5241 5783 7635
8172 5088 8804
3947 2772 2131
8860 1788 3562
6949 1934 326
2817 9195 9494
9968 3781 4404
2287 2378 3251
3624 2483 4148
6244 8971 6521
8782 2602 6880
2703 935 7756
3273 2677 8847
34 389 3798
9614 3692 4686
868 732 9728
4336 4769 5623
3977 2215 4410
5113 9468 6836
3920 4928 5617
2738 3485 4067
6576 5363 7245
5523 4263 3812
7312 802 5549
4036 2078 5462
2389 5510 8441
1671 8847 6067
1286 143 5777
168 468 1310
6366 8524 3892
8743 4511 1061
9172 259 6407
6047 8954 7338
8357 3083 9866
