313
562
778
145
949
848
1179
553
1752
145
512
762
1025
85
521
350
396
29
584
667
68
12
292
263
63
151
185
105
153
764
588
236
213
324
576
229
415
140
295
137
79
227
1741
36
402
376
388
438
467
31
266
373
595
398
652
906
35
1374
921
194
508
590
218
393
210
271
663
140
185
437
493
764
111
264
818
135
391
255
287
2068
204
338
140
652
331
97
347
374
576
310
376
290
624
310
791
125
1064
397
196
361
211
284
580
65
480
267
680
792
44
189
312
373
109
617
600
656
168
584
277
473
284
336
406
142
695
203
145
102
185
435
201
1066
693
321
179
3700
559
257
631
350
539
536
413
142
671
122
459
630
711
613
255
412
422
1140
290
440
408
441
250
600
144
14
883
307
5415
432
545
1451
1671
118
731
105
205
1490
333
279
352
216
453
1533
177
1580
213
486
67
165
493
244
590
269
121
109
199
1400
264
314
271
1679
1016
267
429
342
127
484
411
207
607
130
215
1904
183
243
1927
573
55
779
159
1183
462
205
715
157
562
172
356
3428
49
199
309
125
23
367
97
113
158
153
465
246
455
135
359
109
116
1723
134
274
536
82
235
348
909
231
89
199
280
424
438
2287
629
524
96
452
250
374
28
549
184
480
1658
131
294
684
115
145
844
407
806
119
229
290
261
794
520
39
429
200
166
150
176
593
509
1205
608
747
731
432
423
350
155
393
421
269
457
170
641
134
203
596
284
502
124
249
676
1579
149
454
518
214
313
203
78
9974
50
946
106
354
791
511
770
174
672
199
230
544
195
120
219
131
280
167
464
121
550
63
221
612
245
283
282
165
3630
204
369
244
128
160
445
913
202
148
311
814
359
1240
255
161
171
177
459
95
506
303
132
368
709
510
2051
2452
222
7
308
448
194
162
417
166
332
128
78
555
328
49
1199
354
777
879
275
698
264
381
519
229
302
133
2170
525
339
485
2107
495
553
174
147
581
196
256
200
192
80
131
363
572
460
122
394
199
469
527
247
220
352
257
54
150
74
156
71
480
591
260
313
137
281
349
531
230
213
208
158
63
70
385
399
562
99
244
95
407
80
83
331
309
326
90
615
208
13
1072
9979
152
708
145
187
362
393
384
484
244
94
1076
332
396
394
457
