466
2874 6120 8866
5441 2143 6988
5644 2189 9233
3791 3010 7608
1101 6177 8136
2030 7731 3806
5358 7068 8490
1195 7388 6506
6946 7673 7935
9991 4972 6434
7641 4005 3449
5532 1204 7577
4666 1669 1847
2120 4928 3959
3495 3824 6628
8796 319 2909
9543 5959 5119
3509 5541 4116
5097 4305 4306
3232 1613 510
4381 1434 7781
4210 4674 426
9063 7317 3461
6785 4983 4653
2719 1849 5176
7371 7782 7624
7338 294 1495
6626 4030 473
5113 2033 2376
8197 1765 3167
5787 7692 2561
2056 9292 9587
3334 3272 780
7020 6427 2266
8796 6619 6468
3185 8792 4366
3302 9537 3011
5411 3255 8768
9784 4135 8192
1189 8739 5992
5287 1476 8516
9841 8420 3002
1070 2745 6937
849 4597 9561
5846 1065 4585
841 4274 4462
84 2320 7157
8927 2822 1700
5685 3382 6305
5226 1407 9538
7484 6367 5243
6690 4986 9826
2214 5765 7002
4934 1368 884
7702 2354 8837
7978 6284 173
7012 2363 3067
8693 4792 8644
9837 5929 3350
9635 9528 6794
4815 9024 1398
1833 6230 7516
6570 3363 132
5367 1361 816
2035 8337 1720
2833 186 3710
6634 9622 3264
6683 8265 2448
416 5474 1867
6260 5190 8130
1522 2957 7094
306 4519 4818
6020 414 1302
2923 2594 1397
3650 5332 1491
4939 9176 7225
2072 1205 1013
5622 9551 5281
2938 2811 7736
4912 8346 9162
4509 3778 5048
2415 8953 5706
6830 2149 3071
3666 5930 9608
9532 6575 7353
9290 3218 1473
9251 6039 826
9011 8764 5135
5781 5930 8935
4696 8906 5763
3079 1527 4767
4723 2709 1658
4413 7549 841
4635 9312 6403
8411 5155 5236
756 3005 4944
8490 1273 2595
1286 4152 7841
2068 480 2128
9811 3534 8882
6330 7408 4160
4769 4579 7011
2731 1342 6371
4219 355 7638
6732 7348 3466
6317 6378 6452
2180 9179 3718
8867 1955 3522
677 7706 3884
318 6036 7386
7138 1357 1101
5262 6737 6230
8758 671 1840
3735 1841 6588
2486 3984 779
1267 8682 9969
1861 1259 6376
9177 3502 6198
1936 2542 957
3054 1296 8049
5771 339 7865
933 1843 9145
579 5894 8250
9063 4978 1873
9028 3678 8042
2073 2727 1470
1389 9391 4013
572 5060 136
4226 1920 6683
5769 7533 4087
6683 2064 1823
726 7351 878
1677 7110 9332
5604 9409 1941
9916 9873 5531
9369 1460 7147
3350 6993 1584
2586 9717 9801
69 9119 9320
4345 6707 9001
882 9738 9780
1599 4012 151
5271 6356 2436
866 669 7857
9256 2074 554
1556 8066 4610
7461 7471 5065
8342 1091 9546
6323 9085 8252
928 7302 1081
1328 9837 9551
7516 2929 432
97 6993 3577
9068 5360 5509
7855 48 2025
6411 1286 1229
8898 7598 3171
59 8005 4461
7719 3935 6526
4594 4233 9227
9705 3321 1260
3087 3584 1030
7130 2163 4796
7736 9524 4589
5239 1908 4117
9932 4578 8825
7689 940 1445
4656 1248 8821
7984 7328 8518
9455 2418 6754
4457 2477 4247
9488 5698 2125
1543 5916 298
3779 6612 4338
7451 7024 9486
9493 7201 3163
9215 8494 8551
647 1113 1382
2283 9339 4281
9346 729 4751
9073 9735 6762
464 6821 7253
3224 4902 718
4391 9590 6510
9774 7379 8395
1693 7582 7302
6320 9045 8458
1553 380 1211
6182 2602 463
1219 6735 6614
852 4038 8619
4413 5877 6540
7166 4210 1613
6622 6768 9046
5642 1472 7709
5833 4939 8320
5586 2438 458
3623 9593 6649
2917 2668 9357
1522 6276 536
4854 1181 8494
4998 5831 9875
668 6879 9085
2900 3294 5862
2026 9327 2649
6745 5903 854
3080 1217 2220
3385 6029 6795
897 5598 3175
6982 268 3805
8481 3929 722
1188 3667 192
6321 1241 7472
3564 3863 4815
7922 4541 3447
5643 3970 9627
1292 3952 8604
7871 1740 2704
14 2816 7764
6451 4713 9004
262 7752 7414
8186 3161 9463
4219 8005 1086
37 4723 7847
9464 6389 6664
3811 8046 1097
9534 4156 5586
8009 8410 5753
5853 1098 6408
5266 8266 1529
5498 4669 2563
6388 4358 8024
8318 3933 8394
692 5659 8663
219 7023 1830
6730 4749 8822
9962 7073 3728
6730 665 7745
5205 4175 7842
8252 2745 6581
8646 4653 5658
2034 4276 671
9236 1230 9840
7479 2058 6188
1945 8886 3474
4623 1440 8185
8072 4880 6265
3202 9470 1429
4092 4512 3338
3497 8154 6142
8721 4417 7324
6888 482 1997
3149 5647 6503
2033 7749 8815
5323 2092 6149
9562 1244 2829
4216 7119 2616
5314 6934 6462
7055 7755 9789
1831 3662 5797
8912 9651 4110
8329 1944 8090
9626 9909 9396
6726 6168 8282
4466 9856 3782
7835 2660 9412
9455 5667 4047
5951 2507 1719
115 8932 2803
5093 1453 3050
1399 9922 8832
1723 5214 1985
4933 3540 9785
4810 2429 600
6884 4223 9782
3968 5867 1938
5468 7939 9161
8261 7085 7596
6376 7902 6916
1456 1989 5071
8498 673 8847
9267 9332 218
2909 8331 5653
3304 3385 1442
3272 1107 7144
198 6848 6285
4484 7840 4700
7583 3957 4900
7342 9568 8979
500 9504 579
7674 8793 3513
2744 9052 1014
5588 7007 570
6964 4841 2589
6725 8321 9553
3282 5713 3261
6097 6228 6061
1691 6649 5010
2080 2025 1179
4899 1829 7860
2501 4385 4322
4088 3764 4035
9866 9710 7861
8567 9757 4959
4849 8214 5415
9328 5086 7737
7975 5502 2394
4761 2678 8486
1045 4689 7091
5781 8035 4586
536 9471 9275
2271 5486 7103
1878 6171 5928
6817 9699 8818
9411 3646 613
3403 7872 8887
8049 6266 8470
8388 518 2011
1075 2026 6237
4772 681 6681
2648 5435 9462
3335 8746 1280
697 5460 9636
1325 7188 53
7429 4249 9635
5601 9855 3079
3647 5991 9704
5410 6513 2263
1379 4459 3026
9588 3305 6883
3957 3371 7359
8842 2196 2947
5623 2387 559
9115 7426 8722
8276 6619 8704
32 6931 5977
4543 3140 2544
9691 3136 7562
3313 7579 8166
5242 8357 802
8502 27 2880
5591 3201 7492
1321 226 2506
4356 926 7247
209 8527 9783
5792 5928 3150
2187 5205 9899
6870 4240 3497
6996 4629 7943
3387 202 8410
2247 4802 8969
8440 341 9864
5080 3253 5601
7839 1278 6008
3215 3764 5655
5462 9295 7619
2856 2833 211
1157 984 4704
6219 6552 3629
5063 3339 3284
4900 2077 8659
548 1676 66
6593 1706 6775
7867 8677 4811
2596 557 3438
9265 5692 4348
9480 9237 6402
8007 5813 3382
3483 5071 4438
3180 2962 6984
357 5174 5759
2338 5127 4580
996 7162 5312
7372 7814 89
4494 120 6192
9711 10 9450
1575 1520 7441
7709 3258 2016
4564 3644 5216
5060 734 9015
5031 3363 5950
3014 5373 6136
2303 1233 6851
5006 4439 6391
7041 8784 1630
1289 601 3063
2654 9308 6202
7423 884 2530
3576 134 5286
8920 9861 7662
5824 1917 6611
2980 8837 1734
6784 8217 9264
718 7055 4136
2561 5827 5368
7045 1024 6774
1056 1006 9385
2228 4933 6398
9176 6098 8045
9658 2919 3559
9258 527 8506
1240 4955 5649
3475 4848 7666
2513 3028 9155
1087 8919 7396
69 4196 220
2070 4003 3113
3513 7034 2273
1159 4037 8050
4484 7380 4252
4888 9890 6658
5443 234 4674
1647 6385 2082
6864 4260 75
1143 1897 9823
9636 9942 9002
4277 7708 4440
413 2699 2003
3188 5725 4373
6051 9321 1194
4185 939 5698
3258 2007 7100
3691 181 4362
3619 3280 4172
6674 8023 8833
1890 2593 6042
3813 7626 6678
3193 7380 9318
5160 4254 4365
5408 5961 9751
1448 1024 6484
1365 1069 1571
6646 9112 4034
5381 486 7818
8952 1814 5918
9024 6135 2542
4165 8714 2387
7718 8519 6242
1092 5875 3807
1110 2519 6350
9583 4270 2422
4390 9395 6097
6349 9658 9352
3835 9168 3052
639 4328 7151
9110 6466 9137
1451 1699 2190
3009 3628 945
5538 8392 4800
526 5978 8894
4069 581 2407
1786 1988 2615
3448 2127 4436
2216 6393 4484
7640 3109 1931
5665 3341 7557
2610 7018 3698
9671 6586 761
5288 7539 9604
2088 8567 6211
9066 556 5133
6718 6740 6806
5566 3850 6722
206 2263 7400
1912 1842 1955
4779 392 675
