457
6245 471 3841
6016 6107 4577
8225 5980 9230
9153 8530 2400
2648 2160 8201
2986 8941 8196
4663 8722 9074
33 3876 2653
1393 8281 1803
59 1478 1952
6567 2577 7244
7313 5757 6872
1876 9745 7152
9078 8773 4525
9692 653 7424
6015 6236 7400
2353 3997 3101
7519 1917 1352
2216 7905 7611
2743 4743 1084
3333 3812 4425
3431 756 4998
5670 252 766
8407 8184 1866
6125 9423 6924
9686 9752 2518
941 1463 7829
7968 2749 8455
2081 1335 2307
7786 5974 4944
1529 5047 8740
6248 4295 7780
7243 7175 5809
5497 2483 6115
8862 6857 9899
3308 2006 1744
8246 7739 2642
5139 9838 9540
305 5546 5170
2764 5113 6110
889 2462 9779
6049 4533 4680
9050 9598 8346
1826 3627 5504
8502 9129 9405
5619 7581 2046
6933 199 573
3763 4645 9938
7214 6458 7587
7691 4371 9375
7178 1485 7176
112 5998 946
3910 5543 30
768 3259 5501
3253 2159 862
2879 9827 7608
8457 6842 7722
7753 4473 2696
7857 5202 7877
4363 3731 3390
3766 9530 5015
6146 6874 6541
6965 9213 1169
9890 5246 3033
7130 5187 8053
9600 6918 8495
9040 9998 3322
3459 5081 6585
1697 3013 8614
2747 4415 8095
5815 9294 3535
3484 6422 2768
1418 7650 5989
6353 6140 8611
1679 9101 4228
8031 6629 8590
4653 9145 23
6195 8932 6727
1847 65 913
2769 7852 7651
8574 2270 258
4669 3718 5469
1343 3537 3809
7235 9263 5847
5738 4210 5072
844 3145 2965
641 2788 5257
3689 1967 3108
5558 5717 1545
2518 9879 9028
9118 8607 4893
6003 9371 1301
9878 7139 1998
4202 2947 7466
8145 7450 7837
6803 2251 4767
5589 8161 7321
7235 7102 5255
3049 2585 7659
8989 6709 8969
8663 1073 5368
4111 5223 622
4222 5736 3085
5407 418 1500
1373 6859 4146
325 536 3968
5637 9663 9013
8264 9804 569
8956 865 7680
967 7913 1051
4036 844 3102
5845 5385 6479
1693 5568 2281
4033 408 7834
2459 6891 9781
6942 3425 3299
270 6729 6478
7354 3477 6974
6877 3601 1121
5430 8864 8769
2624 6390 8927
8290 8954 8926
5346 2117 8836
2635 7592 4306
8485 376 5656
9521 6094 6909
7161 9389 8440
3859 3116 5556
8109 425 6680
5259 7254 6616
6252 2060 6681
9092 4385 6806
2907 3807 8010
4631 2137 3164
5174 7892 1559
8224 2160 2391
4887 4478 7469
7364 4785 1430
2186 6390 8497
6074 1915 3751
5072 6253 1577
2474 5787 5904
1934 1276 592
2063 6633 4942
7283 8492 5830
9411 8862 8997
1655 7345 1252
5504 6963 1088
6009 7185 332
9499 6866 8814
7951 6059 6634
3263 9474 8987
9355 4597 2843
7948 7828 538
6506 2531 1114
574 9795 4847
4737 5867 8305
230 149 3631
9826 8542 9806
8285 4598 9755
6530 1852 3781
5501 3721 9438
272 901 1207
4307 6447 7018
3393 9247 8603
9598 9203 3520
1214 4909 437
519 8778 4889
5061 9356 5179
3763 5796 5407
3279 8460 1883
2748 7532 7901
4206 5369 9657
6992 3363 8132
2441 9007 34
9755 7445 7503
2456 7073 1101
6972 4104 9232
6078 7389 3924
4517 1575 7518
1057 4693 9833
4252 2721 3071
5444 3558 6516
2911 5003 9178
5194 804 1421
9669 6082 9628
3210 4544 1618
1868 6470 1936
2293 6702 2202
6841 4902 3249
2204 9151 1553
2182 1539 8528
7701 178 2045
7031 6423 3594
7310 7664 4206
7046 4703 9726
1671 8912 6841
2350 8601 2904
747 6859 3576
3886 5675 9923
1608 2430 3960
2887 4970 3752
396 6362 5924
1226 5387 4709
4172 1731 3315
2422 5853 2512
9967 7914 563
5795 4844 7996
4948 6083 2813
8840 8485 5223
6538 8001 9737
3173 3673 8349
762 4825 3989
6145 5266 2152
4005 4265 4895
266 6132 9124
9404 8860 2361
3615 8032 4460
8302 8163 3884
7623 4797 5527
5469 3249 7956
8566 8144 2262
7130 9605 9940
5142 1067 765
843 79 2717
7286 6220 4211
7235 8158 8026
9969 5583 2576
2429 6968 9449
2771 2695 7103
8062 7603 9659
3358 5629 5242
2643 5970 7320
3973 4462 4770
5914 9937 6515
2504 4795 819
8278 7542 8240
6232 8691 4728
3339 7427 7290
7602 8051 5978
4443 8795 9723
6313 2983 1473
4390 131 1049
7962 4827 371
9717 4771 5000
3273 9139 5228
9907 6701 8744
360 7274 5578
2488 24 6640
2640 2962 1897
2533 795 2954
3821 5238 9730
2445 3527 9519
4847 2494 4
7285 2125 7177
5656 4560 7841
1682 7321 8515
5050 7484 5486
2825 1772 844
105 5360 4216
5297 8545 921
4884 2346 2987
3201 3944 4804
3478 6704 8161
8653 4252 3189
4394 7725 1131
7242 5311 5670
5057 6293 8588
7727 9241 3533
9028 3280 243
4605 8386 5756
3595 3942 9854
7006 499 230
7717 566 5436
6682 1279 8735
7211 4452 9308
3857 5118 5802
4811 5265 2477
6193 8504 2099
780 9774 4957
6603 8066 3639
7612 9653 2900
503 2629 4447
2950 4711 8925
9852 1295 2614
3451 5399 5843
5493 4538 8015
8916 4711 8299
5189 1922 2457
1088 3295 6817
9199 3774 970
7304 9472 7781
9252 655 2350
7723 6635 9083
5519 8535 3916
4322 3698 4422
3050 1914 9996
2673 8679 1235
5777 2355 2922
6298 1912 121
6758 5160 3902
5183 8085 9577
1984 2545 2013
3975 5859 4097
4654 898 6759
3391 3746 4028
2304 9814 6767
8199 8180 8629
2469 1563 5571
9709 9922 8572
9308 2241 1627
874 2767 1396
5527 4733 2372
1637 537 9725
7999 214 8333
1751 7798 5512
6873 7807 8110
8985 5076 4365
7267 2200 7808
9822 5325 4495
6779 4963 6079
5523 7840 2914
3880 8076 370
5615 9850 1976
1251 5147 2025
7486 1708 2833
8978 9808 6936
7006 3357 1956
1147 8957 9336
622 6456 8979
6355 8492 5597
4530 7970 7281
9531 1036 5981
4008 3928 7351
8572 1658 894
6989 1024 3313
1749 2439 2649
8885 7812 11
4383 8776 6444
7416 2093 9271
7262 9950 9845
949 1850 995
3683 4443 9541
8630 8711 9837
6151 6621 8003
3747 7326 5997
8223 1055 150
7401 1487 8040
4900 5955 6905
3537 7961 8364
7817 1368 7411
364 3571 4647
4769 2576 9008
9802 5930 9595
7760 5892 1463
3702 3070 9607
2027 2452 852
5948 3835 9513
257 3273 3887
3694 3624 2559
7763 8425 4738
9176 2842 6563
9420 9834 2651
3932 9261 9163
5936 5514 1626
6957 1677 6548
9278 9847 918
5679 3710 9994
93 4228 900
7907 6444 4669
4774 6580 3694
3394 5266 5882
6133 5830 631
6960 8552 5265
6667 7280 535
5260 684 2280
2393 614 650
8605 7051 2956
5111 6161 265
273 7410 261
8366 1629 3867
9153 7996 7096
6265 6165 7557
5487 2771 7697
2495 7587 5282
1670 4414 9209
2301 4132 1382
1129 1559 3490
2793 6128 4684
9007 1609 8069
3982 6507 6752
7051 8593 9078
6857 7915 6023
3792 865 1565
6600 322 744
168 235 9676
3644 8269 9018
2083 306 9855
3060 4484 1307
5812 6372 4948
6153 9378 8617
9344 4215 137
6135 9052 6141
3653 5918 2255
9242 4265 9333
7526 9801 8323
7609 8563 3622
5821 2916 7258
7617 8619 4861
5293 1704 574
5902 7144 4213
6070 1548 886
4853 5268 2664
1395 1514 6233
5193 363 4360
2389 2686 9422
467 9328 807
5126 8895 5116
8765 5997 6580
6066 1608 7273
42 7230 9170
8787 5051 6606
3703 6125 8519
8285 3772 5342
1464 4158 2037
1315 9530 2197
7433 3203 8552
1897 8331 6919
895 8282 4821
8094 6120 1821
7946 3049 899
2017 4997 7875
8459 9820 7666
4888 215 4099
101 1520 1260
1312 6490 6415
2516 3825 1798
6976 3736 472
2616 723 1140
1795 2989 3431
4130 7790 4427
4546 6576 6721
1489 8686 3476
4992 6081 3435
4015 5218 4703
8866 6515 430
1198 1059 3440
3855 4003 5483
3143 2851 9891
9859 4344 2300
5697 2513 9282
1100 1134 4701
5024 3062 4650
5370 6334 8236
4612 2986 3379
8322 1418 1519
307 2764 8529
