477
544 578 740
6500 1069 4609
2021 1882 9364
879 8445 1838
505 9469 898
7710 3519 1564
3752 3366 3282
7103 4896 7603
7754 8813 7947
5490 9400 2309
9744 9111 9293
2673 9680 6702
2125 2565 4796
3480 5801 2921
9216 2510 433
2112 4405 5248
2227 9049 9214
8649 7032 2775
9620 1079 7583
558 8778 337
5360 7647 1480
6686 7696 5417
5628 415 4072
942 5950 1079
6921 9409 8442
6949 1124 4389
3499 9189 8337
7657 6225 6981
3700 6010 1746
5079 3553 7476
889 1195 7751
6847 7435 2737
3896 4485 3796
5754 9840 413
6416 7326 7890
6053 6760 8400
6101 5513 9067
5431 9675 5817
1806 8527 5958
7601 4865 7787
4869 1272 2584
2436 3372 5482
9716 4831 1884
9173 2902 8148
3977 6133 3517
2475 4394 9427
1143 6671 6763
6446 9663 4079
2693 4353 917
2052 1482 2675
6105 3454 8990
1598 8963 5757
6345 3021 2757
2475 1768 6218
514 5253 5048
2034 3161 2805
8279 9625 2386
3635 4441 4129
7768 3930 1814
3337 1261 4264
4182 3908 1358
9706 7768 2565
5983 8445 697
308 2532 4717
1134 421 2150
4904 8710 7082
2814 1547 9522
6141 2295 1598
2236 7481 8947
7706 3840 6349
1302 7251 8622
7893 7295 3899
7559 7792 2750
544 4075 6841
1885 293 7723
8345 3336 1867
2192 531 7022
8318 4610 2209
7199 566 3018
4996 885 7129
3602 6413 5666
3041 638 7446
1906 434 5786
3769 189 5529
1341 8662 7812
7958 3885 582
9925 5354 8820
4672 8859 2965
9938 9930 7916
4630 1088 2974
1930 1519 717
4300 1690 7108
5920 1405 7997
1350 6210 9336
1914 2689 8181
5338 1373 6859
5482 8832 5832
9739 3966 1412
4751 7045 5513
3920 4909 6704
1892 1461 3107
6985 1963 8113
2031 5280 6095
2962 2588 7232
2768 3519 194
3953 4533 7574
3460 4455 3640
1330 218 4764
1139 8898 2137
3456 160 1522
2027 6673 4870
1162 6462 9137
7249 1429 6949
8812 5595 1724
3865 3453 9069
7001 784 7568
8447 3613 5080
9314 4174 8408
4291 1652 5458
7440 768 8604
2342 666 1851
6883 9704 5269
641 9363 4217
7196 7350 6556
7189 7214 8164
6713 7655 7429
6034 2048 65
8905 2540 417
2255 7143 6193
2634 6280 3720
3966 9656 6287
7866 3243 5427
1853 5530 3217
9254 3239 7236
9710 6046 4328
2464 4429 677
1739 8565 1769
1772 1683 7151
4184 1696 8854
5652 58 5659
4858 8380 3420
4484 8318 7931
5205 4414 602
5016 7685 6773
2290 8204 5735
4075 1415 6027
4413 4517 4815
4371 4876 9233
635 2322 6732
4527 3573 2177
2453 1813 6208
9755 7318 9955
2315 5858 7510
7528 6563 2158
542 8978 4227
6118 9745 8923
7021 5932 9706
3942 6509 9524
1994 5588 7679
8241 8387 836
7978 7834 2561
2837 9455 4235
618 6606 1159
7093 7394 8576
9762 9525 1514
7372 5111 8711
1971 7577 2739
8565 4259 9907
8615 5039 6535
8637 4955 4882
7182 9316 8760
54 324 9935
752 6145 9618
9768 9229 3245
2653 6134 8719
683 3456 1892
1097 4339 8013
6872 1235 6720
9061 2745 4930
8889 7272 9894
6506 1253 6048
7280 5929 5634
8609 1281 345
4196 5505 9753
5413 9253 9493
9160 6301 4154
8906 2535 6814
5793 69 6946
3316 9054 727
1895 8002 2841
7264 3559 575
3909 259 2711
9245 5227 720
8990 6157 3319
4063 7479 5880
6113 8144 4801
2838 8491 1682
8606 5950 2042
6588 1053 7628
5518 439 3842
6751 1797 3975
8417 1332 3286
4623 6837 7382
6650 454 7409
7864 9410 3331
6491 1701 3989
9118 6035 8966
9359 583 3485
4261 9401 8455
5360 9396 9850
8980 2259 7375
3174 4572 2468
6064 3462 4721
4664 8829 4632
4990 2729 5708
2849 5291 6999
883 262 5157
7394 6251 3604
7545 898 3503
8663 5622 7564
6694 9426 5461
2298 4921 6129
2072 6079 4076
8827 4372 1642
5485 7022 8625
1314 36 5410
1450 416 1110
6501 9375 2547
5558 6686 9516
2001 2253 7624
5506 6080 4912
264 3815 4688
6928 1824 1544
9026 5752 51
9135 6179 8663
4421 9905 1858
6644 1236 6511
4228 67 3937
2541 7419 5407
1438 6198 9417
4767 5044 9212
3613 8161 6598
9220 1238 4090
4884 9550 1832
1374 6934 4289
1675 6150 4464
1171 5392 5779
654 2438 1140
3610 6703 9323
6641 3171 2917
2011 7602 6759
7962 5694 7820
5037 5085 1048
8329 9321 47
5145 3973 4614
6989 9722 9125
3276 1281 8650
772 1854 6051
3884 8511 7734
9828 1806 967
9631 7954 5788
9828 4277 6756
1570 2815 2479
5737 4765 9123
8041 508 7855
6780 4426 4567
8876 3003 2168
2320 1352 7038
9929 899 4515
1158 9557 2743
537 4606 7214
1240 5003 3536
6415 4667 3428
5017 2421 2056
7254 9721 4847
1330 2336 1754
7668 3427 6770
4767 3283 948
5615 517 5651
847 8464 9635
4485 1044 8964
7150 4764 5923
7589 1313 8124
5300 8893 7169
7440 4503 1842
7075 9395 8039
8972 7525 3109
6888 7890 4677
444 9420 9838
4116 5699 4354
2180 5629 7595
7193 8085 1162
5974 3326 3684
7837 5403 8659
2085 9340 7314
5835 452 4621
8635 3923 2729
535 6602 3314
1287 9801 3998
7489 1181 7401
6471 5837 733
7627 7896 67
7273 5966 8665
6968 1018 9786
5376 7077 8396
1399 1082 265
9729 4436 5320
8493 1395 3595
8144 6942 8198
3989 958 7493
1233 9409 2444
5963 8286 3680
8154 5479 3993
6310 3482 8367
4342 5185 7876
4250 3142 91
3729 689 603
1792 9672 2891
2527 2079 9059
6922 2746 3522
9547 5957 8220
2371 5102 5206
2240 1430 1494
6871 5412 5040
195 9794 3863
5169 3658 9763
8328 291 8204
6381 2866 1809
6082 5236 4329
137 6627 7215
496 9025 7875
2255 5620 6777
6896 5108 2483
2184 9433 1695
7759 8669 6835
8741 6577 5304
1483 315 3204
1740 1242 436
1080 9853 3607
4351 5707 3524
3174 4364 8227
7761 2464 5315
9552 6215 2812
641 756 6629
6438 3860 5217
2586 1418 9091
538 4409 9734
5158 7329 2910
659 1670 7960
8160 9263 573
5831 3223 356
1091 8659 1785
6345 2726 2171
2407 7274 378
9442 1869 4502
925 9826 3446
6347 8284 5519
4457 2851 1973
73 7906 8961
424 6 568
5465 7806 1333
7820 5801 4928
2126 9299 8866
2754 3470 7640
5655 6839 6968
7819 9362 2519
7181 3741 212
1966 1844 2610
1883 5346 7224
1832 2476 6988
9243 7930 8101
3332 7677 8706
1495 4410 8316
9071 7322 9811
4871 7442 9560
327 1202 9431
1 4266 7506
5113 4979 1709
6042 2243 9752
755 7465 3096
1432 912 1154
7204 5038 8438
4090 4594 8206
2004 2247 918
7812 9977 2407
5982 3413 9292
4715 1090 6355
1892 6352 7423
2077 5949 5238
2747 9801 7706
4449 9439 7083
2666 7219 5418
8920 9689 9794
1796 9246 2224
3385 9429 3723
6559 8619 1471
4756 6491 1800
8784 9916 9401
2120 4372 6492
7948 6062 2083
8525 6777 7390
9603 5123 6326
1071 4385 2225
8199 3969 5833
4693 6637 6188
998 9775 6283
6669 2742 3103
7333 2516 9873
8565 5091 5353
9835 4114 7
5547 6793 1917
2902 1649 8174
6954 965 6309
9024 8313 4331
1914 5769 1936
6455 4070 9477
3304 1898 2966
6229 4516 7012
666 8543 8256
6664 8062 5396
7568 3927 2656
6515 5852 8046
2018 3826 2992
3389 9078 40
3177 9448 9801
8750 1937 5333
7512 816 1462
3023 3850 59
5280 8004 2477
5928 2775 4160
5037 5000 9406
2590 9474 8653
319 8387 2977
7645 3670 4393
4795 531 3399
8734 4201 3516
6200 7819 3389
7569 3775 2117
3105 1229 1868
966 8162 5142
9041 1931 900
8490 1712 3659
63 6270 1928
7560 4425 6074
4031 7574 8151
9905 1083 886
1626 6021 3671
3276 8688 8554
2463 5229 6410
2299 9292 3573
5930 4490 9661
2739 8639 7775
8594 7223 2820
1817 7443 9045
9941 7913 4668
6159 7628 6469
920 7953 7733
3469 7399 5312
4490 9693 5942
7818 2600 9543
4035 4210 4174
3564 720 1393
9061 8261 2593
974 419 2457
7981 679 2945
9684 7813 9882
4644 19 4878
8263 461 7470
3860 6277 6109
7540 9379 9541
2350 1457 6901
8331 2291 8543
8043 9288 7067
7904 9262 6645
9725 6185 5642
1991 5101 3034
9647 4661 7186
