496
7830 3984 2229
9456 5202 6606
8361 5811 5049
5409 831 3209
1747 219 739
9025 6418 9288
18 3342 2937
6621 128 1529
7702 8716 1026
9307 8209 80
1108 4026 9837
8713 3968 3382
1545 8985 6999
2876 9182 2093
2351 5861 7226
5101 1092 152
3102 7899 3537
8935 4325 6995
7034 7900 7454
2239 4396 319
163 6543 3962
2747 1924 6449
9986 2706 4037
7406 4611 509
6759 5664 254
1644 2865 5024
2447 5343 2317
2697 8891 1821
7686 7229 5076
9898 6192 2642
5639 8848 9970
812 9003 6791
8990 5741 3445
8738 6197 5015
4307 4865 4468
540 7172 6043
9785 8258 6991
6536 1128 3199
4586 4433 706
1771 5107 1385
6166 5352 491
8915 4155 8829
8086 4823 1504
8601 1966 2628
2101 762 2114
1056 9129 8495
7959 5337 6932
5275 1613 6397
7774 4036 4709
7326 3721 913
1295 3423 9655
5729 5089 4117
7615 2364 3667
8967 4181 4630
234 5917 8359
3546 8904 2202
2395 791 2484
8495 5299 8547
4790 7808 8675
6844 3784 796
6592 713 242
3888 3184 3109
2987 6587 244
6187 7871 9658
8976 7948 9254
5566 377 1805
2468 1967 7065
4359 467 3396
3351 9808 2133
2625 2173 8463
7442 4009 4112
2641 5927 2064
7350 8426 5784
8378 1455 3803
9183 4354 9826
6047 9003 8676
5595 7386 119
4917 4814 5692
2370 5315 58
4877 3987 1848
7524 1123 7173
6503 4397 8714
9163 3806 2294
999 1128 4257
6311 4180 9200
8665 9178 5509
857 6312 3283
6161 7231 2654
5434 8191 6301
7855 1663 9278
5675 243 4843
1297 4790 9914
4739 5029 7687
8684 4547 9235
345 455 5713
8512 9611 5705
4767 648 9421
1671 4338 1501
9761 211 4064
8704 7512 3706
674 8413 6406
2061 7251 8078
9256 4649 669
2312 9225 6029
8886 1681 1520
7534 9187 1290
7534 3403 7672
3872 8682 2135
5644 2864 5842
6931 6330 5265
9088 1653 7850
2671 863 3978
6267 126 4008
1518 4690 5234
7115 9441 3437
414 692 8509
6205 2665 1782
4747 7390 323
2317 6682 3913
1303 5584 3394
4211 9059 9317
7645 7137 7216
580 3883 456
4734 9339 7179
434 7232 8178
2005 1305 4779
1766 2883 4195
238 5438 6808
7739 3295 7301
1179 6752 6655
1289 2422 8284
1142 5224 5577
4025 4932 672
4828 2214 8047
8926 8398 3560
8351 6738 339
2779 9269 7437
5093 3728 3377
2541 3519 2438
2710 2801 817
7346 8212 5025
7071 8042 1128
6727 3815 1028
7557 1575 8117
3648 2350 7077
8727 9918 9729
6119 9301 2615
5303 1582 3549
8855 9389 5038
1792 7148 1755
6050 7766 6008
7874 2866 5493
2794 4536 9067
9910 3690 9096
1860 3564 9741
7377 6337 2827
5418 8865 9282
1304 9218 5658
1505 601 7645
5065 2602 7325
9208 2103 6359
6070 1087 9410
2444 223 3235
4198 2186 5397
7112 5235 8512
4516 4281 4636
7370 2211 1810
9147 6478 8599
1468 168 1739
8494 7174 6984
2013 1814 4994
6404 5737 7197
5566 9715 3707
3746 5491 1003
9618 6375 1193
4097 9944 3931
9136 1572 7768
2353 4449 584
6632 3121 8770
332 591 6577
3028 4913 4559
5559 2276 7132
8753 4646 896
7485 6767 1647
2649 8257 3059
6043 4059 6616
1303 6917 2779
6293 8868 5188
8045 8714 4829
227 5819 9917
9187 8019 6090
7719 6906 8146
4924 4746 8469
3276 117 1330
4047 6815 7003
7881 6925 8471
796 9855 1427
1652 4512 8450
3227 9643 5988
5608 6606 9081
4350 8446 4849
3382 43 4504
1562 5122 2673
4682 245 7940
271 2669 7843
4399 3857 374
4574 4296 7924
142 2257 8235
7227 4495 5683
9246 5224 4922
3212 4113 1351
5614 4230 2513
3154 1234 8097
4654 537 8362
1099 9440 7601
5417 9555 3332
2611 9007 1364
7876 4060 1255
5236 7192 977
8384 5533 4928
139 17 5748
3796 9034 2639
2564 2876 2737
3328 1534 4375
5234 9636 1433
29 8383 4610
2936 4524 1442
8445 4389 5846
6395 2263 8024
193 7864 1649
1755 3701 8760
645 3988 1717
2038 9515 2762
5994 7666 4913
7892 2597 573
9745 586 5890
2013 6254 2605
8198 5145 8916
716 2716 8062
7215 5366 7475
4332 7170 344
3641 9525 4256
6567 4570 9831
2234 2711 7051
3220 1364 3021
8176 8779 1509
4334 7375 8017
3380 5887 6439
1735 8362 2196
4457 9953 3489
9680 5191 5775
401 9967 5022
3076 7022 3144
2480 5346 2757
9633 2848 5212
2963 7818 3366
4373 2737 9037
1575 3133 3771
3482 326 1226
7683 2433 4348
986 9164 3095
6530 9223 7521
9132 5082 8759
3097 8315 8544
2926 1107 4579
1982 5204 6929
2374 4173 9602
9990 7859 7779
4031 2415 989
714 5935 9388
6001 7721 1260
9098 7584 5175
2281 2594 3860
6981 8463 5202
7277 3386 1548
5215 2321 7696
8825 5326 1395
7499 6663 2
2894 9490 8430
3703 9021 1339
8991 5224 7630
1334 7973 6198
6045 868 251
7676 683 209
999 3645 5977
5922 8609 8370
3688 1315 768
7887 8892 1845
9140 9815 2887
9839 7422 4869
3329 3739 3603
7577 7503 6919
8372 7173 5635
8852 1465 1348
7947 8102 7694
7989 6836 3624
5221 7765 5260
871 6315 4061
3304 1476 4231
4932 991 2777
8839 5019 6786
2717 4983 7330
7074 5722 7148
1064 8310 7605
18 231 7247
1747 4283 4461
2018 1820 7522
9653 8016 6046
6787 5935 3927
5072 8275 5898
3985 754 2122
5148 3719 8528
6237 6413 3974
5426 7669 972
8231 5429 6036
402 4709 2031
7435 7219 6063
6066 8213 2526
2924 797 8690
2781 9953 1765
5594 943 4400
8224 3812 4781
541 3013 9863
4941 1965 8298
1664 4003 5728
3608 4228 8988
1592 1927 8822
9025 9631 1387
9574 7609 4326
2903 5462 2382
1402 9211 888
3808 5524 8038
9384 4240 7948
6124 5349 8012
7592 7160 5279
1260 704 6910
6580 2530 86
162 1816 6417
3182 6715 3341
2806 7511 6997
8896 8456 5378
2364 353 6086
5155 962 248
4999 7605 3924
8838 9830 5484
7383 4252 9305
7971 5011 3107
7540 1917 904
5775 662 4412
6476 4207 1061
2576 6330 1103
1742 5723 9835
2407 1118 3548
5811 2845 6826
3848 9174 2281
4526 3114 8578
1618 4372 3443
8825 701 1040
9645 9255 1355
2436 9220 3772
4470 918 3708
6112 2436 6936
3874 5462 372
984 9926 4813
5150 8396 7011
1432 4434 6751
8164 4525 3929
8720 3604 2774
2364 2319 9020
7699 1995 2496
8820 3574 1726
8520 2708 3321
9332 3088 4208
2183 5591 4487
3216 8221 4520
1687 957 8480
1842 1740 9943
3758 2833 9422
9388 4570 5975
7758 2839 2521
5883 7103 3566
9295 4349 6687
5442 529 1599
270 1578 3940
4353 9760 2717
3116 2012 1801
2878 7012 9557
693 792 500
8990 9778 5870
8078 407 7474
3685 6276 3417
5895 553 172
7248 225 4427
1626 894 7511
4155 819 4828
3623 3704 5942
9602 2369 4728
773 7705 4074
1073 6961 4563
5634 1815 1372
5963 7598 4254
5001 5389 7586
9523 1285 3901
9375 6755 8709
3500 3351 5127
3149 4638 3984
782 3915 1189
2975 3440 4544
7594 2016 8008
9762 7684 5483
7101 2359 8791
4952 3718 503
7190 2433 9378
5877 9113 5559
275 3631 7858
5886 7650 6486
290 7277 5084
1522 6920 3896
3380 5013 4903
4065 1062 3112
6557 3034 1759
9794 3955 8725
2472 4932 751
9465 6051 5804
2751 6649 7406
4992 1324 7333
2405 8420 4714
5442 7765 2557
5485 2269 4736
4940 7747 8356
1596 9564 9709
9351 2199 2036
6580 9710 9099
2006 9764 9144
6357 4415 6828
7299 64 4990
7493 4133 960
6615 3038 8643
3342 8804 1047
482 9614 6564
6873 2595 2307
3954 7993 6115
3909 2683 1749
1005 1852 5881
47 7362 6158
9208 360 1908
5581 6946 6372
7987 8790 1790
2306 3389 4132
9858 7865 5893
9687 6690 3227
3009 6340 426
7885 3100 4217
7555 533 2402
1426 3390 5940
7059 3713 6461
6663 4857 7644
6010 2815 3047
1387 2638 8167
5718 6604 441
51 9206 766
3738 9507 2056
1689 7631 447
3987 8477 9425
7145 1870 583
9449 7731 1096
7448 1797 3333
8971 8775 8084
3020 2040 1855
7150 9859 2941
1975 8326 5134
3755 4369 9469
8386 5533 8025
2992 3291 1160
308 4608 2645
3229 2490 5904
3938 2608 4893
2389 7124 3006
8629 7305 5807
4861 4943 8302
8820 2173 175
8790 4443 9827
4715 6700 5799
1299 944 277
5529 6515 1486
6445 1109 3861
1818 9823 6052
3789 5565 9995
7855 5674 4347
9736 7351 4931
2090 8859 105
4007 4336 8272
8659 2624 163
5762 4346 522
3023 5408 5443
1544 9417 9654
