1000
539 1 23896
34 3 479860
161 4 366731
706 5 35395
870 7 843355
60 9 453507
216 17 311479
640 18 805463
876 20 949736
927 27 398495
668 31 832638
611 32 824373
403 33 67044
639 38 244559
558 39 59768
795 41 965167
417 42 745942
254 44 352242
203 45 769906
48 50 144349
346 52 44934
63 57 337572
398 58 9245
348 59 249876
807 60 495376
708 61 922161
721 66 559450
49 72 667475
225 78 870344
841 81 91412
463 84 792120
963 85 910484
592 87 697554
91 88 728465
258 90 49611
424 92 449677
738 93 316455
714 105 99549
789 107 554607
901 108 142684
796 113 15905
444 115 828216
474 118 794701
623 125 549975
981 132 993945
543 138 904221
703 139 913823
685 140 854910
461 143 741657
661 149 701197
551 150 197669
900 152 68669
927 156 901290
536 157 755585
588 160 682074
133 163 355909
750 164 104657
784 166 105177
707 172 77478
899 174 20687
532 175 426980
368 176 286782
868 177 416076
285 178 25289
993 179 353704
642 181 477945
448 184 18136
634 186 854055
62 187 966361
897 62 207881
994 190 993574
837 193 771401
660 196 835809
504 197 293118
695 206 521004
649 208 188668
432 210 173059
300 211 666839
145 212 24420
666 213 770285
19 214 170307
599 19 758397
774 215 709909
902 216 478661
574 220 287382
795 221 32083
21 225 843856
957 227 882256
330 230 939860
465 232 173153
127 233 604851
388 235 749739
854 237 25282
409 238 539287
320 240 424964
900 241 395439
112 243 724664
437 245 802376
385 246 532720
40 250 108351
451 251 554704
26 253 207791
513 26 419896
998 255 24324
154 256 747842
942 257 194282
658 259 385709
460 263 797807
986 264 681154
14 266 261007
981 14 297550
195 267 670986
111 268 948377
169 111 868569
409 169 579490
168 270 292089
930 271 851157
815 274 898766
924 275 893015
325 279 449930
218 280 66243
440 218 365849
479 283 578008
387 284 462685
119 291 710955
649 119 216783
516 292 923829
70 295 111252
694 70 96601
435 296 595173
311 302 663807
148 304 636832
262 305 251898
600 310 638194
359 311 589957
308 318 238430
699 308 110507
420 319 761102
504 320 237934
147 321 243184
584 147 11287
601 326 34186
823 327 128266
277 330 714422
316 277 658868
964 334 109916
792 339 189108
192 341 937297
452 192 724625
516 343 450766
484 344 90521
24 345 19645
453 347 804968
591 351 178202
306 352 108125
120 359 552767
666 360 341272
136 362 364950
508 365 129936
614 366 490941
290 367 262278
682 368 654561
988 370 77288
249 372 404776
683 375 331465
906 376 225677
795 377 477848
641 379 182367
612 380 107594
794 389 834168
992 393 417750
846 395 951116
991 397 627222
536 399 167669
689 400 357021
680 402 904906
495 403 384640
591 406 806281
467 407 246078
816 409 957218
440 411 102294
383 415 991234
432 416 129257
502 417 422693
857 420 825587
203 421 876753
889 203 152299
727 428 87223
231 430 536484
450 231 206250
408 431 648730
824 408 992416
535 435 596498
925 440 714076
871 441 651060
303 442 937874
594 443 639591
901 444 30494
805 446 673804
136 449 318576
529 450 211607
429 451 419536
978 429 292137
553 459 145894
16 464 314181
51 16 299717
161 465 245037
771 466 115097
219 468 75731
989 219 983712
720 469 748423
112 471 64613
852 112 641818
633 473 581801
811 474 1340
229 477 516571
158 229 522697
301 480 234623
869 481 831807
757 483 217322
127 487 739539
122 490 918089
553 122 333482
580 491 915137
433 495 846248
731 496 866822
853 497 99406
202 498 121390
314 202 597136
559 504 475613
249 505 704233
83 506 707575
123 507 476033
67 123 270832
148 510 12820
124 511 353311
860 512 97342
364 514 825215
94 364 514469
355 515 34964
682 516 393406
606 520 651131
868 522 385054
725 524 554543
456 526 449272
412 529 140134
722 537 934455
908 541 604108
634 542 63738
182 544 23750
91 182 617922
847 546 172351
258 547 464836
378 548 410898
79 550 660362
391 79 847916
207 552 965131
665 207 116673
586 553 947955
716 554 219910
785 555 210698
675 556 501120
653 557 916457
135 559 103305
912 135 841009
128 560 714969
97 128 357155
572 561 189891
574 563 577262
650 564 191640
606 565 283391
771 567 167117
813 568 802849
272 569 215781
727 570 373368
313 572 314887
262 573 505338
608 262 610406
696 575 409376
881 576 489812
934 578 941707
999 581 726226
293 583 161041
863 293 511969
592 584 382933
717 586 590237
47 587 896811
201 47 621400
820 590 941336
792 591 61193
736 592 4725
549 594 65035
141 595 402127
762 141 212098
300 596 546426
528 597 455656
91 598 376262
991 91 316722
844 599 727356
928 601 996147
774 602 939547
608 604 357299
434 606 164630
807 434 274747
337 607 767335
889 608 755348
222 609 464219
585 610 247087
338 612 308118
328 338 319837
124 613 246691
714 618 474619
8 619 506050
356 620 337911
199 356 435715
965 621 416828
827 624 891526
124 625 248126
829 627 651506
531 628 253326
866 629 16713
357 634 164816
643 357 906029
204 636 337487
527 641 36224
577 527 424839
276 642 110175
869 276 251000
171 643 304488
787 644 452765
697 645 648087
282 648 913396
579 282 392827
574 579 562811
260 574 371032
86 650 351990
11 86 593685
841 11 71372
964 653 870082
331 654 414302
852 331 846032
532 655 181285
748 656 582626
68 657 159244
329 658 520546
981 329 812200
571 662 141757
28 571 879358
51 28 821834
445 664 520444
433 445 593968
532 433 550125
426 532 350800
626 426 489433
363 626 790841
589 363 791765
269 668 967643
545 670 915076
845 545 581374
432 672 697978
976 432 258084
747 673 494611
205 675 66596
539 676 611099
916 539 947516
390 677 327796
972 390 273106
916 679 620988
312 680 45395
171 682 150001
944 683 600540
747 686 340170
858 688 118387
721 689 858088
669 690 330253
191 692 264869
378 191 7796
859 378 312108
663 694 746468
37 663 666708
494 695 238326
65 494 970099
810 65 571701
486 698 95910
413 699 426060
482 703 198650
752 482 469639
437 704 472966
666 437 977303
501 706 487112
997 501 102806
798 708 412723
467 709 633935
821 467 658121
633 717 39641
332 719 913893
131 722 353175
167 725 84796
566 728 816679
353 566 298060
35 353 535987
55 35 642779
899 55 682770
854 729 597041
910 731 537467
170 733 147028
74 734 654697
95 736 172176
536 95 25081
12 536 459030
144 738 539955
137 144 554797
746 740 553098
46 741 681772
188 46 346961
829 188 964226
871 742 243067
148 745 573804
413 148 774615
170 746 538670
247 170 530188
499 247 567474
903 499 582497
272 751 878261
879 754 651364
463 756 662484
418 463 596991
100 418 174575
49 757 473251
337 758 256296
300 337 569107
136 300 101337
234 136 701072
809 234 69135
711 759 594132
603 711 629941
117 603 780621
723 117 869896
110 760 526397
252 762 380849
484 764 159065
523 484 121044
412 771 921669
200 412 411623
540 200 929089
988 772 648374
269 773 238033
533 775 536849
361 776 241673
509 778 72295
732 509 479436
423 732 329558
631 779 78955
315 631 911674
826 780 748247
774 781 996292
635 784 635100
535 635 256035
962 535 770375
786 787 499121
824 786 598285
261 790 713297
630 794 492298
301 630 548150
982 301 342641
842 796 534499
422 797 320262
131 798 424780
142 131 835491
972 142 374894
955 799 623684
637 800 996114
228 637 934812
452 228 497202
226 803 744591
209 226 926999
777 209 615107
189 777 28647
457 189 6628
543 457 525149
137 804 25934
540 137 366318
265 806 217268
926 265 638159
307 808 666500
313 307 663550
294 313 734150
436 812 11353
314 436 86632
876 314 853997
632 813 210437
727 632 327341
382 814 879990
932 382 411393
427 816 246416
316 817 987998
281 818 737732
768 281 359559
479 768 804191
479 819 100074
333 479 451645
130 822 835730
476 130 592852
146 825 247245
168 146 891648
168 827 438762
171 168 563024
159 171 532094
919 159 865982
109 828 230068
849 829 259497
750 830 439890
127 832 509749
503 127 349809
600 503 878303
914 600 509309
992 833 452999
713 834 918489
37 713 780417
766 37 914950
519 766 400974
492 835 317347
755 836 97679
97 842 351222
419 97 253564
427 419 458519
863 427 825985
558 843 17409
116 844 444218
623 116 392678
997 623 951247
937 845 159967
549 847 995106
952 850 868047
558 852 251405
30 558 608936
685 854 546150
21 685 302892
880 855 622603
100 856 666945
577 100 729815
15 858 657076
289 15 12845
615 289 135887
720 859 248056
710 720 483925
826 710 367062
638 826 464995
755 638 541502
669 860 828048
103 861 663227
98 103 238874
712 98 107249
792 862 757441
388 864 121263
48 866 485509
335 867 216389
110 868 407114
611 869 362851
910 611 364198
963 872 696360
53 873 981350
518 53 177412
48 875 293596
513 48 345542
502 876 852086
461 502 583732
8 461 350110
735 877 310596
322 735 428830
927 878 867555
167 879 283116
614 167 388385
254 614 769225
540 880 163096
358 540 474415
716 358 29284
153 716 660338
966 153 473942
782 881 269978
120 782 881907
639 120 989473
455 639 247175
811 882 740954
517 883 262278
918 517 57135
324 884 615598
94 885 308277
425 94 606126
223 886 594918
374 887 514642
770 374 442823
983 770 277113
972 888 977818
651 889 386095
151 651 961445
907 151 95314
577 890 931215
508 577 234237
73 892 22401
789 73 899706
315 893 619654
315 895 164770
824 897 501215
994 824 400358
909 898 903945
748 900 141246
747 748 571812
617 902 703371
640 903 292363
926 904 991959
743 905 970192
718 743 793954
486 718 240346
802 486 724327
324 802 746457
523 906 94892
525 908 206263
290 525 880407
795 290 755425
839 909 553804
82 839 382601
605 82 2018
661 605 502198
714 661 77021
949 910 404485
285 911 722796
523 285 101601
340 523 660808
983 340 139659
458 912 575771
789 913 133597
102 789 902508
737 102 182692
298 918 529748
697 919 879595
687 697 345227
871 687 48496
916 871 832348
77 916 944770
944 77 683567
582 920 605113
543 582 65768
51 543 909033
145 51 625453
404 921 620924
493 922 650895
616 493 420174
478 616 340791
23 923 996197
261 924 84045
381 261 454947
702 381 641166
954 925 332804
29 926 783665
820 927 991013
549 820 163526
294 549 14475
739 294 722918
30 739 397358
801 30 833795
204 801 554330
809 204 215271
894 809 944885
68 894 760920
478 68 728889
272 478 853803
995 929 302275
323 930 981302
205 323 482338
763 205 870272
489 763 386414
236 931 756725
647 236 549030
750 647 170006
129 750 474839
248 129 929639
674 932 983753
737 933 14238
792 737 473740
521 792 537694
248 521 332108
6 248 542072
155 935 399613
89 155 156543
388 89 267845
10 937 309491
25 10 421400
500 25 977586
946 500 278453
470 938 570250
995 470 658879
846 939 98148
749 846 911233
110 940 530104
297 110 598429
622 297 193634
456 941 917586
934 943 789627
589 934 427586
396 589 675884
161 396 830691
452 161 293494
588 452 231327
414 944 729160
674 945 578073
857 674 785302
530 946 780626
700 947 871353
43 948 515041
80 43 814363
462 80 403018
640 950 182488
805 640 408002
744 952 392322
183 744 959945
646 183 471665
901 953 107156
749 954 229501
896 749 544922
475 896 290827
83 956 27045
807 83 252655
254 807 287060
949 957 454176
936 949 219521
413 936 95529
615 413 831781
588 615 642042
199 588 332151
269 959 248842
649 961 365569
75 649 234462
528 75 122935
646 962 199953
29 646 237246
767 29 57636
857 767 871774
312 857 297933
992 312 969630
425 963 736495
955 425 482878
56 955 675857
986 964 625866
348 965 906569
667 966 626781
488 667 239562
870 488 944794
456 968 2931
348 456 928430
12 348 988830
811 969 686790
472 811 353276
158 970 456042
538 158 289246
652 538 560321
462 652 696546
124 462 12198
455 124 355
239 455 342329
702 239 423456
63 702 653260
22 63 901085
669 22 226709
162 669 936278
617 162 658359
848 617 780642
317 848 717690
23 317 980361
71 23 600476
805 71 635411
489 971 176824
298 489 285840
752 298 857103
315 752 649967
907 315 761591
201 907 542717
458 201 851416
438 458 862477
815 438 731357
622 815 714481
36 622 34259
324 36 953182
755 324 293414
332 755 387720
303 973 933435
299 303 834289
106 299 850312
691 106 104483
67 974 143016
993 975 267039
335 977 718657
252 335 459036
727 978 195430
34 727 600605
387 34 19255
696 387 392035
551 696 846584
681 551 277175
901 681 204312
513 901 149848
761 513 654455
69 761 550687
6 69 520452
410 979 236202
666 410 924660
991 980 33254
398 981 540061
165 398 481843
712 165 412371
350 712 337254
328 350 65594
342 328 241807
64 342 516076
254 64 633094
874 254 453474
54 874 55954
795 982 956326
915 795 525765
714 915 346384
126 714 390915
287 126 942047
76 287 645111
785 76 530576
272 983 636222
288 272 679201
40 288 806834
891 40 513062
384 891 348061
217 384 542386
849 217 725653
580 849 30780
678 580 569237
533 678 292024
723 533 500411
306 723 677435
453 306 884751
423 453 942670
684 984 264466
252 684 126105
967 252 989458
783 967 736277
96 783 171326
101 96 838684
195 101 399746
1000 195 750145
385 985 950655
838 385 427435
958 986 610507
121 958 417584
67 987 334701
831 67 793750
373 831 288050
917 373 709826
810 988 233711
476 810 232240
194 989 735077
951 194 615088
309 951 113688
701 309 760566
198 701 991687
332 198 793139
273 332 583596
666 990 502123
659 666 645832
249 659 139828
475 991 428195
838 475 19609
707 838 46395
665 707 940819
837 665 355513
960 837 757751
258 960 294518
333 258 975478
472 333 547539
223 472 914964
325 223 415096
724 325 765856
788 724 657835
528 788 24805
74 992 725488
414 74 783572
145 414 399429
863 993 123489
492 863 912236
853 492 413700
316 994 679298
422 316 100417
383 422 899684
199 383 717118
269 199 46632
145 269 175475
99 145 474349
392 99 953434
185 995 518284
805 185 127871
423 805 725191
13 423 264371
349 13 207785
249 349 645803
21 249 170985
998 21 383911
369 996 502616
840 369 426777
769 840 589838
405 769 143585
2 405 354780
753 997 473803
244 753 324090
355 244 435634
508 355 830087
791 508 325470
322 791 696862
870 322 440940
391 870 931350
222 391 580271
134 222 539562
447 134 96467
821 447 390557
917 821 162155
942 917 415069
691 942 622392
518 998 351849
354 518 970709
693 354 255564
114 693 244079
133 999 911657
793 133 13741
841 793 100765
8 841 448737
6 8 441957
12 6 370426
454 12 280338
700 454 949424
286 700 938997
774 286 739121
534 774 284478
49 534 247801
260 49 962329
242 260 412220
671 242 604810
530 671 808776
448 530 743466
121 448 497990
346 121 813182
476 346 360932
730 476 89407
104 730 232530
585 104 603392
972 585 946116
823 972 943646
439 823 16890
460 439 227644
715 460 563531
2 715 35796
392 2 869976
54 392 627778
726 54 238860
528 726 62881
404 528 348546
928 404 790763
747 928 348031
660 747 594398
401 660 989381
361 401 881771
785 361 986690
24 785 57397
154 24 787673
853 154 634996
976 853 441030
562 976 254509
593 562 28891
721 593 386220
386 721 613120
851 386 663272
765 851 117698
691 765 884146
114 691 536630
705 114 671687
519 705 876659
388 519 983567
485 388 337916
336 485 933379
865 336 570645
914 865 14337
531 914 900876
371 531 143702
180 371 726971
56 180 938057
278 56 148819
273 278 176559
173 273 909446
633 173 265265
224 633 621128
899 224 820346
394 899 86701
109 394 424793
424 109 389037
424 1000 441612
1996
246 810
592 993
41 355
380 797
859 909
327 652
130 727
243 900
400 414
377 914
8 278
354 454
8 249
130 200
43 307
539 798
163 613
417 554
697 787
950 951
308 911
16 556
564 620
706 809
428 436
424 620
12 930
628 962
28 386
291 472
195 927
614 749
229 521
47 352
80 564
77 515
635 808
497 836
200 809
321 777
166 420
236 920
365 963
211 898
628 863
573 723
539 947
177 513
786 995
301 927
162 799
176 549
101 868
209 409
9 808
625 945
180 346
402 617
410 449
357 750
774 792
627 943
532 636
357 992
87 288
645 711
520 858
412 589
345 478
780 998
109 551
68 260
18 614
409 845
4 481
910 989
747 837
274 809
156 863
718 930
679 778
84 954
485 873
489 969
383 893
117 558
29 479
322 362
801 952
109 244
286 566
405 544
198 735
729 995
100 973
81 927
19 314
695 884
725 958
505 846
34 436
123 791
248 921
188 414
289 392
183 920
102 264
558 939
285 690
89 180
639 960
592 994
148 243
840 893
174 706
104 884
338 956
28 257
136 156
36 982
190 917
159 855
35 295
377 725
341 585
642 803
147 554
375 391
565 780
190 913
259 794
394 510
379 831
599 604
770 774
313 496
323 554
150 299
103 214
622 971
283 964
28 488
285 585
89 812
20 96
368 546
74 786
529 764
402 607
57 665
117 765
713 885
159 528
44 632
377 759
40 740
767 771
315 528
421 875
163 975
530 828
74 737
68 309
319 601
195 330
331 713
189 212
71 657
151 857
77 917
30 109
48 221
424 943
604 781
636 880
443 999
620 957
405 652
484 796
129 619
104 903
145 722
422 642
446 916
189 680
101 920
32 863
285 313
123 136
558 588
52 922
791 970
81 743
200 427
234 458
123 238
179 996
273 867
25 594
33 184
942 991
86 740
306 404
100 602
262 782
43 660
12 505
75 220
658 870
353 480
579 822
450 933
498 593
33 422
371 840
812 831
877 1000
400 643
353 969
255 582
339 921
69 834
431 477
416 435
295 363
461 989
463 857
423 854
219 640
124 670
84 207
16 813
658 677
124 250
439 751
297 978
92 277
269 367
84 602
251 556
794 919
193 947
400 526
325 792
468 756
311 619
2 550
128 185
23 288
628 742
135 414
74 607
107 186
388 793
616 751
407 541
633 807
66 474
250 459
338 758
63 435
39 472
178 796
213 457
124 212
27 966
602 945
663 736
371 506
160 497
262 808
192 655
322 471
374 427
658 736
215 515
567 804
1 878
503 967
134 899
614 952
470 945
183 982
98 636
540 848
326 810
51 583
35 350
528 594
236 482
447 938
505 860
78 673
628 991
498 807
740 848
28 696
321 714
403 749
164 304
114 506
557 981
306 674
96 479
308 759
358 587
163 261
82 130
117 795
279 818
354 913
48 933
183 616
916 942
935 957
326 921
543 647
378 910
664 799
196 885
486 765
520 735
504 901
4 782
526 601
540 937
448 575
398 467
378 813
112 643
549 767
847 986
134 944
52 203
449 962
220 223
470 508
486 722
101 461
95 763
329 362
3 842
190 773
89 555
143 854
721 833
705 984
15 822
359 695
256 816
173 323
146 865
507 632
202 322
246 337
303 500
773 820
538 995
269 287
638 642
782 884
192 255
99 567
751 964
698 828
121 181
88 537
164 524
532 858
56 775
57 593
104 642
394 891
270 800
142 601
718 853
106 578
635 829
382 439
354 604
120 248
185 891
319 616
9 923
46 138
405 948
91 548
658 793
370 910
77 219
656 712
423 861
274 562
410 659
33 97
220 305
409 666
400 490
730 886
210 730
779 801
15 777
532 912
301 735
665 812
11 81
158 510
173 547
17 830
398 818
266 287
100 502
165 971
281 825
44 401
914 947
234 398
583 713
303 856
641 736
851 902
225 426
175 913
240 898
442 703
544 999
54 122
278 466
446 972
620 785
244 465
105 914
183 192
449 619
397 918
119 561
82 677
105 999
499 954
497 714
264 794
731 733
270 337
810 837
537 717
601 868
45 81
877 918
453 472
816 866
109 571
444 518
670 797
498 945
264 915
820 884
241 836
1 504
856 886
452 860
132 298
55 869
439 651
120 662
598 867
911 955
65 488
214 255
263 571
540 881
51 846
471 833
146 158
664 852
111 141
22 796
731 874
659 982
572 870
578 601
344 857
116 374
894 965
727 817
182 779
322 693
453 756
378 802
49 242
478 635
186 264
257 358
206 238
99 463
576 654
131 217
630 904
821 937
524 995
6 856
250 772
320 711
367 600
598 720
731 907
172 475
44 473
609 882
184 751
263 883
158 717
362 561
246 563
32 745
44 470
433 458
613 777
840 940
517 912
278 560
269 754
570 635
10 445
476 838
116 847
407 716
470 748
373 563
448 898
328 437
481 848
281 321
458 581
15 61
300 454
271 830
466 625
742 847
360 874
678 992
216 730
630 881
246 827
157 979
710 831
400 750
131 901
572 699
196 942
465 706
449 967
325 440
213 942
193 905
426 468
283 352
121 789
160 394
79 841
67 720
424 770
110 785
662 910
47 602
62 198
258 463
499 899
683 802
278 968
137 619
738 908
572 712
284 856
141 756
170 555
322 400
615 896
826 991
227 673
171 510
445 692
208 324
582 771
385 787
419 469
624 867
621 983
592 885
31 447
506 833
183 509
135 730
534 976
139 561
732 786
154 462
627 903
244 611
290 333
170 753
284 552
102 550
124 775
482 860
621 954
482 922
45 759
222 704
747 870
563 904
444 529
633 733
499 541
459 795
721 925
119 335
26 750
142 826
381 387
460 525
154 948
44 758
448 545
88 962
235 918
735 800
523 774
167 938
137 561
44 442
262 994
719 758
216 703
150 433
449 810
484 676
761 834
651 761
494 877
790 888
17 187
60 727
106 236
40 737
546 947
439 866
243 390
230 472
39 334
80 770
290 568
752 890
100 470
479 544
119 422
392 451
263 902
257 580
307 775
132 190
245 893
159 997
363 575
344 453
423 829
158 660
104 573
89 910
337 666
363 372
687 831
24 321
81 775
13 573
488 943
306 408
304 704
781 829
179 747
324 496
261 410
458 851
595 838
214 581
158 661
80 867
719 930
179 772
96 928
247 439
826 844
586 891
464 844
58 697
36 677
370 887
184 871
607 925
515 774
619 886
426 551
182 860
31 764
262 416
874 923
412 790
146 709
81 773
462 757
452 737
966 979
66 448
33 662
100 464
731 741
119 246
68 445
314 840
266 602
525 986
287 380
72 945
328 699
302 962
591 882
274 972
249 831
336 697
356 785
633 667
337 349
394 857
200 733
119 823
366 627
157 673
15 683
499 861
71 638
191 379
148 562
30 529
109 510
384 686
399 565
754 857
130 826
385 826
450 932
508 867
5 58
383 819
139 318
24 252
241 361
274 491
284 716
442 705
109 933
113 166
635 646
246 858
878 939
623 898
587 680
366 628
45 908
589 848
364 762
215 385
304 810
422 823
215 322
291 515
210 243
321 400
49 71
115 991
25 811
272 740
296 370
812 862
382 724
728 803
546 554
58 393
686 687
987 993
210 997
777 841
598 929
213 300
61 497
893 969
475 672
717 785
233 974
119 329
672 753
222 826
164 843
749 900
642 949
322 437
476 710
839 996
266 902
241 267
137 765
262 609
192 981
403 639
88 464
129 701
30 124
263 810
37 898
34 618
184 993
330 790
291 592
264 762
139 208
75 966
668 877
320 566
189 239
550 558
247 305
553 603
323 649
503 805
495 657
556 806
166 416
528 886
436 631
225 892
110 769
688 783
262 786
672 862
124 205
97 990
401 900
398 893
256 425
614 931
370 624
221 781
506 663
177 439
303 978
899 948
172 680
602 821
312 653
108 176
548 731
141 895
603 900
7 972
472 776
129 905
205 786
641 788
109 486
76 536
531 710
226 748
6 332
98 870
429 732
493 796
177 629
529 897
25 443
695 910
448 700
332 956
430 793
615 837
314 883
250 794
202 785
399 675
56 710
133 852
95 619
242 505
7 883
728 772
743 871
317 666
70 617
637 719
200 426
20 603
622 840
600 629
62 615
90 765
204 739
434 513
191 443
63 266
590 722
660 952
463 553
20 283
209 557
35 475
272 448
411 705
777 871
38 812
563 619
160 412
381 576
101 825
732 995
458 886
314 678
229 237
398 774
162 308
571 595
166 225
176 375
419 445
253 893
524 631
650 721
275 384
97 487
44 308
781 961
43 677
322 915
313 968
265 376
330 391
414 976
370 689
179 431
22 163
165 218
437 645
578 875
21 642
427 687
763 965
325 942
253 266
280 836
436 588
33 633
244 783
6 506
255 902
412 816
168 894
246 510
107 642
509 552
338 389
92 378
432 578
579 908
163 722
700 880
227 844
761 904
118 395
388 975
7 57
308 861
314 879
713 799
415 862
230 804
249 963
215 538
469 753
732 828
65 826
498 800
63 656
478 618
200 679
780 911
465 898
449 648
619 709
108 399
220 819
94 776
11 360
612 986
438 841
263 942
574 851
46 879
235 934
87 292
354 623
174 481
252 526
324 500
554 672
180 988
36 879
432 934
234 280
216 238
197 759
392 812
255 909
631 857
131 461
410 452
726 845
178 716
403 529
804 991
497 838
288 818
144 560
142 314
882 884
316 832
443 753
268 469
321 378
582 603
537 900
195 621
108 430
42 502
482 731
755 979
173 981
404 843
563 735
530 908
90 169
193 929
467 912
16 466
360 641
142 989
753 872
665 833
672 796
6 844
61 780
871 881
147 421
106 953
325 495
206 953
318 881
25 845
266 490
113 148
682 845
228 441
217 520
611 879
200 579
308 439
517 798
538 810
207 347
122 994
483 670
267 591
682 810
465 835
455 995
145 150
44 649
931 987
19 867
35 801
153 675
357 828
176 809
72 243
515 596
291 947
409 717
215 246
580 729
425 589
342 488
80 177
224 718
652 901
98 301
44 596
322 540
615 642
231 389
566 926
203 278
603 868
373 910
114 887
232 778
154 656
257 929
942 962
202 776
409 642
715 851
318 493
52 680
385 622
717 839
826 933
451 610
33 889
386 443
276 447
477 958
47 550
650 860
369 580
680 977
379 668
372 501
120 280
214 423
25 307
42 781
48 744
97 513
675 816
312 427
860 891
202 263
372 702
254 732
492 892
218 571
144 715
400 680
481 954
448 537
249 649
265 575
672 693
362 967
46 190
68 444
578 787
72 893
397 753
477 801
529 853
70 547
119 566
475 612
404 850
522 548
862 892
590 971
8 352
15 596
368 914
94 412
316 729
965 974
217 266
466 469
62 585
185 294
47 838
151 323
252 808
159 334
50 364
569 603
340 913
325 880
259 847
66 880
779 913
139 514
299 816
795 907
43 755
205 827
226 752
331 660
617 712
252 469
129 269
363 808
862 863
553 931
358 677
514 816
226 654
385 813
470 779
545 690
75 671
281 603
66 212
201 677
735 879
441 942
17 206
29 873
272 839
553 958
105 727
228 537
10 764
699 903
272 419
570 747
168 985
447 845
225 890
266 710
433 537
263 971
619 638
385 786
487 954
31 368
174 992
216 328
94 163
793 978
225 392
390 425
520 846
597 781
701 790
70 169
85 876
270 887
815 922
622 885
73 240
9 602
712 954
490 845
651 928
102 287
544 639
241 369
650 661
395 438
947 994
301 830
297 873
125 369
288 515
21 718
83 565
762 877
118 664
309 918
228 810
575 898
62 910
199 419
795 921
319 864
767 945
561 650
359 906
648 982
80 788
175 343
250 301
50 788
545 578
503 916
516 608
212 574
545 826
216 262
229 871
277 639
453 518
104 400
60 557
206 499
325 687
268 403
213 436
283 316
569 761
813 995
143 581
40 366
260 831
617 778
677 963
168 459
54 921
412 761
827 987
71 924
601 684
114 808
362 913
19 856
289 537
286 933
119 828
101 137
435 619
478 646
91 350
298 359
823 967
672 935
725 852
358 863
595 964
653 905
258 592
157 363
431 898
620 624
73 523
461 775
768 855
226 924
147 595
80 630
641 959
434 804
342 480
12 914
66 484
732 890
43 635
195 579
745 802
83 652
273 973
47 72
160 705
521 678
80 458
300 940
579 901
698 995
283 337
22 812
59 683
96 754
218 296
387 981
160 501
653 759
518 728
345 405
24 427
826 918
564 991
318 549
801 861
28 957
836 862
482 865
396 678
620 910
49 648
813 859
407 438
454 966
718 940
400 645
469 799
12 69
386 476
154 999
218 426
229 692
466 480
705 884
425 759
253 907
196 681
518 923
376 664
362 994
484 805
794 864
366 588
862 980
723 793
88 964
656 782
262 722
4 578
421 512
128 255
604 692
434 690
317 518
48 284
29 303
376 591
494 736
245 349
260 478
149 503
710 772
153 533
138 449
96 146
180 398
96 380
70 999
8 825
97 877
63 346
797 977
794 857
940 981
117 392
629 929
214 409
445 807
58 173
657 922
324 807
13 767
213 435
467 645
251 335
488 797
501 887
4 338
330 954
106 203
649 714
232 700
287 967
403 829
109 875
147 410
125 795
384 776
313 330
400 606
349 879
630 848
608 963
542 945
39 813
133 203
107 228
683 759
567 934
232 233
857 862
563 824
19 530
305 860
130 479
221 601
423 457
730 974
34 796
720 964
413 525
716 731
328 754
18 403
47 581
86 703
277 778
624 961
126 292
91 509
118 222
103 315
734 988
246 816
604 642
272 610
141 879
163 612
193 288
615 951
448 742
427 684
58 112
100 733
266 799
466 634
608 837
50 608
260 694
63 760
740 825
140 776
418 866
267 472
109 1000
823 858
140 664
236 744
78 463
368 715
79 332
66 527
126 571
250 871
184 986
311 453
641 879
425 968
648 830
212 292
29 762
106 205
333 392
318 997
469 586
146 269
252 796
358 511
349 635
261 292
43 797
200 362
31 43
245 729
52 309
97 456
740 768
505 913
237 293
584 783
769 871
97 822
80 737
30 121
517 659
287 611
402 897
389 770
111 637
398 604
97 741
197 526
212 236
367 788
608 831
196 263
46 177
48 530
388 914
556 659
645 985
454 501
814 964
542 693
210 972
613 965
631 718
164 213
236 617
431 490
244 279
336 624
285 569
75 261
594 618
856 958
189 309
204 319
176 667
724 807
138 245
333 568
77 640
44 881
67 367
712 837
329 622
273 928
539 580
195 535
594 921
96 311
194 800
11 57
14 99
287 993
115 802
738 747
597 785
135 448
850 905
346 388
870 957
232 977
152 506
521 901
39 707
544 692
595 796
543 868
471 488
579 750
71 165
415 491
472 728
173 360
254 488
78 954
306 976
249 811
237 709
333 780
516 891
518 544
813 862
394 735
351 694
825 958
238 520
467 653
690 749
297 933
217 965
23 61
470 543
123 255
456 492
217 501
20 728
133 599
490 720
779 979
138 913
584 942
293 980
239 267
132 752
657 778
272 396
326 860
303 414
34 804
52 655
565 793
550 840
41 860
403 800
551 977
495 868
26 740
470 735
510 990
256 849
661 738
75 151
750 885
23 202
504 524
699 853
507 743
374 688
786 944
176 380
454 588
70 621
401 671
697 754
518 616
285 812
258 657
238 965
683 849
11 556
15 292
56 961
460 723
373 898
558 793
93 938
639 977
503 853
329 676
393 890
453 942
311 502
526 856
527 594
537 713
157 301
167 673
399 714
24 737
371 592
169 413
738 900
175 310
42 257
316 358
204 893
847 851
377 977
292 946
351 870
210 321
48 571
447 470
564 737
322 556
208 331
341 996
560 951
886 889
117 979
820 914
177 671
832 876
219 332
86 727
781 955
300 464
302 354
359 797
360 856
282 845
33 92
425 458
175 543
91 354
903 993
108 507
368 548
109 911
367 914
211 770
601 722
182 448
644 781
350 664
81 931
302 448
399 952
366 491
459 597
125 249
462 800
483 810
393 986
117 949
580 747
112 462
319 383
221 733
114 475
336 390
495 949
908 991
595 846
702 782
367 399
95 121
345 928
636 751
133 615
225 815
438 742
824 879
89 644
129 242
920 994
460 615
217 748
749 968
179 489
167 911
413 495
124 496
91 185
191 255
775 952
211 336
318 504
201 521
75 185
196 488
13 729
434 995
104 344
491 533
172 717
97 627
702 928
609 864
372 697
112 263
94 757
535 607
345 994
169 236
172 672
311 960
277 690
273 690
158 473
141 234
183 223
207 788
223 988
81 611
655 977
424 809
353 774
461 923
358 398
341 521
246 442
431 523
582 653
768 798
57 639
211 968
762 959
830 892
220 948
277 497
378 583
130 707
136 984
856 882
365 554
278 870
743 852
270 323
662 994
579 804
146 435
254 563
62 214
14 892
411 896
477 717
636 888
2 864
197 752
471 852
259 880
382 757
254 930
239 732
316 410
439 738
143 425
945 985
33 629
726 850
115 525
493 502
97 671
34 551
880 905
590 690
230 882
92 831
32 718
415 545
207 465
435 716
196 341
33 456
562 609
806 993
35 609
236 435
142 662
788 950
228 438
474 884
265 756
533 609
297 743
419 792
379 814
343 843
289 405
105 833
5 277
208 757
159 289
177 814
465 681
215 534
21 805
432 773
319 422
326 353
427 639
543 627
502 947
226 273
342 704
11 354
205 750
56 817
184 967
45 748
49 771
354 414
252 909
134 969
281 672
275 724
230 587
265 529
134 651
79 523
282 512
211 759
345 622
405 753
92 874
357 735
25 453
156 536
30 951
34 142
390 796
395 855
496 766
377 806
492 913
485 589
148 370
247 756
556 786
114 841
385 864
102 364
103 331
498 677
579 974
569 639
68 186
155 359
681 893
514 613
428 620
489 670
136 528
81 357
385 649
42 593
229 903
169 830
114 931
330 574
270 614
389 393
550 839
17 155
166 446
516 611
617 795
448 538
219 360
154 963
263 778
591 634
790 849
107 817
233 548
250 367
77 573
661 681
235 787
530 912
836 884
75 216
271 511
480 737
65 379
454 543
