100
30 39 487368
98 30 752381
20 30 691667
84 98 325021
9 20 717470
38 9 477089
33 30 316502
62 84 488548
42 84 646023
2 20 775602
86 20 213285
57 20 631837
51 62 622968
18 38 888756
41 20 830407
6 86 296889
22 86 827427
92 51 814613
87 41 28331
74 42 466980
85 92 448284
71 85 24461
55 85 904549
53 85 103470
44 92 293398
100 55 146501
26 84 68969
47 42 858107
63 18 555945
14 30 756524
16 85 750051
13 87 554207
52 18 906407
97 62 746659
36 6 707665
23 41 678420
5 22 539623
95 85 758674
64 71 761398
34 86 83045
19 36 720253
21 62 668091
91 19 800594
94 36 61796
65 19 667094
59 39 69424
99 14 945226
56 41 590947
15 38 247985
54 36 809611
66 20 426023
7 20 962436
48 18 697208
17 14 412321
37 33 629402
75 54 937056
45 48 214478
73 45 216932
69 64 313486
78 36 115231
3 20 544793
60 65 970549
58 74 754326
24 95 178011
81 63 86846
67 95 708954
32 47 120614
72 38 924592
82 58 193859
83 56 514988
31 2 395747
4 9 296471
70 3 649334
96 24 18127
88 95 89771
49 6 370993
90 94 240476
80 32 224742
35 94 938520
76 35 23030
11 98 170007
28 65 588881
8 23 202801
1 14 304719
61 9 815745
40 31 149520
89 98 195956
50 90 430436
77 94 899088
46 19 380
43 34 275483
93 64 67629
68 69 465470
29 81 538188
79 44 64599
25 91 510588
10 34 151954
27 2 110346
12 26 729153
1000
76 39
38 76
98 86
32 9
26 86
98 9
72 6
50 47
28 20
55 42
40 19
17 50
57 38
98 2
11 57
21 98
56 21
74 31
65 41
46 84
81 19
28 62
5 57
16 2
95 35
40 95
78 85
75 65
74 46
1 72
62 22
99 42
41 63
51 63
95 86
36 22
26 35
14 11
6 21
99 31
87 63
41 57
88 26
11 55
29 62
42 36
100 35
94 84
12 19
87 72
40 32
88 78
52 65
41 17
2 55
86 84
30 62
93 17
2 26
36 11
43 85
39 65
95 2
88 50
71 1
14 74
94 16
35 86
44 71
50 38
68 22
90 40
54 64
93 29
93 62
71 88
9 18
68 18
83 40
86 88
17 18
38 14
22 9
47 55
54 5
99 2
96 20
66 31
1 30
18 21
18 34
67 63
55 18
85 32
65 87
85 67
33 57
28 75
20 55
93 88
22 76
4 84
83 17
94 98
66 69
40 9
84 76
92 78
46 62
4 83
85 98
36 32
14 81
89 42
9 41
34 56
62 64
85 17
50 83
22 39
64 92
92 83
70 98
77 63
30 85
61 32
99 83
86 75
77 21
35 12
99 67
3 40
56 3
3 42
30 65
62 54
79 33
49 61
55 86
23 29
32 62
68 90
22 44
30 23
29 40
82 89
59 62
58 98
21 86
48 85
92 26
47 77
18 23
52 85
68 74
45 84
99 16
79 11
94 42
27 46
19 35
67 40
9 74
8 43
52 70
78 1
59 2
5 3
74 12
65 23
90 56
48 22
24 36
91 23
54 41
88 52
68 75
81 50
17 22
33 19
31 48
79 56
77 100
39 93
4 58
40 59
56 98
12 63
12 23
96 12
12 32
55 58
22 45
98 82
12 48
21 87
77 86
55 4
35 64
42 65
16 86
11 51
72 61
65 83
36 28
97 6
76 50
78 98
42 54
70 66
74 79
14 75
20 42
88 49
6 99
78 90
19 96
22 63
46 52
58 51
71 3
86 89
34 84
38 11
91 83
60 61
41 45
30 54
89 3
26 27
87 89
51 33
62 58
17 48
64 81
1 61
53 1
32 21
38 79
25 9
78 12
66 50
51 71
11 90
65 1
23 46
44 60
42 85
29 35
28 45
47 18
7 57
24 99
72 42
54 58
91 94
44 93
88 9
27 72
16 74
17 74
35 57
34 49
73 55
25 42
19 64
3 6
9 53
72 34
20 17
34 47
24 31
29 95
91 79
91 12
32 57
88 81
77 82
65 16
100 42
5 48
1 42
32 50
28 43
70 36
55 50
46 49
18 22
75 74
81 65
51 77
26 14
31 56
93 66
34 24
7 82
58 43
40 61
63 71
35 93
7 25
19 41
47 2
71 49
49 54
70 49
60 45
1 60
38 25
77 59
10 22
39 87
10 28
96 47
49 92
40 62
18 25
54 65
1 33
48 20
53 33
92 52
72 18
98 74
74 1
87 55
93 76
46 94
42 28
64 43
99 73
48 47
52 100
74 38
71 42
78 51
98 79
52 93
51 32
73 81
53 88
90 1
19 28
67 31
65 4
74 99
98 66
5 75
67 96
77 66
20 62
54 21
8 61
95 87
2 66
56 75
96 48
53 87
39 64
20 32
32 25
82 69
97 56
37 65
78 17
40 81
48 86
15 55
27 4
90 70
88 16
50 26
56 50
79 65
42 7
93 5
48 60
31 58
79 70
12 82
10 85
97 72
8 66
63 35
70 86
23 59
73 54
52 10
16 90
86 79
40 77
70 77
52 19
64 33
59 63
97 92
92 17
63 91
51 74
45 12
45 9
14 6
21 84
82 20
52 39
6 76
82 70
82 21
70 18
74 78
11 82
48 74
83 23
58 21
51 64
85 86
86 14
27 73
31 51
48 83
49 31
27 22
40 51
78 95
7 68
46 89
85 68
39 83
99 28
14 89
84 12
95 72
33 6
15 71
1 11
59 67
72 86
13 89
80 12
43 21
40 6
24 28
45 88
14 3
58 39
69 61
23 10
70 8
28 14
66 94
67 1
18 33
32 73
93 25
72 9
72 52
96 54
44 2
50 46
32 82
65 11
14 84
42 9
79 12
44 36
28 34
80 39
22 20
88 98
48 92
4 26
14 71
12 43
61 56
89 48
28 31
93 41
77 84
79 36
62 13
40 68
27 85
40 22
57 52
69 46
65 67
48 88
10 39
40 100
89 55
9 71
50 44
38 68
73 83
8 57
21 78
41 100
2 40
17 37
100 45
91 31
12 73
53 19
76 75
60 8
31 83
24 3
27 1
98 76
71 4
74 80
100 6
36 8
11 58
36 41
7 24
58 37
24 64
42 45
77 12
25 1
30 7
80 37
12 46
6 39
90 63
78 67
37 83
76 82
53 48
86 58
74 34
38 64
70 45
67 77
8 18
59 21
71 17
92 24
65 21
44 38
68 44
75 84
76 14
42 87
19 43
30 34
1 17
91 42
75 24
99 80
69 65
87 64
66 28
65 74
82 64
40 86
73 56
98 12
80 61
95 65
69 30
16 50
9 99
22 95
58 7
11 37
78 4
99 72
83 80
2 65
15 22
79 6
56 38
100 57
76 12
52 35
76 74
44 17
32 7
31 7
9 66
60 36
79 99
50 96
28 46
50 37
56 30
60 49
39 85
56 19
62 83
54 86
6 51
87 70
100 61
9 43
7 19
84 50
6 19
51 18
7 4
83 52
15 72
77 87
8 58
18 7
40 30
19 76
93 12
2 57
84 33
10 50
79 57
3 30
63 66
7 89
62 90
49 97
10 75
44 11
74 67
9 36
60 88
34 29
35 81
33 76
2 6
46 42
78 75
37 47
22 67
99 96
35 84
58 85
79 8
89 77
84 92
45 64
83 28
31 70
21 27
67 15
30 81
65 45
61 58
91 16
67 5
59 28
55 28
54 23
97 43
89 90
81 46
70 42
76 34
61 81
72 81
73 89
68 5
16 20
48 69
46 45
14 64
41 15
46 47
62 74
24 56
63 8
98 73
12 72
23 34
89 19
4 79
77 56
91 72
87 32
21 89
80 20
90 30
89 25
17 34
3 87
43 91
47 1
70 71
26 97
5 30
1 8
44 43
67 82
3 90
26 54
36 86
77 6
24 94
51 48
88 63
35 33
85 28
48 39
8 64
25 20
29 77
11 94
8 90
17 77
54 77
93 99
7 94
67 80
48 2
94 73
55 48
56 43
49 98
68 25
6 75
6 92
68 3
34 73
32 56
18 53
50 79
96 29
36 23
8 72
97 27
23 75
49 26
49 30
57 28
93 81
62 38
81 26
35 99
85 81
36 80
41 38
99 65
49 52
32 91
95 23
75 81
54 2
12 1
18 28
72 76
89 39
97 10
54 87
74 19
97 40
17 89
33 23
89 36
58 19
28 38
85 94
63 32
22 84
97 35
13 37
64 97
90 24
10 72
71 76
54 53
46 53
21 7
2 82
31 27
13 24
59 71
87 7
21 74
71 12
50 43
46 51
82 60
9 31
61 87
98 28
61 20
16 28
51 66
53 72
24 65
49 25
71 95
14 87
48 68
26 63
90 36
93 11
15 62
10 81
2 36
3 25
32 59
54 43
63 11
52 64
44 74
98 95
44 47
39 4
40 41
38 2
43 73
93 80
10 21
90 79
58 67
21 42
80 60
49 32
95 39
89 60
48 21
69 56
48 25
14 7
18 88
21 91
83 22
22 99
50 4
44 64
43 5
11 78
22 4
71 13
13 27
17 38
65 96
91 1
69 26
2 87
48 44
40 60
60 18
32 81
41 28
63 95
73 7
97 24
93 37
72 74
49 16
60 68
30 47
41 27
40 73
17 100
98 96
1 93
39 13
20 50
51 44
37 8
10 70
100 10
16 75
84 99
96 26
30 13
40 42
50 3
89 83
74 36
20 34
99 51
96 76
82 16
54 18
33 42
66 52
54 11
2 49
97 98
87 91
82 3
48 56
74 47
49 100
92 56
3 76
68 67
12 61
29 17
84 54
17 4
50 91
5 24
69 60
44 26
98 81
41 89
97 13
37 77
37 36
7 11
9 44
22 50
57 39
79 97
64 3
42 82
49 3
11 25
42 64
76 21
88 2
35 55
89 76
100 21
4 11
69 74
78 70
30 25
16 66
38 16
7 40
22 72
95 77
9 6
90 9
20 87
19 14
97 74
61 94
67 83
56 20
82 17
63 69
35 60
54 39
76 49
40 16
2 18
67 61
17 88
67 52
74 84
44 81
63 45
16 57
95 34
17 76
49 43
63 99
89 10
24 85
73 26
98 80
58 10
7 52
12 90
24 38
89 92
39 15
44 27
56 14
7 56
60 2
49 40
28 49
6 66
65 73
68 62
6 82
100 20
88 42
69 21
78 41
66 26
6 8
84 97
91 3
71 90
42 95
71 81
8 24
50 53
43 87
5 66
75 53
14 100
52 23
52 43
49 35
41 85
25 17
33 21
38 49
21 70
66 64
59 55
75 21
