100
43 9 873604
46 43 899615
88 46 495944
98 9 93420
38 43 190939
95 98 779001
50 98 357596
3 95 577467
8 95 730475
54 3 537755
39 8 673328
69 38 791417
94 69 163231
45 9 41456
81 3 642872
37 54 804533
79 94 651204
76 54 373966
18 38 223779
42 69 768667
2 69 707350
59 98 375940
64 76 893218
66 43 954738
55 9 727817
30 18 30514
58 30 950038
72 58 5126
49 58 429990
10 8 429071
56 64 479597
65 56 861528
91 8 275526
14 9 546920
78 49 804304
57 58 161396
35 8 963203
34 64 765601
40 54 634308
12 9 169928
51 45 446757
26 49 78646
87 35 283582
93 42 509121
96 8 371456
23 69 221742
24 23 290039
84 65 766858
1 58 697772
85 30 69279
63 55 585515
20 34 695558
7 88 207272
62 93 742030
6 14 169470
80 69 175864
83 64 17903
67 39 271631
86 87 799454
17 86 15716
16 49 973627
97 72 350545
100 81 722967
19 17 456304
33 78 153883
4 9 208319
60 3 524213
71 49 620797
61 40 946895
32 23 420197
25 45 24113
53 80 877379
74 71 201953
77 25 900513
48 71 493382
92 46 461347
36 1 635290
5 86 221593
28 8 565117
13 66 670993
70 92 350125
68 33 271928
44 80 250250
22 33 868747
89 62 196745
82 3 215718
15 16 628827
31 65 253585
21 86 968854
73 72 536102
27 14 319
29 95 960737
41 3 888789
75 97 867335
52 93 222417
47 37 902702
11 67 471830
99 30 912381
90 70 239330
1000
27 9
55 14
47 9
43 47
75 55
10 97
7 75
70 47
84 8
5 88
50 37
96 70
44 97
30 88
85 96
3 43
34 9
93 43
74 84
1 80
32 65
35 38
84 34
20 71
89 96
67 58
100 3
93 34
72 9
14 95
80 9
84 56
62 84
92 38
38 44
37 42
74 70
69 9
9 62
61 56
75 46
3 97
22 35
89 42
44 61
48 86
71 70
30 72
87 89
23 65
89 18
20 69
39 42
23 70
87 46
79 44
45 49
4 58
95 4
21 55
23 96
13 22
75 30
49 92
78 87
50 67
39 40
100 85
93 49
51 93
46 65
76 61
61 92
51 92
45 61
45 20
15 4
5 50
21 18
21 88
56 54
52 4
64 32
87 52
47 55
32 13
40 89
39 22
83 20
51 10
76 56
92 97
89 80
24 50
99 62
7 62
36 85
60 78
91 83
77 91
25 76
53 33
40 51
16 48
42 83
27 30
87 74
74 93
31 18
40 47
49 32
14 92
30 71
57 89
7 54
22 47
91 14
70 27
42 36
18 71
68 16
84 77
17 23
78 24
3 52
5 97
7 42
59 91
19 64
95 100
23 91
43 78
50 27
67 59
63 35
52 7
93 24
12 69
79 97
58 42
5 31
52 92
84 89
41 27
58 97
66 87
30 70
72 37
74 38
65 93
54 67
19 70
74 80
73 35
37 19
68 69
47 76
17 33
41 84
90 33
21 40
81 76
21 13
62 50
97 56
86 64
38 65
14 22
86 19
79 40
57 8
3 7
81 94
28 88
41 37
29 83
53 76
62 91
13 41
42 90
31 39
75 41
80 39
80 14
11 100
78 3
18 27
10 54
90 44
34 72
19 69
41 4
24 15
22 21
87 69
46 47
49 39
52 69
27 37
44 86
27 87
45 28
93 35
82 56
3 47
70 24
68 75
54 63
58 51
74 52
27 25
30 47
5 57
72 93
47 4
7 33
2 29
73 75
69 62
85 46
4 98
65 80
87 13
54 17
63 68
52 36
56 41
40 70
100 75
10 25
6 62
60 14
9 36
86 65
94 66
59 32
84 5
38 3
72 84
68 3
73 60
66 42
21 46
8 88
17 95
80 95
83 79
45 95
82 63
76 69
67 73
57 80
28 87
70 89
83 96
68 40
50 53
51 19
73 13
88 34
92 25
10 34
97 12
89 93
19 92
27 7
68 87
18 98
36 32
94 83
4 11
70 12
9 86
78 83
3 55
1 98
37 78
92 15
51 81
19 65
35 37
37 83
100 22
57 41
84 64
8 6
96 28
97 30
89 30
18 94
10 19
87 80
73 93
8 93
66 69
32 69
49 47
3 51
87 70
46 10
30 51
75 53
67 70
94 93
41 44
15 40
90 82
77 18
3 91
78 57
26 91
45 42
12 42
93 68
67 79
42 4
85 16
38 73
32 56
97 95
21 80
47 94
12 6
67 5
9 78
5 68
79 72
84 98
32 7
40 95
34 66
69 25
65 74
63 100
16 5
15 79
78 30
61 52
33 2
77 89
56 58
83 54
21 89
12 98
67 94
54 91
62 75
95 67
24 73
53 67
74 75
14 1
75 33
40 23
82 21
75 17
11 70
2 36
38 32
47 29
77 15
16 43
58 77
2 75
82 27
17 81
97 49
96 39
17 72
58 6
61 46
35 3
60 95
55 31
84 57
4 43
92 27
86 66
91 30
27 99
91 31
40 9
22 88
35 69
25 100
1 86
12 35
45 26
75 76
29 15
96 68
71 64
89 53
22 49
85 78
52 29
99 13
42 2
84 78
57 93
8 34
97 51
21 43
52 5
7 95
97 33
35 34
32 72
77 57
16 37
85 25
94 9
45 69
4 60
5 47
27 94
60 39
85 31
13 2
53 94
63 96
98 7
1 13
48 18
23 58
41 40
22 76
16 76
62 29
76 13
1 28
1 26
86 4
26 35
25 78
60 5
33 92
15 37
94 34
83 53
40 53
91 36
7 36
9 44
78 96
61 9
26 86
6 45
87 62
64 72
89 86
82 61
26 11
24 52
25 72
63 25
28 20
16 94
58 66
33 56
89 23
92 99
52 11
8 41
20 92
99 53
15 8
11 25
6 79
15 98
38 24
45 40
54 97
46 11
59 26
93 100
66 70
23 21
69 78
5 1
13 95
28 18
1 51
42 17
86 6
71 51
61 80
44 26
18 86
62 16
27 23
18 70
74 55
40 58
4 46
51 87
46 37
99 90
63 26
20 8
28 81
79 62
3 62
26 25
31 99
62 96
82 26
42 84
43 17
16 65
95 20
51 48
52 68
17 90
99 84
18 88
35 41
89 50
2 12
39 18
100 27
12 100
84 93
47 64
94 25
21 36
91 13
27 97
62 32
49 46
69 90
12 53
85 86
67 96
38 37
91 43
57 21
59 11
40 55
18 80
9 53
92 82
76 68
72 35
94 82
36 12
65 87
96 90
50 36
79 71
77 13
48 28
77 48
72 21
91 40
91 95
67 27
10 76
4 56
36 29
90 85
67 40
77 2
79 53
11 41
44 4
5 56
59 10
8 4
69 16
32 87
56 81
82 32
55 22
52 78
99 39
24 98
23 90
77 53
51 22
61 90
93 56
4 78
94 90
96 37
49 4
21 90
99 46
92 90
92 16
69 81
17 52
29 60
53 6
29 35
30 25
23 36
61 99
31 35
19 76
40 10
60 19
92 60
49 51
42 62
90 40
95 12
36 25
40 66
75 37
7 9
30 4
45 94
71 6
99 59
80 35
10 1
43 35
47 14
95 5
19 6
74 56
32 97
24 37
60 42
93 41
20 30
18 59
86 46
13 44
9 63
35 21
85 42
55 42
63 4
30 54
12 23
23 100
84 24
23 3
30 19
88 19
65 94
91 82
43 92
2 45
90 91
20 78
40 57
46 80
90 74
23 76
34 18
68 4
50 43
41 61
39 28
50 52
57 16
89 63
41 14
100 47
65 43
29 13
19 49
83 87
67 32
29 25
64 14
37 74
18 33
42 94
51 17
32 74
82 17
57 15
96 17
6 72
73 23
22 53
59 97
82 65
2 93
34 91
45 100
54 46
17 37
67 57
70 75
91 1
16 40
45 47
18 14
66 30
86 88
12 81
32 91
16 99
100 43
68 73
75 12
60 46
75 93
24 72
86 7
75 11
53 35
25 8
91 44
54 85
66 72
72 98
15 56
25 74
65 48
19 84
64 35
30 65
55 98
48 41
54 81
86 67
85 19
36 54
21 84
31 78
66 39
76 8
45 54
52 83
1 39
100 90
98 93
46 15
55 70
65 35
11 48
55 71
21 33
80 10
77 70
58 33
71 43
40 18
62 23
31 100
28 17
49 7
94 35
68 99
65 59
2 71
25 71
7 79
53 28
93 76
38 98
1 63
79 48
62 76
63 11
17 21
61 67
71 88
88 78
15 85
28 11
29 66
22 60
34 23
58 87
47 32
80 26
84 85
51 99
67 23
50 93
36 22
56 44
100 1
19 8
44 85
18 66
70 49
58 35
81 66
42 41
64 30
45 37
44 54
89 88
53 78
30 95
81 89
52 33
13 14
43 10
47 86
11 20
67 72
19 59
42 63
5 39
51 20
75 60
92 30
51 55
36 75
24 2
29 10
68 90
27 76
41 20
61 15
13 62
99 65
34 54
15 100
70 29
26 67
55 81
66 7
58 92
33 20
79 88
13 49
17 80
88 98
77 50
25 53
40 13
90 47
71 63
93 90
87 19
67 21
72 10
61 42
44 70
74 48
88 90
38 56
19 96
11 8
33 59
17 15
34 47
73 46
91 29
48 9
40 100
99 28
54 59
90 51
19 94
45 15
18 74
56 91
8 65
15 70
26 95
94 52
2 61
56 6
64 69
15 19
63 80
76 24
99 47
64 29
78 45
70 98
49 67
63 14
28 65
19 57
97 100
24 7
17 49
32 46
8 45
40 64
73 30
50 18
19 55
46 58
21 64
54 19
83 85
1 40
9 11
91 78
83 65
2 37
19 82
28 49
82 24
65 25
77 69
52 58
27 63
36 83
25 31
36 37
84 100
80 60
70 8
49 56
14 98
78 98
35 100
18 37
54 71
74 3
5 35
61 12
9 82
60 69
77 79
25 44
40 27
10 74
19 72
71 87
73 76
56 63
49 99
88 39
80 90
36 90
45 44
18 83
77 16
25 73
73 54
70 21
13 30
4 7
47 83
18 32
95 58
71 27
81 5
78 13
73 22
54 41
6 39
35 54
84 12
35 98
29 30
89 90
62 41
59 36
3 49
20 31
86 30
90 29
88 38
12 20
21 29
53 66
10 24
7 57
59 68
66 57
74 8
73 97
19 66
50 83
70 17
64 3
24 61
93 30
7 13
18 90
6 76
70 64
62 95
95 88
15 82
66 61
84 4
31 24
29 37
21 78
73 62
38 87
28 42
42 97
47 39
10 6
1 46
49 59
15 34
38 1
99 11
46 13
66 54
70 25
