100
95 90 114929
59 95 168858
87 90 38194
17 90 5141
33 87 965691
39 87 570555
16 39 495437
37 90 378632
64 87 115819
62 39 195947
91 59 823868
3 33 644002
27 33 530926
50 91 505477
76 27 832885
97 64 165374
36 87 700943
60 37 65247
43 91 309684
80 91 478716
48 50 357009
100 27 572060
99 33 55746
25 3 655229
92 97 475578
84 17 258458
45 25 226157
26 62 7089
30 64 391968
44 80 129694
38 26 622158
22 95 531669
70 26 427242
41 30 497478
2 50 362725
11 80 993984
19 37 152860
51 41 234649
54 84 929697
93 59 819171
47 25 760942
71 30 946186
57 25 115239
86 22 948624
15 25 698582
75 92 673433
28 25 893395
24 26 731880
94 24 566316
73 11 606098
72 43 335206
85 43 441065
9 87 546388
83 57 680525
21 3 877684
68 86 657309
53 80 737186
35 2 518706
89 50 17377
14 72 806743
1 60 725369
32 86 102579
55 26 793095
6 60 428019
23 44 702835
96 73 844062
18 41 416784
74 35 681967
7 53 910716
78 48 114833
69 59 794664
58 6 986211
40 50 726496
29 28 119933
20 23 296710
46 36 37963
4 45 652680
10 19 990987
77 11 355967
42 62 214971
34 20 253571
63 35 19962
88 41 299152
66 88 927592
65 27 945354
98 80 106564
82 91 324722
61 7 417244
56 10 191331
5 58 503788
49 68 705661
79 4 271709
31 4 554664
8 31 199720
13 27 517183
81 77 124830
52 1 922902
67 4 388535
12 6 677769
1000
93 90
84 59
42 90
87 42
17 39
53 87
86 17
95 87
18 59
78 62
40 80
64 90
6 18
56 48
22 39
83 41
33 37
4 33
59 17
83 30
23 87
100 30
97 18
12 40
100 18
54 42
71 60
95 30
88 44
78 86
18 48
24 84
80 12
23 100
88 93
46 12
29 64
18 86
17 91
55 19
96 83
29 19
43 40
57 71
55 36
94 80
80 46
53 28
55 40
71 23
58 25
21 44
5 39
65 19
10 40
24 93
84 18
31 73
35 37
83 100
99 2
65 95
25 35
94 35
35 84
2 33
12 56
66 4
76 83
12 94
4 94
50 18
81 50
88 5
53 88
3 84
69 44
93 5
44 11
62 87
25 29
10 21
52 58
20 46
3 71
28 18
36 1
23 5
34 17
77 84
10 25
80 1
93 31
37 91
54 12
39 57
44 5
9 86
78 45
76 2
60 100
42 30
20 29
44 2
71 41
77 93
40 56
25 94
10 73
71 37
73 4
49 30
14 95
26 28
31 54
83 49
17 56
86 50
16 1
31 10
43 90
74 14
39 11
7 88
94 62
21 78
14 93
23 36
39 59
60 10
75 65
33 16
4 71
79 20
55 10
72 33
11 96
7 27
68 20
75 40
6 25
62 5
49 75
97 81
67 5
49 88
88 37
30 67
93 21
67 19
41 99
92 87
18 45
72 83
97 68
45 20
67 27
31 77
61 28
73 26
44 18
13 39
38 34
94 73
53 48
96 79
39 44
95 64
16 27
3 50
71 49
26 23
42 61
8 59
10 13
39 12
93 95
63 14
71 96
24 49
68 12
39 7
69 52
72 55
24 64
9 50
18 5
75 14
75 71
47 11
67 62
1 48
45 96
48 14
61 63
13 16
67 6
63 81
16 53
45 67
7 97
80 5
63 99
76 33
75 23
4 16
55 92
54 9
37 30
66 3
8 100
15 40
41 54
21 100
84 25
99 55
55 90
41 6
15 28
67 55
69 9
59 45
34 50
89 100
2 34
13 19
78 84
57 67
59 89
21 1
67 94
31 80
53 68
36 31
85 17
73 88
60 30
8 72
27 5
98 78
82 48
93 67
21 83
55 16
87 97
95 83
20 67
62 25
7 36
49 46
22 99
63 66
32 76
7 85
32 38
34 91
7 98
43 93
57 29
41 16
68 75
54 59
30 68
11 79
77 3
7 12
93 45
31 11
19 12
64 59
43 3
57 11
8 42
83 60
79 1
37 21
43 36
19 36
55 96
87 6
4 19
62 36
39 18
65 1
77 29
49 92
100 94
48 2
3 81
7 69
90 74
38 80
16 74
33 92
74 66
63 36
4 39
9 71
22 93
52 83
51 91
78 31
97 32
4 35
26 52
8 83
72 30
49 26
69 35
71 31
58 24
48 87
71 2
30 97
63 82
65 4
61 68
91 88
60 48
97 62
91 96
3 69
20 60
38 2
98 19
14 33
16 18
47 97
43 47
28 74
82 81
58 95
70 73
64 19
86 13
56 8
31 24
2 74
44 42
64 11
4 97
43 97
91 23
39 24
97 65
11 71
10 99
11 68
8 64
33 20
25 21
64 84
85 78
31 85
18 8
67 37
7 79
31 70
12 78
19 81
13 30
41 36
14 94
6 8
24 50
88 15
3 27
35 83
85 66
5 49
7 75
11 76
49 12
74 21
67 28
41 94
78 30
7 31
71 13
94 44
95 7
74 89
23 30
98 1
6 91
47 19
44 71
19 43
59 71
26 41
6 73
50 97
55 98
45 16
34 9
17 3
67 83
32 61
38 77
1 3
7 26
92 71
16 88
36 60
17 15
59 27
34 22
39 9
43 11
76 40
57 36
100 34
61 22
35 86
19 54
39 97
12 36
76 98
72 23
16 51
96 99
91 40
57 34
29 5
17 58
9 13
36 9
82 65
50 62
5 34
94 92
8 66
75 25
60 19
22 19
79 12
26 17
63 9
95 41
16 63
58 48
23 98
85 12
39 15
9 20
31 81
94 51
13 93
71 15
53 45
86 1
57 19
63 98
57 44
51 58
19 96
52 97
13 49
71 24
96 87
23 35
80 51
40 98
28 49
92 18
47 3
91 94
69 57
95 28
53 11
43 79
27 90
57 48
31 89
23 16
52 77
85 83
49 86
7 34
40 83
73 85
95 71
71 68
66 48
3 75
92 91
49 41
66 22
86 10
63 5
17 37
37 23
45 19
86 11
94 27
36 51
43 34
80 54
32 82
2 81
87 57
26 76
80 88
61 15
50 88
9 52
85 25
73 40
37 20
58 60
96 15
13 57
87 1
8 21
92 76
5 45
29 63
61 83
84 56
65 14
28 66
12 23
83 50
15 51
77 60
45 8
90 96
85 21
56 53
83 82
43 16
86 97
11 19
96 81
16 20
61 67
78 18
81 29
91 81
52 2
100 64
54 73
47 98
12 25
18 74
87 17
59 82
46 72
74 96
82 64
11 75
80 56
92 68
23 39
9 28
72 98
37 74
82 19
85 89
13 98
61 70
95 96
4 88
18 62
29 1
72 37
14 96
70 89
96 20
2 39
91 9
73 48
4 26
85 36
38 91
48 47
46 67
35 33
33 59
74 80
1 81
75 35
19 76
63 11
71 86
83 70
92 28
26 6
55 97
99 84
30 55
7 45
28 98
43 77
3 78
36 3
66 12
80 20
58 81
62 24
97 20
33 11
7 13
5 92
58 72
77 47
93 18
89 3
23 70
98 41
89 10
56 89
7 4
70 51
40 88
96 52
78 68
24 44
44 15
78 100
73 45
54 71
27 70
40 41
85 57
70 17
87 38
81 71
75 58
53 4
37 38
26 35
47 84
89 33
87 100
3 67
73 52
84 29
21 57
54 48
85 63
97 35
65 47
49 94
50 31
80 87
73 43
32 9
28 56
30 36
65 3
98 58
1 88
78 82
66 10
1 14
6 89
17 65
49 16
14 13
56 77
5 24
81 78
19 78
42 51
96 30
72 100
46 93
93 68
12 70
44 27
84 16
79 67
31 28
1 99
80 78
9 45
44 45
99 73
41 10
73 38
20 11
85 60
58 38
38 42
35 78
87 52
53 69
44 66
14 77
75 42
32 50
10 49
65 73
64 70
95 31
70 56
98 60
72 4
85 30
53 26
42 6
13 78
65 77
14 80
85 45
96 8
15 29
40 93
24 70
46 78
25 5
19 5
71 55
83 58
56 47
99 14
56 100
48 75
42 76
16 24
91 44
99 31
65 100
61 90
53 27
32 57
14 44
90 85
1 40
29 24
33 41
62 90
96 65
17 12
62 1
100 11
27 81
54 39
79 48
19 14
17 43
39 49
89 12
6 83
71 20
38 16
17 72
23 46
27 35
99 15
78 70
10 95
92 41
94 48
56 83
69 98
18 14
40 17
17 88
43 55
39 30
81 90
87 82
64 67
59 29
22 56
40 9
36 24
52 41
66 23
14 56
79 95
15 16
51 93
97 19
52 68
21 18
60 15
63 27
33 93
82 14
12 35
98 33
96 54
40 13
59 60
79 44
22 7
77 89
74 99
98 10
84 85
77 8
27 8
57 98
45 48
84 5
97 100
10 48
51 30
41 58
17 28
84 6
54 46
95 63
38 79
82 40
44 8
83 65
67 25
87 31
93 82
36 26
74 97
36 78
31 38
30 75
42 78
17 93
84 87
47 68
87 30
15 47
46 11
96 70
77 67
89 24
24 28
26 20
2 51
100 74
85 92
81 26
69 88
68 46
25 54
86 66
69 64
24 75
11 74
28 90
38 86
36 18
41 87
91 57
94 98
52 53
86 77
91 21
91 95
47 38
46 70
6 1
20 13
97 13
51 29
66 81
97 3
35 39
3 86
74 69
3 2
34 39
75 96
57 99
48 61
74 53
78 59
74 9
11 2
4 77
67 7
39 70
68 57
5 41
47 67
77 55
32 59
57 82
25 26
71 28
32 29
61 14
62 43
60 2
35 58
92 14
61 11
52 38
70 2
34 71
78 72
100 62
12 61
23 29
28 96
31 58
87 75
67 97
70 47
44 73
27 49
95 39
25 14
39 25
23 76
99 65
7 91
87 51
79 72
57 55
12 59
54 67
40 18
15 12
68 84
95 54
5 11
4 83
34 83
90 10
57 41
39 93
74 82
54 69
58 68
34 72
5 97
32 64
36 14
54 65
78 57
87 29
43 32
77 88
39 37
3 46
10 4
86 26
23 85
63 76
50 28
85 27
95 36
47 44
7 25
78 88
3 11
57 62
17 13
15 86
87 98
65 92
71 65
12 45
1 57
5 73
79 77
7 70
36 93
90 45
98 53
33 78
88 63
30 18
14 39
26 15
11 92
55 84
67 96
68 27
44 9
91 98
90 12
33 100
88 58
59 96
34 24
61 40
94 10
8 10
53 5
50 13
16 54
46 33
67 68
47 82
66 53
78 22
79 53
41 17
77 24
8 87
25 96
49 72
47 17
69 82
19 49
28 69
