100
42 23 793373
33 23 460792
49 23 532806
41 33 817084
95 41 178761
97 33 83893
52 42 871883
21 23 612285
68 41 843560
89 21 238373
60 97 98516
78 42 931355
38 49 53767
36 49 308748
15 60 864597
98 33 308141
61 97 395588
91 97 571998
73 41 366526
48 23 215595
92 89 433161
59 78 48082
5 41 297788
39 42 394256
86 33 12573
69 49 766879
84 95 540112
1 73 154424
74 98 654045
46 23 319083
22 48 95274
3 1 384061
93 41 407872
17 73 625850
27 38 345086
10 98 894376
37 27 189002
94 69 473721
2 91 110075
67 37 425271
25 36 26101
29 37 115356
14 17 639589
57 86 625299
6 52 119934
19 17 452019
35 52 945804
26 38 539647
44 29 488362
80 49 56655
4 61 206557
47 35 178793
51 44 306942
53 73 770633
20 97 765584
100 42 578720
65 19 139161
11 93 987923
54 100 339826
45 44 939577
76 3 210197
99 93 129577
83 94 963276
43 1 840084
9 19 505298
30 15 527790
75 53 874217
82 29 801831
96 76 833644
79 39 80597
72 48 216756
16 43 272357
90 44 130969
71 19 845842
13 86 445882
18 10 261428
50 10 952861
85 50 701204
63 90 704434
70 23 428642
58 15 495588
24 45 178118
62 86 469001
31 52 387571
7 39 272758
32 3 18342
34 61 826425
40 61 951814
8 18 95637
87 46 812949
55 73 345740
64 21 587810
88 53 869168
56 22 634041
12 72 887278
28 1 149367
66 38 474374
77 78 112312
81 67 557775
1000
41 23
25 41
27 33
52 33
10 38
58 52
48 58
72 38
19 41
5 33
97 19
100 33
49 10
48 15
35 100
10 73
34 98
75 61
18 34
35 5
60 48
65 60
7 17
4 41
16 61
26 60
20 26
90 23
78 10
11 48
78 19
29 10
100 58
58 42
74 34
26 16
65 49
86 100
86 29
16 72
74 25
76 25
78 44
55 90
76 74
93 33
71 73
41 38
58 39
6 17
12 10
14 90
58 35
71 58
24 23
48 73
1 60
70 19
85 72
59 20
58 26
68 58
50 18
37 55
5 36
25 72
54 55
99 73
1 25
49 61
24 53
70 73
9 68
59 41
26 27
97 58
33 48
74 45
96 59
22 43
71 74
41 85
5 78
32 54
90 37
21 55
14 25
55 32
20 24
60 59
86 16
76 41
77 68
29 41
72 6
25 11
19 5
43 50
95 35
48 98
98 73
91 100
79 43
83 16
65 68
47 91
19 36
28 14
13 14
19 29
9 52
11 72
79 59
82 34
56 85
54 24
92 83
3 6
97 92
77 15
45 1
39 85
86 60
17 100
91 86
14 94
97 76
16 95
53 100
28 45
77 12
41 32
19 53
22 45
29 17
82 91
16 4
96 82
15 42
38 83
7 11
90 12
68 32
71 33
23 82
51 38
11 74
17 39
70 41
57 16
65 41
76 50
69 95
84 39
7 96
54 69
36 89
53 86
90 10
89 23
85 19
99 60
37 78
90 36
9 60
67 34
96 19
83 1
26 25
40 32
10 69
14 57
89 20
48 68
49 79
16 70
73 24
20 82
100 28
51 68
99 85
19 13
35 49
19 38
72 94
21 92
84 40
61 89
25 78
9 3
13 37
55 35
2 1
65 82
62 83
95 74
35 1
81 15
64 98
37 40
11 18
8 9
17 25
77 76
60 79
15 84
44 99
54 1
14 52
49 16
67 12
63 77
81 57
52 40
8 40
74 15
82 26
23 50
20 70
100 60
56 7
53 51
1 63
47 39
57 60
75 45
37 16
3 99
15 39
98 92
52 3
5 44
94 86
68 8
28 98
34 53
74 36
18 52
70 76
34 16
25 53
19 34
72 68
8 14
7 97
85 28
58 14
11 68
93 21
94 11
28 27
65 40
30 71
15 50
33 95
78 16
52 12
87 67
43 19
63 72
40 86
97 56
3 83
53 23
95 3
100 30
41 77
47 89
37 77
23 1
53 62
69 84
92 22
11 86
64 92
61 45
52 47
5 8
64 49
80 68
71 91
17 24
99 34
23 43
24 80
58 83
81 86
30 51
91 90
86 68
8 37
82 56
75 50
26 1
60 24
22 70
87 82
30 10
75 23
98 55
100 45
31 72
35 7
39 36
34 15
76 34
7 79
49 43
38 9
9 81
41 37
4 30
31 18
14 95
24 30
100 3
63 17
36 62
43 18
35 10
3 93
82 83
72 50
91 4
50 64
5 61
79 2
15 100
35 85
75 98
47 14
38 53
97 67
31 74
87 72
90 97
12 99
87 100
91 77
35 40
16 90
51 1
86 71
63 58
89 17
89 65
52 89
80 2
80 23
28 10
11 84
4 87
69 5
2 42
33 40
28 4
58 70
81 71
30 67
58 82
56 80
16 100
75 73
53 97
97 21
85 38
65 20
83 65
57 50
54 93
5 17
100 19
18 35
50 98
89 60
7 77
95 23
66 64
6 16
62 40
21 62
65 67
67 62
45 64
32 45
81 52
45 57
7 89
9 50
35 45
13 32
68 69
15 76
87 92
69 65
73 22
5 40
5 80
44 56
32 12
9 99
58 93
13 69
56 32
31 39
99 15
89 59
25 98
52 93
77 32
45 86
87 98
2 13
27 42
88 95
49 19
51 75
6 49
10 84
70 54
33 47
50 100
11 78
5 81
56 95
57 27
52 20
39 66
77 66
54 2
63 33
43 99
99 24
76 98
12 47
32 97
63 16
45 18
99 77
37 73
35 89
33 57
14 33
42 88
14 51
46 90
1 38
73 61
43 81
43 65
62 63
36 61
62 5
41 74
49 54
99 8
25 97
94 60
79 68
55 31
21 94
71 50
76 63
58 34
18 90
44 40
71 32
90 32
62 87
97 27
3 4
87 47
25 69
38 5
13 61
64 90
97 34
60 16
9 94
96 53
17 9
47 1
92 56
40 46
87 51
96 35
72 1
8 53
13 91
9 12
87 2
96 69
21 66
92 39
72 46
68 42
17 53
14 82
85 76
53 94
62 99
93 50
22 8
95 40
33 84
62 80
16 73
2 36
81 41
92 74
47 56
83 54
34 88
98 88
67 86
31 100
67 58
41 30
75 20
24 72
4 37
81 8
13 17
5 90
81 48
81 79
56 70
28 13
70 85
68 100
85 17
93 71
1 48
15 19
64 12
78 13
69 99
77 90
98 22
8 97
32 4
100 96
73 77
69 76
38 91
74 75
65 54
94 68
89 75
68 14
32 31
6 92
7 40
26 28
40 96
61 96
68 85
63 71
24 64
10 57
27 30
7 54
28 63
86 51
48 50
43 24
90 41
85 93
3 66
18 67
47 43
42 55
25 8
47 70
4 22
8 56
23 38
8 16
37 18
65 10
19 75
38 21
32 91
7 24
30 88
46 96
99 6
9 62
74 1
24 27
36 53
33 42
21 24
97 26
84 74
8 35
31 38
36 46
56 39
45 34
15 29
66 10
32 44
86 25
74 22
77 83
40 18
25 79
67 66
45 37
61 64
39 20
24 65
11 41
88 89
52 38
49 53
97 15
5 13
12 55
3 94
2 38
44 53
19 10
12 19
90 25
95 65
66 30
34 14
26 52
4 93
1 42
97 73
51 24
69 36
55 19
77 20
62 98
83 41
23 64
68 66
40 75
8 42
51 73
29 11
35 19
10 82
51 7
26 19
44 80
7 37
15 70
47 92
73 66
36 85
2 4
45 38
74 67
64 57
6 79
56 69
13 24
28 51
14 15
26 9
42 44
14 80
79 62
79 11
16 99
20 48
93 76
72 71
28 91
94 44
89 78
42 10
36 57
25 6
75 41
90 76
68 57
86 14
45 58
30 54
6 47
24 38
34 3
62 4
81 70
99 29
93 79
30 7
78 23
93 82
10 68
14 83
81 12
26 85
33 53
46 50
85 89
87 60
64 72
45 27
57 40
29 5
25 83
1 5
32 76
12 46
29 88
4 77
40 82
30 91
40 17
56 37
67 57
46 7
62 94
16 29
88 39
96 91
85 84
93 98
43 40
53 9
62 59
76 79
96 68
8 27
89 74
81 35
42 36
27 22
27 46
80 16
86 61
82 31
74 20
22 82
64 83
21 77
17 51
84 34
13 81
12 95
39 86
33 67
31 48
1 18
53 16
86 88
41 39
94 77
57 78
61 7
13 54
45 31
9 69
100 11
44 7
24 34
64 16
22 31
43 67
96 33
99 53
2 70
79 31
81 58
14 19
10 100
32 46
8 28
9 91
67 84
3 19
59 99
81 11
25 52
21 57
54 33
89 100
85 24
68 95
42 47
100 84
60 40
22 47
68 63
72 5
36 23
95 42
84 56
28 40
23 86
20 51
46 77
49 27
98 86
8 19
16 47
65 75
46 17
53 54
96 26
27 69
2 5
12 29
94 16
17 16
98 83
6 76
64 33
90 80
14 41
56 29
66 6
47 96
19 91
39 71
67 16
8 4
80 46
51 97
20 32
21 68
77 69
34 81
19 48
77 80
56 61
100 59
99 39
67 50
84 4
87 16
2 53
51 34
22 39
24 76
85 4
17 74
48 64
13 15
29 63
72 75
20 12
71 43
86 18
65 12
55 48
72 56
98 96
13 42
61 19
45 96
33 34
86 43
83 22
35 86
87 96
47 61
5 31
19 11
69 40
27 59
42 43
69 34
77 96
37 59
61 70
47 28
61 48
18 2
56 42
97 24
41 34
47 3
31 24
7 88
40 15
64 100
56 43
2 17
16 75
86 12
27 15
70 24
17 88
43 35
97 96
6 31
34 42
1 75
71 46
44 96
86 31
44 34
35 16
46 54
99 92
84 5
7 22
9 88
83 74
93 88
91 14
30 35
60 66
36 91
56 18
49 15
41 42
44 18
23 62
76 83
5 26
99 42
34 79
49 63
86 84
27 34
33 46
88 74
89 68
33 8
97 52
15 82
82 90
33 36
70 5
78 8
91 31
22 41
20 22
39 90
21 67
34 8
4 86
31 8
18 79
47 5
31 44
86 6
65 86
27 67
37 71
82 61
19 54
57 6
5 59
43 77
89 63
7 60
63 47
31 93
2 77
44 48
34 49
39 89
36 30
18 29
51 2
42 29
77 10
91 27
80 27
83 24
38 76
28 11
88 1
76 21
29 22
13 58
14 59
74 39
95 75
81 83
73 90
69 85
3 81
36 8
66 84
21 6
42 4
59 77
97 14
3 25
3 46
47 68
18 87
79 70
65 45
8 57
71 3
91 46
72 65
91 64
