100
20 49 935824
44 20 379376
100 44 424836
14 20 570880
2 14 510979
6 44 132221
76 49 117650
17 6 339492
10 44 135691
9 20 207757
38 17 262935
89 10 537165
27 89 318715
75 2 198594
88 17 467792
74 17 518043
19 9 861415
82 6 990448
29 9 791332
93 9 424708
4 10 807680
73 4 751877
28 38 847263
80 88 782218
70 19 163593
48 2 169616
67 14 587079
13 93 323915
91 28 756072
55 38 215626
63 74 101122
45 73 198901
68 28 632270
65 17 130205
15 20 694076
87 80 967400
90 48 320749
96 100 799154
24 65 129092
41 24 621974
12 76 936569
3 15 652026
25 38 180004
95 9 452511
35 73 495574
5 67 890452
77 49 682946
83 49 551371
92 55 527202
46 88 94676
72 83 456632
84 67 745045
34 49 31052
52 65 381871
61 20 435197
22 76 683845
33 61 930197
71 3 722977
78 70 535096
32 93 327124
81 28 344110
59 93 178441
86 12 589041
99 89 350415
60 59 495514
69 38 817467
58 59 105807
42 29 519050
97 92 86398
8 58 544463
7 55 821974
57 33 83988
64 95 187050
85 58 39328
54 85 742286
26 15 194103
11 89 319069
23 61 229645
51 6 554826
39 42 560006
36 80 499423
50 88 178295
37 59 341120
56 10 376115
53 80 64815
1 74 595002
47 50 604284
98 89 273630
66 54 369991
62 35 985744
79 64 126280
94 61 292185
43 41 685746
40 68 181557
18 89 301808
30 6 892021
31 7 198896
21 24 110097
16 65 564751
1000
68 49
71 38
51 38
55 71
85 38
12 17
30 51
63 49
28 59
4 9
43 63
74 10
8 6
91 51
46 58
68 46
83 44
28 65
92 83
26 88
61 76
100 76
44 38
6 65
89 4
42 38
98 4
18 93
42 10
70 58
92 100
34 15
95 8
68 71
97 65
37 10
80 8
1 12
23 58
62 43
81 12
11 8
69 17
69 11
49 43
75 93
32 46
14 38
27 95
32 74
16 61
15 83
99 55
64 38
73 19
59 62
53 98
100 11
57 53
61 81
43 93
51 11
15 18
76 65
59 11
4 64
9 33
65 89
43 16
58 18
26 97
23 18
80 33
22 6
44 89
79 71
56 75
75 46
23 89
46 53
43 81
70 73
56 55
24 68
10 61
29 88
52 4
17 11
34 27
5 53
8 38
48 67
95 22
6 27
94 71
60 38
1 70
94 5
49 24
60 62
52 58
8 15
31 56
39 65
5 41
95 17
57 75
25 9
23 65
97 58
85 44
29 53
96 28
88 5
66 39
76 9
17 14
73 10
85 12
45 8
32 52
40 69
64 1
85 74
83 35
76 55
11 4
53 79
70 69
57 22
5 49
48 1
72 51
1 37
46 40
56 11
4 20
21 28
71 61
5 75
75 98
33 94
11 79
94 15
11 41
88 91
92 98
18 46
87 76
53 26
86 3
72 39
36 94
15 52
7 54
21 93
10 24
39 55
56 8
46 100
95 45
34 61
22 59
55 75
37 16
100 8
97 42
45 20
67 3
21 45
42 65
80 9
52 27
36 75
9 17
40 92
7 91
1 66
94 87
54 76
82 64
17 1
21 81
46 81
35 7
27 22
94 60
14 18
73 3
62 58
81 39
50 55
70 20
21 53
57 24
72 3
72 21
9 71
73 21
57 36
53 50
59 85
64 41
36 81
60 30
74 65
67 57
97 3
56 50
41 16
50 94
25 7
22 39
34 80
21 5
55 48
5 37
32 73
63 18
31 55
84 31
68 21
89 87
40 25
5 97
73 63
31 45
81 26
55 22
11 97
32 12
43 55
2 30
2 94
91 69
90 36
14 86
57 48
97 98
94 81
8 43
52 44
46 90
23 92
47 9
44 17
86 20
80 3
71 70
68 56
47 36
7 33
91 96
26 94
43 91
13 24
32 41
36 2
71 45
21 13
97 9
33 53
12 57
63 33
94 46
46 69
50 5
75 90
80 52
11 66
45 89
34 82
68 60
86 35
35 29
74 68
93 73
12 94
81 69
34 69
68 75
92 36
37 69
71 12
93 7
28 50
19 92
67 37
71 92
65 75
84 20
42 56
31 15
95 36
67 7
95 4
89 54
65 67
91 15
31 35
65 19
16 44
20 71
41 38
2 37
84 92
66 81
40 87
61 88
18 72
99 3
28 64
82 40
90 72
50 45
9 5
87 50
29 58
90 2
39 12
32 51
64 80
14 63
92 65
2 60
57 94
13 44
36 98
23 99
78 55
36 74
95 48
48 85
34 18
78 65
42 99
55 82
10 58
82 95
76 28
60 58
56 73
41 83
70 50
27 28
15 54
52 86
47 66
23 84
81 54
75 43
60 61
39 26
47 20
70 23
3 16
15 42
66 2
91 50
60 11
70 95
54 53
64 91
6 5
74 47
31 43
42 1
40 65
92 50
16 71
1 68
95 2
85 65
88 7
51 85
4 76
84 35
77 55
34 5
23 34
66 85
61 26
45 79
43 80
49 82
84 81
76 62
25 24
97 4
85 69
91 10
31 71
86 68
49 30
62 15
90 91
9 52
64 53
78 68
44 78
50 86
95 43
51 82
6 85
98 51
1 91
100 21
39 98
58 53
99 10
62 63
7 71
75 30
1 33
11 35
75 72
40 59
58 19
81 10
22 4
92 5
37 33
35 94
77 28
37 85
24 58
85 41
6 15
90 47
10 8
91 87
40 34
57 16
80 96
30 90
79 62
72 56
55 61
30 18
79 50
30 76
29 76
12 87
30 33
90 71
10 83
47 51
96 22
14 37
77 72
69 93
9 92
73 42
70 48
22 53
49 66
100 34
97 69
44 25
8 28
4 42
49 95
66 24
44 4
19 28
34 11
33 44
23 75
59 10
36 44
45 66
91 14
35 30
93 51
72 82
20 83
71 53
7 59
5 14
72 73
76 66
78 7
8 86
39 18
80 82
47 13
26 82
94 90
74 60
25 28
39 13
90 19
73 97
50 11
80 63
93 94
5 66
18 84
32 15
35 5
16 67
3 79
100 95
52 88
32 84
49 80
39 62
25 37
4 78
42 51
99 64
89 21
67 68
9 61
56 70
93 50
41 74
2 53
90 73
4 53
54 95
95 12
88 89
22 51
9 27
99 37
65 36
64 51
37 55
61 43
67 82
69 8
69 57
69 54
71 54
97 93
46 59
25 56
32 68
63 79
57 44
3 7
33 20
57 17
84 79
97 66
82 41
84 44
65 31
13 78
54 86
81 68
27 23
10 43
42 68
81 25
29 55
32 86
32 72
88 47
65 22
39 97
4 70
17 43
40 80
77 25
69 84
55 72
39 19
67 15
77 81
17 53
75 84
63 58
45 76
14 32
20 63
32 97
53 81
10 39
48 10
93 77
9 68
57 97
66 43
22 85
6 80
100 6
72 17
23 8
26 90
44 29
52 72
56 47
58 25
39 57
66 25
61 49
4 12
69 64
63 27
19 40
9 59
31 64
47 55
74 83
95 55
73 25
92 64
8 64
97 48
85 98
72 35
78 45
5 26
89 28
94 17
6 87
5 64
48 37
67 53
26 93
95 65
91 36
82 42
16 31
91 9
4 41
54 47
32 42
33 11
87 49
95 60
11 61
62 57
94 10
6 61
66 56
40 53
19 93
18 3
87 14
31 77
65 26
77 67
35 89
69 76
22 9
4 60
13 72
20 64
72 5
1 14
87 58
11 65
86 56
65 62
82 65
76 92
68 52
41 76
24 54
60 81
4 40
2 33
71 75
20 100
21 48
42 34
72 76
3 89
72 20
15 19
68 59
60 83
66 21
71 34
26 43
10 16
75 41
54 18
77 83
72 8
96 90
83 78
16 35
25 91
91 22
67 72
45 9
10 30
81 63
96 16
25 34
19 74
32 47
64 19
83 59
26 9
32 29
53 11
83 34
41 19
59 27
43 28
12 80
5 61
52 20
4 47
70 3
29 40
43 5
47 62
84 63
100 47
80 58
26 71
7 65
23 80
76 18
17 100
62 25
24 73
8 94
63 69
52 2
46 57
87 36
36 55
46 79
47 37
20 59
68 31
34 90
92 78
28 75
87 37
65 13
61 18
57 72
71 93
85 46
50 65
76 51
92 21
75 37
46 96
75 47
20 66
66 8
38 81
75 12
38 87
70 38
45 30
15 82
90 51
33 52
15 61
94 63
8 42
32 79
32 4
82 63
77 24
41 90
35 46
65 87
64 24
78 72
19 72
66 44
46 80
61 36
87 66
7 5
93 44
46 87
5 69
34 54
32 65
69 51
53 75
85 47
40 51
81 50
92 18
41 50
38 15
19 61
15 59
51 39
93 40
92 34
93 47
52 56
87 62
31 61
4 57
4 48
28 86
26 70
88 59
88 11
13 11
89 93
7 74
23 98
62 40
81 19
27 41
100 55
74 82
90 80
63 77
3 5
80 4
86 87
92 77
86 51
62 13
14 59
37 78
98 80
21 36
10 90
69 94
73 59
54 10
47 69
4 16
54 72
26 91
88 98
45 40
75 11
9 21
98 79
45 74
27 70
32 67
13 88
96 83
45 70
8 24
46 6
43 22
10 77
73 28
7 21
70 11
63 51
95 38
9 44
65 80
5 24
1 43
96 50
9 6
29 13
75 89
66 42
43 48
70 43
95 35
11 91
98 28
36 9
38 74
79 74
33 36
47 97
85 43
84 68
39 4
71 11
71 86
66 12
14 72
98 24
23 52
3 24
76 88
81 22
96 17
66 30
47 83
37 89
70 8
86 7
18 95
74 76
26 79
53 74
18 29
86 2
4 94
46 77
31 100
33 6
49 29
86 76
28 48
69 41
79 52
16 81
59 4
97 27
13 97
78 67
19 24
18 36
48 78
64 70
1 61
57 86
65 43
13 77
26 12
2 92
63 50
81 14
77 3
80 28
91 97
80 69
18 4
95 85
70 16
86 46
72 7
28 63
43 20
18 94
62 61
62 12
29 56
55 23
31 24
83 16
26 48
70 85
52 57
90 13
41 55
32 69
19 42
41 58
32 99
75 48
66 57
67 24
4 35
87 13
17 18
65 72
30 36
56 63
52 31
6 98
13 58
38 67
12 10
74 11
33 85
33 89
26 38
31 42
44 70
87 67
95 14
88 87
1 9
14 68
27 36
70 17
39 33
49 40
53 1
98 34
61 58
97 41
47 7
7 84
82 8
45 94
48 54
7 23
27 37
96 81
62 30
94 55
40 70
46 20
77 97
50 34
5 90
84 27
79 49
96 15
