2044
256 1
257 1
257 2
258 2
258 3
259 3
259 4
260 4
260 5
261 5
261 6
262 6
262 7
263 7
263 8
264 8
264 9
265 9
265 10
266 10
266 11
267 11
267 12
268 12
268 13
269 13
269 14
270 14
270 15
271 15
271 16
272 16
272 17
273 17
273 18
274 18
274 19
275 19
275 20
276 20
276 21
277 21
277 22
278 22
278 23
279 23
279 24
280 24
280 25
281 25
281 26
282 26
282 27
283 27
283 28
284 28
284 29
285 29
285 30
286 30
286 31
287 31
287 32
288 32
288 33
289 33
289 34
290 34
290 35
291 35
291 36
292 36
292 37
293 37
293 38
294 38
294 39
295 39
295 40
296 40
296 41
297 41
297 42
298 42
298 43
299 43
299 44
300 44
300 45
301 45
301 46
302 46
302 47
303 47
303 48
304 48
304 49
305 49
305 50
306 50
306 51
307 51
307 52
308 52
308 53
309 53
309 54
310 54
310 55
311 55
311 56
312 56
312 57
313 57
313 58
314 58
314 59
315 59
315 60
316 60
316 61
317 61
317 62
318 62
318 63
319 63
319 64
320 64
320 65
321 65
321 66
322 66
322 67
323 67
323 68
324 68
324 69
325 69
325 70
326 70
326 71
327 71
327 72
328 72
328 73
329 73
329 74
330 74
330 75
331 75
331 76
332 76
332 77
333 77
333 78
334 78
334 79
335 79
335 80
336 80
336 81
337 81
337 82
338 82
338 83
339 83
339 84
340 84
340 85
341 85
341 86
342 86
342 87
343 87
343 88
344 88
344 89
345 89
345 90
346 90
346 91
347 91
347 92
348 92
348 93
349 93
349 94
350 94
350 95
351 95
351 96
352 96
352 97
353 97
353 98
354 98
354 99
355 99
355 100
356 100
356 101
357 101
357 102
358 102
358 103
359 103
359 104
360 104
360 105
361 105
361 106
362 106
362 107
363 107
363 108
364 108
364 109
365 109
365 110
366 110
366 111
367 111
367 112
368 112
368 113
369 113
369 114
370 114
370 115
371 115
371 116
372 116
372 117
373 117
373 118
374 118
374 119
375 119
375 120
376 120
376 121
377 121
377 122
378 122
378 123
379 123
379 124
380 124
380 125
381 125
381 126
382 126
382 127
383 127
383 128
384 128
384 129
385 129
385 130
386 130
386 131
387 131
387 132
388 132
388 133
389 133
389 134
390 134
390 135
391 135
391 136
392 136
392 137
393 137
393 138
394 138
394 139
395 139
395 140
396 140
396 141
397 141
397 142
398 142
398 143
399 143
399 144
400 144
400 145
401 145
401 146
402 146
402 147
403 147
403 148
404 148
404 149
405 149
405 150
406 150
406 151
407 151
407 152
408 152
408 153
409 153
409 154
410 154
410 155
411 155
411 156
412 156
412 157
413 157
413 158
414 158
414 159
415 159
415 160
416 160
416 161
417 161
417 162
418 162
418 163
419 163
419 164
420 164
420 165
421 165
421 166
422 166
422 167
423 167
423 168
424 168
424 169
425 169
425 170
426 170
426 171
427 171
427 172
428 172
428 173
429 173
429 174
430 174
430 175
431 175
431 176
432 176
432 177
433 177
433 178
434 178
434 179
435 179
435 180
436 180
436 181
437 181
437 182
438 182
438 183
439 183
439 184
440 184
440 185
441 185
441 186
442 186
442 187
443 187
443 188
444 188
444 189
445 189
445 190
446 190
446 191
447 191
447 192
448 192
448 193
449 193
449 194
450 194
450 195
451 195
451 196
452 196
452 197
453 197
453 198
454 198
454 199
455 199
455 200
456 200
456 201
457 201
457 202
458 202
458 203
459 203
459 204
460 204
460 205
461 205
461 206
462 206
462 207
463 207
463 208
464 208
464 209
465 209
465 210
466 210
466 211
467 211
467 212
468 212
468 213
469 213
469 214
470 214
470 215
471 215
471 216
472 216
472 217
473 217
473 218
474 218
474 219
475 219
475 220
476 220
476 221
477 221
477 222
478 222
478 223
479 223
479 224
480 224
480 225
481 225
481 226
482 226
482 227
483 227
483 228
484 228
484 229
485 229
485 230
486 230
486 231
487 231
487 232
488 232
488 233
489 233
489 234
490 234
490 235
491 235
491 236
492 236
492 237
493 237
493 238
494 238
494 239
495 239
495 240
496 240
496 241
497 241
497 242
498 242
498 243
499 243
499 244
500 244
500 245
501 245
501 246
502 246
502 247
503 247
503 248
504 248
504 249
505 249
505 250
506 250
506 251
507 251
507 252
508 252
508 253
509 253
509 254
510 254
510 255
511 255
511 256
512 256
512 257
511 257
511 258
510 258
510 259
509 259
509 260
508 260
508 261
507 261
507 262
506 262
506 263
505 263
505 264
504 264
504 265
503 265
503 266
502 266
502 267
501 267
501 268
500 268
500 269
499 269
499 270
498 270
498 271
497 271
497 272
496 272
496 273
495 273
495 274
494 274
494 275
493 275
493 276
492 276
492 277
491 277
491 278
490 278
490 279
489 279
489 280
488 280
488 281
487 281
487 282
486 282
486 283
485 283
485 284
484 284
484 285
483 285
483 286
482 286
482 287
481 287
481 288
480 288
480 289
479 289
479 290
478 290
478 291
477 291
477 292
476 292
476 293
475 293
475 294
474 294
474 295
473 295
473 296
472 296
472 297
471 297
471 298
470 298
470 299
469 299
469 300
468 300
468 301
467 301
467 302
466 302
466 303
465 303
465 304
464 304
464 305
463 305
463 306
462 306
462 307
461 307
461 308
460 308
460 309
459 309
459 310
458 310
458 311
457 311
457 312
456 312
456 313
455 313
455 314
454 314
454 315
453 315
453 316
452 316
452 317
451 317
451 318
450 318
450 319
449 319
449 320
448 320
448 321
447 321
447 322
446 322
446 323
445 323
445 324
444 324
444 325
443 325
443 326
442 326
442 327
441 327
441 328
440 328
440 329
439 329
439 330
438 330
438 331
437 331
437 332
436 332
436 333
435 333
435 334
434 334
434 335
433 335
433 336
432 336
432 337
431 337
431 338
430 338
430 339
429 339
429 340
428 340
428 341
427 341
427 342
426 342
426 343
425 343
425 344
424 344
424 345
423 345
423 346
422 346
422 347
421 347
421 348
420 348
420 349
419 349
419 350
418 350
418 351
417 351
417 352
416 352
416 353
415 353
415 354
414 354
414 355
413 355
413 356
412 356
412 357
411 357
411 358
410 358
410 359
409 359
409 360
408 360
408 361
407 361
407 362
406 362
406 363
405 363
405 364
404 364
404 365
403 365
403 366
402 366
402 367
401 367
401 368
400 368
400 369
399 369
399 370
398 370
398 371
397 371
397 372
396 372
396 373
395 373
395 374
394 374
394 375
393 375
393 376
392 376
392 377
391 377
391 378
390 378
390 379
389 379
389 380
388 380
388 381
387 381
387 382
386 382
386 383
385 383
385 384
384 384
384 385
383 385
383 386
382 386
382 387
381 387
381 388
380 388
380 389
379 389
379 390
378 390
378 391
377 391
377 392
376 392
376 393
375 393
375 394
374 394
374 395
373 395
373 396
372 396
372 397
371 397
371 398
370 398
370 399
369 399
369 400
368 400
368 401
367 401
367 402
366 402
366 403
365 403
365 404
364 404
364 405
363 405
363 406
362 406
362 407
361 407
361 408
360 408
360 409
359 409
359 410
358 410
358 411
357 411
357 412
356 412
356 413
355 413
355 414
354 414
354 415
353 415
353 416
352 416
352 417
351 417
351 418
350 418
350 419
349 419
349 420
348 420
348 421
347 421
347 422
346 422
346 423
345 423
345 424
344 424
344 425
343 425
343 426
342 426
342 427
341 427
341 428
340 428
340 429
339 429
339 430
338 430
338 431
337 431
337 432
336 432
336 433
335 433
335 434
334 434
334 435
333 435
333 436
332 436
332 437
331 437
331 438
330 438
330 439
329 439
329 440
328 440
328 441
327 441
327 442
326 442
326 443
325 443
325 444
324 444
324 445
323 445
323 446
322 446
322 447
321 447
321 448
320 448
320 449
319 449
319 450
318 450
318 451
317 451
317 452
316 452
316 453
315 453
315 454
314 454
314 455
313 455
313 456
312 456
312 457
311 457
311 458
310 458
310 459
309 459
309 460
308 460
308 461
307 461
307 462
306 462
306 463
305 463
305 464
304 464
304 465
303 465
303 466
302 466
302 467
301 467
301 468
300 468
300 469
299 469
299 470
298 470
298 471
297 471
297 472
296 472
296 473
295 473
295 474
294 474
294 475
293 475
293 476
292 476
292 477
291 477
291 478
290 478
290 479
289 479
289 480
288 480
288 481
287 481
287 482
286 482
286 483
285 483
285 484
284 484
284 485
283 485
283 486
282 486
282 487
281 487
281 488
280 488
280 489
279 489
279 490
278 490
278 491
277 491
277 492
276 492
276 493
275 493
275 494
274 494
274 495
273 495
273 496
272 496
272 497
271 497
271 498
270 498
270 499
269 499
269 500
268 500
268 501
267 501
267 502
266 502
266 503
265 503
265 504
264 504
264 505
263 505
263 506
262 506
262 507
261 507
261 508
260 508
260 509
259 509
259 510
258 510
258 511
257 511
257 512
256 512
256 511
255 511
255 510
254 510
254 509
253 509
253 508
252 508
252 507
251 507
251 506
250 506
250 505
249 505
249 504
248 504
248 503
247 503
247 502
246 502
246 501
245 501
245 500
244 500
244 499
243 499
243 498
242 498
242 497
241 497
241 496
240 496
240 495
239 495
239 494
238 494
238 493
237 493
237 492
236 492
236 491
235 491
235 490
234 490
234 489
233 489
233 488
232 488
232 487
231 487
231 486
230 486
230 485
229 485
229 484
228 484
228 483
227 483
227 482
226 482
226 481
225 481
225 480
224 480
224 479
223 479
223 478
222 478
222 477
221 477
221 476
220 476
220 475
219 475
219 474
218 474
218 473
217 473
217 472
216 472
216 471
215 471
215 470
214 470
214 469
213 469
213 468
212 468
212 467
211 467
211 466
210 466
210 465
209 465
209 464
208 464
208 463
207 463
207 462
206 462
206 461
205 461
205 460
204 460
204 459
203 459
203 458
202 458
202 457
201 457
201 456
200 456
200 455
199 455
199 454
198 454
198 453
197 453
197 452
196 452
196 451
195 451
195 450
194 450
194 449
193 449
193 448
192 448
192 447
191 447
191 446
190 446
190 445
189 445
189 444
188 444
188 443
187 443
187 442
186 442
186 441
185 441
185 440
184 440
184 439
183 439
183 438
182 438
182 437
181 437
181 436
180 436
180 435
179 435
179 434
178 434
178 433
177 433
177 432
176 432
176 431
175 431
175 430
174 430
174 429
173 429
173 428
172 428
172 427
171 427
171 426
170 426
170 425
169 425
169 424
168 424
168 423
167 423
167 422
166 422
166 421
165 421
165 420
164 420
164 419
163 419
163 418
162 418
162 417
161 417
161 416
160 416
160 415
159 415
159 414
158 414
158 413
157 413
157 412
156 412
156 411
155 411
155 410
154 410
154 409
153 409
153 408
152 408
152 407
151 407
151 406
150 406
150 405
149 405
149 404
148 404
148 403
147 403
147 402
146 402
146 401
145 401
145 400
144 400
144 399
143 399
143 398
142 398
142 397
141 397
141 396
140 396
140 395
139 395
139 394
138 394
138 393
137 393
137 392
136 392
136 391
135 391
135 390
134 390
134 389
133 389
133 388
132 388
132 387
131 387
131 386
130 386
130 385
129 385
129 384
128 384
128 383
127 383
127 382
126 382
126 381
125 381
125 380
124 380
124 379
123 379
123 378
122 378
122 377
121 377
121 376
120 376
120 375
119 375
119 374
118 374
118 373
117 373
117 372
116 372
116 371
115 371
115 370
114 370
114 369
113 369
113 368
112 368
112 367
111 367
111 366
110 366
110 365
109 365
109 364
108 364
108 363
107 363
107 362
106 362
106 361
105 361
105 360
104 360
104 359
103 359
103 358
102 358
102 357
101 357
101 356
100 356
100 355
99 355
99 354
98 354
98 353
97 353
97 352
96 352
96 351
95 351
95 350
94 350
94 349
93 349
93 348
92 348
92 347
91 347
91 346
90 346
90 345
89 345
89 344
88 344
88 343
87 343
87 342
86 342
86 341
85 341
85 340
84 340
84 339
83 339
83 338
82 338
82 337
81 337
81 336
80 336
80 335
79 335
79 334
78 334
78 333
77 333
77 332
76 332
76 331
75 331
75 330
74 330
74 329
73 329
73 328
72 328
72 327
71 327
71 326
70 326
70 325
69 325
69 324
68 324
68 323
67 323
67 322
66 322
66 321
65 321
65 320
64 320
64 319
63 319
63 318
62 318
62 317
61 317
61 316
60 316
60 315
59 315
59 314
58 314
58 313
57 313
57 312
56 312
56 311
55 311
55 310
54 310
54 309
53 309
53 308
52 308
52 307
51 307
51 306
50 306
50 305
49 305
49 304
48 304
48 303
47 303
47 302
46 302
46 301
45 301
45 300
44 300
44 299
43 299
43 298
42 298
42 297
41 297
41 296
40 296
40 295
39 295
39 294
38 294
38 293
37 293
37 292
36 292
36 291
35 291
35 290
34 290
34 289
33 289
33 288
32 288
32 287
31 287
31 286
30 286
30 285
29 285
29 284
28 284
28 283
27 283
27 282
26 282
26 281
25 281
25 280
24 280
24 279
23 279
23 278
22 278
22 277
21 277
21 276
20 276
20 275
19 275
19 274
18 274
18 273
17 273
17 272
16 272
16 271
15 271
15 270
14 270
14 269
13 269
13 268
12 268
12 267
11 267
11 266
10 266
10 265
9 265
9 264
8 264
8 263
7 263
7 262
6 262
6 261
5 261
5 260
4 260
4 259
3 259
3 258
2 258
2 257
1 257
1 256
2 256
2 255
3 255
3 254
4 254
4 253
5 253
5 252
6 252
6 251
7 251
7 250
8 250
8 249
9 249
9 248
10 248
10 247
11 247
11 246
12 246
12 245
13 245
13 244
14 244
14 243
15 243
15 242
16 242
16 241
17 241
17 240
18 240
18 239
19 239
19 238
20 238
20 237
21 237
21 236
22 236
22 235
23 235
23 234
24 234
24 233
25 233
25 232
26 232
26 231
27 231
27 230
28 230
28 229
29 229
29 228
30 228
30 227
31 227
31 226
32 226
32 225
33 225
33 224
34 224
34 223
35 223
35 222
36 222
36 221
37 221
37 220
38 220
38 219
39 219
39 218
40 218
40 217
41 217
41 216
42 216
42 215
43 215
43 214
44 214
44 213
45 213
45 212
46 212
46 211
47 211
47 210
48 210
48 209
49 209
49 208
50 208
50 207
51 207
51 206
52 206
52 205
53 205
53 204
54 204
54 203
55 203
55 202
56 202
56 201
57 201
57 200
58 200
58 199
59 199
59 198
60 198
60 197
61 197
61 196
62 196
62 195
63 195
63 194
64 194
64 193
65 193
65 192
66 192
66 191
67 191
67 190
68 190
68 189
69 189
69 188
70 188
70 187
71 187
71 186
72 186
72 185
73 185
73 184
74 184
74 183
75 183
75 182
76 182
76 181
77 181
77 180
78 180
78 179
79 179
79 178
80 178
80 177
81 177
81 176
82 176
82 175
83 175
83 174
84 174
84 173
85 173
85 172
86 172
86 171
87 171
87 170
88 170
88 169
89 169
89 168
90 168
90 167
91 167
91 166
92 166
92 165
93 165
93 164
94 164
94 163
95 163
95 162
96 162
96 161
97 161
97 160
98 160
98 159
99 159
99 158
100 158
100 157
101 157
101 156
102 156
102 155
103 155
103 154
104 154
104 153
105 153
105 152
106 152
106 151
107 151
107 150
108 150
108 149
109 149
109 148
110 148
110 147
111 147
111 146
112 146
112 145
113 145
113 144
114 144
114 143
115 143
115 142
116 142
116 141
117 141
117 140
118 140
118 139
119 139
119 138
120 138
120 137
121 137
121 136
122 136
122 135
123 135
123 134
124 134
124 133
125 133
125 132
126 132
126 131
127 131
127 130
128 130
128 129
129 129
129 128
130 128
130 127
131 127
131 126
132 126
132 125
133 125
133 124
134 124
134 123
135 123
135 122
136 122
136 121
137 121
137 120
138 120
138 119
139 119
139 118
140 118
140 117
141 117
141 116
142 116
142 115
143 115
143 114
144 114
144 113
145 113
145 112
146 112
146 111
147 111
147 110
148 110
148 109
149 109
149 108
150 108
150 107
151 107
151 106
152 106
152 105
153 105
153 104
154 104
154 103
155 103
155 102
156 102
156 101
157 101
157 100
158 100
158 99
159 99
159 98
160 98
160 97
161 97
161 96
162 96
162 95
163 95
163 94
164 94
164 93
165 93
165 92
166 92
166 91
167 91
167 90
168 90
168 89
169 89
169 88
170 88
170 87
171 87
171 86
172 86
172 85
173 85
173 84
174 84
174 83
175 83
175 82
176 82
176 81
177 81
177 80
178 80
178 79
179 79
179 78
180 78
180 77
181 77
181 76
182 76
182 75
183 75
183 74
184 74
184 73
185 73
185 72
186 72
186 71
187 71
187 70
188 70
188 69
189 69
189 68
190 68
190 67
191 67
191 66
192 66
192 65
193 65
193 64
194 64
194 63
195 63
195 62
196 62
196 61
197 61
197 60
198 60
198 59
199 59
199 58
200 58
200 57
201 57
201 56
202 56
202 55
203 55
203 54
204 54
204 53
205 53
205 52
206 52
206 51
207 51
207 50
208 50
208 49
209 49
209 48
210 48
210 47
211 47
211 46
212 46
212 45
213 45
213 44
214 44
214 43
215 43
215 42
216 42
216 41
217 41
217 40
218 40
218 39
219 39
219 38
220 38
220 37
221 37
221 36
222 36
222 35
223 35
223 34
224 34
224 33
225 33
225 32
226 32
226 31
227 31
227 30
228 30
228 29
229 29
229 28
230 28
230 27
231 27
231 26
232 26
232 25
233 25
233 24
234 24
234 23
235 23
235 22
236 22
236 21
237 21
237 20
238 20
238 19
239 19
239 18
240 18
240 17
241 17
241 16
242 16
242 15
243 15
243 14
244 14
244 13
245 13
245 12
246 12
246 11
247 11
247 10
248 10
248 9
249 9
249 8
250 8
250 7
251 7
251 6
252 6
252 5
253 5
253 4
254 4
254 3
255 3
255 2
256 2
