2000
501 999
500 999
500 998
499 998
499 997
498 997
498 996
497 996
497 995
496 995
496 994
495 994
495 993
494 993
494 992
493 992
493 991
492 991
492 990
491 990
491 989
490 989
490 988
489 988
489 987
488 987
488 986
487 986
487 985
486 985
486 984
485 984
485 983
484 983
484 982
483 982
483 981
482 981
482 980
481 980
481 979
480 979
480 978
479 978
479 977
478 977
478 976
477 976
477 975
476 975
476 974
475 974
475 973
474 973
474 972
473 972
473 971
472 971
472 970
471 970
471 969
470 969
470 968
469 968
469 967
468 967
468 966
467 966
467 965
466 965
466 964
465 964
465 963
464 963
464 962
463 962
463 961
462 961
462 960
461 960
461 959
460 959
460 958
459 958
459 957
458 957
458 956
457 956
457 955
456 955
456 954
455 954
455 953
454 953
454 952
453 952
453 951
452 951
452 950
451 950
451 949
450 949
450 948
449 948
449 947
448 947
448 946
447 946
447 945
446 945
446 944
445 944
445 943
444 943
444 942
443 942
443 941
442 941
442 940
441 940
441 939
440 939
440 938
439 938
439 937
438 937
438 936
437 936
437 935
436 935
436 934
435 934
435 933
434 933
434 932
433 932
433 931
432 931
432 930
431 930
431 929
430 929
430 928
429 928
429 927
428 927
428 926
427 926
427 925
426 925
426 924
425 924
425 923
424 923
424 922
423 922
423 921
422 921
422 920
421 920
421 919
420 919
420 918
419 918
419 917
418 917
418 916
417 916
417 915
416 915
416 914
415 914
415 913
414 913
414 912
413 912
413 911
412 911
412 910
411 910
411 909
410 909
410 908
409 908
409 907
408 907
408 906
407 906
407 905
406 905
406 904
405 904
405 903
404 903
404 902
403 902
403 901
402 901
402 900
401 900
401 899
400 899
400 898
399 898
399 897
398 897
398 896
397 896
397 895
396 895
396 894
395 894
395 893
394 893
394 892
393 892
393 891
392 891
392 890
391 890
391 889
390 889
390 888
389 888
389 887
388 887
388 886
387 886
387 885
386 885
386 884
385 884
385 883
384 883
384 882
383 882
383 881
382 881
382 880
381 880
381 879
380 879
380 878
379 878
379 877
378 877
378 876
377 876
377 875
376 875
376 874
375 874
375 873
374 873
374 872
373 872
373 871
372 871
372 870
371 870
371 869
370 869
370 868
369 868
369 867
368 867
368 866
367 866
367 865
366 865
366 864
365 864
365 863
364 863
364 862
363 862
363 861
362 861
362 860
361 860
361 859
360 859
360 858
359 858
359 857
358 857
358 856
357 856
357 855
356 855
356 854
355 854
355 853
354 853
354 852
353 852
353 851
352 851
352 850
351 850
351 849
350 849
350 848
349 848
349 847
348 847
348 846
347 846
347 845
346 845
346 844
345 844
345 843
344 843
344 842
343 842
343 841
342 841
342 840
341 840
341 839
340 839
340 838
339 838
339 837
338 837
338 836
337 836
337 835
336 835
336 834
335 834
335 833
334 833
334 832
333 832
333 831
332 831
332 830
331 830
331 829
330 829
330 828
329 828
329 827
328 827
328 826
327 826
327 825
326 825
326 824
325 824
325 823
324 823
324 822
323 822
323 821
322 821
322 820
321 820
321 819
320 819
320 818
319 818
319 817
318 817
318 816
317 816
317 815
316 815
316 814
315 814
315 813
314 813
314 812
313 812
313 811
312 811
312 810
311 810
311 809
310 809
310 808
309 808
309 807
308 807
308 806
307 806
307 805
306 805
306 804
305 804
305 803
304 803
304 802
303 802
303 801
302 801
302 800
301 800
301 799
300 799
300 798
299 798
299 797
298 797
298 796
297 796
297 795
296 795
296 794
295 794
295 793
294 793
294 792
293 792
293 791
292 791
292 790
291 790
291 789
290 789
290 788
289 788
289 787
288 787
288 786
287 786
287 785
286 785
286 784
285 784
285 783
284 783
284 782
283 782
283 781
282 781
282 780
281 780
281 779
280 779
280 778
279 778
279 777
278 777
278 776
277 776
277 775
276 775
276 774
275 774
275 773
274 773
274 772
273 772
273 771
272 771
272 770
271 770
271 769
270 769
270 768
269 768
269 767
268 767
268 766
267 766
267 765
266 765
266 764
265 764
265 763
264 763
264 762
263 762
263 761
262 761
262 760
261 760
261 759
260 759
260 758
259 758
259 757
258 757
258 756
257 756
257 755
256 755
256 754
255 754
255 753
254 753
254 752
253 752
253 751
252 751
252 750
251 750
251 749
250 749
250 748
249 748
249 747
248 747
248 746
247 746
247 745
246 745
246 744
245 744
245 743
244 743
244 742
243 742
243 741
242 741
242 740
241 740
241 739
240 739
240 738
239 738
239 737
238 737
238 736
237 736
237 735
236 735
236 734
235 734
235 733
234 733
234 732
233 732
233 731
232 731
232 730
231 730
231 729
230 729
230 728
229 728
229 727
228 727
228 726
227 726
227 725
226 725
226 724
225 724
225 723
224 723
224 722
223 722
223 721
222 721
222 720
221 720
221 719
220 719
220 718
219 718
219 717
218 717
218 716
217 716
217 715
216 715
216 714
215 714
215 713
214 713
214 712
213 712
213 711
212 711
212 710
211 710
211 709
210 709
210 708
209 708
209 707
208 707
208 706
207 706
207 705
206 705
206 704
205 704
205 703
204 703
204 702
203 702
203 701
202 701
202 700
201 700
201 699
200 699
200 698
199 698
199 697
198 697
198 696
197 696
197 695
196 695
196 694
195 694
195 693
194 693
194 692
193 692
193 691
192 691
192 690
191 690
191 689
190 689
190 688
189 688
189 687
188 687
188 686
187 686
187 685
186 685
186 684
185 684
185 683
184 683
184 682
183 682
183 681
182 681
182 680
181 680
181 679
180 679
180 678
179 678
179 677
178 677
178 676
177 676
177 675
176 675
176 674
175 674
175 673
174 673
174 672
173 672
173 671
172 671
172 670
171 670
171 669
170 669
170 668
169 668
169 667
168 667
168 666
167 666
167 665
166 665
166 664
165 664
165 663
164 663
164 662
163 662
163 661
162 661
162 660
161 660
161 659
160 659
160 658
159 658
159 657
158 657
158 656
157 656
157 655
156 655
156 654
155 654
155 653
154 653
154 652
153 652
153 651
152 651
152 650
151 650
151 649
150 649
150 648
149 648
149 647
148 647
148 646
147 646
147 645
146 645
146 644
145 644
145 643
144 643
144 642
143 642
143 641
142 641
142 640
141 640
141 639
140 639
140 638
139 638
139 637
138 637
138 636
137 636
137 635
136 635
136 634
135 634
135 633
134 633
134 632
133 632
133 631
132 631
132 630
131 630
131 629
130 629
130 628
129 628
129 627
128 627
128 626
127 626
127 625
126 625
126 624
125 624
125 623
124 623
124 622
123 622
123 621
122 621
122 620
121 620
121 619
120 619
120 618
119 618
119 617
118 617
118 616
117 616
117 615
116 615
116 614
115 614
115 613
114 613
114 612
113 612
113 611
112 611
112 610
111 610
111 609
110 609
110 608
109 608
109 607
108 607
108 606
107 606
107 605
106 605
106 604
105 604
105 603
104 603
104 602
103 602
103 601
102 601
102 600
101 600
101 599
100 599
100 598
99 598
99 597
98 597
98 596
97 596
97 595
96 595
96 594
95 594
95 593
94 593
94 592
93 592
93 591
92 591
92 590
91 590
91 589
90 589
90 588
89 588
89 587
88 587
88 586
87 586
87 585
86 585
86 584
85 584
85 583
84 583
84 582
83 582
83 581
82 581
82 580
81 580
81 579
80 579
80 578
79 578
79 577
78 577
78 576
77 576
77 575
76 575
76 574
75 574
75 573
74 573
74 572
73 572
73 571
72 571
72 570
71 570
71 569
70 569
70 568
69 568
69 567
68 567
68 566
67 566
67 565
66 565
66 564
65 564
65 563
64 563
64 562
63 562
63 561
62 561
62 560
61 560
61 559
60 559
60 558
59 558
59 557
58 557
58 556
57 556
57 555
56 555
56 554
55 554
55 553
54 553
54 552
53 552
53 551
52 551
52 550
51 550
51 549
50 549
50 548
49 548
49 547
48 547
48 546
47 546
47 545
46 545
46 544
45 544
45 543
44 543
44 542
43 542
43 541
42 541
42 540
41 540
41 539
40 539
40 538
39 538
39 537
38 537
38 536
37 536
37 535
36 535
36 534
35 534
35 533
34 533
34 532
33 532
33 531
32 531
32 530
31 530
31 529
30 529
30 528
29 528
29 527
28 527
28 526
27 526
27 525
26 525
26 524
25 524
25 523
24 523
24 522
23 522
23 521
22 521
22 520
21 520
21 519
20 519
20 518
19 518
19 517
18 517
18 516
17 516
17 515
16 515
16 514
15 514
15 513
14 513
14 512
13 512
13 511
12 511
12 510
11 510
11 509
10 509
10 508
9 508
9 507
8 507
8 506
7 506
7 505
6 505
6 504
5 504
5 503
4 503
4 502
3 502
3 501
2 501
2 500
1 500
1 1
2 1
2 2
3 2
3 3
4 3
4 4
5 4
5 5
6 5
6 6
7 6
7 7
8 7
8 8
9 8
9 9
10 9
10 10
11 10
11 11
12 11
12 12
13 12
13 13
14 13
14 14
15 14
15 15
16 15
16 16
17 16
17 17
18 17
18 18
19 18
19 19
20 19
20 20
21 20
21 21
22 21
22 22
23 22
23 23
24 23
24 24
25 24
25 25
26 25
26 26
27 26
27 27
28 27
28 28
29 28
29 29
30 29
30 30
31 30
31 31
32 31
32 32
33 32
33 33
34 33
34 34
35 34
35 35
36 35
36 36
37 36
37 37
38 37
38 38
39 38
39 39
40 39
40 40
41 40
41 41
42 41
42 42
43 42
43 43
44 43
44 44
45 44
45 45
46 45
46 46
47 46
47 47
48 47
48 48
49 48
49 49
50 49
50 50
51 50
51 51
52 51
52 52
53 52
53 53
54 53
54 54
55 54
55 55
56 55
56 56
57 56
57 57
58 57
58 58
59 58
59 59
60 59
60 60
61 60
61 61
62 61
62 62
63 62
63 63
64 63
64 64
65 64
65 65
66 65
66 66
67 66
67 67
68 67
68 68
69 68
69 69
70 69
70 70
71 70
71 71
72 71
72 72
73 72
73 73
74 73
74 74
75 74
75 75
76 75
76 76
77 76
77 77
78 77
78 78
79 78
79 79
80 79
80 80
81 80
81 81
82 81
82 82
83 82
83 83
84 83
84 84
85 84
85 85
86 85
86 86
87 86
87 87
88 87
88 88
89 88
89 89
90 89
90 90
91 90
91 91
92 91
92 92
93 92
93 93
94 93
94 94
95 94
95 95
96 95
96 96
97 96
97 97
98 97
98 98
99 98
99 99
100 99
100 100
101 100
101 101
102 101
102 102
103 102
103 103
104 103
104 104
105 104
105 105
106 105
106 106
107 106
107 107
108 107
108 108
109 108
109 109
110 109
110 110
111 110
111 111
112 111
112 112
113 112
113 113
114 113
114 114
115 114
115 115
116 115
116 116
117 116
117 117
118 117
118 118
119 118
119 119
120 119
120 120
121 120
121 121
122 121
122 122
123 122
123 123
124 123
124 124
125 124
125 125
126 125
126 126
127 126
127 127
128 127
128 128
129 128
129 129
130 129
130 130
131 130
131 131
132 131
132 132
133 132
133 133
134 133
134 134
135 134
135 135
136 135
136 136
137 136
137 137
138 137
138 138
139 138
139 139
140 139
140 140
141 140
141 141
142 141
142 142
143 142
143 143
144 143
144 144
145 144
145 145
146 145
146 146
147 146
147 147
148 147
148 148
149 148
149 149
150 149
150 150
151 150
151 151
152 151
152 152
153 152
153 153
154 153
154 154
155 154
155 155
156 155
156 156
157 156
157 157
158 157
158 158
159 158
159 159
160 159
160 160
161 160
161 161
162 161
162 162
163 162
163 163
164 163
164 164
165 164
165 165
166 165
166 166
167 166
167 167
168 167
168 168
169 168
169 169
170 169
170 170
171 170
171 171
172 171
172 172
173 172
173 173
174 173
174 174
175 174
175 175
176 175
176 176
177 176
177 177
178 177
178 178
179 178
179 179
180 179
180 180
181 180
181 181
182 181
182 182
183 182
183 183
184 183
184 184
185 184
185 185
186 185
186 186
187 186
187 187
188 187
188 188
189 188
189 189
190 189
190 190
191 190
191 191
192 191
192 192
193 192
193 193
194 193
194 194
195 194
195 195
196 195
196 196
197 196
197 197
198 197
198 198
199 198
199 199
200 199
200 200
201 200
201 201
202 201
202 202
203 202
203 203
204 203
204 204
205 204
205 205
206 205
206 206
207 206
207 207
208 207
208 208
209 208
209 209
210 209
210 210
211 210
211 211
212 211
212 212
213 212
213 213
214 213
214 214
215 214
215 215
216 215
216 216
217 216
217 217
218 217
218 218
219 218
219 219
220 219
220 220
221 220
221 221
222 221
222 222
223 222
223 223
224 223
224 224
225 224
225 225
226 225
226 226
227 226
227 227
228 227
228 228
229 228
229 229
230 229
230 230
231 230
231 231
232 231
232 232
233 232
233 233
234 233
234 234
235 234
235 235
236 235
236 236
237 236
237 237
238 237
238 238
239 238
239 239
240 239
240 240
241 240
241 241
242 241
242 242
243 242
243 243
244 243
244 244
245 244
245 245
246 245
246 246
247 246
247 247
248 247
248 248
249 248
249 249
250 249
250 250
251 250
251 251
252 251
252 252
253 252
253 253
254 253
254 254
255 254
255 255
256 255
256 256
257 256
257 257
258 257
258 258
259 258
259 259
260 259
260 260
261 260
261 261
262 261
262 262
263 262
263 263
264 263
264 264
265 264
265 265
266 265
266 266
267 266
267 267
268 267
268 268
269 268
269 269
270 269
270 270
271 270
271 271
272 271
272 272
273 272
273 273
274 273
274 274
275 274
275 275
276 275
276 276
277 276
277 277
278 277
278 278
279 278
279 279
280 279
280 280
281 280
281 281
282 281
282 282
283 282
283 283
284 283
284 284
285 284
285 285
286 285
286 286
287 286
287 287
288 287
288 288
289 288
289 289
290 289
290 290
291 290
291 291
292 291
292 292
293 292
293 293
294 293
294 294
295 294
295 295
296 295
296 296
297 296
297 297
298 297
298 298
299 298
299 299
300 299
300 300
301 300
301 301
302 301
302 302
303 302
303 303
304 303
304 304
305 304
305 305
306 305
306 306
307 306
307 307
308 307
308 308
309 308
309 309
310 309
310 310
311 310
311 311
312 311
312 312
313 312
313 313
314 313
314 314
315 314
315 315
316 315
316 316
317 316
317 317
318 317
318 318
319 318
319 319
320 319
320 320
321 320
321 321
322 321
322 322
323 322
323 323
324 323
324 324
325 324
325 325
326 325
326 326
327 326
327 327
328 327
328 328
329 328
329 329
330 329
330 330
331 330
331 331
332 331
332 332
333 332
333 333
334 333
334 334
335 334
335 335
336 335
336 336
337 336
337 337
338 337
338 338
339 338
339 339
340 339
340 340
341 340
341 341
342 341
342 342
343 342
343 343
344 343
344 344
345 344
345 345
346 345
346 346
347 346
347 347
348 347
348 348
349 348
349 349
350 349
350 350
351 350
351 351
352 351
352 352
353 352
353 353
354 353
354 354
355 354
355 355
356 355
356 356
357 356
357 357
358 357
358 358
359 358
359 359
360 359
360 360
361 360
361 361
362 361
362 362
363 362
363 363
364 363
364 364
365 364
365 365
366 365
366 366
367 366
367 367
368 367
368 368
369 368
369 369
370 369
370 370
371 370
371 371
372 371
372 372
373 372
373 373
374 373
374 374
375 374
375 375
376 375
376 376
377 376
377 377
378 377
378 378
379 378
379 379
380 379
380 380
381 380
381 381
382 381
382 382
383 382
383 383
384 383
384 384
385 384
385 385
386 385
386 386
387 386
387 387
388 387
388 388
389 388
389 389
390 389
390 390
391 390
391 391
392 391
392 392
393 392
393 393
394 393
394 394
395 394
395 395
396 395
396 396
397 396
397 397
398 397
398 398
399 398
399 399
400 399
400 400
401 400
401 401
402 401
402 402
403 402
403 403
404 403
404 404
405 404
405 405
406 405
406 406
407 406
407 407
408 407
408 408
409 408
409 409
410 409
410 410
411 410
411 411
412 411
412 412
413 412
413 413
414 413
414 414
415 414
415 415
416 415
416 416
417 416
417 417
418 417
418 418
419 418
419 419
420 419
420 420
421 420
421 421
422 421
422 422
423 422
423 423
424 423
424 424
425 424
425 425
426 425
426 426
427 426
427 427
428 427
428 428
429 428
429 429
430 429
430 430
431 430
431 431
432 431
432 432
433 432
433 433
434 433
434 434
435 434
435 435
436 435
436 436
437 436
437 437
438 437
438 438
439 438
439 439
440 439
440 440
441 440
441 441
442 441
442 442
443 442
443 443
444 443
444 444
445 444
445 445
446 445
446 446
447 446
447 447
448 447
448 448
449 448
449 449
450 449
450 450
451 450
451 451
452 451
452 452
453 452
453 453
454 453
454 454
455 454
455 455
456 455
456 456
457 456
457 457
458 457
458 458
459 458
459 459
460 459
460 460
461 460
461 461
462 461
462 462
463 462
463 463
464 463
464 464
465 464
465 465
466 465
466 466
467 466
467 467
468 467
468 468
469 468
469 469
470 469
470 470
471 470
471 471
472 471
472 472
473 472
473 473
474 473
474 474
475 474
475 475
476 475
476 476
477 476
477 477
478 477
478 478
479 478
479 479
480 479
480 480
481 480
481 481
482 481
482 482
483 482
483 483
484 483
484 484
485 484
485 485
486 485
486 486
487 486
487 487
488 487
488 488
489 488
489 489
490 489
490 490
491 490
491 491
492 491
492 492
493 492
493 493
494 493
494 494
495 494
495 495
496 495
496 496
497 496
497 497
498 497
498 498
499 498
499 499
500 499
500 500
501 500
