104
999585517 663386144
999135730 663386144
999135730 902986936
996181255 902986936
996181255 905328015
992239925 905328015
992239925 936149704
987598570 936149704
987598570 951911100
981480869 951911100
981480869 962566463
969822692 962566463
969822692 985370919
944166692 985370919
944166692 998034599
942623172 998034599
942623172 999030770
776699585 999030770
776699585 999791998
776362256 999791998
776362256 999926569
776272492 999926569
776272492 999791998
771196888 999791998
771196888 999529597
747882816 999529597
747882816 999486370
240085880 999486370
240085880 996089160
223639021 996089160
223639021 995487438
190147942 995487438
190147942 994264906
189757939 994264906
189757939 992683253
117031229 992683253
117031229 991738043
76929114 991738043
76929114 988022444
75823138 988022444
75823138 987459257
61909614 987459257
61909614 987173197
51792293 987173197
51792293 969131013
11940895 969131013
11940895 966310997
10392109 966310997
10392109 961270574
7971556 961270574
7971556 957689328
534861 957689328
534861 719104309
495605 719104309
495605 700213981
418894 700213981
418894 450374447
534861 450374447
534861 201924424
2309658 201924424
2309658 198162220
2963432 198162220
2963432 15519868
3370953 15519868
3370953 10937294
5311503 10937294
5311503 2748929
6080995 2748929
6080995 2692835
6574779 2692835
6574779 5111
6583038 5111
6583038 42411
637977097 42411
637977097 156206
656503893 156206
656503893 794709
813605330 794709
813605330 2141060
924561922 2141060
924561922 2347895
958251778 2347895
958251778 2706847
970691936 2706847
970691936 12417487
973676378 12417487
973676378 18090945
975253369 18090945
975253369 32026943
982830416 32026943
982830416 39706400
984617597 39706400
984617597 43999341
987560184 43999341
987560184 47971080
987562522 47971080
987562522 49162743
994492991 49162743
994492991 62996117
995376427 62996117
995376427 111957373
999135730 111957373
999135730 662974006
999585517 662974006
