170
999477567 845493614
998424797 845493614
998424797 915574505
998335429 915574505
998335429 915758868
992169986 915758868
992169986 924465145
986925540 924465145
986925540 936638470
976880065 936638470
976880065 937559858
972407553 937559858
972407553 968503885
960107292 968503885
960107292 973303950
957462538 973303950
957462538 974735323
955774581 974735323
955774581 986105622
955615532 986105622
955615532 989253273
929726391 989253273
929726391 991237741
913505250 991237741
913505250 995220530
908116270 995220530
908116270 997053613
907929744 997053613
907929744 997544858
739973482 997544858
739973482 999395463
739884369 999395463
739884369 998487350
507493890 998487350
507493890 998142718
489152358 998142718
489152358 997053613
163351949 997053613
163351949 996576066
102763463 996576066
102763463 990142913
102326562 990142913
102326562 904474500
88840905 904474500
88840905 903828044
81467105 903828044
81467105 898686420
26476933 898686420
26476933 896685417
7775475 896685417
7775475 825031682
6101025 825031682
6101025 820951384
5097737 820951384
5097737 819983533
2499838 819983533
2499838 807172394
907302 807172394
907302 752389075
538154 752389075
538154 714575720
35814 714575720
35814 714536035
98889 714536035
98889 667906930
831348 667906930
831348 662967033
2217473 662967033
2217473 560650211
4595750 560650211
4595750 554025908
5097737 554025908
5097737 541571206
7760661 541571206
7760661 270019021
8418785 270019021
8418785 252096917
17020743 252096917
17020743 248985050
31384521 248985050
31384521 247527522
31661374 247527522
31661374 244443434
37293251 244443434
37293251 203036748
42039943 203036748
42039943 56524537
47352246 56524537
47352246 46296416
57877771 46296416
57877771 35595163
63227647 35595163
63227647 24682304
66569288 24682304
66569288 2811556
79597209 2811556
79597209 2220106
126116523 2220106
126116523 1688494
346134455 1688494
346134455 107436
346549789 107436
346549789 43193
347808310 43193
347808310 107436
376364668 107436
376364668 749016
716194120 749016
716194120 2737517
716961571 2737517
716961571 18417205
728472527 18417205
728472527 18663285
732756543 18663285
732756543 23780004
755234775 23780004
755234775 40476442
757199894 40476442
757199894 50648006
762566673 50648006
762566673 117372986
764394567 117372986
764394567 129225903
767987018 129225903
767987018 138957034
769398659 138957034
769398659 158779657
883125526 158779657
883125526 160670278
886148564 160670278
886148564 164253302
892897162 164253302
892897162 188051784
900247645 188051784
900247645 189973113
901496465 189973113
901496465 195131677
903153419 195131677
903153419 205850679
914735090 205850679
914735090 217784830
922434599 217784830
922434599 218871501
924322440 218871501
924322440 222974888
979270168 222974888
979270168 223463330
988782879 223463330
988782879 225513583
989089908 225513583
989089908 227606337
992169986 227606337
992169986 234317359
993331027 234317359
993331027 236268696
996436174 236268696
996436174 245741206
996443920 245741206
996443920 284432802
997075730 284432802
997075730 302310364
997731040 302310364
997731040 320117944
999110178 320117944
999110178 818000974
999363909 818000974
999363909 819806390
999411955 819806390
999411955 845129720
999477567 845129720
