200
999839460 330076104
999506833 330076104
999506833 808086327
997391572 808086327
997391572 811552300
994696909 811552300
994696909 814113068
992776645 814113068
992776645 818593427
979813698 818593427
979813698 870370646
966600193 870370646
966600193 875151112
893034156 875151112
893034156 880063078
837152860 880063078
837152860 880163970
835515886 880163970
835515886 883350532
807309200 883350532
807309200 889573246
794535165 889573246
794535165 941990897
765283034 941990897
765283034 942061100
757046746 942061100
757046746 959082404
755677048 959082404
755677048 967312605
746898006 967312605
746898006 969428500
745817684 969428500
745817684 988987369
735303181 988987369
735303181 995259488
715404501 995259488
715404501 996534190
714079541 996534190
714079541 997681368
708401610 997681368
708401610 998775240
708389503 998775240
708389503 997582268
170639713 997582268
170639713 993813979
168333751 993813979
168333751 993306323
167269359 993306323
167269359 966409238
116501682 966409238
116501682 966283573
113190981 966283573
113190981 964850904
99282354 964850904
99282354 948791616
71566438 948791616
71566438 947027493
63310861 947027493
63310861 935948570
53303741 935948570
53303741 782222248
40256030 782222248
40256030 777395034
26286298 777395034
26286298 772077329
23321900 772077329
23321900 738245611
13648097 738245611
13648097 714022693
11025058 714022693
11025058 711663952
5976745 711663952
5976745 710186519
5771439 710186519
5771439 709819842
3959523 709819842
3959523 704916003
1551602 704916003
1551602 474689170
1310567 474689170
1310567 459247712
259777 459247712
259777 459247505
763095 459247505
763095 331050264
1292455 331050264
1292455 315277255
4394810 315277255
4394810 301423628
23872311 301423628
23872311 299530479
63342883 299530479
63342883 281963727
75038921 281963727
75038921 275283835
75360355 275283835
75360355 271906509
86722890 271906509
86722890 267853247
160535338 267853247
160535338 79704459
162361588 79704459
162361588 65451013
168954813 65451013
168954813 51995692
169857124 51995692
169857124 48768241
173279662 48768241
173279662 19056704
175754360 19056704
175754360 16874429
195829932 16874429
195829932 11589109
202152887 11589109
202152887 2353944
214081806 2353944
214081806 1031584
242750801 1031584
242750801 588343
311406199 588343
311406199 477622
311955201 477622
311955201 588343
585080990 588343
585080990 1031584
595561021 1031584
595561021 4277809
606329936 4277809
606329936 5595376
608541674 5595376
608541674 6792459
616169261 6792459
616169261 10329037
617957519 10329037
617957519 14205463
619896185 14205463
619896185 17031582
625079665 17031582
625079665 32661729
636698985 32661729
636698985 36940916
637622933 36940916
637622933 41540739
640500768 41540739
640500768 53818349
648210211 53818349
648210211 61555263
650319734 61555263
650319734 74996272
655515887 74996272
655515887 77405022
661484571 77405022
661484571 109918326
662443208 109918326
662443208 113331376
664886591 113331376
664886591 115617013
666414521 115617013
666414521 125958986
678497473 125958986
678497473 125986320
679831694 125986320
679831694 126874898
683441120 126874898
683441120 136546426
879313087 136546426
879313087 137465211
906905096 137465211
906905096 139856859
909911374 139856859
909911374 141132546
911785326 141132546
911785326 143195291
912082958 143195291
912082958 144605875
931897473 144605875
931897473 159820286
937160221 159820286
937160221 179774150
941239765 179774150
941239765 183063522
943030132 183063522
943030132 237069010
968476695 237069010
968476695 245479533
974769048 245479533
974769048 247481186
986259559 247481186
986259559 259415379
991829420 259415379
991829420 298631694
995305722 298631694
995305722 299530479
995369406 299530479
995369406 318840609
995676449 318840609
995676449 322249853
999506833 322249853
999506833 329781932
999839460 329781932
