135 156 9 39
20 5 20 5 20 5 20 20 20
50 47 617443657
8 3 289770197
22 25 344072414
75 73 796089021
112 111 764247407
135 1 480652222
102 96 408685256
117 135 918713760
47 48 764108865
31 43 921805882
24 25 978207945
5 8 28049795
15 10 960730535
115 106 61801618
69 61 949903665
82 86 781965963
97 105 731100899
23 24 599367493
26 44 486022354
59 64 656308151
20 7 454083226
120 134 548438117
80 81 204973515
123 124 812826408
130 132 176624412
22 23 107145639
50 48 834629529
6 10 403981222
121 128 225629976
108 107 739259397
65 53 857965278
135 118 89978437
33 40 29725851
109 111 795678975
127 122 123511335
46 49 946516989
72 74 535630201
47 49 230188300
127 123 751050220
45 41 954168903
24 21 76161932
21 23 360991062
71 73 613782326
56 68 695911185
9 12 216701440
33 37 178898370
117 125 141488830
46 47 61645677
95 96 310063143
49 48 792425863
27 38 311958088
85 78 14394675
125 121 984157473
42 30 56779791
72 71 377377151
92 88 601468843
129 122 802307428
67 53 321579230
118 119 522864413
71 75 256281568
75 72 737796142
4 2 207854365
87 90 309897449
58 56 628857388
55 68 18674107
32 27 606562600
66 60 889187213
120 126 118299946
114 110 527607881
67 52 232475964
91 78 230162453
116 115 337938538
66 58 967916195
39 37 843434517
62 54 526773474
99 97 25524818
9 19 626305360
98 103 642673281
22 24 307645645
124 133 2277141
4 18 32754610
113 106 265829612
36 28 75325079
39 41 602570930
70 71 294301402
18 12 844599284
130 133 603718664
60 65 148460820
105 101 866983407
89 94 293569154
79 89 101850858
92 82 784669719
2 16 790289325
115 96 513185218
50 51 377653172
132 131 417963702
95 84 499239543
83 84 530408454
81 83 721242232
14 19 13064569
62 63 835818070
29 44 48028338
88 77 906456355
129 116 913307387
21 20 52652981
30 40 372146616
108 102 944887270
85 77 62066943
75 74 967270486
99 109 680425826
113 112 970136460
76 75 223560892
14 7 322578380
13 15 214809658
134 116 36077633
91 90 801836433
22 21 100629298
63 57 871652874
1 13 50195772
74 73 668754173
76 94 627095546
16 11 174267299
51 57 586133665
54 61 217833848
23 25 374383211
34 38 944317941
128 126 558096221
32 35 183995960
87 93 951059547
17 3 468235481
131 119 21537407
107 110 540003775
59 69 722685114
73 72 231740824
103 104 788039908
93 79 197813078
42 28 893393781
34 36 847206365
26 43 646883831
49 50 123864412
101 98 705244761
114 100 69517154
52 64 268933924
31 35 602426472
100 104 38905429
74 71 496063638
70 55 57053218
50 46 934821145
45 46 651557504
11 5 410395951
26 25 128244844
45 29 288561239
48 46 385584982
21 25 262481999
86 80 862830085
17 6 479133926
7 24 48 80 47 16 74 21 20 63 18 75 64 77 15 25 95 104 87 58 62 65 73 71 49 44 42 9 23 79 46 22 60 76 69 72 89 50 12
