135 156 9 43
20 20 20 5 5 20 5 20 20
128 125 979944957
119 118 482933635
55 44 162368658
66 67 527414004
71 88 615577221
53 54 407761265
32 23 650978449
115 112 34334049
53 59 954652279
91 95 28646161
2 20 3937603
13 18 574361394
38 31 519560221
61 63 879050236
20 1 461957303
95 92 614121950
121 116 251015830
109 111 638367852
11 17 444481841
35 37 888485895
108 112 299660764
34 22 639577398
97 106 462439585
113 109 252140242
114 96 262739055
103 99 98706212
59 43 138398976
65 63 508435548
52 46 18813200
58 41 220613594
36 27 838097903
97 103 271950379
64 61 551818453
14 12 759856291
21 20 153563642
134 133 895864282
84 72 127667066
90 74 98043567
94 92 654197914
104 113 792203304
96 95 289748125
86 79 149527791
73 85 36667405
120 124 112482149
47 60 219034272
51 57 63490819
55 46 429428959
105 110 627112429
105 100 931359368
101 99 139964638
87 80 264119722
40 41 759326698
10 8 713726609
132 128 538574079
107 110 655590980
127 123 333071838
86 83 564402363
33 29 772153318
62 65 744562012
15 8 430500056
66 65 132424044
124 132 743417249
42 49 881265918
25 23 765992447
24 28 701558497
71 76 556190509
62 64 782507736
78 81 830318455
45 50 109078673
90 91 963492422
21 33 758393183
12 13 616763139
14 6 974394785
85 77 88532053
6 10 722010737
122 117 220007681
130 127 42906218
126 129 123531380
75 82 753412219
9 4 175832936
44 60 459128563
120 118 451164915
102 108 607850110
129 123 244948524
70 66 312293181
72 79 763432633
30 26 224853555
93 95 127049150
17 7 19183291
37 25 731933731
61 62 422792669
68 66 572101256
39 24 847907095
94 95 191837785
29 31 684162604
5 9 56242685
75 81 377228862
76 89 30504835
67 68 702492513
61 65 393525704
115 116 530856518
63 64 810303308
69 70 336456779
102 106 846542280
93 94 39733813
65 64 688215605
43 58 868569924
5 1 298364073
104 114 176044751
57 48 931690136
56 45 899161903
133 135 85104369
38 39 869980283
47 54 325647038
80 90 29243412
3 2 16800039
16 4 929100623
66 69 495562785
3 15 621587151
93 92 477843533
41 42 621653942
101 100 760379947
62 63 18952021
67 70 702948581
71 70 697229113
36 22 203085757
69 67 162079525
122 131 717617570
19 7 189064411
68 69 519016126
98 107 629424131
73 83 561445001
88 74 795533714
134 130 972054489
52 51 280302222
121 125 589446518
11 16 212758346
89 78 297153153
35 28 257541379
131 119 802286570
94 91 642884088
93 91 490030777
111 98 667988064
18 19 177481782
92 91 471732251
87 84 758133318
56 48 755501852
70 68 373447204
77 82 385788119
1 135 629184651
30 34 799122792
49 50 605363942
61 60 413508531
40 26 898516637
32 27 203739980
117 126 764986171
91 8 27 62 46 3 121 43 5 23 66 36 93 20 54 122 70 12 35 64 126 68 65 24 21 67 61 123 132 58 95 130 120 51 94 50 92 11 29 18 45 63 69
