135 156 9 53
5 20 5 20 20 20 5 20 20
93 92 17723298
132 124 107337164
84 74 305034015
80 88 515607472
81 79 104561323
52 58 715035134
108 114 536067708
129 132 441502258
92 94 173526735
46 31 33433907
133 127 799260662
92 91 598301374
10 23 711947346
111 105 703469797
10 14 609995177
47 36 87308460
53 64 340715307
25 16 89128058
68 52 668083866
42 45 452456706
23 8 457274803
1 2 219146651
128 135 919002841
15 7 291304242
5 2 260693495
115 116 76426593
21 20 512521977
99 102 455771932
83 74 593810577
38 44 198828778
123 120 390137789
54 62 721715135
60 66 46307169
78 84 370167826
20 19 900335383
67 56 849202318
104 102 289937401
90 76 313257098
38 36 991108916
116 124 19176448
86 77 251616414
5 3 750317003
18 15 723336275
114 112 332742787
73 82 318367754
4 5 347382334
26 28 681367350
77 73 147491376
94 93 834993601
131 117 425358846
97 112 254648175
123 125 672948574
131 125 139436728
93 91 218815051
37 31 670082057
96 95 612669
11 12 724030162
78 80 956939724
82 75 504097354
51 69 172113838
43 42 893846125
19 6 639226748
25 26 925018655
13 14 821907052
71 70 449236076
24 17 93473358
87 89 199235182
12 22 686549761
61 70 245938406
33 45 694188258
95 92 483685526
116 122 56678769
83 85 491525453
130 119 681777973
95 94 809852615
28 27 265330663
69 63 956838170
46 50 178475006
3 4 847920650
47 34 838989307
95 91 979290453
48 34 585110758
30 27 342263343
1 5 236477097
100 115 941583589
2 4 155255867
109 98 345374796
35 48 727204813
121 119 735749236
106 104 368970171
44 41 41474766
107 115 626262273
41 40 433901669
30 26 251063000
57 53 223626417
129 128 964441881
18 24 463383107
100 103 490204144
11 7 72826833
1 4 235523176
65 54 791215140
3 2 305337723
16 9 856222533
30 31 803820194
39 43 236827859
33 37 84578414
135 1 65276534
27 26 629647510
27 29 353851811
55 59 441306417
49 32 429596999
99 110 797894638
98 111 631279251
105 96 578134968
97 107 817191990
39 35 55326340
40 32 567809054
109 110 392179977
122 134 195603084
72 86 337297200
96 101 327638149
26 29 448242944
30 29 378776772
66 61 902981295
60 67 261620495
68 62 205424218
17 9 933460276
58 59 406281729
64 56 131305431
71 75 246447300
88 72 577883393
90 91 976044283
8 21 172989384
57 65 913753729
118 126 556569954
30 28 482551002
87 85 497656049
89 81 276488758
13 22 933251993
55 63 192196917
108 113 968349740
49 50 488520860
94 91 876192704
130 134 843090984
101 103 566355124
28 29 565950413
6 5 865787326
126 135 951528388
1 3 189998454
127 121 43265466
120 118 880662412
79 76 502901240
51 50 578919206
113 106 711636421
133 117 156976334
95 93 872469123
18 116 37 30 129 82 83 13 124 120 27 44 122 12 15 135 7 51 42 90 48 84 73 96 47 103 111 99 63 134 115 28 25 65 58 1 17 2 3 29 87 55 91 5 4 112 52 106 56 49 77 26 31
