135 156 9 44
20 20 20 20 20 5 5 20 5
122 117 687586309
2 6 890116630
53 58 867533231
55 48 846820117
109 108 496183272
77 73 839490660
97 82 383435915
67 72 143512574
79 80 725868599
106 109 739173576
58 56 371985315
129 123 547962945
43 41 598371260
39 26 825509683
31 30 860453603
132 134 581263636
111 124 332534509
39 28 474717510
49 53 428553846
7 9 274094633
133 134 191545708
121 112 12538820
62 68 376463311
15 2 504392027
14 19 108048481
116 118 215985404
24 34 695326863
51 45 280866392
134 131 248715496
105 101 766101833
35 37 902749443
80 81 53298617
52 60 982037532
83 81 387676370
133 132 214924732
61 76 540133748
93 92 934569738
110 111 308312486
22 27 860600306
8 10 503334816
32 22 417205561
114 115 594814736
135 131 144184398
57 46 492290524
64 69 769568603
108 106 341905
108 107 176360225
17 1 19439151
56 47 689801030
95 83 382207045
47 50 931102882
130 131 503602116
106 110 720823534
25 29 721726454
31 29 167572089
18 10 479704593
93 99 553060118
3 6 571692963
50 52 107816054
32 38 744828849
63 79 598467415
90 92 342263246
102 104 7302017
42 46 385442406
97 94 455501684
45 48 341412413
135 132 354084267
33 21 148045936
82 99 486906033
68 78 166476779
57 44 717152462
117 113 332856075
120 126 135988263
84 91 802261205
5 19 135343545
103 101 412445622
76 70 696815808
23 37 993499043
20 3 400636815
24 30 449027183
126 112 422048850
60 61 801386400
103 102 694655483
61 72 699130481
122 130 603502916
59 54 990814805
102 105 498868920
113 129 804738458
75 71 489797463
78 74 993377231
134 135 961727507
124 127 939796657
18 11 334927618
119 121 549863241
64 62 194528633
60 55 461089849
95 98 911784665
71 66 779618833
104 105 781602958
5 12 288911527
49 41 963369640
42 43 167873238
1 135 637195404
128 123 136731563
16 8 454890328
36 38 520670389
14 9 561139194
96 85 123314697
96 86 50544771
110 107 387875410
26 33 55828831
51 59 574029379
81 89 565574565
133 135 872600930
90 89 363418571
28 35 710665324
86 98 395835316
88 87 196839237
114 128 444388717
13 17 691643314
107 109 767062304
101 100 136280913
77 80 236399478
127 125 685048016
65 74 609911314
21 20 762511098
67 66 509536074
105 106 701237335
103 105 584806114
34 23 703064405
44 54 427401203
118 125 31176324
70 73 670069919
87 100 534943291
100 94 57260503
110 108 855622598
132 131 379187562
13 4 765645226
103 104 582988857
107 106 977745311
109 110 382987408
11 4 460866068
7 15 3428551
91 85 614596719
75 65 387054604
101 104 312775284
41 40 149805850
16 12 278565937
133 131 753402929
88 84 76394123
101 102 673172534
69 63 733726513
25 36 881257365
119 115 43091954
40 27 276102415
120 116 389949453
128 106 84 8 30 112 64 9 69 32 101 109 94 111 131 71 129 82 68 21 7 105 38 31 108 102 3 132 75 100 103 81 73 87 134 107 110 119 113 121 98 67 29 24
