135 156 9 46
20 20 5 20 20 20 5 5 20
93 90 271241377
55 59 920286027
74 67 438177433
24 21 28811882
50 62 253682734
88 102 171707734
75 83 658329382
116 120 341718401
54 59 869849119
78 71 753565213
71 81 509350094
114 111 634666386
66 67 831078151
5 3 255061303
45 43 465682574
56 46 322640191
31 30 933406787
106 108 254915375
106 105 975491606
28 39 738034145
44 41 477652467
53 56 234086592
108 110 598037564
107 108 422028054
127 122 684264417
109 108 987515827
11 6 467929052
82 77 803632363
50 60 306145623
35 33 902755780
73 70 949203684
91 89 947198668
90 104 661811149
7 3 788575593
38 34 211246757
22 29 90656213
80 76 762522816
79 76 253328337
12 13 231802852
127 135 801315003
23 37 890725892
86 100 560077962
120 119 966791133
101 88 158612846
77 84 657503757
105 98 657328908
26 25 740992329
45 44 21215732
66 65 295218796
117 118 286938217
43 44 616939372
124 125 920581662
32 34 886799683
9 6 216030207
101 89 568072391
113 114 784041922
112 113 39282248
42 44 753526200
123 116 581308377
81 84 580077967
106 107 799937628
61 60 335293836
32 26 576157410
9 5 492873642
68 66 198473500
130 126 754241772
111 112 85119421
41 40 703167379
94 96 818882266
40 28 561161906
24 38 892086355
104 94 257235948
63 52 150667092
83 70 274386368
11 18 142323347
117 130 722198917
97 98 135831900
115 112 978233045
125 131 177958599
27 22 664953150
39 33 608188072
106 110 414452422
62 58 352866908
14 19 10797573
79 72 493674633
17 16 799801624
18 13 948138038
4 12 901957314
47 57 404211239
85 82 564103365
1 135 302691647
43 41 673707477
107 110 958550556
131 133 563011568
29 40 339376301
61 51 547555410
119 122 21419867
8 20 648271756
99 103 56519355
114 115 410307778
19 2 432362277
63 64 399603082
121 123 110190202
116 115 390164211
96 97 52416647
51 65 453151502
92 103 904169056
27 37 506981361
129 128 855714609
8 10 102961203
113 111 61502206
45 41 214291299
109 106 167374378
135 132 536001224
134 126 927964017
74 78 499459184
30 36 818001317
87 99 221356126
93 87 607687527
132 124 874865924
121 128 609906327
107 109 244674934
52 55 474065281
102 100 199074114
48 54 655380498
118 129 135852492
86 85 453224643
110 109 880849155
10 15 330421587
68 72 378796152
111 110 503064522
58 64 282841955
69 85 181075159
21 20 149813127
49 47 2537414
2 4 412567630
7 15 542848261
43 42 184595688
69 73 475266276
46 45 199464887
42 41 483586970
115 111 923646730
23 25 127508811
92 95 156025734
16 14 695752452
35 36 776322985
115 113 583984584
48 57 341893081
114 112 213855114
133 134 990665767
31 21 100703432
75 80 785100180
91 95 45903007
42 45 386846802
49 53 169712778
1 17 765291192
86 69 100 68 132 66 43 106 112 98 41 45 22 63 88 44 89 77 2 14 31 124 42 70 101 3 19 121 115 5 30 114 110 10 131 21 78 102 17 111 40 127 120 122 84 113
