135 156 9 44
20 20 20 20 5 20 5 20 5
129 120 180587654
66 64 379474683
10 3 123853349
30 34 582254599
58 57 65141127
97 89 68490829
132 131 992028187
70 73 199117556
7 15 860668493
17 1 946889980
40 24 694805795
41 47 754146353
80 69 489499780
92 102 911934968
115 111 134161520
42 52 805831689
100 94 577239175
121 130 907942835
29 38 41529810
106 107 134166990
121 118 527324386
31 33 349095778
124 123 724402188
83 85 993639
134 131 843114082
82 84 366343978
7 2 485554593
72 79 686341638
76 62 93159119
104 89 76848840
75 80 968026819
109 110 293854415
21 27 247226873
27 25 193862690
35 23 114247923
118 113 76214159
33 34 409785155
50 55 767287147
107 108 583809487
107 110 65115374
126 124 696039480
65 67 520357794
69 70 722966066
1 135 145084430
26 38 493118192
128 119 684320017
61 60 124308819
4 2 919988050
53 45 610915724
98 90 70756664
131 135 573992279
87 94 671806642
24 36 314852673
56 50 828400565
135 134 395221090
59 47 672851002
58 56 839955526
31 37 707189213
99 91 414945886
40 23 957588993
95 105 167116218
131 133 565813197
48 46 427339807
41 40 270413627
74 61 195506649
93 91 850050723
14 11 898077258
106 110 766461082
19 3 591592588
9 12 528336827
81 84 468387894
99 87 497889181
126 117 41899252
12 13 50496169
78 77 303942817
42 44 850391556
127 111 734570269
6 18 96790660
65 76 317503045
64 78 535641554
28 36 849340777
96 93 783735296
81 83 272690297
59 46 982060255
112 117 779779739
84 85 851435272
96 104 23246093
81 82 899089400
130 129 658128592
81 85 351002177
101 88 750663518
22 29 175225829
37 39 856538357
39 25 180516824
85 86 497313703
68 79 236648692
92 101 178898530
16 9 27627118
115 114 848549670
135 133 482129882
88 103 963477686
32 35 322233693
122 127 101326411
72 75 540856123
5 17 5125347
111 110 9922222
110 108 982189221
53 60 552474550
108 109 340645849
122 125 78744764
49 54 436103639
102 95 969558480
133 132 22633660
106 105 922352746
109 107 99275144
80 81 211401114
63 71 102209481
66 67 489636964
82 83 45558318
52 45 335157919
130 131 517628796
26 21 756230322
106 109 58997154
84 83 290359235
43 51 896651240
19 16 898374554
28 30 442593536
120 123 993813731
112 116 301041096
20 21 553223350
49 51 896595793
125 113 4899751
43 48 827655635
90 86 59906160
74 62 727528315
132 135 184520536
4 6 20515754
97 98 843921088
71 77 41528234
8 10 708690416
63 73 399021326
20 14 501694498
8 5 978463378
11 15 48894671
132 134 328215773
44 55 312240472
22 32 782508190
128 114 360991520
103 100 254905018
108 106 658475871
57 54 831031449
18 13 366490061
61 68 714383032
82 85 591529533
134 133 355068456
116 119 30137426
84 26 113 107 95 82 58 30 88 100 134 117 59 19 74 13 17 91 51 97 120 25 128 72 6 11 29 110 83 3 15 85 42 64 125 60 39 52 27 122 49 96 115 24
