100 67
0 0
1 98
2 99
3 100
4 101
5 102
6 103
7 104
8 105
9 106
10 107
11 108
12 109
13 110
14 111
15 112
16 113
17 114
18 115
19 116
20 117
21 118
22 119
23 120
24 121
25 122
26 9798
27 9898
28 9998
29 10098
30 10198
31 10298
32 10398
33 10498
34 10598
35 10698
36 10798
37 10898
38 10998
39 11098
40 11198
41 11298
42 11398
43 11498
44 11598
45 11698
46 11798
47 11898
48 11998
49 12098
50 12198
51 12298
52 9799
53 9899
54 9999
55 10099
56 10199
57 10299
58 10399
59 10499
60 10599
61 10699
62 10799
63 10899
64 10999
65 11099
66 11199
67 11299
68 11399
69 11499
70 11599
71 11699
72 11799
73 11899
74 11999
75 12099
76 12199
77 12299
78 97100
79 98100
80 99100
81 100100
82 101100
83 102100
84 103100
85 104100
86 105100
87 106100
88 107100
89 108100
90 109100
91 110100
92 111100
93 112100
94 113100
95 114100
96 115100
97 116100
98 117100
99 118100
