1000
50 77234446441314 1048665460401310
21 42600 2054552
26 11547090 55561774
43 2220556103944 6575536918264
10 144 880
33 6774360249 1815574343
48 150540250519322 130934726191334
12 766 3330
6 57 7
36 4137287418 64582189318
55 30326960291484528 5701836727479440
62 3304537313172497408 1307148705254890496
18 137295 124849
32 799554787 3495412509
13 208 7984
20 576899 471677
45 9132422202908 26051949885924
40 806607387418 292904240358
59 250263253432634112 326197498870789376
27 103726845 30490883
60 339933819469727360 812987685137119616
16 7813 57723
55 25271447153874960 10757349865089008
43 8477233356988 318859665220
22 2892338 1301966
18 28067 234077
32 1430350469 2864616827
52 4189021307219013 314578320151483
6 20 44
27 110979944 23237784
34 5699971002 11479898182
26 7666963 59441901
30 443668141 630073683
21 569489 1527663
31 470058514 1677425134
8 183 73
46 18946629235327 51422114942337
46 11058750385073 59309993792591
60 355006327664911872 797915176941935104
45 19590163771324 15594208317508
60 754695367199305984 398226137407540992
52 4066382806426977 437216820943519
40 299124608049 800387019727
42 3651449324442 746597186662
59 530813316495811456 45647435807612032
38 233851616232 41026290712
32 2153950499 2141016797
58 140991507936212640 147238868215499104
9 346 166
8 137 119
62 3917064113132633088 694621905294754816
49 108550050076227 454399903345085
17 90166 40906
47 79447761851268 61289726504060
54 13975239070764176 4039159438717808
62 2008658278046861312 2603027740380526592
21 1287767 809385
20 927258 121318
23 4846767 3541841
25 29636398 3918034
60 743802564735533312 409118939871313664
47 74251923578415 66485564776913
22 2003848 2190456
37 13809907208 123629046264
14 11374 5010
52 2845399879616382 1658199747754114
58 257664470201662944 30565905950048800
13 5248 2944
45 3997086898290 31187285190542
61 669220036010514176 1636622973203179776
25 7875548 25678884
31 1517806077 629677571
30 814855307 258886517
28 2527467 265907989
34 6638515416 10541353768
57 45952298927166688 98162889148689184
26 2381646 64727218
9 481 31
11 816 1232
28 42139434 226296022
30 827340046 246401778
12 3401 695
60 456942577780434816 695978926826412160
37 93642376473 43796576999
23 1574296 6814312
23 1090579 7298029
39 498392562807 51363251081
29 483412979 53457933
30 191680701 882061123
44 3598225864076 13993960180340
17 55869 75203
14 6467 9917
55 34081733872062744 1947063146901224
43 4146618470810 4649474551398
22 2616726 1577578
29 276193085 260677827
57 74408229278369856 69706958797486016
4 15 1
62 2796680531274092544 1815005487153295360
18 198545 63599
29 170122094 366748818
62 2446841374176053248 2164844644251334656
49 7349762154471 555600191266841
15 15573 17195
13 704 7488
39 318428044539 231327769349
38 139022007076 135855899868
49 168723986756895 394225966664417
33 5187737825 3402196767
47 124058073891224 16679414464104
6 52 12
31 1587809095 559674553
6 8 56
38 267357269233 7520637711
58 8286160689860193 279944215461851551
20 424287 624289
59 176643478738041856 399817273565381632
37 2392541287 135046412185
40 104271615294 995240012482
46 55947192459534 14421551718130
11 495 1553
54 3810348230854749 14204050278627235
47 30292956851325 110444531504003
56 31214286349760176 40843307688167760
5 3 29
59 397826218345153856 178634533958269632
7 7 121
53 883350783281794 8123848471459198
18 197862 64282
19 167956 356332
27 33382014 100835714
20 179778 868798
13 5133 3059
14 10488 5896
38 66232148963 208645757981
16 39211 26325
24 16312400 464816
28 222400673 46034783
52 184086524634175 4319513102736321
29 179041629 357829283
29 296547820 240323092
47 94844314971170 45893173384158
48 91845162673466 189629814037190
28 210156067 58279389
34 8599113102 8580756082
62 2608874895805965824 2002811122621422080
56 53127818175186992 18929775862740944
33 1276635351 7313299241
61 1822916231518273024 482926777695420928
19 364114 160174
28 191807049 76628407
60 871108345439105664 281813159167741312
57 50911629577570064 93203558498285808
60 1008908745872853376 144012758733993600
25 19516788 14037644
62 1190398319837785600 3421287698589602304
12 2612 1484
34 14745929015 2433940169
22 3357556 836748
60 987388367222389760 165533137384457216
16 16558 48978
52 2536705217119245 1966894410251251
7 95 33
39 247262364401 302493449487
61 1529214409783835136 776628599429858816
46 58233715520599 12135028657065
62 1930734505280286208 2680951513147101696
9 412 100
10 795 229
51 1352409614593126 899390199092122
20 357098 691478
37 66771593160 70667360312
59 503924257399757888 72536494903665600
23 6491706 1896902
10 924 100
40 964306901516 135204726260
22 3951097 243207
4 1 15
42 1033091291012 3364955220092
16 29315 36221
59 475818520709025856 100642231594397632
51 433778324906050 1818021488779198
16 40761 24775
46 20264220425387 50104523752277
36 65670597923 3048878813
14 6073 10311
35 12547731307 21812007061
48 28313001415654 253161975295002
40 62425356070 1037086271706
11 1892 156
53 2005348911601036 7001850343139956
14 2393 13991
24 7651555 9125661
60 80241014496926976 1072680490109920000
49 406964475253402 155985478167910
17 45623 85449
57 105585884680667680 38529303395188192
14 8371 8013
14 9696 6688
49 63523312435422 499426640985890
20 863654 184922
20 155988 892588
49 117779883036592 445170070384720
54 3128943716082647 14885454793399337
47 13366309848733 127371178506595
26 12625776 54483088
52 4435086089259149 68513538111347
60 654142645546621696 498778859060225280
42 3793147646353 604898864751
34 5861465565 11318403619
48 257173675650694 24301301059962
34 9480559456 7699309728
37 73930482322 63508471150
16 30551 34985
39 252276155654 297479658234
11 1233 815
39 49928517823 499827296065
20 818824 229752
61 2240606669094343424 65236340119350528
23 2727683 5660925
53 8400934550066642 606264704674350
52 1652120300295968 2851479327074528
10 267 757
47 136517190529026 4220297826302
42 605044481206 3793002029898
15 21276 11492
34 1357615387 15822253797
46 56625336246983 13743407930681
29 324579366 212291546
45 25983340713719 9201031375113
39 242449182267 307306631621
27 79415481 54802247
10 241 783
17 83577 47495
45 4758680270045 30425691818787
17 84686 46386
43 4755667096215 4040425925993
13 2921 5271
60 1029019650661484416 123901853945362560
62 1993021627554707456 2618664390872680448
35 23228513540 11131224828
52 4343070740496205 160528886874291
17 63275 67797
47 24582463665805 116155024689523
44 16121520632178 1470665412238
44 15683916853188 1908269191228
39 426176996045 123578817843
30 195077667 878664157
32 1269217370 3025749926
61 1384194115280151552 921648893933542400
9 429 83
32 3078222114 1216745182
25 26415927 7138505
31 1772483126 375000522
26 19255816 47853048
16 14232 51304
9 238 274
24 7007126 9770090
62 2985685131867801088 1626000886559586816
51 2046186115408831 205613698276417
36 12384698533 56334778203
22 4050351 143953
28 41816766 226618690
30 1039053707 34688117
24 4591438 12185778
29 280020629 256850283
61 333307999138198272 1972535010075495680
59 267571093770533888 308889658532889600
6 23 41
54 5043284739872801 12971113769609183
17 20609 110463
46 9587332387396 60781411790268
30 494250684 579491140
55 19169516110940868 16859280908023100
45 15668525727039 19515846361793
62 2423062259713545728 2188623758713842176
32 3725937623 569029673
16 41029 24507
57 65306144010189568 78809044065666304
56 68202265426664248 3855328611263688
49 498580767830948 64369185590364
60 772101334672090624 380820169934756352
28 59450882 208984574
44 14593530094662 2998655949754
17 105499 25573
31 1039293855 1108189793
9 447 65
43 3319217065233 5476875956975
25 3873178 29681254
53 5892425956926138 3114773297814854
51 504363770176311 1747436043508937
44 16917876499917 674309544499
23 2406884 5981724
58 142820088207522272 145410287944189472
60 1020360935378718848 132560569228128128
39 296917797662 252838016226
8 103 153
39 473304984135 76450829753
8 253 3
19 56913 467375
32 165316560 4129650736
57 97531078170636768 46584109905219104
25 11192224 22362208
51 1881957044853437 369842768831811
48 105481024648455 175993952062201
26 931895 66176969
21 1260641 836511
38 125838558594 149039348350
4 2 14
7 18 110
11 1493 555
16 8524 57012
31 2078043515 69440133
42 1000773951061 3397272560043
55 26898766057713816 9130030961250152
29 397154654 139716258
47 37218438740633 103519049614695
59 239462310008267904 336998442295155584
44 11205919800636 6386266243780
17 98983 32089
22 2084153 2110151
54 7799351020554097 10215047488927887
24 5439712 11337504
57 132179201434401616 11935986641454256
61 1124355055004826880 1181487954208867072
31 1620832780 526650868
54 10411146408510908 7603252100971076
20 99996 948580
40 544856085272 554655542504
6 45 19
7 117 11
47 29625212082790 111112276272538
35 13718821376 20640916992
12 412 3684
32 1261183516 3033783780
53 8962094639832348 45104614908644
60 742629129895239808 410292374711607168
25 6084376 27470056
56 64694336875396080 7363257162531856
61 549333616982227200 1756509392231466752
5 2 30
61 441683134214334208 1864159874999359744
21 12178 2084974
51 1905317471810499 346482341874749
52 4502006208914456 1593418456040
20 663591 384985
17 127110 3962
20 554041 494535
32 1683809342 2611157954
4 9 7
38 79256224788 195621682156
25 17511943 16042489
47 26849054829134 113888433526194
59 439076151628701376 137384600674722112
11 824 1224
21 392199 1704953
51 133700040043265 2118099773641983
24 8473722 8303494
50 117898953034296 1008000953808328
17 72434 58638
41 958100080760 1240923174792
20 52123 996453
24 7967792 8809424
4 7 9
59 62073447800469440 514387304502954048
30 833276675 240465149
17 123083 7989
50 50500431215524 1075399475627100
31 554840030 1592643618
60 166146603198508288 986774901408338688
55 32706439787057436 3322357231906532
41 1550351363499 648671892053
47 116492141535580 24245346819748
58 224313460108174368 63916916043537376
15 29062 3706
33 3924346604 4665587988
4 11 5
5 27 5
34 3273984005 13905885179
5 22 10
51 268794753367228 1983005060318020
23 2788738 5599870
25 26800360 6754072
42 3458442924600 939603586504
42 194362602170 4203683908934
2 1 3
55 6855952007325381 29172845011638587
38 21470992536 253406914408
21 422857 1674295
52 3547201455403314 956398171967182
47 22595862891603 118141625463725
16 56118 9418
17 10367 120705
32 2772197945 1522769351
48 199701544842378 81773431868278
48 11138643343177 270336333367479
26 3960552 63148312
45 33711172307681 1473199781151
10 68 956
48 16767874296825 264707102413831
9 408 104
35 25774038112 8585700256
36 32931026190 35788450546
33 8374423422 215511170
9 310 202
5 23 9
54 16386591179154464 1627807330327520
56 12059291768418296 59998302269509640
38 195365559684 79512347260
12 526 3570
40 859895440321 239616187455
55 13490906648434184 22537890370529784
9 126 386
42 1047789776428 3350256734676
31 1891067932 256415716
31 1283252810 864230838
13 6714 1478
48 233063636622907 48411340087749
20 768110 280466
35 23204282633 11155455735
57 102708655391611680 41406532684244192
42 3183899216007 1214147295097
37 80461173158 56977780314
62 4448021649637854720 163664368789533184
34 8413405818 8766463366
44 333988150166 17258197894250
44 8596223164411 8995962880005
9 390 122
29 126088853 410782059
39 316773135216 232982678672
35 29467208452 4892529916
47 8472657417823 132264830937505
48 128895649986454 152579326724202
49 435847040795217 127102912626095
27 102596084 31621644
17 116205 14867
36 17215576473 51503900263
45 12030313322862 23154058765970
50 497312489784612 628587417058012
17 54573 76499
51 1960715986574144 291083827111104
45 11265071039797 23919301049035
13 1350 6842
50 560522403211319 565377503631305
38 84037124462 190840782482
56 49675284822857912 22382309215070024
8 94 162
13 7474 718
6 37 27
27 36658071 97559657
6 28 36
17 83094 47978
25 2466652 31087780
45 10214337655197 24970034433635
53 5382567908142759 3624631346598233
35 3644531844 30715206524
14 8537 7847
25 29467526 4086906
33 3114993957 5474940635
44 10544826483045 7047359561371
45 33416011198193 1768360890639
28 234105501 34329955
10 756 268
10 269 755
43 3064901684632 5731191337576
11 306 1742
39 100627052170 449128761718
8 233 23
34 717090792 16462778392
17 115661 15411
34 2315755249 14864113935
13 738 7454
21 1447910 649242
51 1988029808243740 263770005441508
20 485978 562598
47 46333559924802 94403928430526
41 1983436019458 215587236094
58 121608778150443072 166621598001268672
6 56 8
41 533913244395 1665110011157
19 466157 58131
36 15465227469 53254249267
51 1519882640291770 731917173393478
56 57873637461611224 14183956576316712
28 187338113 81097343
47 113813292393316 26924195962012
54 10786595296190524 7227803213291460
57 60210115619020848 83905072456835024
29 304777804 232093108
60 403908469217105664 749013035389741312
19 501797 22491
8 73 183
28 55964411 212471045
39 490680482630 59075331258
52 219262684334532 4284336943035964
24 4307593 12469623
53 1776350414968924 7230848839772068
40 837768956195 261742671581
33 2793987061 5795947531
44 12504742580365 5087443464051
9 301 211
20 719363 329213
36 14170013653 54549463083
42 2906913403120 1491133107984
8 1 255
18 33683 228461
58 200841806019016992 87388570132694752
42 1188054212842 3209992298262
53 5339987491405718 3667211763335274
33 1690326504 6899608088
22 2965145 1229159
19 295015 229273
41 917381672535 1281641583017
5 28 4
43 4582852527420 4213240494788
4 3 13
29 280427553 256443359
21 1118876 978276
21 1989793 107359
40 483571004782 615940622994
22 1355416 2838888
51 934987596938673 1316812216746575
34 13708806235 3471062949
20 236750 811826
33 4069686233 4520248359
61 2182764995269296640 123078013944397312
58 167372519168936288 120857856982775456
47 12543733601391 128193754753937
12 3410 686
19 99262 425026
35 797783861 33561954507
35 30934509618 3425228750
19 154129 370159
40 19173868813 1080337758963
5 10 22
53 6633807830336495 2373391424404497
23 266136 8122472
60 163435628201095936 989485876405751040
40 820974909413 278536718363
9 155 357
43 7110545339331 1685547682877
21 530076 1567076
55 22271310233544564 13757486785419404
45 6087639693360 29096732395472
55 35117915237099460 910881781864508
38 140917242304 133960664640
43 2570889450896 6225203571312
21 1031384 1065768
41 1729832276981 469190978571
17 41370 89702
4 5 11
35 8321156631 26038581737
37 29726621890 107712331582
57 118262037017360976 25853151058494896
8 214 42
37 45639190752 91799762720
44 17080691257529 511494786887
23 6794081 1594527
50 1066256277787605 59643629055019
48 150947789148694 130527187561962
22 719067 3475237
56 12938946049860080 59118647988067856
14 6608 9776
46 55297293014215 15071451163449
20 587709 460867
6 21 43
11 1431 617
27 73817794 60399934
42 3361363233893 1036683277211
26 7227569 59881295
34 16291706923 888162261
4 14 2
49 209465675508516 353484277912796
13 2863 5329
52 2968505055058981 1535094572311515
18 246685 15459
55 28393463671025288 7635333347938680
25 24755760 8798672
21 1191200 905952
55 15576984258355336 20451812760608632
8 242 14
60 694864822732380288 458056681874466688
11 558 1490
9 33 479
23 3240463 5148145
20 327555 721021
47 73943995280995 66793493074333
5 5 27
17 71387 59685
28 135097323 133338133
56 60707965725939864 11349628311988072
14 12692 3692
55 10874849317406732 25153947701557236
49 367338129612018 195611823809294
22 4025796 168508
25 9926645 23627787
23 7656905 731703
41 1396392383994 802630871558
12 1573 2523
9 31 481
53 5942610905817413 3064588348923579
11 210 1838
41 1103771074933 1095252180619
43 2588284705484 6207808316724
34 12687836450 4492032734
38 13573935900 261303971044
28 172143863 96291593
38 230833183288 44044723656
30 778401416 295340408
44 2085742760182 15506443284234
21 852757 1244395
36 16056452001 52663024735
16 20201 45335
50 348071563604609 777828343238015
29 59052558 477818354
15 5241 27527
17 6462 124610
55 15494627461057872 20534169557906096
55 26438241869576336 9590555149387632
32 223487802 4071479494
62 2013201060224310272 2598484958203077632
30 1051761699 21980125
16 52729 12807
25 5153007 28401425
13 5871 2321
51 93770024767785 2158029788917463
17 128117 2955
47 26142662188130 114594826167198
43 7228251993001 1567841029207
36 34999261042 33720215694
11 8 2040
16 17666 47870
49 50078571420736 512871382000576
43 5679345408103 3116747614105
46 5440259738143 64928484439521
36 17615747346 51103729390
60 1020811107463322880 132110397143524096
59 23013896495480576 553446855807942912
57 131330069204209680 12785118871646192
6 2 62
19 359880 164408
36 14086560414 54632916322
5 4 28
53 737224099746929 8269975154994063
55 19635038252286096 16393758766677872
18 123988 138156
48 219539387834956 61935588875700
53 2736965909275380 6270233345465612
28 182018601 86416855
53 359642109940486 8647557144800506
17 3127 127945
38 123934191805 150943715139
16 58544 6992
62 2832882292013675008 1778803726413712896
19 265260 259028
36 13163742901 55555733835
21 595702 1501450
39 158278442653 391477371235
48 164355934830452 117119041880204
9 47 465
12 383 3713
22 1890256 2304048
51 669946687043291 1581853126641957
17 102627 28445
45 34816278529594 368093559238
22 3791283 403021
8 29 227
29 283519764 253351148
11 1587 461
35 6872461409 27487276959
15 18793 13975
26 12133457 54975407
9 256 256
54 7707760054590989 10306638454890995
10 776 248
58 129614767714960736 158615608436751008
6 42 22
7 35 93
55 7515164972147225 28513632046816743
30 82659227 991082597
55 19655992498675448 16372804520288520
49 473660267508683 89289685912629
3 3 5
25 16925629 16628803
2 2 2
16 33199 32337
5 12 20
26 12764787 54344077
19 442504 81784
47 27176466845291 113561021510037
59 331664548549430720 244796203753992768
33 4768760295 3821174297
54 2606421221661363 15407977287820621
49 339414886936263 223535066485049
50 79894334136258 1046005572706366
31 851167919 1296315729
31 925153674 1222329974
50 88069144438330 1037830762404294
6 31 33
34 2428486351 14751382833
42 3833946716810 564099794294
53 3440470683283327 5566728571457665
16 23854 41682
26 30803299 36305565
38 195525535193 79352371751
17 34582 96490
6 63 1
13 7653 539
12 1678 2418
28 25576295 242859161
28 167623057 100812399
16 37999 27537
43 4389107225035 4406985797173
36 24438361953 44281114783
57 11868293239753856 132246894836102016
20 70480 978096
20 1007081 41495
14 8221 8163
15 7867 24901
58 159702685228690752 128527690923020992
48 255932635499587 25542341211069
17 114994 16078
59 568656601022584768 7804151280838720
25 15208583 18345849
12 261 3835
34 16860618044 319251140
26 12566188 54542676
37 13960872602 123478080870
10 214 810
56 38136187784014000 33921406253913936
58 265993795060630240 22236581091081504
52 2889204598700925 1614395028669571
13 8102 90
62 2649368919266902528 1962317099160485376
37 87361160133 50077793339
27 10738440 123479288
32 3360446391 934520905
46 69136460711615 1232283466049
23 5633389 2755219
51 1263665397595978 988134416089270
35 867570015 33492168353
44 12342283954210 5249902090206
53 6282035747777744 2725163506963248
38 146267928533 128609978411
17 1537 129535
16 60693 4843
29 229335780 307535132
47 77238006222476 63499482132852
12 491 3605
22 3710204 484100
40 392991551625 706520076151
21 789781 1307371
47 15873086583568 124864401771760
33 5787142252 2802792340
56 63973047677990112 8084546359937824
36 52999602359 15719874377
62 3471298499712646144 1140387518714741760
56 36701632689273760 35355961348654176
12 2760 1336
37 10579571543 126859381929
19 449387 74901
11 626 1422
45 27822060887322 7362311201510
53 7758192240120133 1249007014620859
11 1525 523
8 209 47
29 251572763 285298149
16 62801 2735
51 1711276624633213 540523189052035
34 2003022663 15176846521
43 8580252424355 215840597853
43 2360449618661 6435643403547
61 1003637029968371456 1302205979245322496
6 50 14
53 889064344591940 8118134910149052
33 2618033436 5971901156
19 181863 342425
22 1474614 2719690
31 245153111 1902330537
6 12 52
62 2648660257976433664 1963025760450954240
30 766261336 307480488
11 848 1200
41 780442177413 1418581078139
33 3543674966 5046259626
60 620573561567419008 532347943039427968
33 263657566 8326277026
17 63767 67305
54 11990985364158228 6023413145323756
5 24 8
34 468027052 16711842132
23 4091936 4296672
59 483177689519604608 93283062783818880
51 1614432451595143 637367362090105
56 9110826982108008 62946767055819928
60 240431055053283840 912490449553563136
39 89074530858 460681283030
25 16494428 17060004
40 655391548316 444120079460
18 141874 120270
38 135424551905 139453355039
41 2184971394292 14051861260
53 4095425468615017 4911773786125975
58 17025026344896960 271205349806814784
13 3213 4979
19 490976 33312
40 508265420595 591246207181
37 76913104661 60525848811
34 16978051014 201818170
24 16523229 253987
18 161274 100870
48 106350479176741 175124497533915
48 268378633587908 13096343122748
61 1302726406382802432 1003116602830891520
59 119873412405650880 456587339897772608
27 55770629 78447099
41 1889755244928 309268010624
20 516039 532537
32 4144095557 150871739
5 1 31
28 219645900 48789556
3 5 3
23 4467692 3920916
43 5341277102172 3454815920036
32 1061165340 3233801956
47 51762646990919 88974841364409
56 70092412181182648 1965181856745288
30 652789293 420952531
54 12244771484970040 5769627024511944
51 163471150163511 2088328663521737
41 2018896818323 180126437229
17 48525 82547
3 7 1
54 13704226898531144 4310171610950840
21 83089 2014063
33 1422403885 7167530707
61 1644567641036422400 661275368177271552
12 1435 2661
52 934371286598823 3569228340771673
60 758147820076614144 394773684530232832
35 33157046248 1202692120
26 50519663 16589201
14 6726 9658
29 305511861 231359051
46 4373898641328 65994845536336
55 34491284346513580 1537512672450388
4 10 6
47 94027165481616 46710322873712
14 136 16248
34 15197067050 1982802134
36 36988751043 31730725693
45 9301270243486 25883101845346
30 877490579 196251245
32 1445652445 2849314851
58 27591872044425088 260638504107286656
18 145212 116932
44 10809217133594 6782968910822
1 1 1
21 797105 1300047
40 841219930428 258291697348
21 1963326 133826
29 69044421 467826491
56 34934057632382440 37123536405545496
31 1789763728 357719920
40 215725475706 883786152070
56 42848450341359536 29209143696568400
8 238 18
21 12851 2084301
47 87455398267743 53282090087585
39 45687473994 504068339894
14 13586 2798
4 8 8
55 10187074786146836 25841722232817132
62 665299197641400320 3946386820785987584
58 116800793344636160 171429582807075584
24 2615823 14161393
44 6657149421690 10935036622726
25 24049349 9505083
7 79 49
62 4158394268624562176 453291749802825728
7 1 127
40 180761115911 918750511865
36 16185507481 52533969255
62 2830157471853634560 1781528546573753344
31 1602858112 544625536
11 458 1590
62 3375769998848833536 1235916019578554368
27 125192013 9025715
49 442322157506812 120627795914500
62 645212286215961088 3966473732211426816
35 1222620829 33137117539
34 11491665948 5688203236
49 11469877430160 551480075991152
11 994 1054
24 6709934 10067282
17 5871 125201
39 418499072511 131256741377
59 493650151073944896 82810601229478592
15 6285 26483
58 93079218389598400 195151157762113344
57 35474733593460688 108640454482395184
61 745258238185175552 1560584771028518400
57 84782057389336560 59333130686519312
33 7333135342 1256799250
33 7283816846 1306117746
9 441 71
62 1 4611686018427387903
36 40090066958 28629409778
18 170545 91599
58 86785612534864224 201444763616847520
60 793629965874794880 359291538732052096
6 55 9
29 258621913 278248999
13 510 7682
60 116245595418731520 1036675909188115456
53 8147396062882233 859803191858759
19 80399 443889
62 623536133713815040 3988149884713572864
62 971799127274968576 3639886891152419328
57 50889301130166336 93225886945689536
29 495731824 41139088
57 35129166113033904 108986021962821968
23 4509558 3879050
14 10832 5552
41 1013195806067 1185827449485
19 228562 295726
19 116329 407959
24 9739994 7037222
25 24545575 9008857
22 1320531 2873773
15 4169 28599
35 21507813576 12851924792
59 498912382158549952 77548370144873536
24 10220005 6557211
18 11124 251020
39 283436665412 266319148476
8 193 63
40 1079994950058 19516677718
61 748949238584987904 1556893770628706048
49 455530547431794 107419405989518
45 8083163245191 27101208843641
12 3824 272
56 51191543038600256 20866050999327680
20 226098 822478
31 1545991277 601492371
4 12 4
11 4 2044
7 111 17
58 259653177797512224 28577198354199520
47 66952184736997 73785303618331
53 232556159553534 8774643095187458
34 16031672629 1148196555
18 65612 196532
23 4146357 4242251
44 17520677018200 71509026216
4 6 10
25 12985696 20568736
38 214576252165 60301654779
59 236198925285199680 340261827018223808
13 4038 4154
42 761719183937 3636327327167
59 462959571192762624 113501181110660864
13 7082 1110
17 106211 24861
33 3010620706 5579313886
15 14229 18539
61 547799396541599488 1758043612672094464
24 12165297 4611919
60 425697689851028096 727223814755818880
6 40 24
58 142158405680069664 146071970471642080
26 65831045 1277819
36 34656702708 34062774028
62 4611686018427387903 1
20 568372 480204
56 67918460129420904 4139133908507032
24 4879744 11897472
61 2198195310878423808 107647698335270144
7 43 85
52 483530752575324 4020068874795172
27 80989521 53228207
60 462488938890454656 690432565716392320
31 321852195 1825631453
35 19259814424 15099923944
40 379710754912 719800872864
22 885253 3309051
39 405801196613 143954617275
24 16366377 410839
43 274157130567 8521935891641
41 280420557680 1918602697872
14 7531 8853
49 270014717183076 292935236238236
34 11233669518 5946199666
52 1974970170666807 2528629456703689
25 12781220 20773212
54 9187820289862968 8826578219619016
16 4990 60546
54 17159432078529120 854966430952864
10 447 577
46 54680187817825 15688556359839
