100
35 34
21 21
45 45
17 17
21 21
20 20
40 49
31 31
44 44
36 35
16 16
5 5
43 43
3 2
14 14
18 18
44 44
34 34
39 39
38 38
31 31
32 31
2 2
14 14
28 28
12 12
48 48
39 39
17 17
34 34
10 10
36 36
8 8
42 42
49 49
46 46
14 14
39 39
2 2
38 38
8 8
35 35
21 21
11 11
35 34
17 17
39 39
29 29
32 32
29 28
33 33
15 15
5 5
10 10
17 17
36 36
50 50
8 8
46 46
14 14
9 9
2 2
25 25
15 15
47 47
22 22
21 21
28 28
23 23
21 21
41 41
19 19
32 31
4 4
28 28
47 46
49 49
18 18
50 50
50 50
25 25
25 25
43 43
27 27
24 24
32 32
20 20
18 18
31 31
45 45
14 14
41 41
1 1
50 50
50 50
11 11
24 24
36 36
5 5
40 40
