100
44 44
19 19
21 21
28 28
50 50
31 31
44 44
18 18
24 24
14 14
4 4
8 8
20 20
3 3
33 33
1 1
23 23
26 26
47 47
30 30
9 9
50 50
49 49
47 47
31 31
50 50
46 46
37 37
46 46
5 4
37 37
30 30
7 7
38 38
31 31
29 29
21 21
5 5
12 12
35 35
24 24
49 49
44 44
43 43
14 14
47 47
10 10
28 28
20 20
13 13
48 48
38 38
41 41
32 32
20 19
19 19
15 15
6 5
29 29
38 37
19 19
46 46
5 5
27 27
11 11
27 27
13 13
50 50
6 6
30 30
3 3
32 32
14 14
10 9
31 31
2 2
44 44
29 29
14 13
49 49
20 20
10 10
7 7
22 22
37 37
29 29
29 28
44 44
39 39
5 5
13 13
12 11
7 7
39 39
2 2
7 7
29 38
25 25
28 28
27 27
