100
24 24
49 49
17 17
6 5
25 25
21 21
2 2
1 1
22 22
17 17
9 9
21 21
33 33
4 4
4 4
7 6
33 33
38 38
44 44
8 8
42 42
15 15
27 27
47 47
51 50
26 26
26 26
48 48
8 8
14 14
5 5
44 43
23 23
26 26
13 13
19 19
34 34
18 18
4 4
33 33
46 46
28 28
39 39
6 6
40 40
36 36
4 4
37 37
26 26
36 36
20 20
23 23
13 13
28 28
24 24
33 33
22 22
23 23
7 7
40 40
11 20
7 7
19 19
41 40
18 18
41 41
47 47
9 8
31 31
49 49
12 12
44 44
7 7
19 19
46 46
24 24
37 37
44 44
13 13
32 32
39 38
39 39
20 20
4 4
31 31
23 23
34 34
45 45
26 26
14 14
19 18
8 8
28 28
31 31
39 39
41 41
41 41
36 36
15 15
47 47
