100
408 7
2 2
639 2
125 2
655 6
122 4
561 1
670 8
7 6
367 7
993 9
733 7
67 3
335 2
601 3
552 1
885 10
471 9
254 1
967 1
170 6
88 3
553 4
739 9
17 7
1000 3
904 9
909 5
67 6
180 6
139 5
160 1
263 9
989 1
632 2
663 8
475 9
752 10
242 1
380 6
988 10
868 5
670 1
486 6
180 3
733 10
290 1
824 3
627 7
186 8
696 3
582 7
756 10
314 4
158 1
422 7
98 7
103 4
844 3
36 10
760 7
536 10
557 7
432 2
641 8
704 8
98 7
972 5
185 9
66 3
954 3
541 6
986 10
576 1
459 3
961 2
49 5
559 2
52 9
35 2
110 4
871 3
760 5
699 5
332 10
395 7
849 4
335 2
957 1
886 3
367 10
304 1
102 8
479 1
266 10
486 10
645 4
447 4
434 3
812 9
