100
6 246
2 259
6 17
5 834
4 246
5 633
5 839
3 191
4 180
3 290
10 236
8 763
6 390
1 12
1 434
5 260
7 935
4 684
5 310
1 408
6 425
10 551
9 762
2 176
1 681
1 603
1 229
6 399
4 226
9 116
6 85
9 158
10 592
10 306
10 794
10 781
2 138
1 931
10 629
3 399
1 61
6 871
3 814
6 986
8 898
6 501
5 61
10 810
9 168
7 738
3 253
6 904
8 721
2 694
4 858
1 214
3 364
6 100
5 702
7 989
8 37
3 309
1 166
7 796
9 22
3 21
9 262
10 123
8 15
5 554
5 577
2 488
2 131
9 549
1 838
10 699
4 961
2 205
2 153
7 359
9 951
9 968
7 734
2 718
7 585
3 445
3 884
2 959
5 341
10 514
7 421
1 17
10 102
5 259
6 971
4 118
9 52
9 585
8 934
3 169
