100
2 809
1 390
7 632
9 903
5 461
3 334
10 248
3 343
4 693
9 140
2 847
9 612
1 194
10 248
2 285
7 352
1 803
1 176
7 760
5 273
1 393
4 283
8 702
8 509
7 410
2 48
1 814
4 555
10 53
9 223
8 326
5 352
1 430
8 989
9 463
4 428
4 627
1 718
5 801
9 638
5 631
6 946
10 17
3 953
5 35
10 360
10 673
9 477
2 746
2 861
4 283
6 672
5 259
3 839
3 677
4 600
1 207
1 977
6 536
3 966
2 365
6 483
8 198
8 929
4 219
6 589
1 569
8 635
8 310
1 596
5 372
6 742
5 18
4 425
1 123
9 544
3 562
8 289
1 397
5 765
7 506
1 840
2 192
6 470
10 937
1 762
10 526
7 213
1 657
9 372
7 677
1 654
4 297
9 319
7 306
10 459
10 478
8 574
1 489
9 370
