5
57 27 1895
521 111 980 580 465 762 791 858 667 476 798 723 935 366 774 958 283 946 332 327 227 417 460 121 570 232 424 987 878 959 34 379 724 586 288 50 80 490 42 807 503 196 1 661 935 715 450 387 511 309 274 342 167 394 214 411 243
33 6 0.064
19 23 0.005
1 50 0.179
49 32 0.222
48 2 0.31
45 38 0.567
56 7 0.206
4 49 0.991
8 9 0.915
30 4 0.205
19 30 0.102
29 16 0.578
7 6 0.017
39 47 0.845
32 14 0.771
38 33 0.61
20 9 0.678
7 45 0.634
42 34 0.185
44 51 0.191
32 6 0.003
22 52 0.927
34 27 0.527
20 43 0.304
10 19 0.516
21 5 0.145
9 40 0.407
4 0 4366
260 950 3 599
43 35 4738
569 966 385 807 471 134 962 610 865 607 742 432 442 10 869 863 884 717 261 239 541 888 266 550 292 643 63 836 840 192 55 249 64 247 606 388 599 209 163 386 912 106 950
35 19 0.378
2 7 0.569
29 13 0.929
31 40 0.328
4 35 0.28
20 37 0.306
29 15 0.061
1 32 0.716
13 36 0.412
40 8 0.041
37 32 0.387
28 20 0.132
25 5 0.648
1 15 0.014
27 34 0.885
42 31 0.269
17 7 0.352
11 2 0.702
38 33 0.442
21 19 0.799
40 7 0.023
37 31 0.577
20 35 0.42
3 7 0.446
12 11 0.906
35 33 0.206
16 28 0.021
35 42 0.122
0 29 0.465
27 1 0.108
35 39 0.157
38 11 0.086
30 33 0.54
4 0 0.353
42 25 0.451
3 0 3871
248 807 904
25 11 4761
468 737 430 412 893 736 435 198 123 496 316 279 444 487 874 577 330 653 797 964 263 142 375 311 739
2 10 0.04
8 23 0.793
4 20 0.039
23 3 0.832
23 10 0.147
24 14 0.235
2 15 0.371
18 3 0.38
5 23 0.087
16 2 0.614
6 9 0.985
