791342568
332372586
957213724
304356351
945229364
188120488
561130159
402286059
576035471
845562344
468226472
412751008
477732832
639489449
53327009
207643230
570129929
831584687
802946158
695279616
100187225
910033590
500467658
577583996
992019584
83043248
844482666
916174139
800764744
824311962
520839809
324531842
960436150
477907144
34213085
608918389
12302615
934321843
137073674
784675834
613533271
197030337
836676317
568717903
710058998
352972432
342166144
472267087
421903950
166536917
582983821
638876738
283049949
371280314
627562816
524956119
743371126
250244324
364423428
1482261
905274032
608706835
247192259
641351697
936665489
742256911
184013676
887701862
801608724
377893186
680133335
269998143
891190567
898674312
679752096
203020744
579270651
56862326
431282121
408709802
210185999
709467367
540304568
64470916
92162475
558485571
291602510
129347617
288536732
222457859
134821057
409972217
845571756
261517361
167033762
406885520
607380114
997499556
518670059
329154953
