1
100
128 64 128 192
96 64 160 64
96 192 160 192
96 48 96 80
160 48 160 80
96 176 96 208
160 176 160 208
88 48 104 48
88 80 104 80
152 48 168 48
152 80 168 80
88 176 104 176
88 208 104 208
152 176 168 176
152 208 168 208
88 44 88 52
104 44 104 52
88 76 88 84
104 76 104 84
152 44 152 52
168 44 168 52
152 76 152 84
168 76 168 84
88 172 88 180
104 172 104 180
88 204 88 212
104 204 104 212
152 172 152 180
168 172 168 180
152 204 152 212
168 204 168 212
86 44 90 44
86 52 90 52
102 44 106 44
102 52 106 52
86 76 90 76
86 84 90 84
102 76 106 76
102 84 106 84
150 44 154 44
150 52 154 52
166 44 170 44
166 52 170 52
150 76 154 76
150 84 154 84
166 76 170 76
166 84 170 84
86 172 90 172
86 180 90 180
102 172 106 172
102 180 106 180
86 204 90 204
86 212 90 212
102 204 106 204
102 212 106 212
150 172 154 172
150 180 154 180
166 172 170 172
166 180 170 180
150 204 154 204
150 212 154 212
166 204 170 204
166 212 170 212
86 43 86 45
90 43 90 45
86 51 86 53
90 51 90 53
102 43 102 45
106 43 106 45
102 51 102 53
106 51 106 53
86 75 86 77
90 75 90 77
86 83 86 85
90 83 90 85
102 75 102 77
106 75 106 77
102 83 102 85
106 83 106 85
150 43 150 45
154 43 154 45
150 51 150 53
154 51 154 53
166 43 166 45
170 43 170 45
166 51 166 53
170 51 170 53
150 75 150 77
154 75 154 77
150 83 150 85
154 83 154 85
166 75 166 77
170 75 170 77
166 83 166 85
170 83 170 85
86 171 86 173
90 171 90 173
86 179 86 181
90 179 90 181
102 171 102 173
