1
100
64 42 64 86
49 42 79 42
49 86 79 86
49 32 49 52
79 32 79 52
49 76 49 96
79 76 79 96
42 32 56 32
42 52 56 52
72 32 86 32
72 52 86 52
42 76 56 76
42 96 56 96
72 76 86 76
72 96 86 96
42 28 42 36
56 28 56 36
42 48 42 56
56 48 56 56
72 28 72 36
86 28 86 36
72 48 72 56
86 48 86 56
42 72 42 80
56 72 56 80
42 92 42 100
56 92 56 100
72 72 72 80
86 72 86 80
72 92 72 100
86 92 86 100
40 28 44 28
40 36 44 36
54 28 58 28
54 36 58 36
40 48 44 48
40 56 44 56
54 48 58 48
54 56 58 56
70 28 74 28
70 36 74 36
84 28 88 28
84 36 88 36
70 48 74 48
70 56 74 56
84 48 88 48
84 56 88 56
40 72 44 72
40 80 44 80
54 72 58 72
54 80 58 80
40 92 44 92
40 100 44 100
54 92 58 92
54 100 58 100
70 72 74 72
70 80 74 80
84 72 88 72
84 80 88 80
70 92 74 92
70 100 74 100
84 92 88 92
84 100 88 100
40 27 40 29
44 27 44 29
40 35 40 37
44 35 44 37
54 27 54 29
58 27 58 29
54 35 54 37
58 35 58 37
40 47 40 49
44 47 44 49
40 55 40 57
44 55 44 57
54 47 54 49
58 47 58 49
54 55 54 57
58 55 58 57
70 27 70 29
74 27 74 29
70 35 70 37
74 35 74 37
84 27 84 29
88 27 88 29
84 35 84 37
88 35 88 37
70 47 70 49
74 47 74 49
70 55 70 57
74 55 74 57
84 47 84 49
88 47 88 49
84 55 84 57
88 55 88 57
40 71 40 73
44 71 44 73
40 79 40 81
44 79 44 81
54 71 54 73
