1
100
0 0 0 157
5 0 5 157
0 6 3 6
3 4 3 8
2 9 5 9
2 7 2 11
0 12 3 12
3 10 3 14
2 15 5 15
2 13 2 17
0 18 3 18
3 16 3 20
2 21 5 21
2 19 2 23
0 24 3 24
3 22 3 26
2 27 5 27
2 25 2 29
0 30 3 30
3 28 3 32
2 33 5 33
2 31 2 35
0 36 3 36
3 34 3 38
2 39 5 39
2 37 2 41
0 42 3 42
3 40 3 44
2 45 5 45
2 43 2 47
0 48 3 48
3 46 3 50
2 51 5 51
2 49 2 53
0 54 3 54
3 52 3 56
2 57 5 57
2 55 2 59
0 60 3 60
3 58 3 62
2 63 5 63
2 61 2 65
0 66 3 66
3 64 3 68
2 69 5 69
2 67 2 71
0 72 3 72
3 70 3 74
2 75 5 75
2 73 2 77
0 78 3 78
3 76 3 80
2 81 5 81
2 79 2 83
0 84 3 84
3 82 3 86
2 87 5 87
2 85 2 89
0 90 3 90
3 88 3 92
2 93 5 93
2 91 2 95
0 96 3 96
3 94 3 98
2 99 5 99
2 97 2 101
0 102 3 102
3 100 3 104
2 105 5 105
2 103 2 107
0 108 3 108
3 106 3 110
2 111 5 111
2 109 2 113
0 114 3 114
3 112 3 116
2 117 5 117
2 115 2 119
0 120 3 120
3 118 3 122
2 123 5 123
2 121 2 125
0 126 3 126
3 124 3 128
2 129 5 129
2 127 2 131
0 132 3 132
3 130 3 134
2 135 5 135
2 133 2 137
0 138 3 138
3 136 3 140
2 141 5 141
2 139 2 143
0 144 3 144
3 142 3 146
2 147 5 147
2 145 2 149
0 150 3 150
3 148 3 152
