1
100
0 0 0 157
4 0 4 157
0 6 3 6
3 4 3 8
1 9 4 9
1 7 1 11
0 12 3 12
3 10 3 14
1 15 4 15
1 13 1 17
0 18 3 18
3 16 3 20
1 21 4 21
1 19 1 23
0 24 3 24
3 22 3 26
1 27 4 27
1 25 1 29
0 30 3 30
3 28 3 32
1 33 4 33
1 31 1 35
0 36 3 36
3 34 3 38
1 39 4 39
1 37 1 41
0 42 3 42
3 40 3 44
1 45 4 45
1 43 1 47
0 48 3 48
3 46 3 50
1 51 4 51
1 49 1 53
0 54 3 54
3 52 3 56
1 57 4 57
1 55 1 59
0 60 3 60
3 58 3 62
1 63 4 63
1 61 1 65
0 66 3 66
3 64 3 68
1 69 4 69
1 67 1 71
0 72 3 72
3 70 3 74
1 75 4 75
1 73 1 77
0 78 3 78
3 76 3 80
1 81 4 81
1 79 1 83
0 84 3 84
3 82 3 86
1 87 4 87
1 85 1 89
0 90 3 90
3 88 3 92
1 93 4 93
1 91 1 95
0 96 3 96
3 94 3 98
1 99 4 99
1 97 1 101
0 102 3 102
3 100 3 104
1 105 4 105
1 103 1 107
0 108 3 108
3 106 3 110
1 111 4 111
1 109 1 113
0 114 3 114
3 112 3 116
1 117 4 117
1 115 1 119
0 120 3 120
3 118 3 122
1 123 4 123
1 121 1 125
0 126 3 126
3 124 3 128
1 129 4 129
1 127 1 131
0 132 3 132
3 130 3 134
1 135 4 135
1 133 1 137
0 138 3 138
3 136 3 140
1 141 4 141
1 139 1 143
0 144 3 144
3 142 3 146
1 147 4 147
1 145 1 149
0 150 3 150
3 148 3 152
