1
100
0 0 0 100
0 0 100 0
100 0 100 100
0 100 100 100
1 0 1 100
0 1 100 1
99 0 99 100
0 99 100 99
2 0 2 100
0 2 100 2
98 0 98 100
0 98 100 98
3 0 3 100
0 3 100 3
97 0 97 100
0 97 100 97
4 0 4 100
0 4 100 4
96 0 96 100
0 96 100 96
5 0 5 100
0 5 100 5
95 0 95 100
0 95 100 95
6 0 6 100
0 6 100 6
94 0 94 100
0 94 100 94
7 0 7 100
0 7 100 7
93 0 93 100
0 93 100 93
8 0 8 100
0 8 100 8
92 0 92 100
0 92 100 92
9 0 9 100
0 9 100 9
91 0 91 100
0 91 100 91
10 0 10 100
0 10 100 10
90 0 90 100
0 90 100 90
11 0 11 100
0 11 100 11
89 0 89 100
0 89 100 89
12 0 12 100
0 12 100 12
88 0 88 100
0 88 100 88
13 0 13 100
0 13 100 13
87 0 87 100
0 87 100 87
14 0 14 100
0 14 100 14
86 0 86 100
0 86 100 86
15 0 15 100
0 15 100 15
85 0 85 100
0 85 100 85
16 0 16 100
0 16 100 16
84 0 84 100
0 84 100 84
17 0 17 100
0 17 100 17
83 0 83 100
0 83 100 83
18 0 18 100
0 18 100 18
82 0 82 100
0 82 100 82
19 0 19 100
0 19 100 19
81 0 81 100
0 81 100 81
20 0 20 100
0 20 100 20
80 0 80 100
0 80 100 80
21 0 21 100
0 21 100 21
79 0 79 100
0 79 100 79
22 0 22 100
0 22 100 22
78 0 78 100
0 78 100 78
23 0 23 100
0 23 100 23
77 0 77 100
0 77 100 77
24 0 24 100
0 24 100 24
76 0 76 100
0 76 100 76
