1
100
0 0 0 200
3 0 3 200
0 0 2 0
1 2 3 2
0 4 2 4
1 6 3 6
0 8 2 8
1 10 3 10
0 12 2 12
1 14 3 14
0 16 2 16
1 18 3 18
0 20 2 20
1 22 3 22
0 24 2 24
1 26 3 26
0 28 2 28
1 30 3 30
0 32 2 32
1 34 3 34
0 36 2 36
1 38 3 38
0 40 2 40
1 42 3 42
0 44 2 44
1 46 3 46
0 48 2 48
1 50 3 50
0 52 2 52
1 54 3 54
0 56 2 56
1 58 3 58
0 60 2 60
1 62 3 62
0 64 2 64
1 66 3 66
0 68 2 68
1 70 3 70
0 72 2 72
1 74 3 74
0 76 2 76
1 78 3 78
0 80 2 80
1 82 3 82
0 84 2 84
1 86 3 86
0 88 2 88
1 90 3 90
0 92 2 92
1 94 3 94
0 96 2 96
1 98 3 98
0 100 2 100
1 102 3 102
0 104 2 104
1 106 3 106
0 108 2 108
1 110 3 110
0 112 2 112
1 114 3 114
0 116 2 116
1 118 3 118
0 120 2 120
1 122 3 122
0 124 2 124
1 126 3 126
0 128 2 128
1 130 3 130
0 132 2 132
1 134 3 134
0 136 2 136
1 138 3 138
0 140 2 140
1 142 3 142
0 144 2 144
1 146 3 146
0 148 2 148
1 150 3 150
0 152 2 152
1 154 3 154
0 156 2 156
1 158 3 158
0 160 2 160
1 162 3 162
0 164 2 164
1 166 3 166
0 168 2 168
1 170 3 170
0 172 2 172
1 174 3 174
0 176 2 176
1 178 3 178
0 180 2 180
1 182 3 182
0 184 2 184
1 186 3 186
0 188 2 188
1 190 3 190
0 192 2 192
1 194 3 194
