1
100
0 0 200 0
0 3 200 3
0 0 0 2
2 1 2 3
4 0 4 2
6 1 6 3
8 0 8 2
10 1 10 3
12 0 12 2
14 1 14 3
16 0 16 2
18 1 18 3
20 0 20 2
22 1 22 3
24 0 24 2
26 1 26 3
28 0 28 2
30 1 30 3
32 0 32 2
34 1 34 3
36 0 36 2
38 1 38 3
40 0 40 2
42 1 42 3
44 0 44 2
46 1 46 3
48 0 48 2
50 1 50 3
52 0 52 2
54 1 54 3
56 0 56 2
58 1 58 3
60 0 60 2
62 1 62 3
64 0 64 2
66 1 66 3
68 0 68 2
70 1 70 3
72 0 72 2
74 1 74 3
76 0 76 2
78 1 78 3
80 0 80 2
82 1 82 3
84 0 84 2
86 1 86 3
88 0 88 2
90 1 90 3
92 0 92 2
94 1 94 3
96 0 96 2
98 1 98 3
100 0 100 2
102 1 102 3
104 0 104 2
106 1 106 3
108 0 108 2
110 1 110 3
112 0 112 2
114 1 114 3
116 0 116 2
118 1 118 3
120 0 120 2
122 1 122 3
124 0 124 2
126 1 126 3
128 0 128 2
130 1 130 3
132 0 132 2
134 1 134 3
136 0 136 2
138 1 138 3
140 0 140 2
142 1 142 3
144 0 144 2
146 1 146 3
148 0 148 2
150 1 150 3
152 0 152 2
154 1 154 3
156 0 156 2
158 1 158 3
160 0 160 2
162 1 162 3
164 0 164 2
166 1 166 3
168 0 168 2
170 1 170 3
172 0 172 2
174 1 174 3
176 0 176 2
178 1 178 3
180 0 180 2
182 1 182 3
184 0 184 2
186 1 186 3
188 0 188 2
190 1 190 3
192 0 192 2
194 1 194 3
