60
37
38 2 38 7
48 13 48 15
38 4 41 4
15 23 15 34
8 35 8 43
34 3 34 5
38 36 41 36
28 31 28 38
15 32 46 32
16 13 50 13
7 23 15 23
24 37 32 37
48 17 48 20
13 16 13 22
37 47 42 47
33 39 40 39
14 36 14 44
32 5 32 20
41 24 47 24
6 20 22 20
44 19 48 19
43 35 49 35
39 32 39 39
25 24 35 24
6 39 22 39
21 6 21 21
33 32 33 33
26 32 26 33
44 30 48 30
37 39 37 47
18 35 19 35
28 5 38 5
6 43 8 43
19 30 19 39
45 6 45 35
32 21 32 32
20 11 21 11
12
4 9 31 9
26 7 26 13
13 7 13 50
9 5 9 10
36 26 36 29
5 18 20 18
42 24 42 34
23 9 23 11
7 44 15 44
6 27 47 27
22 21 29 21
26 20 26 34
65
31 7 33 7
1 8 5 8
40 30 40 34
12 31 12 35
0 3 19 3
25 13 25 47
20 22 26 22
2 0 2 39
36 16 36 26
32 38 40 38
31 13 33 13
22 28 26 28
20 19 20 22
1 13 7 13
25 13 27 13
12 20 21 20
35 25 35 38
17 0 17 16
22 37 29 37
6 14 6 18
18 32 46 32
4 31 18 31
39 8 39 11
39 22 45 22
44 34 50 34
31 23 31 28
11 35 14 35
4 29 4 37
32 10 47 10
43 15 47 15
32 18 36 18
29 1 29 7
45 20 50 20
27 23 41 23
29 4 38 4
32 44 32 49
30 49 37 49
16 12 19 12
48 1 48 13
20 32 20 33
6 16 33 16
21 43 21 46
18 31 18 37
34 43 34 46
15 8 23 8
45 2 45 35
42 27 45 27
34 1 49 1
45 29 49 29
6 26 9 26
35 9 35 11
22 14 22 16
7 19 7 33
6 3 6 4
16 45 35 45
0 39 3 39
36 0 36 5
30 22 30 23
12 14 16 14
33 4 33 18
8 23 15 23
41 3 46 3
39 19 39 22
2 0 3 0
11 12 11 28
27
17 8 17 36
2 23 41 23
11 22 11 25
13 32 13 42
2 26 4 26
16 13 17 13
28 37 36 37
12 49 34 49
8 41 17 41
1 12 4 12
13 28 19 28
13 9 13 13
12 37 14 37
32 3 32 6
13 34 17 34
36 11 41 11
33 49 33 50
8 8 8 13
29 32 35 32
23 3 46 3
40 0 40 23
6 42 12 42
29 43 34 43
7 11 21 11
4 11 4 31
30 20 32 20
32 17 32 49
26
31 33 31 38
5 15 5 20
18 15 18 19
10 29 30 29
14 26 14 30
1 28 10 28
34 13 34 16
5 16 50 16
27 28 27 36
40 14 40 25
14 26 16 26
10 3 10 50
18 35 21 35
46 9 46 20
36 15 36 17
6 33 11 33
18 28 18 35
8 47 20 47
5 28 5 31
44 9 49 9
6 38 13 38
2 8 14 8
26 34 33 34
24 16 24 21
22 12 22 16
27 7 27 17
69
27 43 30 43
34 4 34 37
5 29 47 29
42 6 49 6
28 27 28 29
23 20 23 21
14 47 14 49
0 49 6 49
31 32 31 37
17 6 17 20
21 44 23 44
13 25 15 25
27 36 33 36
14 16 18 16
11 27 11 32
7 16 7 43
43 16 48 16
34 23 37 23
3 4 3 12
6 40 8 40
10 42 10 48
17 1 22 1
11 47 33 47
4 18 4 19
16 44 16 47
0 41 3 41
9 9 9 17
26 19 26 24
18 1 18 2
45 23 45 33
18 42 22 42
47 5 47 23
20 39 28 39
8 15 10 15
39 25 39 29
21 1 21 7
0 37 2 37
3 32 7 32
14 42 14 46
3 9 11 9
3 43 14 43
22 21 22 50
29 43 29 50
19 27 19 30
25 38 25 41
24 5 24 10
3 40 3 43
2 19 10 19
16 21 27 21
13 49 15 49
22 41 23 41
16 7 38 7
28 34 28 43
2 3 2 22
11 46 11 49
44 23 49 23
15 23 15 29
0 31 0 50
9 12 17 12
3 29 3 33
26 7 26 8
29 5 29 9
2 38 7 38
30 12 42 12
30 17 37 17
4 23 9 23
17 35 22 35
10 20 21 20
45 9 45 15
43
8 2 8 7
25 34 25 45
21 6 37 6
31 28 36 28
24 41 26 41
8 3 11 3
11 16 25 16
13 28 13 32
3 41 3 48
12 36 47 36
41 19 41 22
34 2 34 13
36 17 36 21
10 6 10 44
14 12 14 13
20 22 31 22
4 13 26 13
13 34 13 37
6 43 10 43
26 2 26 22
34 20 34 41
10 27 11 27
30 41 36 41
0 43 4 43
46 29 46 44
16 46 16 50
5 47 5 50
22 44 32 44
8 19 10 19
17 28 17 36
10 45 10 50
30 23 36 23
2 48 16 48
1 28 1 35
28 22 28 28
7 7 14 7
10 44 12 44
32 11 44 11
0 30 18 30
28 31 28 38
4 38 17 38
26 17 27 17
32 20 43 20
6
3 4 3 10
29 1 29 10
19 1 19 14
26 4 28 4
3 5 30 5
15 13 23 13
20
24 17 32 17
42 16 48 16
3 15 3 34
45 25 45 48
43 15 43 26
10 24 10 49
32 16 32 27
29 25 45 25
6 45 47 45
32 41 32 45
19 37 19 46
21 14 21 31
44 43 46 43
37 23 37 27
45 29 47 29
16 26 16 31
2 29 21 29
16 16 26 16
2 31 4 31
6 36 16 36
28
20 33 28 33
25 10 25 12
8 22 8 31
28 37 46 37
10 45 11 45
15 3 15 25
21 43 35 43
13 11 25 11
13 6 16 6
35 12 39 12
28 21 28 27
23 20 23 46
29 16 36 16
11 39 24 39
36 20 37 20
36 4 36 28
13 16 19 16
33 28 44 28
26 5 48 5
6 24 38 24
11 29 11 46
41 31 50 31
33 35 33 47
32 2 32 7
46 29 46 50
21 22 22 22
38 3 38 6
33 47 41 47
35
31 10 31 13
12 26 29 26
37 7 37 22
20 10 20 14
20 48 41 48
14 18 19 18
6 41 6 43
0 33 0 43
25 12 25 36
20 20 38 20
16 17 16 19
5 30 5 39
4 23 11 23
23 40 23 48
13 7 13 20
32 46 32 50
12 14 12 44
7 12 31 12
18 26 18 31
39 43 39 48
34 13 41 13
43 7 43 8
17 38 17 43
5 34 16 34
3 19 12 19
26 38 26 42
32 30 32 38
32 18 32 26
21 32 36 32
0 42 26 42
36 18 50 18
17 10 17 14
50 9 50 36
35 8 46 8
13 16 16 16
132
16 15 22 15
33 3 33 5
8 42 8 45
28 16 28 18
0 43 7 43
0 5 9 5
7 21 7 24
20 45 20 50
9 45 9 50
22 40 27 40
45 40 49 40
1 34 1 49
47 22 47 28
0 0 0 17
33 44 48 44
14 33 22 33
38 17 40 17
19 9 21 9
20 24 20 25
11 41 15 41
19 18 19 21
17 4 17 15
4 35 4 36
0 35 15 35
25 34 25 37
3 14 5 14
9 17 9 21
21 34 26 34
38 0 38 6
25 28 30 28
46 0 46 7
1 37 2 37
11 25 15 25
27 20 27 22
39 16 39 43
0 15 2 15
26 37 26 49
41 42 41 43
35 35 35 38
14 4 14 6
18 25 23 25
5 40 9 40
22 37 22 42
21 43 21 45
23 3 25 3
7 17 12 17
49 24 49 26
12 44 12 46
0 47 2 47
44 7 46 7
20 33 20 36
14 27 19 27
32 20 32 21
1 18 8 18
46 5 49 5
49 3 49 23
22 16 28 16
5 43 5 44
28 35 28 37
38 44 38 45
10 14 10 17
33 7 43 7
28 42 34 42
26 47 29 47
24 5 26 5
24 24 26 24
38 30 41 30
45 40 45 48
2 29 5 29
31 30 34 30
1 39 4 39
5 45 26 45
18 15 18 16
35 1 35 20
13 6 22 6
21 20 21 22
37 43 42 43
41 5 41 7
45 15 47 15
31 12 35 12
4 0 46 0
24 7 30 7
22 4 22 9
31 27 47 27
25 0 25 30
30 28 30 44
43 35 46 35
14 30 16 30
47 25 50 25
14 13 14 47
24 36 39 36
9 34 9 36
20 12 28 12
20 13 20 15
28 0 28 2
33 19 41 19
7 30 7 40
25 18 26 18
45 7 45 22
39 12 46 12
9 6 9 16
0 23 7 23
8 13 18 13
29 4 35 4
49 40 49 41
43 47 45 47
3 8 3 31
7 3 8 3
37 4 40 4
23 29 25 29
37 23 42 23
38 38 40 38
5 39 5 41
7 21 33 21
29 38 31 38
33 15 36 15
0 0 3 0
7 0 7 5
32 25 34 25
33 24 33 32
11 20 11 23
31 3 31 6
33 40 36 40
34 40 34 44
1 8 4 8
46 32 46 40
21 9 21 13
1 11 9 11
37 36 37 37
12 11 12 14
18 24 18 28
28 6 28 9
7
12 9 23 9
1 22 31 22
14 8 14 23
25 15 25 24
0 40 10 40
28 25 28 35
1 8 1 49
7
2 8 49 8
6 20 6 32
13 7 13 25
22 21 22 29
37 1 37 7
31 2 31 12
0 24 22 24
15
18 22 30 22
0 26 22 26
36 18 36 37
9 37 39 37
28 3 28 16
1 44 5 44
13 13 42 13
37 13 37 24
0 36 11 36
19 22 19 40
32 11 32 16
2 17 2 45
13 13 13 27
22 8 27 8
27 31 27 43
48
6 29 8 29
29 45 36 45
11 30 16 30
14 2 14 11
27 39 33 39
46 25 46 33
39 23 39 38
21 46 21 48
35 33 35 34
33 40 39 40
9 23 11 23
43 35 43 39
22 33 40 33
2 16 28 16
22 10 22 23
1 18 1 33
33 47 33 48
37 40 37 49
43 39 44 39
10 37 18 37
17 34 17 37
47 31 47 44
12 4 18 4
0 21 4 21
19 15 19 16
9 42 9 43
0 26 13 26
6 24 6 30
11 11 11 50
0 33 2 33
8 20 13 20
37 37 47 37
28 33 28 49
16 43 16 49
3 42 3 47
21 21 26 21
34 40 34 41
7 46 7 50
37 23 40 23
4 13 5 13
5 10 5 18
36 27 47 27
8 42 13 42
16 26 16 31
21 23 23 23
0 47 40 47
7 11 15 11
15 28 17 28
30
46 15 46 47
16 23 29 23
43 32 43 35
38 30 38 37
23 41 23 47
25 33 50 33
31 9 31 13
4 28 4 38
38 47 47 47
43 25 46 25
1 10 1 17
34 8 34 11
14 6 14 10
29 15 29 26
3 32 25 32
1 27 16 27
33 32 33 43
25 23 25 30
17 8 17 47
39 3 43 3
40 1 40 17
36 15 47 15
34 39 34 46
45 21 48 21
11 46 40 46
9 2 9 17
6 16 10 16
26 31 26 37
21 2 21 10
1 10 43 10
15
37 0 37 48
27 35 27 49
35 13 46 13
16 44 40 44
14 23 47 23
16 20 16 28
34 30 40 30
34 38 39 38
31 43 31 44
26 35 32 35
36 17 40 17
20 39 20 47
47 21 47 31
24 1 37 1
26 25 26 35
25
29 13 39 13
11 2 24 2
6 14 6 24
14 41 21 41
34 26 35 26
29 13 29 16
19 12 19 24
3 14 9 14
23 10 23 12
15 22 15 26
28 32 28 41
14 12 26 12
35 9 35 47
5 42 10 42
17 30 17 41
5 33 5 38
30 29 39 29
6 22 43 22
35 47 39 47
9 46 12 46
26 18 26 23
10 36 10 47
22 35 22 38
33 10 35 10
4 36 40 36
8
9 32 9 49
5 36 28 36
8 49 14 49
7 44 12 44
20 29 20 49
20 30 24 30
19 48 27 48
25 12 25 22
16
15 39 21 39
31 19 37 19
11 36 18 36
29 10 49 10
31 37 43 37
10 16 10 28
1 20 4 20
0 29 39 29
12 22 12 32
13 34 13 38
35 4 35 46
16 27 16 42
46 10 46 13
27 27 27 35
29 8 29 11
1 18 1 39
8
18 25 44 25
29 21 33 21
25 3 35 3
0 24 10 24
30 7 31 7
31 1 31 34
20 13 20 33
36 21 36 29
79
14 1 44 1
34 25 34 27
9 46 9 48
12 11 12 46
7 33 7 39
7 33 9 33
30 20 30 29
34 13 34 17
2 33 2 44
11 31 12 31
25 9 30 9
19 26 19 27
17 8 17 16
9 21 13 21
10 16 16 16
15 17 17 17
24 15 24 17
48 11 50 11
21 25 21 31
48 6 48 11
41 6 41 35
8 24 8 29
44 19 44 23
36 33 36 41
21 47 21 49
28 15 28 17
17 16 34 16
35 47 35 48
24 25 24 27
5 35 5 36
19 38 19 48
37 1 37 9
41 21 50 21
7 11 7 15
16 48 16 49
14 48 44 48
26 32 32 32
29 23 30 23
16 14 16 16
15 24 15 28
35 34 46 34
18 35 29 35
40 18 43 18
24 6 28 6
26 21 34 21
14 6 14 11
19 29 19 32
3 25 3 30
32 17 32 22
25 22 26 22
2 36 15 36
41 23 42 23
19 30 22 30
10 42 19 42
40 29 45 29
18 16 18 18
45 32 45 36
3 29 5 29
21 33 21 46
5 11 16 11
36 12 36 14
31 18 34 18
39 7 48 7
7 29 8 29
26 1 26 16
32 11 32 14
29 8 29 10
21 43 28 43
27 38 37 38
32 13 42 13
30 31 30 32
8 46 12 46
33 40 33 48
41 45 41 49
26 21 26 23
38 46 38 49
3 26 43 26
50 17 50 21
28 32 28 41
42
16 15 28 15
24 12 24 15
23 32 29 32
23 39 29 39
38 40 38 42
31 7 31 17
28 22 39 22
27 19 28 19
48 3 48 10
18 19 20 19
34 27 34 37
28 13 28 45
18 9 18 19
20 18 20 22
38 19 50 19
33 16 33 17
31 14 42 14
30 20 34 20
28 17 29 17
40 16 42 16
34 17 34 21
27 42 50 42
29 34 34 34
20 2 20 9
49 18 49 22
41 25 45 25
43 24 43 25
32 17 38 17
39 7 49 7
27 35 32 35
20 26 28 26
34 32 46 32
41 7 41 42
39 21 39 22
36 20 36 29
32 28 34 28
13 9 22 9
50 39 50 46
5 14 5 26
44 19 44 20
33 40 33 45
46 18 46 21
81
42 15 42 17
18 18 23 18
5 19 5 35
9 30 9 47
27 15 27 20
34 22 34 27
17 38 17 48
19 21 19 24
23 39 23 45
39 46 50 46
4 19 6 19
42 4 42 7
26 9 26 11
42 37 49 37
39 7 39 34
22 10 22 28
2 44 2 45
18 28 24 28
18 34 18 38
3 18 3 20
8 46 9 46
3 41 5 41
7 17 7 29
7 11 7 14
30 48 34 48
35 16 35 18
28 20 28 24
17 23 17 27
34 26 37 26
5 22 6 22
38 38 38 42
34 9 43 9
11 35 24 35
43 20 43 24
9 13 9 18
8 40 44 40
34 33 34 37
34 39 34 40
41 24 49 24
15 23 32 23
6 8 20 8
12 8 12 12
12 48 20 48
3 18 9 18
6 14 21 14
31 23 31 49
34 8 34 9
40 46 40 48
30 9 30 18
43 29 47 29
18 7 18 11
12 39 12 40
48 5 48 38
21 15 24 15
49 46 49 47
25 30 37 30
40 6 50 6
37 26 37 32
45 27 45 33
0 31 0 35
28 28 28 31
46 14 46 17
1 44 10 44
0 33 11 33
11 25 11 29
22 44 24 44
6 27 20 27
38 32 47 32
44 37 44 48
36 20 42 20
34 37 40 37
4 41 4 48
21 13 22 13
16 10 16 11
12 46 12 48
27 16 47 16
44 42 45 42
24 27 24 37
22 26 23 26
16 11 34 11
28 35 34 35
31
4 37 14 37
17 7 17 43
3 48 13 48
3 26 5 26
9 25 9 28
22 39 22 45
12 13 48 13
20 44 24 44
30 32 30 41
3 30 7 30
35 34 46 34
12 44 14 44
4 45 4 48
43 19 46 19
17 33 18 33
40 30 40 41
36 13 36 19
9 28 18 28
23 8 23 18
33 40 33 46
9 19 18 19
14 23 19 23
43 6 43 23
10 40 41 40
14 17 14 21
12 36 12 50
27 10 29 10
26 7 32 7
5 24 5 37
43 7 48 7
30 4 30 17
71
28 35 28 43
38 32 38 34
17 19 19 19
20 0 20 15
17 2 25 2
11 40 22 40
6 16 14 16
3 43 11 43
9 38 11 38
1 7 1 37
35 44 45 44
24 18 24 34
17 41 17 46
21 12 21 18
8 5 11 5
38 21 43 21
20 18 24 18
3 36 3 47
8 1 8 17
20 36 21 36
12 37 16 37
13 13 15 13
21 35 21 39
8 41 8 44
28 27 28 33
27 12 29 12
34 15 39 15
31 20 31 26
14 16 14 42
38 1 38 27
17 45 28 45
30 21 32 21
5 25 41 25
4 9 32 9
12 20 17 20
26 44 26 45
14 8 14 13
14 35 15 35
5 13 8 13
18 15 18 24
11 31 14 31
5 22 5 26
43 5 43 9
2 22 7 22
24 9 24 11
17 24 17 27
27 45 27 48
18 22 19 22
12 31 12 32
29 8 29 12
31 4 33 4
23 39 23 49
17 41 20 41
34 6 48 6
19 24 19 26
0 37 6 37
22 30 28 30
36 12 41 12
21 39 39 39
3 1 3 23
15 16 22 16
34 24 34 41
11 38 11 43
31 4 31 9
33 32 38 32
38 37 38 45
12 24 12 25
45 5 45 7
25 48 30 48
9 22 9 27
17 8 17 10
38
35 45 37 45
4 26 21 26
36 3 44 3
47 34 47 39
36 28 43 28
25 10 25 25
21 19 21 30
35 32 35 46
19 30 19 37
1 30 3 30
23 42 28 42
10 17 10 28
2 24 2 47
7 41 7 47
38 1 38 36
30 7 38 7
30 13 30 20
25 16 42 16
7 6 7 19
0 36 10 36
2 0 2 11
3 19 16 19
25 27 25 42
9 34 47 34
7 41 17 41
33 4 33 8
12 19 12 20
10 48 16 48
33 39 38 39
10 34 10 37
25 25 31 25
14 24 14 48
43 1 43 4
2 8 12 8
3 3 3 7
16 15 16 23
1 44 7 44
7 24 7 30
23
39 14 39 15
37 12 37 18
4 16 6 16
32 7 32 20
4 32 50 32
12 41 20 41
39 30 39 36
17 24 24 24
32 27 32 33
36 5 42 5
6 10 6 17
15 30 15 41
35 44 35 45
10 14 10 15
27 30 27 45
23 39 28 39
9 42 25 42
21 10 21 34
10 24 10 36
14 10 14 17
6 15 42 15
27 45 37 45
42 0 42 15
6
22 7 22 18
17 5 49 5
49 1 49 14
34 3 34 26
17 19 41 19
33 22 34 22
15
21 15 24 15
45 17 45 27
22 3 22 47
45 41 50 41
20 26 45 26
43 33 47 33
50 35 50 42
1 36 23 36
43 25 43 35
12 1 12 19
17 7 17 11
7 32 7 40
18 3 34 3
0 10 24 10
30 21 30 31
20
31 20 31 49
42 7 42 21
23 23 23 29
14 44 38 44
29 47 32 47
27 35 27 36
34 7 46 7
32 18 42 18
23 43 23 44
17 24 17 32
24 16 24 26
8 29 35 29
27 36 35 36
17 47 21 47
28 27 28 30
19 38 19 48
24 21 33 21
10 29 10 33
2 4 16 4
33 14 33 22
36
32 8 41 8
25 40 27 40
45 12 49 12
21 10 28 10
40 31 40 48
31 47 41 47
3 23 14 23
0 9 0 21
42 1 42 5
21 16 21 18
4 18 4 31
37 28 48 28
16 42 32 42
45 21 49 21
15 18 26 18
24 42 24 50
42 13 42 16
23 23 28 23
17 14 17 21
26 5 26 43
33 34 33 36
26 35 40 35
0 15 11 15
38 21 38 34
11 30 29 30
39 5 48 5
43 18 43 27
10 9 10 26
35 22 40 22
24 15 47 15
30 32 30 35
23 18 23 19
11 29 11 32
14 22 14 32
36 8 36 20
47 2 47 37
94
37 38 44 38
21 27 32 27
48 8 50 8
10 5 23 5
17 49 19 49
41 38 41 40
6 32 14 32
5 11 15 11
9 20 11 20
32 13 33 13
19 15 22 15
16 11 42 11
36 45 36 46
21 43 21 44
20 26 20 31
49 5 49 43
34 10 34 11
27 48 27 50
46 6 46 23
28 44 28 45
24 16 24 20
42 3 42 6
19 20 24 20
19 29 25 29
46 11 47 11
47 1 47 6
3 17 3 19
41 45 41 47
17 44 17 49
32 31 32 38
39 13 39 18
40 5 40 12
15 38 15 39
43 37 50 37
25 20 26 20
26 49 38 49
37 10 37 15
10 36 39 36
32 13 32 19
30 48 30 49
45 44 46 44
10 27 20 27
15 1 15 6
5 7 7 7
28 31 36 31
45 44 45 48
44 4 44 7
20 44 30 44
27 5 28 5
32 34 33 34
26 17 30 17
16 23 22 23
27 3 27 17
21 20 21 24
33 28 42 28
38 18 38 49
42 13 47 13
0 26 6 26
24 31 27 31
0 15 1 15
48 39 48 46
1 12 1 27
10 27 10 28
39 5 49 5
24 29 24 44
6 26 6 32
13 21 14 21
5 1 5 12
13 16 13 46
34 47 34 49
46 33 50 33
26 17 26 30
6 16 6 21
0 18 19 18
45 41 46 41
3 24 3 25
36 46 48 46
29 45 36 45
13 39 15 39
28 33 28 38
19 5 19 20
31 18 48 18
10 30 10 33
11 46 20 46
8 43 15 43
42 12 42 13
29 31 29 33
13 34 14 34
46 38 46 44
47 10 49 10
36 42 39 42
21 14 21 16
10 11 10 20
23 34 24 34
14
15 33 15 40
14 35 39 35
38 13 38 24
24 27 25 27
39 35 39 37
13 23 50 23
43 19 43 29
38 13 41 13
24 45 31 45
18 20 18 28
23 12 32 12
40 33 40 44
25 10 25 48
30 10 30 15
51
29 18 29 31
17 28 25 28
47 19 47 41
6 5 47 5
30 8 32 8
5 24 5 32
21 37 21 41
25 1 25 29
28 44 29 44
41 31 49 31
0 17 21 17
8 44 11 44
41 13 47 13
34 5 34 10
25 16 35 16
47 4 47 14
17 26 17 48
33 7 33 15
46 36 50 36
1 23 3 23
4 7 4 14
4 26 18 26
35 10 35 16
21 37 22 37
14 47 18 47
19 13 19 17
43 1 43 8
28 31 28 47
10 44 10 48
45 23 47 23
27 36 31 36
17 14 22 14
10 1 10 19
11 19 11 26
29 19 47 19
3 34 15 34
14 19 25 19
11 38 11 44
30 12 30 17
3 16 3 41
37 4 37 5
43 37 43 47
32 40 32 42
7 36 7 42
7 4 7 6
5 40 48 40
23 32 32 32
4 10 10 10
36 15 36 21
34 16 34 17
30 1 30 8
85
5 18 16 18
39 13 43 13
48 3 48 29
13 6 45 6
23 1 28 1
16 20 16 26
0 21 2 21
9 45 10 45
18 26 18 32
34 29 34 30
17 17 22 17
43 3 43 8
28 30 28 34
14 14 19 14
47 39 47 50
1 18 1 22
31 16 31 18
9 33 10 33
21 6 21 10
5 12 5 44
35 16 48 16
27 45 31 45
47 23 49 23
6 27 11 27
27 16 27 27
0 19 5 19
7 34 9 34
22 15 22 24
46 49 47 49
27 22 29 22
18 39 18 46
33 22 33 29
11 19 11 28
24 29 25 29
28 30 41 30
3 23 8 23
7 41 47 41
14 3 14 23
20 35 26 35
23 16 27 16
8 7 8 12
31 12 38 12
39 1 39 6
4 28 7 28
48 27 50 27
31 6 31 10
41 22 41 30
34 9 36 9
28 39 28 46
16 13 16 14
18 12 18 17
7 30 11 30
47 48 49 48
31 45 31 49
39 3 41 3
43 37 43 44
10 17 10 19
24 32 29 32
25 26 25 43
41 13 41 18
22 25 22 28
16 26 33 26
24 1 24 8
33 39 33 44
7 22 7 24
38 30 38 45
38 35 41 35
2 36 8 36
22 40 22 44
9 26 9 45
12 3 14 3
3 42 6 42
31 46 46 46
36 5 36 18
41 5 41 7
5 13 9 13
28 5 28 8
17 46 19 46
26 18 37 18
6 9 15 9
40 22 45 22
8 16 8 19
7 28 7 29
32 24 34 24
26 21 27 21
15
22 3 22 47
18 31 24 31
0 12 9 12
20 15 22 15
17 22 28 22
20 36 27 36
35 2 37 2
5 1 5 20
19 18 23 18
3 3 29 3
18 44 18 48
21 27 22 27
2 17 14 17
14 44 29 44
11 24 21 24
28
28 6 41 6
27 46 30 46
12 21 13 21
39 12 39 23
22 1 22 9
38 13 43 13
9 2 31 2
24 32 33 32
44 16 44 20
12 30 15 30
29 43 34 43
10 47 17 47
14 39 30 39
27 12 30 12
3 10 13 10
2 26 15 26
30 1 30 47
40 3 40 12
16 35 16 48
4 0 4 17
11 23 24 23
13 6 13 34
21 20 47 20
10 14 17 14
30 37 34 37
20 36 20 41
2 36 17 36
23 17 23 24
39
7 26 7 32
2 28 19 28
32 15 34 15
25 2 25 11
31 3 39 3
41 41 49 41
18 14 24 14
38 33 38 42
30 29 31 29
33 3 33 16
22 31 22 42
27 33 27 48
25 34 50 34
2 7 2 10
12 28 12 29
11 7 11 12
4 12 9 12
47 29 47 44
21 2 26 2
42 2 42 14
14 23 17 23
36 22 36 24
14 5 14 10
16 21 16 45
2 8 33 8
31 11 48 11
2 23 2 35
31 18 31 37
21 22 37 22
11 16 11 26
25 47 35 47
4 18 4 21
2 19 12 19
38 42 45 42
21 5 21 23
27 22 27 25
11 41 11 45
6 4 6 20
6 43 29 43
85
41 17 50 17
34 36 39 36
6 13 6 40
37 34 37 37
9 15 9 16
42 2 42 14
2 24 2 30
46 25 46 41
4 40 4 44
3 40 8 40
44 27 46 27
24 13 24 21
23 35 23 38
19 10 27 10
39 40 47 40
10 9 13 9
37 13 44 13
9 42 9 48
31 30 41 30
17 27 19 27
22 13 23 13
10 34 10 43
4 22 5 22
16 18 19 18
23 5 23 13
46 10 46 17
33 8 37 8
13 25 13 26
35 44 35 49
34 25 38 25
1 27 7 27
26 46 26 47
27 32 31 32
18 20 18 50
30 11 38 11
15 24 15 25
35 0 35 10
34 30 34 32
12 3 12 18
25 36 27 36
2 15 2 16
37 10 37 33
48 3 48 9
0 16 16 16
46 32 47 32
6 47 41 47
16 14 16 20
18 21 44 21
29 24 30 24
26 27 33 27
31 26 31 36
24 31 24 36
36 19 37 19
34 0 37 0
20 1 20 7
30 41 30 49
33 25 33 28
23 16 26 16
25 33 25 45
1 33 10 33
10 37 23 37
3 21 6 21
20 30 20 32
1 30 1 35
13 25 20 25
15 31 26 31
25 41 30 41
6 19 8 19
27 8 29 8
29 5 29 10
30 17 30 25
25 1 25 6
19 9 19 15
43 16 43 24
17 50 18 50
17 44 18 44
22 21 22 23
9 5 49 5
40 4 40 6
6 37 9 37
30 7 30 16
37 23 38 23
17 4 17 6
14 37 14 39
39 35 39 47
5
11 38 44 38
44 32 44 50
33 21 33 39
3 30 41 30
15 30 15 38
16
19 50 34 50
25 4 25 21
3 39 3 44
23 39 23 50
24 5 35 5
15 22 16 22
26 42 30 42
23 21 25 21
8 26 16 26
2 41 31 41
7 41 7 45
31 33 31 42
3 2 3 17
3 14 29 14
9 48 18 48
15 10 15 48
8
25 10 28 10
19 15 50 15
37 32 42 32
37 36 48 36
27 10 27 46
20 44 26 44
20 40 28 40
40 13 40 41
33
8 9 10 9
39 6 39 35
41 1 41 7
8 9 8 15
47 0 47 11
38 6 50 6
13 8 20 8
7 39 7 40
12 26 12 46
32 13 45 13
45 12 45 17
37 31 41 31
27 20 27 36
21 20 30 20
35 13 35 15
48 3 48 5
14 15 15 15
22 17 31 17
9 28 46 28
0 33 0 43
6 32 13 32
31 13 31 27
4 39 4 42
22 11 22 19
34 26 34 29
36 18 40 18
37 21 39 21
12 23 19 23
0 39 18 39
4 13 22 13
26 2 43 2
15 9 15 30
21 23 21 31
17
29 28 29 47
30 17 30 29
10 46 18 46
13 40 39 40
21 17 21 18
45 14 45 29
11 19 48 19
14 17 14 50
12 33 16 33
20 9 20 21
36 45 46 45
39 13 39 22
44 27 49 27
38 36 38 49
0 8 0 25
11 50 15 50
0 24 15 24
6
39 19 48 19
1 17 11 17
30 45 46 45
44 7 44 49
26 34 48 34
31 34 31 39
17
23 22 42 22
39 21 39 30
6 35 11 35
3 42 3 46
25 22 25 29
4 18 4 29
0 43 12 43
35 14 35 22
25 26 28 26
11 18 26 18
14 31 20 31
17 11 17 34
6 11 22 11
9 26 9 44
38 24 39 24
21 8 21 14
4 27 25 27
18
15 8 26 8
17 45 17 50
9 34 41 34
33 38 33 46
9 21 13 21
29 25 35 25
11 6 11 49
25 30 25 37
9 13 18 13
27 42 27 48
5 38 14 38
8 0 8 3
11 24 20 24
4 46 36 46
5 45 5 46
35 25 35 36
33 39 42 39
5 2 10 2
51
40 37 40 41
35 40 44 40
38 18 38 19
18 32 25 32
33 24 39 24
7 43 20 43
24 5 48 5
29 17 29 23
22 36 38 36
3 30 5 30
35 4 35 40
3 29 3 30
44 35 44 50
19 3 19 11
18 4 19 4
18 21 18 26
3 17 5 17
8 16 8 18
7 32 7 33
50 42 50 46
32 14 35 14
16 17 16 19
47 5 47 7
11 19 11 30
1 1 1 4
16 45 27 45
17 8 20 8
0 23 6 23
29 41 31 41
5 18 42 18
32 30 40 30
44 5 44 6
9 33 9 48
5 0 5 33
0 1 19 1
13 15 13 23
41 3 41 8
5 21 7 21
26 2 26 5
20 11 20 20
19 40 24 40
16 11 25 11
30 35 30 42
5 33 12 33
16 0 16 8
11 26 28 26
22 24 22 32
23 32 23 45
19 16 20 16
9 18 9 21
37 48 49 48
36
26 41 33 41
11 8 21 8
30 45 43 45
46 16 46 33
20 7 20 10
22 47 31 47
41 33 41 47
12 7 12 10
20 33 47 33
19 22 26 22
43 25 48 25
14 0 14 8
24 24 30 24
36 39 45 39
31 29 31 36
8 24 8 35
38 20 50 20
11 27 11 29
25 13 25 35
7 15 7 18
34 44 34 49
36 45 36 46
19 14 19 15
30 39 30 48
14 19 18 19
29 36 31 36
25 35 26 35
0 6 2 6
0 29 13 29
0 15 25 15
0 21 4 21
11 0 25 0
0 2 0 41
40 18 40 21
15 8 15 24
25 27 27 27
12
4 11 4 22
29 21 39 21
17 25 23 25
35 16 38 16
26 30 33 30
19 25 19 48
38 15 38 21
31 21 31 41
18 41 34 41
33 40 33 44
27 40 27 50
25 49 32 49
9
20 11 20 48
12 36 12 49
2 31 6 31
2 26 5 26
1 43 28 43
12 3 27 3
4 12 4 43
4 16 8 16
18 15 23 15
9
16 5 16 44
27 33 27 44
16 9 18 9
0 38 27 38
0 44 12 44
3 24 3 42
11 9 11 13
15 17 26 17
8 12 19 12
26
21 17 24 17
44 17 44 32
14 28 14 37
31 12 49 12
7 18 7 28
36 33 36 47
45 6 45 20
6 21 44 21
6 43 10 43
28 45 28 49
20 35 30 35
27 34 27 35
29 29 29 38
28 9 44 9
40 29 44 29
20 28 22 28
36 11 36 24
18 18 18 21
13 36 16 36
6 46 42 46
22 10 22 48
8 41 8 50
13 14 13 24
16 42 16 47
13 32 24 32
40 45 40 47
51
15 14 15 20
19 20 19 32
18 41 30 41
35 18 35 23
0 45 22 45
43 44 43 47
22 47 43 47
10 17 10 40
1 15 1 25
37 42 37 47
5 33 5 46
0 36 10 36
33 34 33 36
45 0 45 1
6 6 17 6
11 6 11 19
27 35 36 35
20 13 48 13
24 13 24 14
6 14 6 17
32 0 32 13
20 34 24 34
41 12 41 20
36 1 49 1
22 40 22 41
30 44 33 44
28 5 28 9
20 33 20 48
20 9 21 9
29 21 37 21
43 8 50 8
31 28 32 28
20 18 22 18
20 9 20 21
9 40 18 40
3 26 32 26
12 0 42 0
7 44 7 48
30 39 32 39
25 9 25 13
28 6 35 6
31 13 31 47
8 31 13 31
0 16 21 16
31 23 32 23
31 32 32 32
13 20 13 25
12 42 12 49
25 45 25 50
47 0 47 15
15 20 18 20
16
8 32 8 39
17 5 17 36
0 22 5 22
13 35 21 35
17 22 23 22
21 32 21 42
22 26 22 34
3 12 27 12
8 21 8 31
3 6 3 38
17 24 18 24
6 25 17 25
20 40 33 40
27 3 27 13
14 30 26 30
2 34 13 34
12
5 49 27 49
30 17 30 25
36 44 50 44
21 41 26 41
0 15 23 15
39 22 39 24
36 14 36 28
17 22 48 22
23 18 23 50
15 37 25 37
47 20 47 47
41 19 41 22
21
38 25 50 25
2 22 2 35
6 0 37 0
9 17 15 17
19 0 19 5
45 0 45 15
12 10 13 10
34 9 34 23
37 3 48 3
19 20 19 27
12 0 12 30
32 12 50 12
26 26 30 26
2 23 40 23
49 11 49 17
28 21 28 30
31 18 36 18
11 11 12 11
39 21 39 25
46 19 46 33
5 13 17 13
40
34 21 38 21
1 41 1 49
21 18 24 18
6 34 18 34
5 45 5 47
16 39 16 45
25 38 25 42
20 5 20 13
30 15 31 15
21 46 21 50
37 14 37 43
9 5 9 48
1 46 32 46
5 21 5 30
2 27 5 27
31 13 33 13
5 23 7 23
8 24 12 24
0 6 14 6
36 14 42 14
4 30 7 30
20 5 21 5
30 24 30 31
27 32 27 39
30 36 30 47
37 19 38 19
29 31 29 34
24 17 37 17
23 29 23 33
23 38 43 38
16 18 16 31
24 13 24 18
36 29 43 29
3 13 24 13
8 28 9 28
30 24 32 24
12 20 22 20
17 31 17 35
31 11 31 19
16 31 35 31
