60
7
17 50 39 50
32 28 40 28
35 19 42 19
3 39 39 39
9 10 9 21
14 32 14 39
38 18 38 50
51
7 21 50 21
24 10 24 12
1 48 37 48
29 47 29 48
8 6 8 13
26 44 26 48
8 20 8 22
12 42 19 42
27 18 27 29
32 35 47 35
0 40 6 40
29 4 29 10
15 3 15 12
28 18 34 18
45 17 45 39
14 20 14 34
22 27 22 39
23 12 23 23
31 28 33 28
32 28 32 48
17 8 17 9
40 27 47 27
11 11 11 22
48 9 50 9
26 7 26 12
44 32 48 32
31 9 31 18
26 44 28 44
50 6 50 23
18 38 26 38
7 9 31 9
13 24 14 24
22 30 36 30
38 16 38 18
3 1 3 7
32 16 38 16
35 9 35 28
4 33 22 33
29 13 32 13
32 11 39 11
32 42 33 42
29 20 29 22
4 42 5 42
4 39 5 39
14 37 14 50
28 4 30 4
28 23 28 32
5 27 5 46
23 12 24 12
3 6 8 6
4 30 6 30
39
36 0 36 4
26 4 29 4
15 38 15 39
34 20 34 23
17 16 17 19
41 25 41 27
30 38 43 38
26 0 39 0
45 17 45 34
43 26 48 26
20 17 20 22
24 33 29 33
23 21 45 21
21 16 26 16
5 36 6 36
24 40 26 40
2 44 6 44
38 11 38 26
8 30 8 34
2 38 28 38
43 34 43 41
38 36 38 44
25 32 25 41
35 24 35 29
10 23 14 23
33 15 42 15
5 32 5 50
1 32 8 32
13 24 13 38
30 20 30 43
10 38 10 39
24 11 31 11
44 23 46 23
26 0 26 24
21 35 21 42
6 17 28 17
40 31 49 31
35 25 41 25
12 12 12 37
34
30 34 30 39
29 12 32 12
42 22 44 22
20 10 20 38
34 41 45 41
13 1 24 1
4 8 13 8
37 33 48 33
23 15 28 15
3 12 6 12
19 42 27 42
43 45 45 45
38 12 50 12
10 3 10 17
24 36 37 36
26 32 26 45
20 31 22 31
26 15 26 19
35 48 48 48
4 3 4 12
44 37 46 37
28 4 36 4
24 4 26 4
39 4 39 14
44 11 44 44
14 33 28 33
32 2 32 22
20 11 22 11
18 19 45 19
8 14 21 14
20 40 20 44
36 19 36 25
43 45 43 48
24 1 24 16
27
37 20 50 20
9 26 37 26
34 43 42 43
37 20 37 45
33 5 33 7
31 22 31 26
20 33 28 33
49 9 49 24
15 12 15 15
16 6 33 6
34 24 34 27
34 32 37 32
29 19 44 19
31 7 31 19
37 15 37 19
44 5 44 19
41 7 47 7
41 37 41 39
26 33 26 39
26 7 34 7
47 32 47 43
13 23 13 33
13 14 32 14
22 11 22 36
45 19 45 21
23 38 34 38
27 37 47 37
67
17 14 33 14
23 44 23 49
3 35 10 35
24 3 24 28
23 11 26 11
32 20 37 20
43 5 46 5
7 11 7 19
8 31 8 33
30 0 30 4
31 4 31 7
5 24 47 24
2 48 5 48
39 21 39 31
34 43 34 47
31 14 31 18
0 4 31 4
47 32 50 32
16 39 16 49
40 12 40 17
11 44 36 44
36 17 42 17
29 21 29 49
0 3 0 5
4 4 4 7
21 41 21 44
16 14 16 18
34 46 35 46
11 44 11 46
10 3 10 5
34 19 34 25
13 4 13 8
19 12 20 12
4 10 11 10
33 31 33 35
45 21 50 21
34 31 39 31
27 33 36 33
43 34 48 34
8 3 8 14
17 1 21 1
36 12 47 12
50 19 50 22
29 18 33 18
20 22 20 27
14 16 14 17
28 3 28 5
4 27 5 27
19 0 19 5
5 46 12 46
45 3 45 13
21 47 25 47
47 12 47 40
5 22 5 28
5 31 14 31
5 32 5 49
38 28 39 28
28 12 28 14
11 16 11 34
9 34 12 34
24 6 25 6
39 21 40 21
3 30 11 30
17 36 17 39
19 12 19 16
5 16 18 16
16 39 20 39
73
7 46 17 46
34 45 34 50
31 15 31 20
13 8 35 8
35 4 35 11
41 18 41 23
8 19 8 46
12 45 12 48
24 33 24 35
21 6 21 10
17 42 22 42
27 0 27 2
49 12 49 19
39 12 42 12
32 37 32 46
27 2 30 2
2 33 2 38
39 12 39 20
15 15 21 15
26 16 46 16
41 49 41 50
37 20 37 25
8 34 32 34
32 34 32 35
8 39 12 39
22 30 22 50
6 17 6 19
12 33 12 36
27 39 32 39
3 30 11 30
18 33 18 34
14 49 18 49
19 14 19 16
44 35 46 35
37 38 41 38
32 46 34 46
40 28 40 38
24 7 24 8
16 4 16 22
42 28 46 28
27 29 45 29
15 43 15 49
3 26 3 34
26 16 26 22
16 32 16 38
30 21 30 37
2 38 8 38
21 45 24 45
33 18 33 24
0 50 50 50
38 48 38 50
46 18 46 50
15 5 17 5
40 40 49 40
35 23 46 23
13 19 13 21
1 13 3 13
32 28 32 29
7 27 9 27
43 48 43 50
45 37 47 37
2 12 2 19
29 1 29 16
30 31 31 31
24 23 33 23
44 8 44 22
46 45 50 45
45 19 49 19
0 19 19 19
33 5 38 5
29 47 29 50
8 44 9 44
27 18 27 23
107
21 8 21 11
8 34 10 34
29 32 29 33
19 10 19 14
35 14 35 19
28 11 28 26
22 12 29 12
46 27 46 32
29 46 29 48
18 41 29 41
9 12 14 12
11 47 11 48
27 7 39 7
14 24 14 35
21 31 21 34
18 36 18 45
11 6 11 15
3 25 7 25
13 42 13 48
4 39 14 39
33 13 43 13
14 39 14 42
5 45 8 45
34 6 34 15
24 17 24 21
33 0 50 0
4 36 4 49
36 39 36 50
40 29 40 30
4 21 5 21
26 9 26 13
34 24 34 26
2 28 2 35
28 22 30 22
23 21 24 21
15 11 22 11
34 17 37 17
38 30 46 30
9 31 10 31
10 17 10 29
8 41 8 46
13 29 15 29
27 41 27 42
33 10 34 10
6 45 6 47
20 47 20 50
10 32 33 32
3 23 3 28
40 6 43 6
40 35 49 35
0 34 2 34
43 46 43 49
42 0 42 44
26 16 30 16
17 4 30 4
32 30 32 34
23 37 25 37
12 24 20 24
13 16 16 16
2 42 5 42
4 19 35 19
40 34 40 35
23 35 24 35
1 29 11 29
10 30 11 30
7 43 13 43
16 39 18 39
10 26 12 26
8 24 11 24
1 11 8 11
24 1 24 7
11 42 11 44
47 31 47 38
46 42 46 47
29 39 29 41
43 46 48 46
5 7 18 7
48 16 48 21
17 3 17 11
20 35 20 36
36 5 36 8
10 48 37 48
18 31 18 34
32 42 48 42
16 19 16 24
33 47 33 50
4 15 4 23
10 30 10 41
22 28 25 28
14 45 21 45
9 2 9 8
23 25 28 25
12 36 21 36
39 18 49 18
24 23 24 50
37 11 37 16
32 24 44 24
8 18 8 19
36 50 40 50
5 7 5 12
20 24 20 25
2 49 12 49
15 11 15 19
2 23 4 23
23 45 25 45
47 20 49 20
32 23 32 26
14
13 29 45 29
6 13 34 13
31 5 31 15
13 20 19 20
29 12 29 26
43 23 43 37
18 27 18 37
23 22 23 31
14 12 14 31
34 29 34 33
28 22 37 22
18 20 18 23
14 23 16 23
10 3 10 13
96
12 21 12 25
9 9 49 9
28 31 28 37
36 37 39 37
40 14 41 14
50 45 50 46
30 30 31 30
37 32 41 32
2 3 2 7
43 8 43 10
13 6 14 6
32 6 32 16
26 7 26 10
21 6 23 6
18 50 50 50
7 41 11 41
17 2 28 2
21 2 21 3
6 46 19 46
3 35 5 35
39 35 41 35
37 27 48 27
1 37 23 37
38 40 38 44
41 38 41 40
35 16 35 21
26 47 34 47
19 37 19 39
30 35 30 39
40 9 40 32
34 37 35 37
44 25 44 29
10 45 15 45
11 34 11 37
26 44 26 47
27 32 34 32
9 16 9 19
25 23 25 24
41 43 41 49
43 2 47 2
30 15 37 15
20 41 24 41
23 1 23 23
16 4 18 4
1 19 5 19
47 1 47 11
34 3 41 3
46 30 49 30
22 12 23 12
12 13 13 13
39 13 40 13
2 8 2 16
32 19 46 19
14 26 15 26
34 30 34 49
19 41 19 50
41 39 50 39
18 1 18 4
12 28 16 28
22 41 22 44
8 3 8 6
29 25 30 25
7 41 7 46
7 37 7 38
14 30 16 30
4 16 14 16
15 19 15 45
13 0 13 16
37 3 37 9
34 46 41 46
1 3 13 3
3 37 3 43
15 8 15 10
38 26 38 28
32 18 32 23
30 20 30 32
23 34 23 41
29 20 31 20
22 39 30 39
4 32 4 37
47 35 48 35
14 33 16 33
1 43 4 43
38 16 42 16
10 23 30 23
39 32 39 38
44 18 44 22
31 41 38 41
19 15 26 15
44 43 47 43
23 18 24 18
1 13 7 13
47 21 47 50
45 46 50 46
5 12 5 21
18 9 18 10
96
6 28 10 28
3 21 3 49
23 22 23 23
2 48 43 48
47 30 47 38
25 22 25 25
13 42 17 42
24 17 28 17
40 1 40 5
7 14 7 29
22 12 22 13
41 32 41 38
42 41 43 41
5 10 5 15
5 22 26 22
2 27 5 27
23 32 33 32
33 13 39 13
5 47 5 50
30 7 30 9
49 20 49 27
16 21 16 40
47 15 47 18
33 4 37 4
24 15 24 18
13 39 13 49
27 44 28 44
1 32 14 32
31 39 45 39
10 34 10 39
44 2 44 8
36 2 36 21
4 38 27 38
16 15 24 15
17 19 19 19
35 37 35 50
36 10 38 10
4 10 7 10
39 25 39 27
19 8 19 24
27 34 28 34
20 12 31 12
43 36 43 42
27 33 27 45
8 7 15 7
29 27 41 27
40 27 40 32
43 26 44 26
42 15 45 15
0 14 7 14
26 10 27 10
25 45 25 48
40 45 40 50
27 40 32 40
35 2 45 2
26 16 26 18
24 10 24 14
22 34 23 34
14 9 19 9
48 20 48 23
12 5 21 5
43 23 50 23
31 19 31 21
43 18 47 18
25 29 25 32
24 24 33 24
39 31 39 33
15 44 19 44
0 37 4 37
46 22 46 24
13 33 18 33
43 13 43 33
17 42 17 43
18 48 18 50
19 36 19 46
27 8 27 10
47 39 47 43
29 35 33 35
27 19 43 19
33 33 48 33
22 2 22 10
22 34 22 38
10 2 22 2
12 40 14 40
0 13 0 20
28 12 28 19
19 8 36 8
11 1 11 9
43 42 49 42
24 20 24 22
31 24 31 39
20 43 20 49
4 38 4 46
16 4 16 9
16 27 19 27
35 26 35 27
13
18 40 25 40
4 7 46 7
10 36 20 36
20 29 20 40
6 23 9 23
6 17 17 17
8 6 8 32
18 17 24 17
40 2 40 14
5 29 31 29
22 2 22 20
27 7 27 8
10 1 10 7
9
10 47 28 47
31 11 31 47
25 45 25 49
5 33 34 33
9 18 9 33
12 46 12 50
6 21 6 36
15 31 15 47
19 17 43 17
17
21 37 26 37
23 31 23 41
2 1 6 1
7 21 18 21
14 4 14 35
9 11 24 11
13 8 16 8
18 30 18 34
10 1 10 11
26 35 26 38
13 33 32 33
30 17 30 38
12 16 14 16
24 17 24 19
9 27 17 27
22 8 22 13
20 19 35 19
7
12 7 38 7
22 4 37 4
2 12 18 12
16 2 16 29
3 6 3 18
9 25 22 25
37 4 37 9
19
34 16 47 16
23 16 23 45
6 18 16 18
31 42 40 42
29 20 29 28
37 32 44 32
17 24 17 27
31 33 31 49
22 39 31 39
41 8 41 35
12 33 23 33
20 42 24 42
39 21 45 21
8 21 8 36
24 48 32 48
23 29 25 29
38 11 43 11
12 12 12 24
8 24 43 24
9
46 4 46 15
37 5 37 32
22 9 29 9
22 6 22 11
22 30 28 30
25 19 27 19
26 6 26 35
26 16 45 16
31 12 31 17
20
6 20 24 20
10 10 17 10
21 44 46 44
41 10 41 44
22 12 22 27
33 7 44 7
11 0 11 25
16 2 16 6
42 39 42 49
19 25 35 25
29 43 29 47
4 3 18 3
27 32 40 32
34 30 34 46
5 12 11 12
21 18 22 18
33 2 33 22
16 17 16 22
31 20 31 34
22 13 33 13
87
17 47 24 47
32 3 32 5
7 23 8 23
30 1 30 2
27 28 34 28
36 23 50 23
40 10 44 10
23 31 29 31
34 21 37 21
8 10 8 36
30 27 30 29
41 32 41 39
6 28 10 28
18 2 18 5
37 0 39 0
5 44 11 44
3 29 3 41
11 21 15 21
22 25 24 25
12 44 12 48
24 10 34 10
21 38 21 39
34 13 34 15
12 28 14 28
12 44 17 44
2 38 47 38
10 34 16 34
44 22 44 27
13 4 39 4
18 16 18 20
15 9 20 9
23 16 23 31
16 9 16 13
3 17 10 17
46 37 46 40
13 2 13 39
28 27 28 47
3 0 3 12
23 46 28 46
36 12 38 12
14 27 26 27
49 14 49 26
36 19 39 19
3 5 4 5
17 35 17 49
11 24 18 24
19 25 19 27
23 36 23 39
9 18 19 18
36 34 36 41
29 14 42 14
3 30 4 30
27 5 27 21
19 47 19 48
31 16 31 23
16 1 16 2
26 21 27 21
4 25 8 25
11 37 11 39
21 3 21 9
12 0 12 6
43 4 43 21
43 16 49 16
0 10 11 10
9 11 16 11
26 34 28 34
3 15 3 18
32 24 35 24
34 25 37 25
34 28 34 33
23 18 33 18
28 47 29 47
9 36 9 44
19 0 19 3
30 4 30 7
23 22 24 22
3 32 6 32
9 30 15 30
6 36 6 38
34 31 36 31
7 33 8 33
32 21 32 29
37 0 37 25
43 38 43 44
2 35 5 35
3 1 35 1
39 31 39 38
9
29 4 41 4
14 42 38 42
31 15 38 15
29 8 29 21
40 25 40 30
0 29 40 29
33 46 35 46
20 33 20 45
34 0 34 50
76
24 9 24 20
32 39 33 39
31 22 33 22
7 42 10 42
0 32 2 32
26 36 26 38
3 19 3 23
43 39 45 39
1 30 4 30
11 1 44 1
27 46 27 49
23 30 43 30
24 9 27 9
2 27 2 41
24 29 24 37
13 17 13 27
2 49 35 49
20 26 29 26
27 19 27 22
27 37 37 37
20 24 20 34
5 21 5 29
32 18 32 50
10 26 10 28
5 4 30 4
32 11 41 11
34 1 34 16
29 40 29 43
3 22 5 22
20 17 20 22
6 37 9 37
23 30 23 31
13 24 15 24
27 2 27 10
31 28 32 28
13 20 40 20
21 44 21 50
25 48 25 49
6 33 14 33
28 49 28 50
2 27 18 27
10 29 10 33
41 32 42 32
17 29 20 29
44 41 45 41
37 45 37 47
29 41 34 41
8 38 13 38
6 0 6 4
14 32 16 32
7 10 10 10
2 48 2 50
29 24 34 24
16 36 16 38
19 22 20 22
40 8 40 21
45 38 45 50
38 8 49 8
29 17 29 21
31 45 48 45
8 26 8 32
23 14 28 14
16 33 23 33
12 36 28 36
36 20 36 21
12 36 12 43
16 25 16 30
8 18 14 18
37 15 42 15
29 23 29 26
31 34 34 34
41 29 41 34
9 10 9 19
7 31 7 49
21 12 24 12
14 32 14 37
33
37 22 37 47
12 36 49 36
13 10 18 10
22 28 27 28
31 12 42 12
47 24 47 33
19 11 19 18
39 3 39 7
29 43 29 50
22 9 24 9
31 16 36 16
24 1 24 47
38 6 38 13
36 33 37 33
49 9 49 17
20 6 28 6
15 14 25 14
44 14 44 25
22 1 30 1
31 44 40 44
36 24 48 24
27 0 27 3
21 36 21 38
35 6 39 6
23 11 29 11
20 43 29 43
28 19 28 22
18 35 18 39
15 10 15 14
34 12 34 24
20 19 28 19
32 22 38 22
38 16 49 16
75
26 23 26 28
41 7 41 12
17 42 19 42
47 23 47 35
8 5 12 5
39 26 39 27
26 24 27 24
7 35 7 39
15 5 25 5
24 18 24 25
11 28 14 28
21 40 21 49
37 21 44 21
27 8 27 19
19 5 19 20
22 18 24 18
6 15 21 15
8 45 8 49
16 19 23 19
3 23 20 23
37 24 37 44
6 9 6 19
18 12 42 12
34 40 34 42
10 0 10 7
32 2 32 11
32 40 37 40
37 27 49 27
43 34 43 42
27 29 27 30
35 36 44 36
12 47 12 49
35 8 35 12
18 38 20 38
33 30 33 33
32 29 32 30
27 44 33 44
25 11 25 13
10 42 14 42
19 30 19 42
8 22 8 27
45 23 49 23
39 2 39 8
0 1 0 21
17 28 30 28
18 29 18 32
19 41 30 41
6 47 22 47
47 6 47 12
38 8 49 8
42 12 42 29
14 36 21 36
30 28 30 29
22 19 22 26
20 0 20 3
13 13 13 47
6 36 13 36
13 30 18 30
10 36 10 37
24 19 29 19
45 30 49 30
3 14 3 26
31 9 31 12
3 0 3 4
29 37 29 44
22 28 22 34
3 19 5 19
26 8 28 8
35 29 35 30
0 2 42 2
32 43 32 50
19 23 19 28
15 10 20 10
47 33 48 33
27 30 38 30
49
0 7 8 7
8 45 8 49
26 23 26 38
39 18 43 18
3 18 14 18
30 8 39 8
36 37 46 37
19 41 19 49
9 13 9 24
14 28 14 30
45 34 45 41
26 40 26 43
30 2 36 2
30 37 30 41
42 19 42 32
7 46 27 46
36 35 38 35
10 24 10 47
31 41 31 46
3 37 15 37
3 34 3 41
24 35 28 35
16 19 20 19
37 12 37 16
43 41 49 41
20 33 24 33
31 1 31 15
38 12 45 12
1 5 1 14
37 28 37 44
12 46 12 49
25 43 25 48
26 16 26 20
8 28 42 28
14 17 14 18
7 5 7 11
37 44 41 44
18 12 24 12
34 26 34 30
22 15 37 15
26 41 38 41
20 2 20 33
26 31 28 31
7 5 33 5
39 24 43 24
14 17 27 17
42 31 48 31
39 8 39 23
16 4 16 8
10
17 6 17 44
5 15 8 15
6 9 6 17
27 28 34 28
1 21 1 32
6 10 29 10
25 9 25 12
28 3 28 29
15 22 17 22
15 32 22 32
11
46 21 46 39
40 33 40 38
25 12 26 12
26 3 26 32
12 6 41 6
20 26 49 26
15 5 26 5
37 25 37 32
39 34 50 34
43 38 46 38
12 0 12 7
24
38 4 38 12
9 19 36 19
45 13 45 30
22 9 44 9
2 1 18 1
16 38 16 42
27 9 27 11
20 34 20 49
9 0 9 47
8 46 14 46
28 32 37 32
27 25 45 25
18 48 25 48
5 21 10 21
7 7 11 7
14 0 14 5
22 12 22 22
8 31 12 31
3 14 12 14
8 6 9 6
0 40 26 40
38 24 38 25
31 4 31 37
1 33 1 44
42
18 0 18 8
14 21 14 34
28 20 28 29
7 11 13 11
39 9 39 12
42 15 50 15
38 33 38 34
36 33 39 33
17 29 17 30
14 2 14 4
42 24 48 24
21 42 26 42
21 28 21 32
25 29 25 34
35 41 36 41
42 2 42 30
34 10 42 10
40 5 50 5
35 6 35 12
36 24 36 49
4 42 8 42
0 37 7 37
30 8 36 8
35 15 35 26
4 29 43 29
25 35 36 35
10 23 19 23
26 24 30 24
8 4 23 4
4 14 4 44
10 1 10 19
31 42 31 50
12 28 12 30
22 38 22 44
28 20 36 20
3 15 16 15
25 45 39 45
1 21 5 21
49 9 49 18
31 27 31 32
26 42 26 47
30 31 32 31
15
26 15 26 18
5 38 9 38
9 11 9 47
23 33 26 33
25 16 38 16
24 26 24 33
27 9 27 16
14 8 14 15
8 47 9 47
18 13 18 19
0 25 0 33
9 13 25 13
0 29 29 29
24 6 24 14
15 26 15 33
42
34 39 40 39
24 1 24 7
11 2 12 2
28 47 49 47
22 25 22 26
18 42 18 50
24 36 31 36
31 1 31 4
30 34 30 36
43 44 45 44
38 13 38 14
19 26 45 26
9 48 18 48
11 0 12 0
4 0 4 4
35 0 35 17
2 4 38 4
25 33 27 33
30 12 35 12
29 42 29 49
35 45 35 48
18 24 18 32
33 0 42 0
44 24 44 29
39 36 49 36
32 21 32 26
26 20 26 43
30 1 33 1
44 34 44 49
25 23 27 23
40 22 41 22
21 42 21 44
3 16 17 16
18 42 26 42
12 27 24 27
40 12 40 39
47 11 47 17
9 22 16 22
33 14 49 14
7 10 14 10
12 0 12 31
19 4 19 6
17
34 35 34 45
22 15 48 15
25 25 31 25
15 26 15 34
13 30 28 30
36 0 47 0
47 0 47 15
36 5 36 19
34 44 35 44
25 12 25 40
29 12 29 18
21 33 25 33
19 21 28 21
25 36 36 36
35 9 38 9
22 14 22 17
30 34 30 36
7
7 36 17 36
8 15 19 15
1 42 31 42
23 42 23 44
14 28 43 28
17 15 17 47
3 29 3 42
6
31 40 38 40
36 13 36 43
24 24 24 36
13 8 13 21
11 33 46 33
23 20 39 20
39
42 30 46 30
18 21 18 27
1 39 1 41
40 37 50 37
34 45 34 47
15 7 15 23
10 20 10 22
8 13 8 20
12 35 12 45
28 30 28 34
35 35 37 35
9 22 24 22
7 45 45 45
31 40 31 45
13 17 16 17
45 33 47 33
19 33 35 33
35 33 35 37
37 26 45 26
7 36 7 45
23 16 34 16
47 33 47 38
18 27 22 27
27 43 27 47
42 21 42 46
24 16 24 45
4 36 10 36
33 5 33 21
16 40 16 49
3 14 15 14
0 40 10 40
40 10 40 22
11 45 11 48
23 29 26 29
39 22 48 22
6 18 8 18
9 22 9 28
14 8 22 8
28 41 33 41
23
7 18 7 23
4 39 33 39
6 19 25 19
32 41 36 41
21 13 36 13
47 10 47 38
39 3 39 13
24 27 30 27
23 34 23 45
33 12 33 20
25 20 28 20
46 7 46 10
15 0 15 14
13 10 48 10
7 37 7 43
10 6 17 6
12 28 18 28
25 13 25 28
34 32 34 35
15 16 15 39
30 35 49 35
40 31 40 38
33 30 33 41
7
19 20 19 31
30 9 30 39
23 11 45 11
41 22 41 40
16 27 19 27
44 11 44 20
14 29 46 29
8
17 3 17 8
6 13 6 41
21 13 34 13
1 21 23 21
22 3 22 29
49 31 49 38
1 39 16 39
6 3 25 3
7
2 0 2 3
1 28 1 48
15 40 15 48
1 29 7 29
3 0 3 7
0 43 23 43
2 3 29 3
22
36 8 42 8
28 1 45 1
42 0 42 49
47 16 47 17
2 22 8 22
17 6 17 8
1 45 47 45
6 0 6 46
32 41 32 45
20 44 20 49
41 35 45 35
33 1 33 2
3 26 8 26
37 17 47 17
31 28 43 28
16 32 42 32
6 18 14 18
0 2 7 2
38 37 42 37
6 6 19 6
27 41 27 45
16 40 16 48
43
20 14 23 14
13 17 13 27
39 20 40 20
30 29 43 29
37 44 39 44
11 7 11 14
7 11 7 24
25 32 25 44
36 9 36 11
23 46 32 46
27 5 27 12
17 28 17 33
2 19 2 42
11 18 22 18
49 4 49 14
30 42 30 48
11 42 24 42
21 11 21 14
3 24 8 24
35 19 39 19
37 24 47 24
39 0 39 46
5 11 49 11
17 39 17 46
33 4 42 4
0 38 4 38
1 34 16 34
1 17 11 17
21 17 21 21
35 17 35 22
17 0 17 18
7 28 21 28
31 28 31 33
29 42 33 42
19 39 47 39
3 24 3 25
0 27 6 27
24 34 27 34
11 26 11 45
30 9 30 11
18 25 18 28
24 42 24 49
17 30 19 30
7
38 7 50 7
30 26 39 26
48 40 49 40
36 30 50 30
1 49 14 49
36 13 36 32
49 2 49 49
74
48 46 48 47
31 10 31 17
46 25 46 48
12 16 13 16
35 32 36 32
29 18 31 18
6 28 6 40
18 34 19 34
0 18 8 18
9 47 9 50
5 28 7 28
12 9 12 16
33 0 33 6
0 37 0 43
43 45 43 50
1 18 1 30
23 11 33 11
25 18 25 21
24 8 27 8
24 3 24 4
2 6 10 6
23 40 23 41
18 36 20 36
19 2 19 40
45 39 49 39
37 46 49 46
10 0 10 7
5 17 5 18
4 32 13 32
3 35 6 35
13 15 13 16
31 29 31 41
8 17 9 17
40 33 40 36
30 14 36 14
8 11 8 22
33 31 35 31
5 50 19 50
44 30 46 30
9 25 9 27
32 34 46 34
13 36 13 50
33 21 33 22
28 3 28 9
30 47 37 47
37 43 37 50
0 40 36 40
26 39 26 43
25 5 25 15
48 7 48 14
11 30 23 30
29 30 33 30
35 40 35 42
10 3 33 3
15 18 20 18
16 29 16 32
44 23 45 23
30 35 32 35
7 15 8 15
17 39 17 42
11 25 11 30
30 17 30 25
44 11 44 24
39 12 48 12
16 3 16 4
48 21 48 30
46 9 48 9
35 14 35 35
11 9 12 9
5 13 22 13
18 21 48 21
0 27 10 27
29 28 37 28
1 21 2 21
43
11 36 11 40
33 20 36 20
19 9 19 49
36 23 42 23
47 7 47 12
15 30 20 30
25 31 31 31
17 16 24 16
13 40 13 47
7 46 7 47
35 9 35 12
32 15 32 17
44 1 48 1
50 9 50 23
31 4 31 12
44 1 44 11
33 35 33 37
39 11 44 11
47 30 47 40
15 49 23 49
33 18 33 21
30 12 30 19
18 12 20 12
22 48 22 50
23 5 23 10
40 29 40 43
36 12 36 23
27 23 27 25
4 46 14 46
8 19 8 28
17 27 20 27
13 44 25 44
44 13 44 18
16 35 16 37
9 39 12 39
16 22 16 26
9 36 47 36
29 30 29 41
16 24 28 24
30 16 50 16
8 26 17 26
19 9 47 9
42 2 44 2
21
12 23 19 23
32 18 36 18
40 19 40 34
30 41 30 46
31 36 31 41
43 37 43 41
25 5 33 5
48 21 48 29
33 25 48 25
18 37 18 45
38 28 42 28
17 6 22 6
10 41 47 41
13 13 13 42
37 31 37 50
29 6 33 6
12 14 36 14
33 35 41 35
33 5 33 27
19 4 19 18
11 29 17 29
28
43 19 45 19
24 22 24 35
18 23 45 23
29 4 29 8
27 9 27 23
33 11 33 12
35 22 35 28
11 0 11 8
34 13 36 13
44 10 47 10
44 6 44 30
25 13 33 13
18 15 18 28
4 15 10 15
7 6 7 16
33 11 38 11
5 15 5 20
42 1 42 8
15 7 15 9
39 20 39 23
20 1 20 14
22 20 22 23
35 5 35 15
2 0 2 8
14 18 18 18
14 27 22 27
6 11 9 11
2 7 45 7
35
20 41 20 42
15 26 40 26
26 11 47 11
33 4 33 20
27 18 33 18
18 5 18 48
34 24 34 26
40 23 40 26
3 14 29 14
12 5 22 5
5 31 5 34
10 11 10 15
32 39 34 39
12 22 20 22
18 45 32 45
40 48 49 48
31 42 49 42
45 11 45 49
37 40 37 50
35 18 35 21
13 42 20 42
1 33 24 33
32 38 32 46
12 20 12 22
22 19 36 19
42 31 50 31
36 22 46 22
1 26 1 48
5 9 5 20
28 45 28 50
44 33 46 33
21 25 21 28
24 40 24 47
28 21 28 26
24 28 24 38
33
17 22 48 22
47 17 47 22
34 21 34 26
3 11 33 11
13 0 13 38
0 23 17 23
10 9 10 12
19 28 23 28
10 37 44 37
11 37 11 46
41 15 41 32
19 21 19 34
1 16 5 16
26 8 26 23
27 37 27 44
39 17 45 17
10 0 10 1
5 10 5 16
3 37 3 44
21 37 21 41
36 21 36 24
9 0 22 0
9 32 14 32
8 10 8 11
38 25 38 39
10 40 13 40
3 15 3 32
41 35 41 40
30 32 30 37
15 25 19 25
33 9 33 11
1 43 16 43
20 11 20 15
6
22 35 22 42
30 37 30 41
20 41 42 41
36 22 36 23
28 39 28 50
32 7 32 9
36
33 12 45 12
19 31 32 31
25 26 35 26
31 23 35 23
40 8 40 14
8 17 8 22
22 21 22 26
7 4 7 7
16 37 18 37
27 16 35 16
1 5 35 5
33 50 46 50
14 49 31 49
33 5 33 50
11 16 11 18
21 3 21 5
43 15 47 15
14 28 16 28
10 3 10 8
45 47 48 47
19 31 19 34
33 42 38 42
14 23 28 23
43 10 43 16
44 31 44 43
42 42 48 42
9 33 20 33
16 1 16 39
1 3 1 12
46 42 46 50
27 28 27 32
6 17 16 17
31 29 40 29
28 1 28 9
7 21 9 21
28 36 36 36
25
32 1 32 48
22 36 22 41
9 45 9 50
23 22 33 22
25 18 25 24
1 50 2 50
42 11 42 20
32 35 34 35
2 39 2 50
0 48 40 48
44 26 44 35
31 18 33 18
37 20 44 20
26 45 26 50
17 30 17 49
26 32 32 32
0 48 0 49
27 4 38 4
32 40 37 40
13 40 22 40
29 12 43 12
30 27 30 32
32 30 46 30
41 16 48 16
13 38 13 43
23
10 36 10 47
7 43 19 43
14 36 23 36
16 5 26 5
19 36 19 50
24 24 24 29
21 2 21 5
37 16 37 20
32 16 32 48
27 40 34 40
19 3 19 13
7 13 24 13
40 44 40 47
19 47 47 47
11 17 14 17
27 17 44 17
18 13 18 36
8 21 8 34
17 18 18 18
13 8 13 17
13 25 13 30
31 37 40 37
8 26 35 26
36
34 7 49 7
2 24 2 41
31 30 31 31
46 4 46 13
38 25 46 25
9 18 9 32
31 1 37 1
3 10 34 10
43 7 43 9
27 20 45 20
21 9 21 15
13 37 17 37
0 30 43 30
11 38 11 48
32 26 37 26
15 39 17 39
25 40 25 45
26 41 35 41
34 1 34 48
32 16 37 16
42 22 43 22
9 42 26 42
23 23 23 34
21 40 21 49
10 16 11 16
42 15 42 25
5 4 14 4
6 45 11 45
0 41 8 41
8 22 9 22
26 3 26 11
16 25 16 42
10 4 10 23
10 20 15 20
31 48 45 48
1 16 1 30
30
45 3 45 31
33 15 33 18
5 31 9 31
25 18 33 18
24 36 24 42
19 8 37 8
1 3 1 10
41 19 47 19
12 37 24 37
22 22 22 26
24 8 24 9
19 48 19 50
14 43 18 43
14 24 14 48
35 21 35 38
6 4 7 4
19 25 19 26
2 15 14 15
28 5 45 5
43 30 48 30
10 32 17 32
33 6 33 13
5 48 20 48
27 8 27 26
9 40 16 40
7 4 7 31
24 21 27 21
40 14 40 25
1 6 10 6
5 25 47 25
22
41 16 48 16
20 24 20 30
9 34 15 34
24 22 31 22
4 28 4 35
29 19 33 19
14 28 43 28
19 19 19 28
1 25 1 30
29 5 29 36
38 26 38 28
1 29 8 29
26 13 26 15
16 10 16 14
4 13 41 13
15 22 15 35
41 10 41 19
7 16 10 16
28 31 31 31
42 28 42 38
9 12 9 20
20 1 20 13
24
12 46 24 46
9 19 47 19
0 24 15 24
12 42 12 50
12 42 16 42
31 15 34 15
43 25 43 30
34 27 43 27
13 14 13 19
28 17 28 28
38 4 38 29
17 36 17 47
38 6 46 6
22 43 22 48
2 17 2 26
47 16 47 23
31 15 31 19
19 15 22 15
22 11 22 22
19 18 19 21
12 19 12 39
1 20 3 20
5 36 22 36
37 4 39 4
39
1 33 13 33
7 27 9 27
18 44 18 45
36 11 41 11
0 6 2 6
21 20 21 31
24 35 33 35
17 19 29 19
3 44 44 44
34 2 34 7
35 41 35 47
43 23 43 45
12 3 12 5
29 3 29 7
21 29 28 29
36 25 36 29
45 0 45 11
2 0 2 6
15 5 15 7
6 13 10 13
28 14 37 14
18 13 27 13
2 5 47 5
26 12 26 15
22 38 22 46
28 26 48 26
8 23 22 23
42 23 44 23
9 3 9 49
23 2 23 13
25 43 25 49
9 49 10 49
39 2 39 13
3 43 3 46
26 28 26 38
41 40 45 40
16 22 16 23
7 21 9 21
29 9 29 30
11
3 5 16 5
23 16 23 26
47 21 47 23
4 47 35 47
3 21 48 21
10 5 10 48
33 13 33 40
24 31 34 31
44 37 44 38
37 18 37 25
3 38 12 38
72
28 3 50 3
21 5 22 5
15 35 15 45
3 10 7 10
14 3 14 22
40 31 47 31
21 1 21 12
38 14 46 14
1 42 12 42
2 41 2 44
30 40 30 47
20 17 20 29
7 20 9 20
44 15 44 20
4 37 8 37
21 25 28 25
6 15 8 15
43 3 43 8
14 19 44 19
22 37 22 46
15 42 49 42
44 24 49 24
36 34 37 34
29 18 29 22
35 39 37 39
34 7 34 8
46 12 46 31
32 3 32 7
37 1 37 49
33 19 33 20
37 35 42 35
16 30 16 38
19 2 19 4
7 9 13 9
32 7 34 7
26 13 26 21
10 13 19 13
0 17 10 17
37 10 41 10
18 3 22 3
20 23 23 23
25 28 30 28
44 38 44 42
30 43 31 43
42 26 42 29
21 44 21 50
34 15 38 15
4 1 4 7
25 15 29 15
12 39 12 50
12 24 12 29
3 26 7 26
47 41 47 43
2 7 23 7
11 28 20 28
40 30 40 31
37 31 38 31
26 22 26 35
0 14 0 17
34 47 37 47
30 27 42 27
7 48 26 48
49 3 49 14
44 38 47 38
13 22 16 22
48 0 48 3
45 12 49 12
8 18 14 18
35 2 35 3
29 28 29 29
7 33 26 33
7 9 7 45
7
11 18 11 29
7 1 7 22
6 18 32 18
21 43 37 43
23 27 28 27
23 8 23 43
22 11 24 11
62
17 6 17 24
31 11 35 11
7 12 15 12
15 44 47 44
41 19 46 19
6 0 6 6
22 41 22 47
10 41 10 45
40 35 40 40
29 44 29 50
20 26 34 26
39 14 45 14
8 6 8 8
43 4 43 14
47 32 47 47
43 44 43 46
31 32 31 37
26 30 28 30
41 21 41 26
6 1 9 1
15 3 15 6
16 17 42 17
34 35 45 35
19 34 33 34
11 9 11 39
37 29 39 29
25 12 25 17
45 40 47 40
26 17 26 46
42 4 45 4
36 42 36 46
41 32 48 32
37 24 37 37
8 43 15 43
45 31 45 33
34 5 34 20
10 36 21 36
17 12 19 12
25 20 26 20
33 6 50 6
9 26 18 26
19 33 19 35
46 34 47 34
16 21 20 21
43 10 44 10
25 38 29 38
31 25 31 28
26 48 32 48
50 4 50 8
39 5 39 7
21 32 23 32
38 14 38 21
5 6 17 6
29 34 29 35
18 35 18 37
16 14 18 14
40 42 40 48
45 14 45 24
28 24 49 24
15 36 15 46
43 37 47 37
22 32 22 37
