60
6
38 12 38 15
8 18 28 18
23 22 36 22
19 12 38 12
28 12 28 26
11 50 18 50
33
37 40 38 40
2 24 4 24
28 5 28 12
30 31 30 32
22 20 25 20
44 23 44 31
37 7 37 41
4 5 4 42
13 11 13 19
27 32 41 32
34 38 46 38
3 17 4 17
35 16 44 16
21 5 26 5
10 10 10 12
30 8 30 16
50 18 50 30
13 36 13 38
47 21 50 21
24 1 24 24
18 8 18 12
43 35 43 46
0 21 5 21
37 27 50 27
36 22 37 22
21 24 33 24
11 17 16 17
37 8 45 8
16 15 16 27
1 36 15 36
41 46 47 46
34 30 34 34
1 12 38 12
17
36 50 47 50
29 30 40 30
35 1 39 1
32 15 41 15
32 15 32 18
39 17 48 17
15 18 15 31
33 46 37 46
36 4 37 4
30 38 41 38
42 17 42 21
21 3 21 7
36 1 36 50
19 7 40 7
14 21 43 21
16 15 16 21
26 7 26 10
34
16 41 19 41
38 46 38 47
18 4 49 4
14 14 14 25
23 16 28 16
4 18 9 18
4 46 49 46
40 13 49 13
34 39 34 46
22 9 28 9
7 17 7 45
17 3 17 18
26 39 30 39
47 40 47 50
39 20 39 26
14 23 41 23
20 6 20 9
3 50 9 50
26 0 26 46
49 4 49 5
38 20 42 20
17 34 29 34
36 0 36 6
17 33 17 42
6 39 6 50
11 46 11 47
47 4 47 22
29 2 29 7
4 30 23 30
7 22 14 22
46 2 46 4
12 3 12 11
34 22 34 27
12 7 25 7
25
41 24 41 27
0 19 21 19
16 41 16 49
26 6 26 13
0 13 0 29
26 43 26 47
22 11 42 11
8 45 43 45
0 16 2 16
21 18 21 34
33 10 33 49
21 36 21 45
37 6 37 14
23 10 23 16
6 35 15 35
33 35 37 35
6 37 10 37
42 41 42 47
12 12 12 22
19 24 43 24
13 36 25 36
10 34 10 46
9 40 14 40
18 31 22 31
31 14 34 14
6
29 13 40 13
26 30 40 30
35 20 50 20
39 4 39 32
35 22 35 38
32 46 33 46
10
40 6 49 6
8 2 24 2
11 4 11 21
33 14 47 14
46 2 46 16
7 5 39 5
30 2 30 6
22 17 22 26
3 21 32 21
29 17 29 21
29
30 4 39 4
32 29 36 29
13 18 13 22
18 29 23 29
37 17 45 17
16 43 16 44
12 31 12 36
31 33 31 45
40 6 40 27
25 22 25 23
36 2 36 9
6 13 23 13
13 44 42 44
5 31 13 31
41 39 41 46
23 42 23 44
10 36 21 36
27 38 36 38
45 23 45 25
32 18 32 33
27 15 27 22
35 20 35 24
36 41 36 46
7 15 7 26
40 25 46 25
18 20 18 49
34 8 42 8
29 30 32 30
3 22 40 22
30
8 38 18 38
14 4 23 4
22 25 25 25
22 4 22 14
22 18 22 20
48 47 49 47
38 39 38 42
25 40 25 46
35 0 35 15
43 13 43 17
35 27 49 27
2 24 13 24
46 18 50 18
35 22 35 34
46 13 46 28
10 27 10 31
26 42 38 42
24 14 24 32
10 22 10 25
46 30 50 30
10 44 48 44
32 24 32 42
3 14 47 14
10 29 33 29
6 4 6 28
14 32 14 48
48 26 48 47
20 19 25 19
17 23 17 31
40 13 40 17
9
24 25 34 25
28 4 28 45
22 40 29 40
41 31 44 31
33 24 45 24
24 20 24 25
25 38 25 40
22 15 45 15
41 7 41 35
28
28 32 40 32
33 20 33 21
13 15 16 15
20 1 47 1
44 10 44 15
2 28 7 28
1 13 10 13
31 18 31 35
10 21 40 21
15 1 15 35
6 30 9 30
34 11 47 11
23 1 23 13
24 13 24 25
34 30 34 32
38 10 38 24
14 18 16 18
1 12 1 27
42 1 42 8
7 8 27 8
7 27 7 44
6 37 7 37
7 8 7 15
0 34 16 34
34 24 38 24
1 44 7 44
33 0 33 3
30 25 32 25
132
15 39 21 39
31 44 46 44
34 16 34 19
46 0 46 7
28 27 30 27
26 10 26 12
30 19 31 19
30 22 30 25
38 11 38 40
24 8 24 11
35 40 38 40
8 42 12 42
35 29 35 31
11 1 11 2
26 4 34 4
33 7 50 7
4 8 20 8
15 44 19 44
11 18 11 22
29 7 32 7
41 46 41 48
13 31 13 35
42 35 46 35
8 35 8 49
23 3 26 3
30 35 30 40
44 3 48 3
15 44 15 50
44 44 44 45
38 38 48 38
0 19 10 19
38 23 43 23
4 1 4 12
45 26 50 26
17 13 20 13
4 30 15 30
40 5 40 11
25 16 25 26
37 11 41 11
28 34 28 36
41 11 41 13
19 10 32 10
24 28 24 34
23 25 23 26
3 34 6 34
3 23 7 23
29 39 30 39
15 25 18 25
32 30 32 31
23 26 26 26
17 43 20 43
14 2 14 9
44 16 49 16
25 35 25 36
48 41 48 50
2 39 6 39
32 28 42 28
36 39 36 44
23 33 23 49
35 26 35 28
23 42 25 42
20 7 21 7
32 48 48 48
36 16 36 17
19 8 19 18
11 19 25 19
48 30 48 39
4 20 4 45
44 35 44 43
37 26 39 26
31 20 32 20
42 30 46 30
38 31 39 31
27 44 27 47
26 33 26 35
43 19 43 24
25 17 38 17
7 47 8 47
7 41 8 41
18 39 18 41
13 23 16 23
16 35 39 35
46 24 46 28
21 12 21 22
28 9 28 10
34 33 34 36
15 31 37 31
39 42 39 47
8 4 10 4
9 49 9 50
35 6 35 9
18 29 18 32
23 39 26 39
25 0 28 0
10 36 17 36
9 47 15 47
37 33 41 33
32 46 32 49
20 45 28 45
20 43 20 45
44 43 48 43
8 12 11 12
6 35 14 35
20 35 20 36
24 24 27 24
12 41 12 44
13 36 13 37
9 2 16 2
48 46 49 46
1 10 1 32
37 30 37 31
3 27 4 27
28 22 33 22
18 34 18 37
29 26 29 31
15 15 15 39
49 6 49 39
9 10 10 10
31 2 31 22
26 0 26 6
4 44 6 44
40 13 43 13
30 2 32 2
9 4 9 14
20 7 20 8
11 36 11 40
5 49 23 49
0 12 5 12
42 25 42 30
19 16 20 16
21 30 21 32
3 37 4 37
15
24 9 24 41
30 8 30 13
2 36 14 36
0 37 9 37
36 7 36 9
19 36 28 36
24 27 33 27
24 20 30 20
2 9 38 9
4 46 15 46
12 13 12 15
14 0 14 10
2 25 16 25
8 15 12 15
9 7 9 50
7
1 8 14 8
2 16 12 16
0 9 5 9
15 34 19 34
5 6 5 48
4 28 26 28
19 28 19 46
12
26 20 30 20
39 5 39 16
28 24 28 25
29 25 29 35
11 25 42 25
37 5 49 5
42 19 42 32
20 8 20 17
17 19 17 31
17 12 39 12
27 10 27 25
46 1 46 7
15
11 26 49 26
19 38 27 38
35 37 42 37
31 22 31 28
33 26 33 29
32 19 39 19
21 23 21 29
25 19 25 44
32 9 41 9
16 21 16 32
23 41 25 41
37 5 42 5
14 22 17 22
38 5 38 39
45 20 45 28
6
20 32 29 32
11 32 11 48
26 26 26 47
10 38 11 38
8 46 34 46
14 30 26 30
9
12 11 37 11
3 5 17 5
26 31 32 31
17 0 17 15
23 23 23 25
22 24 31 24
25 12 25 24
17 38 28 38
27 11 27 41
41
19 35 19 38
18 38 18 41
21 18 26 18
6 10 46 10
20 19 20 24
31 35 31 47
14 34 14 35
37 8 37 10
6 7 6 15
1 1 1 4
1 4 15 4
12 38 49 38
32 7 32 11
37 33 37 38
23 28 23 43
34 28 48 28
8 40 8 44
2 0 2 22
7 25 14 25
10 0 10 11
7 23 7 39
1 41 13 41
43 7 43 43
13 17 13 25
16 10 16 17
40 18 45 18
49 37 49 41
14 8 14 11
1 17 6 17
24 7 24 28
5 12 7 12
8 7 12 7
37 23 37 29
37 42 37 48
11 46 16 46
1 35 14 35
12 36 12 48
23 47 38 47
13 22 30 22
19 43 26 43
22 13 26 13
16
19 26 19 38
16 38 16 48
32 31 32 32
17 9 17 19
17 31 35 31
13 38 24 38
33 25 35 25
28 4 28 17
22 17 22 18
27 8 29 8
24 37 24 42
33 30 33 32
31 29 31 34
35 14 35 37
9 17 45 17
25 27 25 31
14
28 10 38 10
25 43 39 43
36 34 46 34
44 24 44 34
42 10 42 26
28 16 31 16
28 7 28 34
19 13 30 13
39 25 39 27
40 32 40 38
38 15 46 15
14 25 45 25
42 12 44 12
15 16 15 25
32
45 27 45 35
12 41 16 41
14 31 14 42
10 23 22 23
32 3 32 5
25 46 25 49
25 9 37 9
27 40 27 47
27 24 27 30
43 15 43 22
35 37 40 37
10 37 24 37
18 29 46 29
47 45 47 47
13 49 15 49
37 2 37 46
31 44 31 47
14 45 14 49
21 23 21 37
19 32 22 32
30 21 37 21
20 35 21 35
31 28 31 29
37 19 43 19
18 44 18 49
37 15 40 15
30 5 38 5
23 37 23 38
10 44 10 47
4 46 50 46
7 41 7 46
35 45 35 47
15
16 13 16 19
17 3 17 7
30 2 30 6
3 40 28 40
16 11 25 11
1 3 38 3
17 31 31 31
10 19 34 19
17 5 18 5
13 0 13 6
23 3 23 40
13 32 23 32
21 25 24 25
4 1 4 17
12 39 12 47
32
5 28 16 28
13 19 17 19
15 2 15 48
28 48 50 48
40 21 49 21
45 7 45 13
7 13 7 16
37 41 37 44
45 14 45 28
27 44 31 44
13 34 16 34
37 27 37 32
37 41 44 41
40 40 44 40
23 32 23 41
30 8 30 29
26 28 45 28
14 7 17 7
46 38 46 48
32 27 32 35
9 37 35 37
44 28 44 43
15 23 20 23
37 15 49 15
41 37 46 37
10 5 15 5
28 33 28 37
13 10 15 10
27 10 48 10
4 16 34 16
31 37 31 48
13 46 20 46
15
22 35 24 35
23 27 23 35
26 21 29 21
6 27 6 32
6 18 27 18
10 12 15 12
19 7 19 30
12 10 20 10
13 9 13 13
23 33 31 33
26 16 26 24
18 22 21 22
14 15 14 19
11 17 11 23
6 29 25 29
51
17 13 23 13
17 40 17 41
2 27 2 33
1 10 4 10
34 1 34 3
1 5 1 6
21 43 21 46
40 25 43 25
17 43 17 48
18 2 35 2
28 39 30 39
17 23 20 23
49 6 49 8
0 5 21 5
18 28 21 28
15 24 15 44
12 40 17 40
33 9 34 9
13 24 17 24
35 23 35 39
38 17 38 21
44 44 44 45
39 23 41 23
40 36 47 36
28 32 28 49
16 23 16 24
34 6 34 11
8 33 8 38
32 6 50 6
26 18 26 29
38 40 44 40
48 16 48 24
18 19 49 19
22 19 22 20
24 41 24 45
21 34 36 34
13 20 20 20
1 33 18 33
47 31 47 37
4 3 4 13
21 25 21 40
25 6 25 17
13 43 13 46
20 2 20 23
18 10 21 10
41 6 41 45
45 6 45 9
6 44 46 44
9 41 9 44
25 11 37 11
28 1 28 9
11
31 36 36 36
8 34 19 34
19 21 19 37
23 13 34 13
8 39 20 39
48 17 48 26
15 22 48 22
31 10 31 40
42 19 42 25
38 20 38 26
17 30 19 30
52
35 39 35 41
25 32 25 38
16 28 16 31
9 25 9 33
17 17 20 17
22 4 22 6
38 14 38 23
14 40 14 50
41 35 45 35
28 37 28 49
27 48 30 48
15 35 22 35
26 20 26 21
22 4 45 4
32 8 35 8
32 38 32 44
11 19 11 24
3 40 3 41
27 3 27 6
21 34 34 34
14 29 14 30
4 22 4 27
30 26 30 39
8 18 8 25
3 40 15 40
14 50 17 50
9 10 9 19
11 18 16 18
43 38 46 38
29 18 29 26
20 17 20 46
17 41 44 41
44 32 44 48
33 0 33 21
7 11 22 11
30 15 34 15
33 18 38 18
11 48 15 48
13 21 34 21
15 15 17 15
13 45 23 45
41 4 41 5
43 44 45 44
2 13 2 30
2 14 11 14
28 38 30 38
17 5 17 16
30 11 36 11
1 29 24 29
8 27 10 27
4 24 15 24
15 15 15 24
23
17 37 17 41
19 24 19 31
28 2 28 10
44 9 44 22
10 10 10 38
23 3 33 3
4 23 4 25
29 18 29 23
3 25 28 25
7 39 17 39
23 23 23 27
43 14 44 14
2 10 46 10
19 20 30 20
40 9 40 11
43 16 46 16
38 20 48 20
6 1 6 13
9 37 19 37
29 23 32 23
46 1 46 11
24 7 24 20
27 22 27 25
10
33 31 36 31
34 0 34 38
22 1 35 1
31 24 34 24
14 25 37 25
26 35 42 35
28 0 28 3
14 5 14 35
5 12 21 12
31 12 38 12
13
33 28 33 40
17 33 20 33
15 40 49 40
17 4 17 9
45 37 45 42
45 38 46 38
39 14 50 14
19 5 19 48
14 18 28 18
24 20 24 26
15 9 20 9
49 5 49 46
10 24 24 24
24
33 44 46 44
26 36 26 38
17 20 48 20
3 2 18 2
21 12 25 12
11 9 26 9
29 19 29 21
34 13 34 22
30 14 35 14
39 8 50 8
33 3 43 3
36 36 36 47
41 40 41 45
43 0 43 43
16 29 29 29
23 2 23 43
38 0 38 6
15 2 15 13
37 1 38 1
37 38 45 38
17 43 23 43
20 5 36 5
18 38 36 38
31 18 31 20
31
13 24 13 40
12 26 21 26
34 38 34 42
38 29 38 36
30 40 34 40
31 27 31 47
43 37 43 47
18 25 18 26
24 3 42 3
36 2 36 23
42 18 42 32
5 35 48 35
9 32 9 35
42 34 42 35
23 46 34 46
34 11 41 11
20 17 20 31
24 2 24 4
46 32 46 38
30 33 32 33
39 0 39 4
17 30 20 30
6 33 6 37
27 25 27 35
34 42 50 42
22 30 22 38
24 35 24 36
37 29 40 29
15 20 44 20
29 31 32 31
25 46 25 48
83
2 19 10 19
15 31 15 34
42 21 42 39
34 10 34 13
14 10 16 10
14 36 14 43
47 8 47 12
12 25 12 29
27 8 32 8
39 18 40 18
28 25 33 25
32 28 32 29
36 25 36 32
44 12 44 16
24 25 24 34
23 13 23 22
33 20 44 20
11 31 15 31
5 29 42 29
3 18 3 19
29 0 29 5
15 33 19 33
41 21 43 21
34 35 36 35
28 18 28 19
13 2 13 4
9 28 9 32
16 8 26 8
21 16 26 16
38 46 45 46
19 6 19 10
9 17 9 19
36 19 36 22
1 22 1 26
14 13 21 13
22 12 47 12
3 13 6 13
15 20 24 20
39 37 39 46
42 16 47 16
5 9 12 9
5 9 5 32
35 32 37 32
31 42 40 42
46 15 46 31
31 35 31 48
42 23 45 23
37 15 40 15
24 8 24 14
27 28 27 30
45 20 50 20
20 13 20 16
20 0 20 2
38 7 40 7
27 34 34 34
31 37 33 37
42 25 43 25
15 14 16 14
34 32 34 37
13 37 23 37
26 18 31 18
18 19 18 39
39 6 39 20
26 2 26 4
44 43 44 47
3 1 10 1
21 34 26 34
30 5 30 41
10 1 10 10
30 21 34 21
37 39 43 39
12 41 15 41
23 48 36 48
4 17 5 17
5 32 7 32
10 2 32 2
15 9 15 22
26 40 26 41
40 32 42 32
1 25 6 25
11 15 16 15
29 16 30 16
23 40 30 40
13
33 19 33 27
2 2 2 12
47 17 47 19
0 7 30 7
25 2 25 12
18 19 47 19
36 13 36 20
18 5 18 27
29 17 29 21
30 9 30 19
8 0 8 8
7 3 9 3
12 4 12 10
35
24 37 24 50
27 36 28 36
14 37 14 38
21 11 34 11
23 17 23 37
15 21 26 21
29 43 29 45
3 22 3 31
1 5 15 5
2 40 7 40
6 29 8 29
7 29 7 33
17 20 17 25
30 21 32 21
32 32 42 32
6 38 29 38
28 22 28 41
42 30 42 37
12 9 28 9
15 3 15 22
32 15 36 15
11 25 11 35
21 44 33 44
14 15 17 15
6 33 6 47
31 20 42 20
8 4 8 5
2 31 26 31
32 6 32 50
32 39 38 39
11 18 17 18
3 46 10 46
32 47 41 47
21 25 24 25
3 2 3 7
54
18 23 18 25
28 8 32 8
32 11 48 11
24 29 26 29
0 16 12 16
5 7 9 7
8 45 8 47
43 1 43 11
14 0 14 5
29 13 32 13
5 44 5 50
16 10 16 12
36 0 49 0
26 19 35 19
8 34 8 36
20 2 20 5
20 17 20 20
4 25 19 25
38 6 38 35
5 13 5 19
27 45 27 48
13 18 25 18
18 2 18 3
32 34 32 35
6 12 17 12
31 0 31 20
16 43 16 47
24 24 42 24
11 24 11 49
25 16 25 38
2 1 2 2
1 2 37 2
4 24 4 26
10 44 18 44
0 48 5 48
36 6 39 6
48 4 48 18
31 24 31 26
9 40 14 40
28 35 39 35
27 16 27 20
15 47 34 47
9 33 13 33
4 46 11 46
13 22 13 26
38 20 41 20
9 2 9 26
6 20 9 20
41 9 41 12
37 0 37 5
35 22 35 26
20 27 25 27
8 36 34 36
9 6 12 6
51
26 7 27 7
5 17 8 17
17 12 28 12
2 7 10 7
7 20 11 20
40 7 43 7
19 28 25 28
3 14 7 14
16 18 18 18
7 0 7 5
25 32 25 35
37 2 37 3
34 16 47 16
3 24 31 24
15 9 18 9
38 46 43 46
10 1 26 1
5 6 5 17
30 15 30 20
17 22 18 22
38 21 41 21
4 12 5 12
8 27 9 27
37 43 40 43
32 18 32 23
26 0 26 11
12 16 18 16
17 8 17 26
24 2 24 13
37 25 47 25
32 48 39 48
22 20 22 28
22 11 22 12
22 33 41 33
26 12 26 20
8 17 8 33
34 0 34 3
29 24 29 37
43 25 43 27
43 3 43 18
38 28 40 28
24 18 33 18
2 31 12 31
38 41 40 41
36 14 36 18
26 3 48 3
36 39 49 39
2 31 2 38
6 4 25 4
39 15 39 50
41 13 44 13
142
3 7 5 7
18 12 18 21
11 23 26 23
38 29 38 30
25 8 26 8
33 45 36 45
27 44 27 49
41 3 41 5
9 36 14 36
21 37 25 37
7 11 7 14
35 7 49 7
48 24 48 26
7 3 7 6
31 1 31 4
5 45 9 45
4 39 11 39
28 20 32 20
42 43 49 43
43 7 43 8
30 42 30 45
17 3 17 5
1 30 2 30
22 0 22 5
44 4 44 7
5 24 15 24
24 40 25 40
10 4 10 39
24 49 45 49
49 41 49 47
32 20 32 23
24 11 24 18
2 37 6 37
5 21 5 27
1 0 1 15
31 35 37 35
37 5 37 9
14 28 15 28
40 37 46 37
26 20 26 24
7 30 43 30
32 39 40 39
40 17 48 17
22 29 23 29
1 2 2 2
38 19 41 19
6 31 6 32
30 26 30 33
44 45 46 45
17 27 17 28
20 18 28 18
21 19 21 24
16 23 16 27
31 33 31 43
16 42 16 44
18 43 18 44
43 19 43 44
49 42 50 42
2 31 7 31
49 6 49 12
32 37 32 42
27 24 29 24
23 23 23 29
3 27 7 27
42 16 42 17
2 1 5 1
15 27 17 27
1 23 3 23
37 13 37 15
7 37 7 45
20 10 20 14
42 35 44 35
9 15 19 15
36 43 37 43
40 28 40 32
4 39 4 41
26 18 26 19
28 43 28 44
9 32 10 32
29 27 30 27
0 15 0 36
9 17 11 17
20 41 20 48
0 15 1 15
15 24 15 26
40 41 43 41
22 2 23 2
17 13 40 13
20 29 20 31
4 4 41 4
16 44 30 44
5 42 9 42
34 12 34 18
3 27 3 30
40 5 40 19
24 35 27 35
10 10 14 10
24 25 24 44
41 33 44 33
13 36 13 37
45 44 45 50
47 17 47 18
44 17 44 23
45 23 45 25
32 7 33 7
34 48 34 50
50 5 50 25
2 13 2 37
33 44 33 46
34 42 36 42
7 19 12 19
28 22 29 22
23 19 23 20
35 27 35 37
4 0 4 9
41 24 50 24
15 1 15 5
41 48 41 49
33 18 36 18
48 14 48 17
38 1 38 6
28 30 28 31
7 30 7 31
34 39 34 40
29 48 29 49
6 36 6 37
38 12 38 13
23 15 24 15
32 4 32 8
30 8 30 13
36 38 36 50
15 27 15 32
45 13 50 13
34 8 37 8
28 17 28 24
40 36 40 37
39 35 39 39
15 15 15 16
22 34 24 34
18 19 23 19
25 4 25 8
1 12 11 12
59
20 50 45 50
4 30 8 30
24 22 24 27
21 40 24 40
3 12 7 12
40 9 40 26
2 9 49 9
29 5 33 5
10 6 10 10
27 33 27 34
46 15 46 16
40 19 44 19
28 7 29 7
5 25 24 25
15 19 19 19
0 11 0 44
0 39 12 39
5 3 5 18
33 46 33 50
44 24 44 33
38 25 46 25
49 15 49 18
23 14 27 14
12 39 12 40
28 22 41 22
11 50 14 50
23 43 49 43
0 2 0 8
16 31 20 31
21 30 21 50
13 43 13 50
48 32 49 32
28 21 28 23
39 12 40 12
32 4 32 9
34 38 34 46
16 7 16 36
0 4 8 4
25 9 25 16
10 45 10 46
31 22 31 40
49 32 49 48
44 15 50 15
42 30 42 33
6 24 6 32
48 28 48 32
17 45 17 49
1 18 7 18
15 36 19 36
10 25 10 26
42 31 48 31
46 4 50 4
5 46 21 46
48 2 48 15
7 35 7 50
31 39 37 39
21 33 36 33
24 38 24 42
29 7 29 10
20
30 9 32 9
29 36 39 36
23 9 25 9
32 8 35 8
37 32 37 36
11 12 34 12
19 38 25 38
32 16 33 16
30 1 38 1
31 42 35 42
21 2 21 50
32 1 32 42
25 9 25 13
37 33 38 33
19 27 24 27
28 18 36 18
17 45 26 45
16 18 21 18
24 46 35 46
28 17 28 21
83
37 29 43 29
27 5 27 27
4 10 12 10
8 44 9 44
21 12 21 17
22 11 22 12
10 26 21 26
39 28 39 44
41 36 47 36
27 25 35 25
3 32 4 32
26 4 26 6
2 35 4 35
18 26 18 27
8 29 10 29
12 37 12 39
30 27 31 27
33 10 33 14
23 30 23 33
41 2 41 6
18 46 21 46
32 4 47 4
29 37 34 37
46 24 47 24
37 40 37 41
26 27 28 27
16 23 16 35
0 41 2 41
11 48 11 50
33 41 44 41
35 39 35 44
9 49 35 49
10 21 10 29
5 46 5 47
25 45 25 50
20 24 20 26
11 12 39 12
21 37 21 39
28 40 28 41
10 11 10 19
19 16 23 16
48 33 48 34
0 37 0 46
32 48 50 48
29 48 29 49
11 3 11 18
35 21 49 21
24 2 24 8
22 18 27 18
4 15 4 38
14 36 14 39
3 43 3 49
9 42 9 49
26 16 30 16
19 34 19 50
7 41 10 41
46 3 46 11
8 37 8 42
34 23 34 27
43 41 43 43
24 6 28 6
24 33 24 43
7 18 7 19
44 2 44 5
4 28 8 28
31 22 31 39
46 12 46 48
44 8 47 8
0 19 12 19
37 36 40 36
1 23 7 23
1 46 10 46
13 33 41 33
1 15 4 15
16 30 18 30
9 6 16 6
36 3 36 15
28 33 28 34
49 12 49 14
0 38 22 38
20 40 28 40
45 33 49 33
43 13 50 13
18
27 31 29 31
36 11 36 22
16 9 16 38
1 23 3 23
24 26 24 30
2 7 2 13
3 23 3 28
16 18 17 18
20 25 20 30
27 5 27 33
13 10 22 10
5 27 5 28
23 13 32 13
2 28 29 28
1 11 3 11
14 22 16 22
25 6 35 6
15 12 16 12
27
26 35 41 35
44 26 44 35
4 15 4 36
4 33 13 33
18 23 36 23
28 10 28 11
32 1 47 1
4 18 14 18
0 25 6 25
36 29 44 29
12 4 12 19
9 10 35 10
3 27 4 27
32 0 32 12
28 41 42 41
36 16 36 35
47 1 47 5
26 17 31 17
26 5 26 31
28 38 28 48
5 2 5 12
9 5 9 6
11 28 11 46
18 18 21 18
4 45 28 45
19 18 19 23
5 5 13 5
11
6 31 13 31
19 10 27 10
18 44 31 44
6 16 32 16
8 9 8 39
5 37 8 37
13 38 22 38
8 24 12 24
22 0 22 50
18 4 30 4
4 38 9 38
6
29 38 29 49
22 38 41 38
11 41 49 41
1 6 1 11
19 29 20 29
20 49 41 49
6
6 19 28 19
21 5 21 13
12 8 46 8
4 3 15 3
12 23 14 23
13 8 13 24
12
15 16 15 28
27 18 27 27
8 22 48 22
8 19 8 33
37 33 37 34
29 33 40 33
44 18 44 23
50 11 50 26
32 16 34 16
33 7 33 39
12 1 12 11
2 7 45 7
17
38 30 46 30
4 18 47 18
12 34 12 40
43 7 43 30
17 29 23 29
9 2 24 2
18 8 31 8
10 15 10 21
4 2 4 38
1 38 16 38
4 26 6 26
16 1 16 5
9 2 9 12
35 13 35 25
21 1 21 31
16 18 16 20
19 13 23 13
44
6 48 9 48
34 5 34 45
39 48 46 48
3 22 6 22
0 30 0 38
8 50 21 50
29 20 34 20
30 31 30 37
13 34 13 36
39 38 39 48
18 0 18 5
46 48 46 50
8 27 8 50
5 3 21 3
40 19 40 20
15 45 15 50
18 36 20 36
46 19 46 32
28 9 39 9
4 13 4 24
30 14 35 14
5 0 5 7
7 38 10 38
15 24 17 24
32 29 47 29
39 20 47 20
26 27 26 39
4 45 11 45
38 28 38 32
31 19 31 22
17 21 17 40
11 22 26 22
37 31 38 31
15 31 18 31
0 34 34 34
42 40 42 42
42 27 42 31
24 16 24 23
3 15 18 15
19 36 19 39
13 28 22 28
15 2 15 22
32 41 43 41
44 24 47 24
14
0 19 50 19
49 1 49 25
1 3 1 33
11 16 11 26
18 28 24 28
21 31 21 49
20 17 20 38
40 32 44 32
40 17 40 49
27 45 47 45
17 14 17 19
16 45 16 47
8 47 22 47
39 33 41 33
39
5 21 8 21
33 29 49 29
43 22 46 22
2 31 29 31
33 43 38 43
29 47 29 48
8 6 8 24
22 19 22 40
39 20 42 20
20 8 21 8
13 49 18 49
18 40 27 40
16 6 16 14
48 26 48 50
2 2 2 38
38 17 38 23
39 20 39 36
37 17 39 17
18 43 19 43
1 2 41 2
20 30 20 31
43 2 43 19
19 24 22 24
9 34 11 34
30 33 30 47
3 19 9 19
9 25 9 34
24 47 50 47
5 23 14 23
47 41 49 41
29 33 37 33
36 43 36 48
19 19 49 19
20 8 20 19
18 39 18 49
46 38 48 38
45 18 45 28
26 46 26 50
8 11 22 11
9
31 11 31 17
34 3 42 3
35 0 35 21
17 0 37 0
10 13 35 13
24 8 24 16
11 8 11 15
45 7 45 14
34 11 46 11
29
25 8 25 15
37 15 37 20
14 25 14 27
23 3 29 3
10 20 10 35
18 30 18 32
18 30 19 30
5 0 5 12
36 19 44 19
19 0 19 30
31 0 31 1
42 0 42 23
26 26 26 45
0 8 0 20
37 7 44 7
29 0 29 4
31 45 31 49
17 22 20 22
42 12 44 12
0 10 7 10
11 17 23 17
33 41 33 46
3 0 49 0
39 14 43 14
17 6 22 6
41 16 49 16
15 11 26 11
26 45 36 45
9 27 31 27
34
23 5 25 5
30 37 47 37
46 32 46 44
43 6 43 14
6 25 6 44
37 15 37 16
0 37 0 42
16 41 16 46
39 10 39 15
31 26 45 26
33 35 33 39
1 33 1 40
25 1 25 17
40 38 46 38
0 42 21 42
22 15 39 15
22 2 34 2
38 26 38 42
26 7 46 7
13 15 20 15
14 19 16 19
46 7 46 8
16 5 16 31
37 0 40 0
43 14 46 14
10 9 28 9
1 26 28 26
31 11 31 26
32 3 32 11
20 40 20 42
24 26 24 27
1 36 10 36
27 23 27 31
37 0 37 8
29
8 25 8 35
26 36 32 36
34 42 34 49
32 15 37 15
22 40 22 50
14 21 22 21
5 44 24 44
32 23 36 23
30 39 41 39
6 18 16 18
43 20 43 21
35 13 35 44
20 49 34 49
30 35 30 40
6 29 37 29
49 3 49 29
35 33 39 33
6 16 6 18
15 9 15 46
34 20 49 20
6 39 6 46
11 12 31 12
27 10 27 18
18 29 18 31
20 8 20 14
13 24 18 24
28 28 28 34
25 18 34 18
41 35 41 50
13
28 16 28 17
20 16 29 16
41 14 41 25
41 17 48 17
12 36 48 36
30 21 30 48
26 50 38 50
20 33 20 40
25 44 34 44
22 15 22 25
48 8 48 18
46 31 46 38
18 24 46 24
35
0 12 13 12
43 4 43 9
36 39 47 39
11 27 50 27
16 42 16 43
43 33 47 33
36 9 49 9
13 10 20 10
38 35 38 41
0 43 22 43
41 23 41 28
10 41 10 50
13 7 13 45
34 14 34 29
9 20 9 25
9 22 17 22
31 27 31 38
48 3 48 28
14 46 14 50
42 47 47 47
44 4 48 4
14 46 32 46
13 39 14 39
41 6 41 12
24 35 38 35
5 37 5 47
0 43 0 48
0 10 0 16
23 27 23 31
17 10 17 11
24 35 24 50
29 18 38 18
45 27 45 49
7 11 7 14
18 9 18 10
39
27 15 27 24
38 29 38 33
44 9 44 47
2 34 9 34
7 13 7 39
5 22 25 22
20 16 46 16
22 28 25 28
38 41 38 46
30 8 42 8
21 45 21 47
43 13 46 13
31 44 31 46
14 38 14 46
36 30 47 30
25 19 25 38
27 37 27 46
5 38 15 38
40 39 45 39
41 22 50 22
38 7 38 9
33 43 33 48
13 22 13 24
26 38 29 38
20 36 25 36
40 44 40 49
42 36 44 36
4 34 4 37
5 17 7 17
17 15 21 15
9 45 48 45
11 44 11 47
24 32 29 32
40 39 40 40
25 12 25 16
29 13 29 16
18 12 18 22
32 47 34 47
35 5 35 20
15
8 4 8 16
33 2 33 49
30 20 50 20
33 43 44 43
7 16 7 20
33 12 38 12
33 35 38 35
3 6 48 6
17 5 17 11
42 3 42 10
6 16 12 16
48 16 48 28
41 14 41 23
37 3 37 8
18 27 18 41
