60
6
27 3 27 37
2 16 2 30
0 18 44 18
27 3 37 3
21 16 21 22
11 32 28 32
19
28 28 28 31
15 8 15 19
37 25 37 31
4 0 4 33
5 5 5 10
31 39 31 46
1 10 9 10
21 15 21 29
1 16 15 16
23 42 35 42
41 35 43 35
31 23 31 30
4 29 42 29
14 39 24 39
3 0 35 0
11 11 19 11
14 29 14 33
42 24 42 37
23 29 23 44
6
20 8 22 8
34 38 34 47
15 7 26 7
10 42 41 42
0 31 21 31
10 19 10 44
23
15 36 15 45
33 18 33 28
6 3 28 3
7 24 7 35
4 35 4 49
43 0 43 44
1 18 10 18
2 17 2 48
7 41 7 42
18 20 18 25
38 30 47 30
3 42 16 42
38 35 38 36
3 10 6 10
4 24 33 24
32 20 50 20
23 21 23 40
6 3 6 21
36 7 49 7
5 24 5 26
40 34 40 38
15 36 48 36
31 32 31 42
27
22 45 42 45
37 13 41 13
11 26 29 26
13 18 13 44
22 21 43 21
37 21 37 24
37 17 46 17
49 26 49 45
12 18 14 18
22 36 27 36
23 12 23 21
31 41 33 41
23 35 23 49
2 40 25 40
26 21 26 30
41 44 41 49
46 16 46 19
30 16 30 21
18 26 18 30
40 10 40 30
37 26 50 26
28 16 33 16
26 35 26 37
6 36 6 42
11 20 14 20
32 40 32 48
39 11 41 11
36
33 27 47 27
40 3 41 3
2 27 17 27
18 22 37 22
5 29 8 29
44 17 46 17
30 22 30 24
43 32 45 32
21 36 21 46
45 3 45 39
35 31 35 37
44 26 44 27
8 17 8 28
16 9 16 18
13 9 36 9
13 16 13 18
6 10 6 18
6 17 18 17
18 21 18 25
26 9 26 40
18 37 38 37
15 24 15 30
25 29 32 29
0 44 23 44
45 14 47 14
37 21 37 32
36 6 45 6
45 3 46 3
34 17 34 23
39 1 39 6
0 40 0 50
34 6 34 12
6 28 6 46
41 5 41 7
44 34 47 34
43 24 45 24
23
32 27 37 27
33 3 33 47
28 16 28 19
31 5 38 5
31 38 35 38
44 0 44 45
17 12 17 20
21 19 21 25
38 10 46 10
38 29 48 29
32 34 38 34
30 45 30 49
6 19 47 19
33 11 38 11
41 36 44 36
32 17 35 17
38 7 38 12
41 19 41 21
36 26 36 29
32 42 33 42
10 17 10 23
30 24 33 24
24 45 33 45
8
17 17 28 17
47 13 47 28
39 3 39 13
39 22 39 30
27 13 47 13
27 24 48 24
27 14 27 24
32 10 32 13
66
17 20 17 24
2 18 12 18
31 8 31 16
16 43 36 43
22 24 35 24
24 36 28 36
39 34 44 34
41 4 42 4
7 5 16 5
33 38 45 38
41 47 45 47
10 30 29 30
38 43 49 43
38 1 48 1
10 9 10 33
5 11 18 11
39 20 39 22
4 16 4 22
13 8 38 8
26 8 26 9
16 40 16 45
12 17 12 18
22 47 25 47
24 23 24 48
18 9 18 11
26 23 26 24
29 50 43 50
6 33 11 33
32 27 40 27
32 20 39 20
6 33 6 50
41 24 44 24
37 13 45 13
23 28 25 28
18 17 24 17
30 23 30 27
28 17 34 17
26 13 26 19
41 6 43 6
9 13 10 13
33 14 40 14
25 16 33 16
18 14 18 20
16 22 22 22
33 38 33 43
38 4 38 9
42 0 42 50
34 13 34 29
2 50 25 50
16 25 16 31
19 42 19 47
13 23 17 23
2 17 2 19
14 5 14 9
21 1 24 1
31 42 31 49
40 25 40 30
21 20 22 20
38 36 38 38
22 1 22 24
33 3 33 8
16 11 16 16
41 21 46 21
45 46 45 47
26 42 26 44
39 38 39 39
45
37 39 37 42
38 44 39 44
18 29 19 29
39 41 39 48
23 45 23 49
19 26 19 31
20 6 20 12
13 47 13 50
43 23 43 50
22 29 22 32
1 17 1 24
34 24 34 45
20 6 29 6
15 10 15 27
40 27 45 27
38 49 43 49
40 2 40 25
33 25 35 25
3 33 9 33
28 2 48 2
29 23 29 25
10 18 43 18
25 24 30 24
13 15 17 15
41 30 43 30
8 24 18 24
2 47 27 47
3 40 12 40
7 12 7 16
26 41 39 41
43 1 43 5
42 45 45 45
16 31 37 31
39 23 46 23
12 6 12 13
26 13 26 34
38 12 50 12
8 18 8 49
45 11 45 16
1 22 8 22
16 29 16 43
50 3 50 12
13 27 16 27
33 15 33 21
4 12 20 12
58
13 29 13 41
3 21 3 38
16 32 16 34
18 10 18 17
23 9 27 9
21 15 21 18
34 12 34 15
0 23 2 23
12 9 12 15
32 23 50 23
47 3 47 9
1 39 1 48
31 33 31 36
42 31 46 31
8 36 8 41
31 33 43 33
44 9 49 9
36 10 45 10
30 14 30 15
32 40 41 40
0 15 37 15
32 27 32 28
30 7 30 8
10 7 33 7
14 2 14 13
41 2 41 17
19 45 36 45
19 6 19 7
48 9 48 34
1 44 11 44
21 24 24 24
19 27 19 34
21 18 23 18
9 2 17 2
7 40 15 40
35 21 35 47
29 1 29 7
42 28 42 35
41 6 44 6
3 22 8 22
13 5 14 5
36 1 36 5
1 33 23 33
36 17 44 17
31 13 31 18
26 38 26 48
27 9 27 34
46 32 48 32
21 7 21 11
11 15 11 18
0 11 2 11
0 6 0 32
7 20 7 23
10 39 10 44
18 27 38 27
28 2 47 2
22 23 22 29
13 37 14 37
58
0 24 7 24
29 8 48 8
5 39 11 39
1 45 38 45
19 42 19 50
3 19 26 19
37 17 46 17
41 2 41 17
11 2 11 6
16 19 16 20
37 45 37 46
30 3 30 12
8 2 8 5
20 36 24 36
30 44 30 48
2 1 3 1
10 37 10 39
23 32 49 32
47 39 50 39
28 24 36 24
4 29 6 29
24 11 24 15
43 20 49 20
26 30 26 32
49 17 49 44
19 13 38 13
27 13 27 16
0 23 0 24
24 42 24 48
28 9 28 13
21 9 21 21
30 38 39 38
5 31 7 31
44 17 44 24
3 0 3 10
23 26 23 39
26 18 26 24
14 42 14 46
31 24 31 25
46 5 46 8
33 21 34 21
32 28 36 28
29 24 29 27
37 5 37 10
21 27 21 29
5 48 7 48
34 20 34 46
3 5 32 5
6 11 6 50
35 10 35 14
6 26 9 26
41 28 43 28
20 28 24 28
42 28 42 36
13 16 13 20
39 11 42 11
46 15 46 17
38 16 38 20
60
33 21 35 21
32 28 32 30
25 38 35 38
25 36 27 36
8 26 8 32
11 41 16 41
42 8 42 20
26 15 26 24
11 29 11 35
29 20 29 31
3 12 9 12
43 28 45 28
8 30 38 30
16 37 23 37
16 36 16 43
48 27 50 27
25 0 25 6
44 18 44 30
3 19 3 28
36 24 36 34
36 12 36 23
43 19 44 19
25 30 25 33
36 33 42 33
12 13 15 13
10 8 17 8
43 26 49 26
50 21 50 28
40 16 40 17
29 20 30 20
31 30 31 38
14 8 14 32
21 24 26 24
21 2 21 5
2 27 9 27
11 26 15 26
17 1 17 8
33 24 45 24
11 15 11 19
29 33 32 33
0 20 3 20
4 17 45 17
4 17 4 20
21 26 21 38
10 5 10 10
17 2 28 2
31 13 31 17
19 5 23 5
30 38 30 45
13 10 14 10
26 35 26 38
35 21 35 24
40 23 40 24
20 39 30 39
29 22 33 22
7 11 7 18
8 35 11 35
37 11 43 11
33 20 33 22
19 13 19 18
15
20 28 25 28
14 16 45 16
26 35 26 43
38 16 38 18
10 37 44 37
41 6 41 18
37 32 37 41
16 14 16 16
16 24 21 24
20 5 20 42
20 29 21 29
12 33 12 49
33 16 33 22
31 28 31 37
25 12 25 19
7
26 36 26 43
12 27 12 43
33 25 49 25
33 23 33 43
21 37 35 37
49 12 49 50
48 18 50 18
19
5 24 8 24
6 13 6 34
35 11 35 12
31 11 39 11
17 0 17 14
31 25 47 25
25 10 25 15
15 0 21 0
14 8 17 8
9 4 17 4
39 17 47 17
2 29 13 29
14 9 14 13
26 0 26 7
46 14 46 26
22 0 45 0
35 20 35 32
6 13 29 13
39 0 39 18
16
30 29 30 33
33 36 33 47
44 37 44 49
15 38 22 38
23 28 23 33
7 2 20 2
18 30 42 30
19 10 19 46
26 38 26 47
9 42 9 47
18 23 19 23
28 25 28 31
4 40 4 50
4 43 45 43
38 43 38 48
10 15 22 15
32
39 17 40 17
3 32 21 32
15 32 15 49
14 12 14 15
44 20 44 24
7 12 7 15
34 29 45 29
30 10 30 16
12 43 19 43
39 40 40 40
47 47 47 49
28 45 39 45
39 2 39 49
36 24 40 24
27 22 27 25
39 22 44 22
21 23 29 23
17 31 17 33
24 46 24 50
34 37 45 37
29 22 29 24
3 22 6 22
18 4 26 4
35 4 39 4
19 40 19 46
5 13 43 13
18 1 18 5
3 49 50 49
22 2 22 24
2 18 4 18
4 17 4 36
11 5 11 21
12
6 17 6 41
19 5 19 41
15 18 23 18
29 44 30 44
30 39 30 47
16 22 25 22
18 9 19 9
17 13 26 13
3 39 39 39
5 22 9 22
4 29 11 29
13 6 22 6
53
49 7 49 13
28 4 30 4
12 41 17 41
41 27 46 27
40 11 50 11
2 15 11 15
30 21 30 28
2 37 7 37
37 43 37 47
37 40 39 40
2 7 42 7
7 29 20 29
26 17 37 17
14 24 18 24
5 1 5 16
2 1 9 1
37 37 37 40
19 16 24 16
8 26 8 31
40 30 40 32
28 16 28 22
34 27 34 45
15 27 16 27
2 18 2 37
16 21 31 21
33 30 41 30
36 13 41 13
16 18 16 48
41 23 41 30
6 45 6 46
15 18 17 18
4 46 17 46
29 1 29 10
39 50 48 50
29 27 35 27
15 38 38 38
42 43 42 50
17 13 23 13
11 10 11 27
32 43 43 43
14 3 14 13
25 19 25 25
36 6 36 10
8 45 8 50
21 7 21 23
27 33 27 43
39 22 40 22
33 18 43 18
8 15 8 17
7 19 11 19
1 31 8 31
40 5 40 23
23 35 23 40
39
40 31 40 35
40 6 40 15
20 4 20 18
18 15 22 15
25 27 28 27
37 5 49 5
48 10 50 10
9 49 20 49
5 9 5 13
16 33 16 49
40 27 41 27
28 32 48 32
5 24 5 29
19 40 19 43
21 7 21 11
10 24 11 24
11 8 11 39
45 32 45 34
40 19 40 29
24 8 24 12
0 19 0 32
35 28 40 28
0 28 15 28
16 41 39 41
27 17 27 28
5 11 41 11
10 19 15 19
31 4 38 4
16 23 29 23
48 2 48 34
40 14 45 14
45 15 45 22
30 22 30 32
35 31 35 44
34 35 37 35
4 36 17 36
33 3 33 21
18 48 18 50
25 20 46 20
41
22 23 22 30
2 13 27 13
20 0 20 1
11 36 12 36
35 44 35 49
8 0 8 5
3 40 3 49
24 10 24 24
2 29 3 29
10 7 18 7
31 24 33 24
17 28 17 30
16 22 16 26
28 39 41 39
20 32 20 44
31 17 31 47
19 11 19 13
47 17 47 36
36 32 48 32
17 42 17 44
11 3 11 9
7 11 7 15
36 12 36 27
27 28 27 34
40 32 40 45
12 30 27 30
31 27 36 27
14 6 14 19
2 38 21 38
6 43 6 45
12 20 12 30
3 45 35 45
0 27 12 27
43 25 50 25
17 42 29 42
11 32 11 42
2 3 2 38
30 32 35 32
16 23 31 23
1 8 3 8
2 0 22 0
21
38 17 38 48
32 9 32 21
23 10 23 38
37 44 50 44
17 31 17 39
18 15 32 15
27 21 32 21
6 49 15 49
31 29 39 29
8 29 8 50
36 33 44 33
5 41 12 41
35 22 41 22
26 28 26 29
19 23 28 23
32 28 32 34
46 39 46 49
21 28 27 28
35 33 35 41
0 19 23 19
3 34 36 34
21
29 25 29 30
22 26 22 38
19 48 25 48
21 42 29 42
23 15 23 49
19 19 19 22
11 20 11 31
34 8 45 8
31 0 37 0
29 40 29 46
35 0 35 35
44 14 44 22
35 30 44 30
4 10 9 10
34 3 36 3
23 28 30 28
6 10 6 20
0 14 7 14
29 43 36 43
14 39 25 39
4 20 50 20
8
13 36 13 50
9 12 9 24
7 15 16 15
2 21 2 47
0 44 36 44
1 22 14 22
1 33 1 44
27 38 27 46
6
32 11 32 20
17 2 17 28
21 0 21 5
0 39 12 39
2 14 44 14
12 2 42 2
60
43 39 47 39
0 21 6 21
17 18 18 18
13 22 20 22
33 2 33 7
34 10 34 18
32 15 40 15
43 43 43 47
48 18 50 18
19 34 19 41
26 2 26 13
8 37 37 37
2 15 2 17
1 16 15 16
30 22 49 22
32 5 33 5
26 44 45 44
46 9 50 9
34 17 35 17
17 4 17 29
7 1 7 12
35 37 35 39
34 24 34 35
30 40 30 45
49 20 49 25
15 19 15 22
24 12 24 15
10 25 10 31
30 29 30 33
1 27 25 27
0 46 9 46
31 11 31 14
25 36 25 38
2 9 9 9
4 12 4 22
32 25 38 25
25 20 25 34
47 33 50 33
6 45 6 46
36 31 36 33
11 9 11 12
0 35 8 35
38 24 38 27
29 35 29 43
11 12 34 12
22 32 37 32
15 35 15 37
8 32 8 40
11 0 11 5
24 25 30 25
40 1 40 7
1 33 2 33
50 2 50 34
40 31 48 31
45 10 45 45
13 25 13 29
20 3 50 3
4 4 24 4
30 21 30 27
2 21 2 48
82
48 24 48 41
22 3 22 6
19 23 21 23
6 24 8 24
0 38 4 38
36 0 36 6
20 17 27 17
12 2 12 3
24 21 24 25
27 20 28 20
13 14 22 14
18 41 23 41
22 22 28 22
42 22 45 22
35 17 35 23
42 1 42 32
7 26 24 26
4 37 4 39
11 3 42 3
0 33 0 47
24 41 27 41
21 33 21 38
13 19 16 19
22 15 38 15
36 20 36 30
21 10 21 20
35 0 38 0
9 10 9 11
34 30 41 30
34 5 34 6
6 50 12 50
17 42 18 42
15 48 19 48
28 19 44 19
40 29 48 29
12 44 12 48
18 26 18 28
28 18 28 24
44 36 50 36
0 46 12 46
15 1 15 3
9 11 16 11
27 24 28 24
9 32 17 32
33 13 33 15
23 49 32 49
25 0 25 3
34 6 36 6
32 44 32 49
43 41 43 44
23 0 27 0
37 12 48 12
37 30 37 31
11 44 19 44
29 2 29 6
32 48 49 48
13 37 40 37
40 32 44 32
47 25 48 25
41 32 41 40
18 41 18 48
40 25 44 25
39 2 39 5
12 40 15 40
39 29 39 42
9 44 9 50
47 45 47 48
5 44 5 48
38 42 45 42
37 10 37 16
20 22 20 27
24 28 30 28
39 40 40 40
24 36 24 49
26 27 26 37
8 24 8 27
19 2 19 3
29 36 29 41
14 3 14 45
13 8 17 8
7 42 7 46
25 16 25 20
62
4 27 4 36
0 24 4 24
20 26 28 26
16 21 16 29
0 42 23 42
17 11 19 11
6 40 6 47
46 12 46 23
2 31 4 31
16 29 20 29
34 10 41 10
18 41 18 49
38 31 38 37
11 12 11 37
1 16 1 44
14 35 21 35
4 30 12 30
22 34 22 38
6 17 6 19
25 46 45 46
17 14 21 14
45 22 46 22
30 19 30 21
35 43 35 49
2 30 2 31
34 4 34 31
18 49 24 49
33 36 40 36
17 29 17 34
23 16 23 29
10 28 11 28
11 32 17 32
30 38 30 46
35 31 42 31
11 27 12 27
5 19 46 19
22 23 23 23
26 4 38 4
19 38 35 38
44 7 44 12
7 15 7 19
14 34 14 39
29 3 29 5
33 25 38 25
44 12 47 12
10 13 11 13
27 26 27 39
19 11 19 20
1 20 4 20
3 41 3 42
9 35 9 36
28 19 28 20
37 25 37 27
39 9 39 14
25 30 33 30
40 16 40 19
20 37 20 43
34 36 34 39
41 2 41 11
8 36 14 36
19 32 19 36
41 38 41 48
29
28 37 33 37
19 12 23 12
20 10 20 33
39 13 39 28
25 41 25 48
32 19 41 19
21 43 34 43
18 27 21 27
25 6 35 6
0 13 1 13
26 30 26 36
1 9 1 19
22 34 22 43
10 9 10 17
1 33 39 33
31 6 31 16
10 27 10 34
38 30 38 35
20 23 21 23
30 32 30 45
10 29 11 29
1 29 1 37
37 30 50 30
5 32 5 35
1 16 35 16
5 13 5 20
44 24 44 31
47 28 47 31
34 15 34 22
41
30 10 30 12
44 6 44 8
35 30 39 30
39 45 41 45
30 2 35 2
16 18 16 30
11 7 13 7
8 20 41 20
7 37 7 45
12 4 12 21
29 19 29 26
10 30 18 30
35 36 35 39
33 18 33 23
9 10 19 10
38 16 42 16
21 27 26 27
33 1 33 14
26 8 26 20
40 4 40 12
14 35 14 38
13 48 31 48
39 13 39 50
37 48 37 50
11 12 12 12
22 32 29 32
39 33 44 33
18 8 22 8
22 8 22 11
25 27 25 43
19 34 19 44
30 49 41 49
10 15 14 15
5 43 10 43
21 11 34 11
31 6 44 6
25 35 27 35
9 35 9 38
32 35 32 41
36 26 50 26
6 38 39 38
11
34 20 37 20
1 12 40 12
21 7 21 18
13 5 13 24
3 10 3 12
36 12 36 22
31 9 31 14
21 20 21 29
15 23 15 26
11 24 29 24
4 5 4 13
9
27 30 27 37
39 21 44 21
33 26 33 34
41 8 41 43
27 31 48 31
49 1 49 12
38 16 45 16
36 14 36 31
38 10 49 10
64
35 4 35 11
36 47 44 47
28 22 40 22
1 37 1 38
45 39 46 39
10 25 10 31
25 23 26 23
13 42 13 46
44 14 44 24
13 6 27 6
8 42 10 42
39 22 39 28
2 45 2 48
38 30 38 37
9 41 9 49
21 23 21 27
13 46 14 46
20 15 20 16
19 15 30 15
38 9 38 22
16 14 20 14
35 13 39 13
26 3 30 3
39 41 41 41
21 4 21 8
9 11 9 20
41 17 46 17
15 47 19 47
9 11 19 11
8 17 13 17
16 41 17 41
44 24 49 24
45 32 50 32
31 34 31 41
36 31 39 31
11 7 11 11
32 5 35 5
26 9 36 9
7 35 7 39
0 41 3 41
39 28 48 28
7 15 7 16
2 26 32 26
10 31 12 31
25 37 46 37
12 19 12 27
17 40 28 40
25 6 25 7
3 15 3 45
40 36 40 49
10 22 12 22
30 12 30 15
1 15 9 15
16 26 16 31
7 24 7 26
1 38 8 38
17 38 17 49
25 19 29 19
46 23 46 42
1 45 13 45
12 19 17 19
0 20 3 20
26 3 26 44
17 5 17 14
13
40 9 40 17
36 2 36 9
27 8 27 27
13 38 13 43
49 8 49 33
17 3 17 13
13 39 32 39
23 31 23 43
16 9 50 9
32 22 32 40
25 24 41 24
30 34 41 34
9 42 16 42
29
39 18 39 25
22 4 22 9
26 1 36 1
36 33 36 39
37 12 37 19
29 2 29 40
24 39 46 39
35 39 35 47
38 23 39 23
14 24 14 40
11 30 11 31
25 18 41 18
46 33 46 46
46 34 48 34
18 28 35 28
1 2 1 31
30 7 33 7
33 33 41 33
19 24 19 28
23 27 23 28
13 37 14 37
9 3 9 11
1 8 34 8
32 1 32 7
20 27 20 28
46 42 50 42
32 5 33 5
0 31 22 31
44 43 46 43
36
41 12 43 12
23 6 23 8
17 41 18 41
21 16 31 16
26 27 30 27
2 8 32 8
0 11 7 11
17 49 20 49
25 20 28 20
42 4 42 21
4 2 4 14
28 32 31 32
16 25 22 25
39 8 47 8
25 1 25 4
32 39 41 39
12 40 12 50
26 24 39 24
43 25 43 49
12 0 12 21
11 33 19 33
35 30 50 30
9 20 9 26
28 1 28 32
33 21 33 26
8 20 19 20
29 44 29 47
31 15 31 16
37 16 37 32
12 15 13 15
6 0 15 0
24 3 34 3
36 35 36 47
9 45 42 45
18 19 18 49
33 18 47 18
76
36 42 45 42
29 17 29 50
11 3 11 8
9 25 13 25
6 3 6 21
26 30 26 32
0 15 43 15
37 30 37 31
2 19 2 36
1 41 1 47
49 15 49 34
4 12 7 12
27 15 27 16
1 21 7 21
17 30 17 33
22 46 38 46
19 50 28 50
38 2 43 2
22 20 23 20
48 15 48 22
8 35 8 49
5 29 5 37
15 1 15 6
1 12 1 18
8 49 23 49
13 33 17 33
12 28 25 28
24 42 24 50
18 44 18 49
2 33 4 33
17 42 27 42
33 44 33 49
27 49 31 49
0 41 3 41
0 3 0 10
19 3 19 18
9 6 16 6
26 36 31 36
42 25 42 38
22 46 22 47
17 31 49 31
9 24 9 28
14 36 14 37
7 3 11 3
45 3 45 13
27 39 31 39
41 21 41 24
37 41 37 49
35 27 35 31
33 21 48 21
0 44 11 44
36 20 36 21
24 28 24 30
15 10 22 10
3 0 3 6
14 4 21 4
24 25 32 25
44 42 44 45
40 38 40 41
0 5 9 5
13 15 13 36
4 36 14 36
23 15 23 20
25 26 25 28
38 1 38 22
41 27 44 27
33 30 33 32
16 8 16 11
34 8 45 8
10 8 11 8
36 38 45 38
37 36 37 39
30 12 30 24
41 8 41 10
27 1 38 1
3 9 6 9
7
25 15 25 31
22 25 38 25
35 18 37 18
26 6 26 20
31 25 31 30
37 14 37 29
20 20 27 20
12
42 41 42 49
26 33 26 37
23 35 37 35
2 34 19 34
13 34 13 47
17 24 17 36
31 30 31 50
5 47 46 47
12 14 12 34
16 30 24 30
6 29 6 40
5 42 5 48
57
28 10 28 14
9 8 9 18
18 4 24 4
24 31 24 36
25 11 25 13
28 27 32 27
41 34 46 34
0 18 13 18
36 18 45 18
35 48 41 48
14 19 20 19
26 42 38 42
1 31 6 31
11 35 14 35
22 10 23 10
45 18 45 19
5 12 41 12
7 15 9 15
5 29 5 33
41 41 46 41
42 27 42 41
9 38 9 45
2 17 2 36
11 32 43 32
16 10 16 24
16 48 32 48
23 35 24 35
39 11 39 19
11 23 16 23
41 28 48 28
12 30 12 36
14 34 14 41
38 15 41 15
22 1 22 17
29 26 29 28
27 19 35 19
36 45 38 45
36 17 36 22
35 41 35 42
16 25 23 25
17 40 17 49
8 2 8 12
15 30 15 34
46 20 46 31
42 23 46 23
20 23 20 35
20 1 32 1
17 45 18 45
9 40 18 40
38 39 38 49
36 29 36 33
0 22 4 22
31 22 33 22
22 14 23 14
6 11 6 13
31 8 31 45
15 21 16 21
36
2 46 40 46
30 22 35 22
29 31 29 38
41 11 41 39
20 27 35 27
6 8 11 8
21 26 21 33
33 3 39 3
25 33 44 33
37 12 37 15
9 5 16 5
27 9 27 18
33 2 33 13
5 31 5 43
4 15 4 19
26 38 26 46
39 18 45 18
34 31 34 36
25 17 25 28
35 21 35 28
3 16 5 16
3 25 3 32
0 31 24 31
46 1 49 1
10 12 50 12
4 39 6 39
20 36 20 43
20 38 33 38
18 29 18 35
39 45 39 49
2 42 13 42
18 6 18 12
35 23 46 23
10 3 10 34
1 18 12 18
49 0 49 15
30
3 23 3 36
28 10 28 18
36 35 36 37
29 42 35 42
13 24 21 24
14 18 34 18
23 17 23 19
42 7 42 20
2 26 6 26
26 37 26 50
25 42 28 42
13 50 32 50
43 36 43 40
18 10 18 38
39 28 39 47
33 5 40 5
38 16 42 16
12 4 12 15
10 29 10 37
29 27 29 38
33 42 33 50
25 45 30 45
7 12 20 12
3 32 19 32
14 31 14 32
31 46 49 46
17 37 43 37
35 4 35 12
11 19 11 32
23 11 46 11
12
21 17 21 28
31 16 31 22
40 14 40 28
39 15 43 15
24 28 34 28
14 22 49 22
15 17 15 27
39 4 39 14
19 5 50 5
13 17 15 17
20 4 20 7
29 4 29 32
19
27 28 27 40
12 16 12 18
8 18 23 18
34 8 36 8
7 22 9 22
22 35 22 45
12 3 12 7
15 14 15 20
18 16 18 21
16 37 30 37
36 2 36 9
9 17 9 26
23 30 35 30
23 0 23 32
17 1 17 7
5 3 40 3
18 24 27 24
3 49 18 49
17 29 17 37
19
35 27 46 27
25 26 33 26
41 48 50 48
42 38 44 38
41 35 47 35
25 34 28 34
33 7 43 7
21 44 42 44
38 15 45 15
27 24 27 44
42 2 42 48
50 42 50 48
10 48 24 48
23 41 23 48
42 41 43 41
13 44 13 50
9 13 24 13
33 43 33 49
27 37 32 37
115
3 36 4 36
16 30 28 30
32 27 34 27
12 47 12 48
42 14 43 14
5 15 23 15
4 4 35 4
34 7 34 10
45 19 45 23
21 21 21 41
10 47 10 49
24 38 24 44
37 12 40 12
3 33 9 33
49 32 49 34
8 12 10 12
44 30 44 48
37 19 47 19
35 3 35 7
14 36 14 42
9 4 9 12
17 28 17 30
6 46 6 50
43 45 50 45
5 4 5 5
30 9 45 9
36 29 36 30
31 1 31 5
13 22 28 22
23 6 23 15
36 47 36 49
22 36 32 36
47 4 47 20
15 9 15 10
43 23 43 29
25 46 25 49
46 40 46 41
15 12 15 17
18 0 18 10
38 32 50 32
42 23 47 23
26 28 26 30
17 0 18 0
28 20 28 21
23 1 23 5
39 37 39 41
3 30 3 49
6 42 14 42
8 12 8 35
3 42 5 42
15 21 15 22
12 14 12 15
18 26 18 27
8 41 8 42
27 16 27 20
40 48 44 48
31 33 32 33
19 13 19 20
28 34 28 37
32 9 32 49
13 17 13 26
15 9 20 9
15 28 15 36
44 47 45 47
21 3 21 5
18 43 21 43
32 40 48 40
32 22 33 22
18 26 22 26
32 35 35 35
4 19 4 24
23 1 24 1
3 22 9 22
50 45 50 49
35 26 39 26
19 6 23 6
1 47 38 47
22 13 27 13
12 24 14 24
32 12 33 12
13 34 20 34
39 35 44 35
1 47 1 48
18 39 18 47
20 42 20 43
8 44 8 47
40 18 40 20
7 18 8 18
42 12 44 12
29 31 33 31
12 39 24 39
22 32 22 38
30 47 30 48
23 20 23 21
18 21 18 23
39 4 39 12
7 26 10 26
28 44 28 48
8 31 17 31
3 39 4 39
42 16 44 16
47 9 49 9
36 29 40 29
13 4 13 7
36 39 36 43
26 4 26 9
31 15 33 15
17 20 35 20
21 9 23 9
42 6 45 6
38 16 38 32
31 13 32 13
29 24 34 24
15 47 15 50
43 6 43 16
13
36 18 36 34
16 29 16 38
19 11 19 14
16 6 16 20
25 7 25 35
10 23 10 32
22 8 29 8
22 24 42 24
31 21 31 26
6 31 27 31
18 9 18 12
11 12 25 12
15 7 19 7
82
45 34 45 41
26 18 28 18
40 35 40 36
23 48 23 50
43 23 43 29
24 11 24 14
31 1 31 17
40 39 40 40
30 1 40 1
1 30 11 30
9 28 9 30
5 10 5 13
1 19 11 19
19 34 23 34
9 42 12 42
21 11 21 13
20 13 31 13
12 5 19 5
42 48 42 50
35 25 43 25
24 45 24 48
13 45 15 45
43 15 43 19
9 22 29 22
25 27 29 27
27 47 27 48
28 36 28 42
15 29 17 29
20 22 20 24
8 24 10 24
23 19 23 24
14 33 14 35
13 9 13 11
10 10 18 10
4 48 27 48
30 18 30 20
41 30 41 31
38 24 38 50
27 24 32 24
30 10 32 10
28 7 33 7
13 15 21 15
9 35 14 35
34 46 34 48
12 4 12 6
19 31 21 31
19 42 19 50
4 13 5 13
18 38 18 41
15 32 18 32
1 4 1 15
40 44 49 44
49 7 49 49
11 30 11 49
1 10 7 10
26 15 30 15
20 13 20 17
11 37 12 37
0 29 4 29
19 23 19 34
18 21 18 22
36 30 36 31
15 40 45 40
21 45 22 45
34 30 41 30
15 5 15 46
28 15 28 30
5 44 5 48
34 8 34 20
25 38 25 41
3 25 5 25
14 38 16 38
0 35 4 35
28 19 50 19
22 34 22 46
17 4 17 6
35 36 41 36
4 25 4 36
36 50 43 50
9 17 9 24
34 47 38 47
39 19 39 24
12
10 27 41 27
4 6 4 17
32 7 37 7
20 32 23 32
34 1 34 50
34 50 40 50
31 18 37 18
10 24 10 30
32 14 34 14
28 37 34 37
23 14 23 37
34 13 40 13
84
15 40 25 40
29 36 32 36
16 1 16 3
38 35 41 35
9 4 9 5
28 27 28 33
12 34 12 41
8 40 8 41
6 36 9 36
28 17 42 17
27 13 27 21
25 32 25 33
47 36 47 44
30 1 31 1
24 45 34 45
25 7 36 7
27 25 27 29
28 12 31 12
40 21 44 21
23 19 23 35
43 30 43 31
1 17 20 17
8 5 8 11
39 7 39 11
41 3 47 3
16 26 31 26
19 20 22 20
16 25 16 28
9 26 12 26
33 8 39 8
41 10 41 45
30 32 30 45
11 23 13 23
7 27 7 28
19 15 19 23
19 24 19 26
31 1 31 26
8 40 10 40
7 33 15 33
36 25 36 28
39 31 45 31
21 8 21 10
24 32 32 32
25 29 27 29
9 45 9 49
15 5 18 5
12 20 14 20
9 27 9 40
12 12 13 12
8 5 10 5
9 2 16 2
14 17 14 18
5 36 5 48
15 30 20 30
5 8 23 8
37 11 49 11
17 33 24 33
9 35 10 35
21 19 29 19
2 43 8 43
4 26 4 27
28 40 50 40
16 5 16 9
44 6 48 6
19 24 20 24
15 14 27 14
26 45 26 48
37 15 37 20
29 20 33 20
23 3 23 9
18 30 18 47
0 27 11 27
22 46 22 48
45 1 45 13
2 16 2 27
7 14 7 19
26 5 26 9
7 11 9 11
12 1 12 26
10 36 19 36
1 47 22 47
36 26 49 26
36 38 36 42
1 22 6 22
19
1 4 39 4
23 4 23 10
41 14 41 18
22 18 22 29
39 27 39 38
34 18 50 18
6 9 6 16
1 11 6 11
38 31 47 31
32 28 39 28
35 1 35 31
21 7 21 9
3 1 3 5
11 3 11 10
1 4 1 15
33 35 41 35
18 21 37 21
21 9 24 9
46 18 46 23
34
11 9 11 19
33 17 44 17
21 27 21 35
6 8 21 8
13 15 17 15
18 32 18 38
8 19 12 19
47 20 47 35
40 25 47 25
16 38 18 38
26 32 26 33
27 25 36 25
40 4 40 18
39 15 41 15
42 31 42 35
0 27 12 27
14 9 18 9
22 2 22 13
12 7 12 34
36 3 36 8
12 30 14 30
28 30 28 42
8 33 48 33
9 5 9 8
33 11 33 34
33 7 44 7
31 4 31 11
16 11 34 11
1 17 1 35
37 33 37 34
28 40 29 40
10 24 13 24
17 9 17 16
11 21 16 21
65
4 19 5 19
19 0 19 6
50 42 50 47
13 37 13 41
47 45 47 48
39 20 39 34
16 7 18 7
37 9 37 19
22 37 22 40
17 4 17 7
18 15 18 39
31 32 32 32
18 27 21 27
12 18 45 18
22 2 24 2
26 28 39 28
5 2 5 24
37 35 37 46
5 5 25 5
43 13 43 43
2 29 7 29
42 13 46 13
16 32 21 32
2 25 2 44
2 43 3 43
26 24 32 24
8 38 8 50
2 39 37 39
21 9 32 9
39 26 40 26
31 34 35 34
28 15 28 20
4 16 8 16
46 27 46 28
25 44 30 44
35 23 42 23
3 27 9 27
43 33 44 33
31 36 32 36
46 41 46 45
4 48 9 48
24 2 24 19
13 16 13 20
23 49 32 49
8 18 8 34
11 5 11 9
10 36 10 39
31 10 42 10
28 21 28 28
42 31 46 31
42 4 43 4
26 47 28 47
32 16 32 25
42 43 50 43
37 46 47 46
41 27 50 27
27 39 27 50
41 37 45 37
42 2 42 10
6 36 6 40
5 32 11 32
31 22 35 22
31 27 31 42
8 20 13 20
1 13 6 13
58
42 35 42 47
5 30 9 30
8 14 8 17
46 38 46 40
38 46 38 47
19 27 19 33
5 13 5 16
24 12 30 12
24 17 49 17
39 17 39 18
12 3 24 3
27 17 27 50
23 11 23 23
33 40 33 42
45 22 49 22
11 40 11 44
31 3 31 5
34 42 35 42
12 31 12 37
24 32 24 35
15 2 15 18
24 21 27 21
32 45 37 45
17 27 17 28
36 37 36 40
4 16 25 16
27 50 28 50
16 32 16 44
16 37 18 37
24 2 24 7
31 12 36 12
35 4 35 23
12 34 16 34
37 2 37 6
10 35 12 35
38 46 48 46
19 48 32 48
3 35 6 35
35 25 35 31
30 15 30 19
27 5 27 12
17 27 35 27
46 5 50 5
16 33 24 33
47 44 47 47
49 3 49 39
27 40 46 40
45 27 49 27
47 4 47 6
10 16 10 19
23 34 23 37
35 40 35 45
6 29 6 47
21 32 21 33
6 40 19 40
20 36 29 36
41 16 41 18
23 5 40 5
15
11 43 11 44
45 23 45 39
15 35 48 35
39 27 49 27
38 33 38 37
6 35 6 50
17 2 26 2
21 6 21 16
6 44 22 44
20 0 20 46
33 34 33 36
6 40 8 40
24 0 24 3
11 22 30 22
15 16 22 16
14
20 20 22 20
5 9 20 9
20 23 24 23
45 30 45 50
34 38 47 38
36 26 36 43
21 18 21 23
22 24 22 28
29 42 36 42
3 15 13 15
24 22 24 29
8 37 14 37
5 28 43 28
9 7 9 43
72
8 7 8 47
36 39 39 39
14 34 14 35
3 13 3 16
39 12 39 16
2 16 3 16
3 20 4 20
24 21 28 21
7 28 10 28
46 22 47 22
18 12 18 18
39 41 41 41
29 0 29 8
46 43 46 48
5 41 5 43
4 42 11 42
33 25 33 31
4 22 15 22
42 24 47 24
46 12 46 34
14 14 14 15
28 20 32 20
45 3 45 10
5 36 5 38
7 40 9 40
5 32 8 32
19 37 21 37
28 11 28 16
16 38 19 38
39 24 39 47
32 43 32 49
45 44 50 44
35 32 42 32
9 34 31 34
18 38 18 49
12 35 12 37
27 4 34 4
24 34 24 41
14 21 14 22
4 19 4 25
50 33 50 35
33 0 41 0
38 42 39 42
36 13 36 15
22 19 22 26
24 12 24 21
18 23 29 23
34 20 36 20
38 37 46 37
32 18 34 18
43 34 50 34
28 27 41 27
7 30 8 30
44 8 47 8
15 31 15 34
18 42 22 42
37 8 37 10
2 36 17 36
37 10 46 10
2 14 46 14
19 27 19 38
31 8 37 8
43 33 43 34
34 0 34 25
23 44 23 48
15 10 15 14
7 47 47 47
31 22 35 22
44 5 47 5
8 10 11 10
28 20 28 36
27 44 27 48
59
27 46 28 46
10 22 20 22
31 40 31 46
31 35 33 35
2 2 16 2
39 12 39 44
1 23 3 23
43 35 43 37
10 19 12 19
1 30 26 30
13 32 13 35
36 35 45 35
12 43 15 43
27 21 31 21
14 38 14 43
35 20 35 25
13 9 15 9
32 0 32 19
42 9 42 14
27 34 27 47
30 30 32 30
21 0 21 7
2 37 3 37
12 12 12 28
29 15 29 31
27 34 31 34
13 34 19 34
12 6 21 6
24 3 32 3
6 28 15 28
9 13 42 13
5 1 5 2
18 34 18 45
37 32 40 32
29 11 29 13
31 30 31 37
32 22 44 22
42 33 42 35
34 29 40 29
18 43 19 43
23 27 30 27
24 25 24 38
2 1 2 43
16 25 16 34
17 3 17 8
1 39 4 39
38 27 43 27
22 43 39 43
13 2 13 12
18 21 18 25
22 36 28 36
23 26 23 27
40 9 44 9
14 41 25 41
32 20 32 23
19 9 19 16
24 8 24 14
2 18 5 18
29 8 36 8
13
8 20 22 20
29 32 35 32
11 38 11 45
18 20 18 50
13 28 24 28
0 40 35 40
17 12 19 12
11 25 18 25
1 5 1 44
12 50 27 50
30 31 30 41
0 18 15 18
17 12 17 20
