60
8
27 44 45 44
27 27 45 27
39 41 39 44
41 34 42 34
27 26 27 50
41 18 41 34
37 9 37 26
26 37 27 37
22
6 29 9 29
38 23 45 23
1 35 7 35
8 4 8 10
28 23 28 37
26 25 26 27
7 18 7 38
2 6 22 6
36 33 39 33
15 11 45 11
35 9 35 13
23 25 33 25
4 26 21 26
23 8 23 15
28 43 48 43
36 17 40 17
30 39 30 44
18 31 36 31
40 7 40 45
45 0 45 14
36 24 36 33
18 4 18 35
23
43 17 47 17
35 30 38 30
28 20 39 20
18 12 23 12
18 8 18 12
23 12 23 49
20 21 31 21
35 15 45 15
36 4 36 47
8 45 21 45
34 12 36 12
35 23 36 23
15 44 38 44
26 8 27 8
44 14 44 19
25 5 37 5
33 39 37 39
33 27 38 27
27 0 27 11
22 42 24 42
27 1 29 1
20 34 29 34
17 26 27 26
14
37 8 37 11
29 25 31 25
3 11 18 11
8 30 20 30
16 11 16 37
31 4 31 28
46 3 46 9
13 4 13 11
14 37 17 37
6 5 6 17
35 2 35 8
22 22 22 24
14 22 32 22
25 8 48 8
11
45 29 50 29
36 6 36 37
24 33 36 33
23 2 23 15
31 9 31 14
39 19 39 22
33 20 49 20
43 20 43 22
31 11 38 11
42 6 43 6
49 20 49 34
43
6 38 47 38
18 35 18 40
5 2 5 8
47 42 47 46
33 11 34 11
41 14 45 14
22 19 22 28
2 12 27 12
39 33 43 33
12 36 12 43
25 26 25 42
21 36 21 39
26 10 26 25
6 26 9 26
25 33 28 33
27 7 48 7
15 37 15 38
28 11 30 11
43 2 43 24
30 2 30 15
18 17 19 17
17 27 30 27
39 46 48 46
21 10 21 14
34 11 34 20
8 35 10 35
7 10 9 10
41 24 41 48
14 1 14 3
14 3 20 3
41 28 44 28
36 3 36 10
8 18 10 18
3 30 10 30
0 5 8 5
18 3 18 18
47 34 47 39
36 34 36 40
25 17 35 17
8 3 8 41
40 24 48 24
33 5 33 8
4 21 10 21
17
12 19 12 36
7 33 44 33
23 32 23 36
43 33 43 39
37 9 37 23
38 29 38 35
9 19 18 19
42 36 43 36
10 16 10 19
30 22 41 22
31 17 31 37
27 19 32 19
4 23 16 23
16 31 16 38
12 25 13 25
28 9 50 9
8 33 8 44
72
34 32 34 50
45 14 47 14
21 15 21 20
44 26 46 26
42 28 42 32
38 20 48 20
42 45 42 46
29 50 41 50
36 45 47 45
37 44 37 45
16 28 16 33
33 26 33 34
28 3 28 38
26 37 26 39
16 3 16 6
44 42 49 42
26 7 30 7
35 7 35 8
21 4 21 10
50 4 50 17
11 45 11 47
39 41 40 41
10 12 10 45
19 23 19 30
19 18 35 18
43 40 45 40
49 15 49 19
18 0 18 4
43 34 48 34
32 17 32 19
10 15 23 15
24 30 50 30
1 18 1 27
5 33 17 33
39 0 39 22
35 15 40 15
32 43 38 43
45 23 48 23
35 2 44 2
17 43 17 47
6 40 13 40
46 28 47 28
30 17 30 18
28 23 30 23
46 14 46 35
33 4 33 6
2 45 28 45
21 31 21 43
7 3 7 4
10 27 13 27
1 20 12 20
34 7 43 7
39 11 41 11
45 40 45 48
6 4 36 4
9 11 15 11
35 36 39 36
15 29 26 29
15 14 15 18
34 18 34 22
48 38 48 44
13 4 13 11
25 39 25 46
7 18 7 21
13 37 34 37
44 20 44 21
19 5 19 16
39 38 41 38
39 24 39 48
45 17 50 17
26 13 29 13
35 36 35 39
11
30 22 30 38
3 16 3 38
10 12 10 24
0 24 33 24
34 1 34 6
21 20 27 20
12 6 42 6
30 31 34 31
2 21 4 21
13 14 13 28
24 6 24 28
10
39 40 39 45
23 29 29 29
1 46 24 46
8 48 26 48
33 41 33 48
45 36 45 48
23 33 26 33
21 44 45 44
24 26 24 49
16 37 26 37
57
28 6 28 9
44 3 49 3
20 15 20 38
31 2 35 2
43 5 43 7
6 8 10 8
38 28 48 28
37 4 37 11
0 0 10 0
37 23 37 32
47 7 47 34
8 15 17 15
3 4 7 4
35 34 43 34
41 11 41 26
28 22 28 30
20 1 20 7
34 39 34 44
32 2 32 17
24 43 42 43
17 36 17 37
22 6 22 10
46 3 46 7
38 13 41 13
18 7 18 13
5 20 10 20
10 7 48 7
10 7 10 20
45 34 49 34
13 47 29 47
25 3 25 9
6 0 6 11
27 15 27 22
42 30 42 45
28 12 34 12
40 30 43 30
16 14 16 19
7 23 43 23
35 29 35 39
46 10 47 10
25 17 39 17
9 12 10 12
14 30 22 30
31 32 36 32
46 25 47 25
8 14 8 15
9 18 11 18
43 26 43 29
16 5 16 8
40 37 49 37
18 27 21 27
17 17 23 17
36 42 36 43
37 16 37 22
9 20 9 24
25 37 25 47
16 37 29 37
12
37 3 37 41
17 30 50 30
18 30 18 34
7 5 19 5
32 11 37 11
49 3 49 38
29 29 29 37
42 16 49 16
29 18 37 18
48 6 49 6
37 38 38 38
29 37 35 37
96
13 34 13 36
16 23 16 27
33 44 34 44
24 50 29 50
19 26 19 33
9 11 12 11
36 46 36 50
15 31 15 35
38 1 38 10
42 32 42 41
1 14 6 14
48 4 48 11
17 46 17 48
35 1 39 1
27 5 27 50
21 13 31 13
2 4 4 4
24 17 29 17
0 34 15 34
17 3 17 8
19 39 19 47
39 13 43 13
30 35 39 35
31 8 32 8
37 30 50 30
37 45 37 46
2 19 7 19
8 5 8 7
32 27 32 28
8 19 8 21
32 29 32 35
46 30 46 35
8 37 10 37
44 35 46 35
20 24 22 24
42 18 44 18
41 11 50 11
3 14 3 16
16 33 19 33
31 3 31 9
5 39 9 39
3 6 39 6
24 9 24 11
9 27 9 43
37 33 38 33
6 12 6 27
40 9 42 9
13 25 13 28
4 31 4 37
21 12 21 17
46 19 50 19
50 10 50 12
21 6 21 10
50 16 50 31
30 20 30 22
35 21 35 27
19 32 32 32
30 28 38 28
10 5 10 13
14 7 14 16
38 4 46 4
38 39 39 39
42 40 45 40
36 50 37 50
0 4 0 38
25 27 30 27
20 10 24 10
41 25 41 32
8 42 22 42
14 36 18 36
21 16 23 16
41 7 41 11
45 38 45 47
39 34 39 41
20 20 20 25
6 27 19 27
5 6 5 7
42 11 42 21
26 9 27 9
14 39 14 46
16 32 16 36
23 41 31 41
38 28 38 34
22 32 22 35
33 42 33 47
30 3 31 3
16 46 46 46
39 11 39 15
41 15 44 15
6 21 10 21
15 21 44 21
3 4 3 8
26 30 27 30
13 15 20 15
6 24 8 24
17 14 17 22
9
6 39 49 39
14 18 24 18
33 28 33 38
45 39 45 47
5 28 44 28
15 18 15 39
31 39 31 40
16 37 16 39
35 30 35 40
27
42 31 50 31
50 11 50 37
26 27 33 27
46 3 46 17
12 28 17 28
37 47 46 47
42 40 44 40
27 10 27 29
31 30 38 30
49 15 50 15
43 28 43 47
16 22 17 22
27 33 27 47
3 19 3 22
15 13 24 13
32 26 32 37
6 19 6 24
42 3 42 23
17 37 44 37
46 13 50 13
2 20 23 20
24 29 28 29
23 8 23 13
17 11 17 38
25 18 45 18
30 4 44 4
24 11 31 11
22
34 7 44 7
30 24 30 27
9 24 9 34
3 30 13 30
16 18 16 24
7 24 38 24
20 23 20 27
0 45 4 45
3 38 3 47
25 10 26 10
28 20 28 24
29 33 36 33
22 5 22 13
37 2 37 7
34 3 34 33
19 12 19 14
19 12 35 12
12 19 16 19
30 4 36 4
43 4 43 11
26 3 26 10
21 7 26 7
22
6 12 6 22
7 9 7 12
40 0 40 22
6 12 46 12
15 7 15 10
28 6 28 16
15 47 19 47
4 7 24 7
8 39 40 39
36 12 36 15
38 1 50 1
38 18 38 20
19 11 19 48
5 21 10 21
9 11 9 13
36 19 40 19
18 25 24 25
43 6 43 12
5 2 5 17
35 38 35 40
29 36 29 45
40 20 41 20
12
28 21 28 44
11 21 31 21
16 16 16 29
15 39 34 39
25 27 33 27
33 35 33 42
20 43 28 43
8 29 19 29
23 12 23 25
19 19 19 22
24 37 24 41
14 16 20 16
14
24 1 24 45
3 25 30 25
18 40 18 45
18 41 25 41
9 21 9 28
19 35 28 35
32 15 32 26
5 1 5 14
5 25 5 27
15 1 15 9
19 5 19 10
21 1 24 1
14 20 14 30
2 6 32 6
31
11 25 13 25
28 33 41 33
19 21 26 21
12 10 12 12
5 7 10 7
31 12 31 14
13 23 13 35
23 10 23 34
2 7 2 13
26 40 33 40
34 9 34 12
28 24 34 24
47 11 47 31
28 5 28 13
13 5 21 5
8 5 8 25
17 26 17 29
2 12 47 12
36 24 50 24
17 3 17 14
40 26 40 35
20 26 20 29
9 28 34 28
12 33 16 33
6 21 12 21
31 23 31 41
28 27 28 28
45 4 45 12
38 9 40 9
6 16 8 16
40 7 40 17
96
10 1 10 2
10 19 10 28
9 13 9 17
6 1 6 14
46 47 46 50
10 24 12 24
13 5 15 5
47 31 47 32
2 15 2 23
49 25 49 30
36 50 49 50
37 26 37 50
17 16 28 16
1 11 1 33
22 43 26 43
20 29 20 35
7 41 18 41
29 24 37 24
6 28 11 28
23 13 24 13
22 48 22 49
25 36 25 44
19 25 21 25
45 16 45 38
16 31 16 32
12 24 12 25
36 2 39 2
32 21 34 21
27 18 32 18
14 8 21 8
23 11 26 11
17 41 17 42
17 32 17 33
35 23 35 26
7 37 7 45
3 26 7 26
34 38 42 38
10 11 10 13
3 32 48 32
11 3 11 7
13 29 13 50
29 5 29 10
5 21 5 34
28 31 28 38
21 6 48 6
24 0 24 34
40 25 40 29
11 48 11 50
36 28 40 28
41 36 41 39
21 19 21 26
38 0 38 9
10 4 11 4
15 1 15 3
7 48 11 48
31 44 38 44
24 21 31 21
25 47 25 49
3 2 6 2
23 28 26 28
0 13 10 13
14 4 14 12
35 31 35 33
6 10 8 10
29 9 30 9
31 16 46 16
31 1 31 7
21 5 21 8
3 32 3 33
0 28 1 28
10 21 21 21
32 9 32 24
23 24 25 24
13 35 16 35
12 0 12 6
48 2 48 26
44 28 49 28
38 9 40 9
43 36 49 36
15 20 15 25
2 23 6 23
6 1 28 1
5 7 11 7
39 16 39 18
18 14 18 21
25 38 30 38
4 34 5 34
13 43 14 43
6 22 10 22
43 2 43 10
43 20 46 20
33 5 33 7
43 19 43 21
30 23 30 27
41 23 46 23
11 49 25 49
59
38 23 38 28
26 0 26 8
11 15 11 49
34 33 34 43
5 36 12 36
17 35 37 35
2 5 26 5
41 38 43 38
9 20 13 20
20 22 24 22
37 2 37 19
5 11 11 11
42 17 42 46
5 35 5 39
34 11 34 14
27 4 29 4
6 46 27 46
9 5 9 16
32 25 32 30
27 4 27 16
20 4 20 11
19 18 23 18
20 45 20 49
19 11 19 21
14 13 41 13
28 42 37 42
39 21 46 21
39 34 44 34
34 5 47 5
2 26 42 26
11 28 12 28
24 0 24 1
4 23 4 26
28 48 30 48
34 22 34 27
6 26 6 29
21 30 23 30
1 10 1 25
6 15 14 15
27 40 27 50
39 40 49 40
37 42 37 45
24 35 24 43
37 19 40 19
15 0 15 7
2 4 2 9
23 26 23 32
23 0 42 0
1 23 5 23
35 45 45 45
14 11 14 16
15 26 15 27
16 46 16 47
9 26 9 27
13 31 23 31
30 40 30 49
21 20 21 26
27 50 29 50
47 0 47 5
38
45 30 45 32
16 16 16 27
0 45 4 45
23 45 24 45
27 32 27 49
13 4 13 17
34 36 34 48
43 5 43 8
1 22 3 22
43 18 50 18
25 32 48 32
40 11 49 11
7 50 35 50
2 31 30 31
10 29 10 35
3 25 8 25
32 22 32 32
3 16 3 47
37 0 37 15
22 23 22 26
48 1 48 46
7 35 13 35
17 40 17 42
2 28 4 28
9 43 9 50
7 24 37 24
25 49 27 49
2 47 10 47
10 6 47 6
27 2 27 27
50 7 50 18
41 9 41 12
23 30 23 47
29 5 29 7
36 29 36 35
26 42 36 42
15 26 15 33
14 42 24 42
6
40 11 40 12
24 42 43 42
28 20 28 49
21 21 30 21
39 30 39 43
15 30 15 45
86
10 0 41 0
36 6 36 8
34 42 43 42
25 40 28 40
4 6 4 37
34 36 39 36
3 21 4 21
27 24 27 32
32 7 32 18
8 37 9 37
12 11 12 19
44 6 44 8
45 47 45 50
41 41 41 43
29 41 29 46
19 4 21 4
47 12 50 12
26 5 26 9
37 11 37 47
45 23 45 33
25 32 25 43
14 27 14 41
29 0 29 6
47 30 50 30
23 46 23 47
37 34 38 34
37 11 40 11
36 16 40 16
33 12 37 12
8 23 8 27
24 39 25 39
37 28 47 28
30 14 30 16
3 24 6 24
24 5 28 5
27 15 27 19
26 8 49 8
25 32 39 32
5 27 30 27
47 7 47 9
3 15 13 15
24 11 28 11
0 49 8 49
44 16 50 16
25 11 25 15
17 0 17 1
12 36 16 36
19 7 22 7
42 18 42 25
47 21 47 24
48 48 49 48
4 44 8 44
15 15 33 15
26 25 27 25
4 36 8 36
3 28 5 28
15 10 20 10
19 17 20 17
49 2 49 50
18 19 19 19
14 21 24 21
20 50 50 50
41 34 41 40
36 38 38 38
19 13 20 13
34 21 43 21
23 0 23 3
7 47 39 47
35 25 37 25
0 6 5 6
40 40 50 40
8 36 8 49
44 23 47 23
17 38 17 46
17 43 30 43
27 46 27 48
19 0 19 31
40 8 40 10
38 0 38 2
6 41 10 41
20 9 26 9
42 40 42 41
13 39 20 39
16 42 16 49
45 33 46 33
35 42 35 43
15
18 46 18 49
38 18 38 23
5 15 5 33
26 31 38 31
1 32 5 32
27 14 29 14
27 28 30 28
25 42 34 42
16 9 16 18
29 12 29 49
42 16 42 18
15 9 25 9
5 18 44 18
16 48 37 48
14 13 18 13
22
40 30 50 30
2 8 5 8
27 10 27 39
2 25 43 25
32 23 32 29
7 21 7 28
3 11 13 11
27 16 30 16
27 32 28 32
45 9 45 22
2 16 2 28
9 24 9 25
24 37 35 37
4 6 4 14
27 19 29 19
12 18 19 18
10 4 19 4
31 10 31 13
26 11 33 11
40 23 40 32
20 21 20 30
13 2 13 30
10
26 4 37 4
21 21 28 21
16 15 36 15
12 32 12 45
26 3 26 46
35 3 35 8
28 2 28 6
4 37 26 37
26 39 37 39
21 34 21 41
52
34 4 34 9
5 22 5 31
13 2 13 38
0 22 7 22
7 14 7 22
34 34 34 39
34 18 34 26
23 28 23 30
29 14 29 42
38 32 40 32
30 6 30 16
28 22 42 22
12 35 16 35
21 26 21 29
4 31 5 31
11 38 15 38
37 13 42 13
0 14 8 14
37 38 40 38
21 4 21 9
37 27 37 32
40 14 45 14
9 21 17 21
6 7 50 7
50 5 50 44
49 43 50 43
32 30 50 30
23 35 23 37
19 28 19 30
11 38 11 41
43 28 43 31
32 26 32 32
40 19 49 19
3 10 3 15
12 14 17 14
43 4 43 9
12 32 13 32
6 7 6 11
4 11 6 11
39 31 39 44
39 20 39 23
23 35 39 35
25 17 32 17
42 14 42 24
10 8 13 8
37 41 39 41
30 13 34 13
37 7 37 13
49 16 49 26
23 6 23 7
26 39 30 39
3 28 29 28
11
6 12 15 12
23 11 26 11
11 19 31 19
25 2 36 2
4 11 14 11
3 36 16 36
25 1 25 21
14 12 14 21
29 17 29 27
9 6 26 6
13 3 13 11
17
1 9 47 9
7 42 10 42
3 6 3 13
46 7 46 15
3 26 10 26
31 17 31 27
3 16 11 16
47 15 47 26
2 35 12 35
9 0 9 49
22 4 22 28
14 28 24 28
9 39 17 39
37 7 37 10
20 22 32 22
31 6 31 10
18 27 18 31
8
8 0 49 0
5 13 11 13
28 2 28 6
10 0 10 16
5 12 5 15
41 0 41 19
23 6 30 6
25 0 25 11
104
21 1 21 10
0 19 20 19
35 5 35 9
34 9 42 9
42 43 42 48
5 9 7 9
38 8 38 23
31 4 49 4
28 7 28 8
13 44 14 44
8 29 8 33
25 8 31 8
13 9 29 9
40 4 40 5
49 1 49 6
29 39 33 39
14 34 14 47
44 26 45 26
13 9 13 11
18 32 21 32
35 37 39 37
24 0 24 5
29 47 32 47
10 4 13 4
1 41 29 41
34 12 34 16
19 3 25 3
49 9 49 12
20 25 20 33
30 13 35 13
20 14 29 14
41 21 46 21
18 1 18 6
1 7 8 7
18 32 18 35
36 24 36 49
1 24 7 24
20 18 23 18
41 21 41 23
27 23 27 24
25 14 25 15
5 43 6 43
33 34 37 34
41 16 47 16
3 34 4 34
34 23 42 23
36 1 36 8
41 0 41 4
7 24 7 27
17 15 19 15
35 24 39 24
45 1 45 30
1 24 1 30
1 18 1 21
1 32 8 32
12 23 18 23
33 35 33 41
21 12 21 20
45 7 46 7
42 27 42 31
24 28 24 31
36 14 44 14
10 27 10 29
22 36 22 46
33 15 33 19
34 49 37 49
15 17 15 34
6 26 14 26
13 22 13 24
26 18 38 18
5 41 5 46
18 9 18 20
29 2 32 2
28 16 29 16
27 33 30 33
8 0 8 2
11 0 11 5
45 23 47 23
33 46 42 46
47 3 47 4
14 34 16 34
40 43 44 43
26 46 29 46
31 0 31 14
40 42 40 44
4 18 4 24
44 9 47 9
45 12 49 12
11 47 16 47
6 0 6 20
3 37 4 37
29 14 29 35
3 29 3 37
6 1 18 1
6 28 6 29
26 16 26 20
18 39 18 42
6 29 45 29
39 19 39 23
14 31 16 31
14 6 19 6
3 14 10 14
27 23 29 23
29 36 29 49
21
40 39 40 45
11 30 46 30
11 37 11 40
38 5 48 5
13 46 20 46
23 15 43 15
33 25 36 25
33 19 39 19
36 42 49 42
29 26 29 33
29 31 30 31
24 19 24 35
8 39 24 39
31 37 40 37
36 13 36 42
41 0 41 16
48 38 48 48
23 37 23 39
27 11 27 21
16 26 16 46
22 20 28 20
88
45 38 46 38
33 13 41 13
9 42 9 43
23 10 23 12
17 41 17 42
40 46 40 50
45 43 47 43
45 16 45 27
42 33 42 35
24 12 24 42
36 23 40 23
21 41 46 41
11 40 11 42
28 37 36 37
38 33 39 33
48 8 48 18
13 48 15 48
1 12 24 12
13 19 13 23
9 42 21 42
42 28 42 31
17 30 17 36
26 12 31 12
16 21 16 33
27 20 27 32
22 3 22 4
35 19 35 32
14 34 28 34
29 37 29 40
20 39 20 47
26 46 26 48
48 16 49 16
38 24 40 24
11 25 11 32
41 9 50 9
26 7 40 7
12 4 12 14
1 12 1 20
46 36 46 50
23 44 23 50
20 24 20 26
11 3 27 3
11 6 16 6
39 49 47 49
23 47 32 47
18 1 18 12
38 47 39 47
34 35 42 35
22 27 25 27
27 1 27 12
11 21 21 21
25 25 37 25
47 14 50 14
30 16 31 16
44 27 44 30
45 22 48 22
28 38 28 47
3 25 8 25
24 3 24 5
5 26 11 26
5 20 5 25
40 16 40 18
14 32 14 50
32 39 32 43
40 25 45 25
39 28 39 47
21 26 21 33
11 29 22 29
27 22 29 22
15 0 15 4
36 4 36 11
19 33 22 33
44 45 46 45
9 18 9 27
31 11 31 21
6 12 6 14
17 24 25 24
40 24 40 26
28 12 28 14
49 28 49 30
26 17 26 18
33 29 49 29
14 11 14 13
37 13 37 23
0 20 6 20
1 16 4 16
28 34 28 37
21 18 49 18
24
38 21 38 43
19 20 31 20
33 8 33 15
16 15 16 32
5 23 17 23
17 46 17 47
4 38 8 38
2 26 7 26
31 17 31 21
5 48 6 48
48 30 48 46
29 46 29 49
16 29 26 29
20 32 31 32
3 30 11 30
1 18 8 18
35 42 35 47
24 40 29 40
13 15 24 15
27 13 41 13
40 41 40 49
27 12 27 46
5 18 5 49
0 46 48 46
14
19 18 48 18
16 11 21 11
16 37 21 37
6 44 6 48
3 32 3 46
13 28 13 34
15 40 15 46
5 28 25 28
21 7 21 45
0 45 28 45
5 17 5 39
20 23 26 23
40 1 40 20
38 7 47 7
17
2 23 37 23
16 15 16 30
37 2 37 38
31 8 39 8
35 27 45 27
36 17 41 17
17 7 17 23
34 2 42 2
39 37 39 41
30 21 30 29
12 21 12 23
5 26 7 26
23 17 23 24
3 31 9 31
27 38 42 38
22 20 23 20
6 16 6 36
7
20 9 35 9
16 28 33 28
1 5 9 5
4 27 17 27
1 16 27 16
26 4 26 29
6 1 6 29
74
30 4 30 5
2 39 2 48
36 42 36 45
0 20 15 20
1 48 21 48
14 43 47 43
10 26 35 26
15 14 15 23
28 2 28 50
47 24 47 30
0 36 2 36
20 26 20 33
3 8 22 8
41 32 41 43
32 23 32 26
46 41 46 45
17 5 17 15
10 13 10 16
14 47 14 48
27 22 28 22
38 23 40 23
28 17 29 17
4 18 4 20
18 25 18 27
33 32 42 32
23 22 23 26
3 14 10 14
4 10 15 10
37 1 46 1
11 18 11 26
22 4 39 4
37 19 44 19
38 30 38 33
46 45 50 45
0 40 7 40
14 6 14 8
30 33 30 34
16 11 17 11
9 45 10 45
27 49 29 49
34 14 34 15
12 15 16 15
40 17 40 27
7 10 7 22
32 43 32 44
37 11 37 20
39 42 39 47
14 39 14 43
5 10 5 11
19 20 22 20
14 26 14 31
44 27 44 28
17 14 37 14
9 47 10 47
32 12 32 14
14 22 21 22
33 1 33 6
20 20 20 24
27 29 29 29
23 10 23 18
38 1 38 5
40 27 47 27
22 1 22 8
41 37 46 37
11 8 11 9
17 21 17 23
24 26 24 27
23 34 36 34
10 18 12 18
17 42 17 48
9 23 12 23
0 19 0 40
9 42 9 50
35 31 35 33
7
30 22 30 30
24 28 44 28
44 22 44 31
14 39 43 39
33 12 40 12
46 11 46 22
37 8 37 39
12
15 7 15 15
13 14 30 14
26 24 29 24
23 20 29 20
26 29 30 29
26 2 26 37
30 28 30 31
29 1 29 3
5 2 47 2
12 9 15 9
10 2 10 4
16 40 28 40
6
22 16 22 22
13 44 26 44
27 28 27 37
20 31 42 31
34 18 34 38
9 18 34 18
24
31 2 46 2
24 13 24 25
36 26 37 26
18 16 18 19
38 8 38 12
36 30 42 30
34 7 34 21
17 33 17 36
28 27 28 40
34 10 46 10
10 19 37 19
37 25 37 37
36 18 36 20
24 33 24 35
46 1 46 12
12 6 12 34
8 8 16 8
21 28 21 34
20 34 20 37
1 23 1 32
0 25 12 25
30 18 30 19
7 34 40 34
21 28 26 28
11
13 0 13 19
10 18 17 18
26 14 30 14
26 32 31 32
26 3 26 47
18 3 18 6
11 0 15 0
1 6 28 6
2 6 2 14
32 17 45 17
19 20 28 20
22
18 49 26 49
3 26 6 26
10 44 10 49
13 20 19 20
17 30 18 30
2 41 12 41
20 8 31 8
2 14 27 14
18 11 18 49
3 8 3 44
8 47 18 47
8 38 8 44
11 22 11 28
13 47 13 50
13 18 13 20
10 26 19 26
22 3 22 16
0 30 5 30
18 38 20 38
25 7 25 11
14 9 14 14
31 7 31 16
103
31 43 31 44
16 45 19 45
34 45 34 50
17 35 17 47
22 37 29 37
10 5 10 16
14 6 14 7
9 40 9 46
26 21 28 21
40 47 41 47
36 18 36 19
46 33 46 34
40 44 40 47
26 13 26 14
5 50 48 50
34 5 34 7
16 3 16 8
36 44 36 46
12 30 17 30
39 28 39 29
45 26 45 31
27 18 38 18
12 21 14 21
46 47 50 47
24 44 40 44
32 12 41 12
48 30 48 50
48 38 50 38
16 43 17 43
12 45 12 48
22 19 26 19
42 29 42 39
34 14 34 36
44 26 45 26
28 17 28 22
6 46 6 49
31 23 34 23
22 13 28 13
2 23 25 23
32 37 37 37
22 26 25 26
38 34 49 34
18 5 18 6
29 36 29 37
20 2 20 9
10 47 18 47
4 11 11 11
27 35 27 38
11 23 11 24
7 21 7 24
10 27 10 29
40 7 40 21
0 46 10 46
49 16 49 31
47 6 47 9
14 41 24 41
43 43 49 43
14 30 14 38
9 6 48 6
20 23 20 24
38 31 38 34
33 12 33 14
46 30 48 30
28 29 45 29
2 14 4 14
37 8 40 8
20 30 20 32
30 9 32 9
13 36 21 36
40 21 50 21
33 25 35 25
18 32 25 32
4 10 4 41
24 13 24 44
30 6 30 12
23 30 28 30
16 16 16 20
0 29 4 29
33 37 33 44
29 41 29 46
46 5 46 6
22 16 24 16
0 28 0 32
0 36 4 36
18 47 18 48
13 21 13 28
34 33 36 33
22 39 24 39
9 16 19 16
25 6 25 9
44 31 45 31
10 27 14 27
30 36 35 36
32 40 33 40
16 3 17 3
4 40 15 40
4 18 5 18
42 38 44 38
14 33 16 33
45 28 50 28
2 43 2 46
41 5 41 11
41 37 42 37
9
16 43 21 43
14 25 48 25
20 14 35 14
0 49 23 49
35 14 35 37
15 31 23 31
28 35 42 35
48 14 48 26
20 19 20 50
25
18 40 21 40
19 22 19 45
26 14 26 26
18 6 18 8
48 29 49 29
17 42 49 42
10 14 13 14
14 36 22 36
25 31 44 31
39 26 39 31
35 31 35 43
24 16 44 16
48 19 48 50
26 29 26 33
41 5 41 22
4 26 30 26
11 8 24 8
36 9 42 9
13 6 13 28
23 8 23 12
6 22 7 22
7 18 19 18
6 22 6 26
24 38 24 44
34 38 38 38
7
15 40 45 40
15 37 15 44
8 38 16 38
24 37 24 40
41 18 41 40
37 32 37 49
20 34 20 42
26
0 43 6 43
2 35 4 35
3 18 10 18
39 28 47 28
4 15 4 49
12 15 36 15
0 27 8 27
8 7 8 20
32 19 40 19
14 0 14 21
40 28 40 42
1 2 16 2
7 26 16 26
2 11 13 11
29 14 29 17
36 40 41 40
18 24 27 24
33 34 33 39
3 7 8 7
31 22 35 22
47 7 47 29
13 26 13 38
25 13 25 41
4 34 43 34
34 15 34 23
23 39 26 39
44
40 17 42 17
5 14 7 14
0 31 33 31
32 33 34 33
48 16 48 23
13 13 29 13
33 38 42 38
5 20 9 20
5 4 5 40
3 13 5 13
22 7 27 7
4 11 6 11
38 9 49 9
0 27 0 34
2 38 2 50
27 23 30 23
33 19 33 42
11 0 11 6
20 0 20 8
8 0 15 0
15 4 15 9
41 9 41 24
4 23 6 23
38 34 38 49
6 1 11 1
24 20 50 20
18 5 18 6
30 37 33 37
29 41 34 41
47 3 47 11
27 13 27 20
24 4 24 15
11 45 25 45
1 39 8 39
10 25 13 25
10 40 10 50
13 24 13 34
5 49 43 49
19 9 19 26
16 37 20 37
38 24 42 24
28 20 28 24
19 27 19 45
1 5 23 5
6
24 33 31 33
16 20 16 46
27 27 27 39
1 32 12 32
12 27 29 27
14 46 16 46
21
4 1 4 17
15 33 21 33
16 27 16 30
13 8 13 10
2 41 17 41
5 36 5 49
23 25 27 25
25 43 27 43
4 36 5 36
47 26 47 48
33 21 43 21
25 17 25 43
39 12 44 12
6 10 16 10
1 17 9 17
40 9 40 35
4 30 49 30
6 8 6 36
21 37 29 37
17 33 17 44
22 22 32 22
61
45 1 45 12
24 27 24 31
37 47 44 47
3 35 3 37
30 29 30 46
23 45 30 45
33 26 45 26
7 8 7 13
11 21 24 21
35 11 35 12
10 14 12 14
31 12 39 12
23 19 30 19
28 42 31 42
35 1 35 10
18 27 31 27
5 30 5 37
27 16 28 16
44 5 45 5
40 47 40 49
41 26 41 47
41 2 50 2
1 36 44 36
26 21 32 21
22 4 22 16
28 11 28 20
23 31 23 36
44 41 44 43
47 7 47 9
8 35 8 37
18 17 18 24
10 0 12 0
41 43 49 43
5 32 8 32
34 3 36 3
31 11 31 29
26 29 32 29
8 13 8 32
4 10 13 10
39 44 41 44
39 31 46 31
19 12 25 12
45 11 46 11
25 36 25 40
24 16 24 21
1 34 1 38
11 8 49 8
30 1 36 1
17 8 17 9
22 31 26 31
43 24 43 27
26 29 26 30
49 42 49 50
14 36 14 49
12 0 12 36
12 47 14 47
34 17 34 28
6 25 8 25
11 41 17 41
22 40 27 40
27 5 27 11
53
41 42 43 42
0 11 16 11
41 22 42 22
20 11 20 14
43 13 48 13
6 11 6 36
34 36 38 36
36 40 36 47
48 35 48 42
17 14 17 22
26 1 26 13
4 3 4 5
17 2 17 10
23 19 23 41
42 19 42 46
3 3 28 3
39 15 39 21
35 45 45 45
5 36 8 36
48 7 49 7
17 15 20 15
4 14 8 14
16 20 23 20
23 23 25 23
9 1 9 12
18 38 18 50
18 30 18 31
1 31 46 31
27 39 27 45
43 9 43 18
40 1 40 7
17 13 28 13
37 15 39 15
38 36 38 42
30 1 48 1
38 39 48 39
24 8 29 8
31 24 39 24
14 41 31 41
13 49 23 49
33 23 33 35
2 21 12 21
21 3 21 6
36 20 50 20
39 22 39 24
48 1 48 22
30 37 30 42
40 39 40 40
41 27 43 27
13 9 20 9
29 30 29 34
28 3 28 4
28 38 36 38
7
26 28 41 28
33 7 41 7
14 13 14 34
38 2 38 31
36 7 36 9
9 15 44 15
12 29 15 29
33
24 18 24 20
20 14 20 21
8 11 8 34
23 37 23 44
44 9 44 18
14 15 14 24
38 21 40 21
36 26 48 26
2 19 28 19
3 13 9 13
8 24 11 24
18 2 18 11
33 35 46 35
11 2 18 2
24 42 40 42
14 34 14 40
33 0 42 0
45 35 45 38
9 1 9 10
31 3 31 16
36 0 36 7
2 4 37 4
5 9 13 9
12 37 26 37
17 17 17 21
42 24 42 28
2 3 2 7
26 10 26 23
32 37 32 50
22 14 44 14
38 8 38 43
4 34 15 34
37 17 39 17
16
12 8 17 8
13 23 50 23
44 34 48 34
15 2 15 24
10 20 17 20
34 23 34 30
9 14 21 14
23 19 23 42
39 38 48 38
44 42 50 42
1 2 33 2
20 30 28 30
12 41 27 41
13 7 13 10
37 21 37 24
47 6 47 43
34
16 31 21 31
48 6 48 16
29 0 29 8
3 36 46 36
24 15 24 21
33 26 42 26
24 32 24 40
41 14 41 42
17 6 19 6
37 36 37 39
14 0 35 0
29 7 39 7
33 6 33 7
2 3 20 3
17 3 17 48
9 13 9 17
25 17 35 17
35 25 35 27
33 33 33 40
9 34 9 39
35 6 35 17
5 32 5 39
14 21 20 21
8 15 32 15
41 18 43 18
35 14 48 14
11 44 23 44
25 17 25 30
12 3 12 5
14 40 17 40
31 7 31 11
2 3 2 8
41 22 48 22
47 19 47 26
