60
9
30 6 30 21
42 39 42 48
18 19 18 47
30 33 42 33
40 40 48 40
12 21 18 21
18 44 42 44
40 47 49 47
33 9 33 47
9
23 36 23 37
26 46 37 46
9 36 47 36
24 25 24 29
32 33 32 38
38 45 42 45
15 34 15 36
20 25 41 25
41 8 41 45
48
26 40 38 40
5 33 5 44
27 35 33 35
36 44 43 44
11 42 13 42
32 26 38 26
29 35 29 47
13 9 13 11
21 27 21 28
4 27 4 30
6 16 9 16
0 27 28 27
22 22 34 22
32 28 32 35
19 9 19 17
25 22 25 29
8 9 36 9
19 3 23 3
6 0 11 0
8 8 8 19
27 2 43 2
11 0 11 10
33 1 33 29
7 20 12 20
37 0 37 5
11 13 11 42
8 5 11 5
16 13 22 13
31 19 42 19
37 42 38 42
10 13 12 13
2 38 18 38
7 19 7 23
5 36 6 36
37 35 50 35
25 5 27 5
19 1 19 4
3 47 32 47
28 22 28 24
0 24 0 29
37 33 39 33
38 26 38 44
49 21 49 47
34 31 38 31
18 27 18 30
36 15 36 19
23 1 23 9
27 1 27 5
36
8 30 8 42
19 22 19 29
23 29 23 40
47 31 47 35
42 23 49 23
47 44 50 44
39 40 39 46
27 17 41 17
27 38 27 47
45 34 45 41
3 40 3 46
18 29 28 29
22 5 22 12
13 20 20 20
16 35 47 35
16 18 16 35
29 2 29 7
43 11 45 11
20 5 35 5
41 8 41 13
15 10 23 10
27 22 27 30
31 10 35 10
40 35 40 37
40 11 42 11
39 2 39 8
3 42 29 42
7 30 18 30
43 10 43 15
44 14 44 23
34 0 34 47
33 44 40 44
49 20 49 48
45 3 45 11
33 8 48 8
39 18 46 18
17
19 38 19 44
42 27 42 35
37 39 41 39
13 31 50 31
26 32 28 32
37 47 38 47
28 18 28 47
48 41 48 47
37 28 37 34
37 38 37 47
28 24 34 24
16 43 16 48
25 38 33 38
19 38 23 38
20 37 20 38
16 44 48 44
42 41 42 45
21
25 10 37 10
25 41 25 44
39 21 39 30
21 37 21 50
28 33 36 33
50 39 50 50
18 24 18 28
2 24 43 24
15 35 15 46
13 42 50 42
18 38 21 38
38 28 41 28
5 13 5 26
24 24 24 27
2 9 2 14
2 13 11 13
25 3 34 3
41 36 41 43
31 1 31 44
30 15 34 15
26 11 26 24
106
43 31 49 31
41 40 41 41
23 19 23 23
25 16 25 17
49 34 49 36
23 46 23 50
4 17 4 20
48 22 48 23
24 34 32 34
3 20 13 20
45 45 48 45
45 43 46 43
18 46 31 46
24 2 24 12
35 0 35 2
45 27 45 48
7 25 15 25
7 19 7 21
15 22 15 28
25 31 25 38
24 37 25 37
36 7 36 13
16 40 19 40
22 42 24 42
18 18 18 22
28 49 50 49
12 1 49 1
21 9 21 17
9 19 9 21
14 1 14 3
17 24 24 24
19 46 19 48
42 9 44 9
42 43 42 50
37 48 37 50
36 26 36 30
30 9 36 9
24 42 24 46
29 46 29 50
14 34 14 38
48 44 48 45
15 13 15 18
38 4 38 5
8 25 8 26
14 30 14 32
24 5 41 5
31 1 31 2
8 39 9 39
36 40 36 44
8 34 8 35
8 16 36 16
1 45 7 45
35 22 39 22
8 4 8 7
35 13 35 18
35 42 37 42
27 27 27 28
21 28 21 38
1 5 16 5
45 36 50 36
24 24 24 28
40 3 40 6
13 37 21 37
43 1 43 17
7 44 7 45
3 2 3 6
25 40 47 40
13 28 17 28
39 20 40 20
12 35 12 48
39 20 39 29
9 39 9 42
20 30 22 30
2 35 8 35
9 16 9 17
13 22 25 22
38 0 38 3
28 10 30 10
20 21 20 22
26 1 26 5
3 27 6 27
33 2 33 9
22 24 22 25
11 2 11 33
5 27 5 47
38 7 45 7
16 0 16 1
47 31 47 32
18 35 18 46
43 47 46 47
19 32 21 32
39 23 50 23
28 2 28 8
41 4 43 4
15 43 20 43
2 41 13 41
29 13 30 13
16 4 16 9
36 13 44 13
20 1 20 8
35 37 35 40
30 9 30 46
50 2 50 30
22 27 41 27
46 5 50 5
2 31 17 31
18
30 30 30 35
1 39 24 39
23 19 24 19
37 1 37 7
23 22 34 22
24 34 34 34
15 27 24 27
1 42 18 42
25 4 25 7
18 7 40 7
27 13 35 13
33 19 33 26
29 12 29 13
32 4 32 14
18 16 25 16
18 37 18 42
24 7 24 42
1 20 1 41
30
24 31 30 31
8 16 16 16
5 43 14 43
7 26 14 26
10 9 10 13
13 10 13 23
41 24 41 31
9 33 26 33
22 17 30 17
14 25 45 25
7 1 7 4
43 12 43 25
23 15 23 19
10 12 20 12
38 19 47 19
31 3 36 3
23 30 23 34
14 17 14 29
37 20 37 28
16 7 34 7
27 1 27 37
9 23 9 43
0 1 22 1
18 20 23 20
20 20 20 26
16 31 16 38
34 2 34 7
18 1 18 12
25 2 32 2
22 37 27 37
14
17 14 17 24
32 39 37 39
15 5 15 14
33 33 39 33
24 2 24 12
10 8 35 8
35 4 35 47
18 6 18 10
29 2 29 8
25 13 27 13
42 14 42 20
33 5 43 5
17 20 45 20
25 12 25 23
40
38 13 38 22
34 24 34 25
16 30 16 34
23 31 23 36
13 45 23 45
37 33 37 34
48 9 48 18
19 31 19 38
12 15 38 15
13 12 14 12
10 19 13 19
29 24 36 24
32 22 38 22
15 44 15 48
41 14 49 14
48 22 48 25
40 24 48 24
34 13 34 18
30 13 30 24
4 25 16 25
13 17 13 45
6 32 6 40
12 14 12 15
33 21 33 23
25 10 25 16
41 18 45 18
11 7 18 7
9 31 9 36
18 42 18 47
42 13 42 45
28 14 28 15
18 7 18 8
36 45 47 45
41 28 45 28
18 12 18 15
6 34 48 34
8 40 16 40
22 14 22 19
14 7 14 20
31 24 31 39
14
37 3 41 3
28 16 46 16
16 5 37 5
23 1 23 7
44 15 44 19
10 8 10 42
48 1 48 26
41 26 41 48
27 19 27 33
37 1 37 27
18 4 18 7
33 40 41 40
22 26 48 26
9 20 31 20
36
31 37 37 37
33 15 41 15
18 39 18 44
6 43 6 48
30 29 30 35
1 48 27 48
35 29 41 29
9 20 9 29
10 33 22 33
35 44 35 47
29 16 29 26
37 2 37 38
17 12 17 22
9 28 10 28
22 19 22 33
37 38 42 38
0 40 41 40
25 6 38 6
39 37 39 38
28 40 28 44
25 46 36 46
9 38 9 46
5 13 5 21
30 3 30 6
37 39 37 40
42 2 42 20
2 26 14 26
2 20 2 43
32 34 32 38
28 5 28 14
26 41 26 48
37 23 38 23
5 20 48 20
43 15 43 21
12 17 12 21
29 34 32 34
26
47 28 47 44
34 38 34 47
7 33 7 38
19 16 19 21
24 13 24 27
2 25 5 25
40 30 40 35
17 25 17 32
36 32 36 40
42 44 48 44
17 33 17 36
2 21 4 21
2 0 13 0
14 27 25 27
27 23 27 50
2 0 2 34
13 24 13 40
31 31 31 34
0 6 6 6
2 33 50 33
16 30 20 30
24 38 28 38
19 43 36 43
1 17 4 17
18 18 25 18
1 13 2 13
15
37 19 37 35
20 18 20 43
6 6 13 6
3 23 42 23
10 1 30 1
33 23 33 26
9 30 9 48
8 14 20 14
29 23 29 27
35 31 42 31
9 37 22 37
20 41 29 41
19 0 19 3
13 1 13 28
16 23 16 26
21
23 32 27 32
25 37 32 37
35 30 38 30
15 9 15 19
24 8 30 8
5 18 45 18
15 30 25 30
35 35 44 35
6 17 6 23
38 31 41 31
46 23 46 27
24 28 34 28
31 25 31 31
9 10 15 10
38 15 38 35
24 24 28 24
31 37 31 38
37 27 47 27
27 0 27 37
23 30 23 35
44 18 44 20
21
48 26 48 42
30 44 30 48
41 32 41 42
5 5 5 28
46 41 46 43
12 38 22 38
26 15 26 35
21 31 21 50
1 7 6 7
15 47 34 47
34 42 49 42
8 21 8 22
43 41 43 42
34 40 34 49
3 17 8 17
3 33 12 33
21 16 21 25
12 22 12 39
4 22 21 22
18 31 26 31
20 44 22 44
24
23 36 23 50
31 45 31 47
36 32 42 32
19 37 39 37
3 9 11 9
14 23 29 23
3 18 5 18
28 21 28 37
1 39 11 39
4 22 6 22
5 5 5 42
15 7 15 8
29 46 46 46
10 37 10 44
6 48 32 48
21 5 21 10
18 4 18 25
4 32 7 32
24 29 30 29
15 7 22 7
5 16 24 16
36 32 36 46
2 25 12 25
40 30 40 35
11
16 36 16 43
20 11 20 13
11 42 35 42
13 2 13 25
18 19 34 19
4 15 4 41
4 23 15 23
34 11 34 46
31 18 36 18
0 11 34 11
34 31 40 31
35
20 8 20 12
35 23 35 26
12 30 12 38
0 31 3 31
40 34 42 34
17 31 17 41
1 24 5 24
36 3 36 12
26 39 28 39
40 5 49 5
22 30 22 34
26 19 28 19
13 15 27 15
10 19 15 19
28 6 28 42
13 11 13 33
22 2 22 10
22 16 34 16
6 11 16 11
3 34 36 34
35 5 39 5
11 9 38 9
40 24 40 34
14 39 18 39
3 31 3 35
25 32 28 32
26 42 32 42
1 19 1 32
4 40 10 40
12 28 23 28
20 24 48 24
48 2 48 27
22 21 22 29
32 40 32 48
7 23 7 42
40
27 39 31 39
16 42 23 42
27 7 44 7
10 30 13 30
4 20 16 20
5 16 5 21
0 5 22 5
39 19 50 19
41 16 44 16
28 7 28 14
33 19 33 24
1 35 7 35
36 30 41 30
18 35 26 35
28 22 28 26
21 44 50 44
5 33 5 39
23 34 33 34
41 4 41 8
31 34 31 44
9 37 9 46
42 4 49 4
25 10 30 10
49 1 49 45
20 17 20 25
35 34 43 34
27 25 27 37
43 11 44 11
18 34 18 44
42 13 42 22
3 38 18 38
35 39 40 39
16 23 16 25
1 1 1 36
43 6 43 11
38 5 38 40
35 25 45 25
26 21 39 21
12 19 12 38
10 25 31 25
12
16 14 22 14
35 25 35 30
38 5 38 13
12 8 47 8
31 28 35 28
19 19 41 19
13 3 13 13
0 8 0 19
19 8 19 27
35 12 41 12
17 24 21 24
31 19 31 29
30
12 14 12 23
34 29 34 41
20 28 22 28
41 31 41 42
39 40 42 40
0 35 47 35
17 40 32 40
41 18 41 25
23 16 23 20
10 2 10 18
32 11 32 26
30 21 33 21
27 46 33 46
0 17 0 20
0 18 41 18
30 38 30 50
47 28 47 35
25 26 39 26
44 28 49 28
20 17 20 35
30 26 30 31
18 40 18 47
9 34 9 40
4 22 10 22
25 21 25 29
26 34 26 37
32 11 33 11
14 44 20 44
4 22 4 38
14 32 14 39
6
16 4 43 4
17 2 17 13
2 2 17 2
6 2 6 14
20 9 31 9
21 3 21 4
85
0 7 0 12
37 25 41 25
44 23 44 48
38 0 38 5
5 22 8 22
4 14 6 14
47 45 47 46
15 43 15 50
24 18 24 21
33 28 39 28
24 5 45 5
43 19 43 22
22 26 31 26
31 11 31 15
0 10 29 10
24 23 28 23
47 5 47 12
37 12 37 30
31 31 36 31
42 4 42 17
5 5 6 5
27 13 33 13
14 17 14 25
33 5 33 10
6 37 7 37
41 16 42 16
42 35 42 36
6 35 14 35
40 9 47 9
1 39 7 39
11 7 11 10
13 2 13 6
18 20 50 20
23 8 23 10
46 19 46 22
28 17 28 21
12 24 12 27
26 12 27 12
40 45 49 45
31 8 35 8
32 20 32 24
32 31 32 33
12 32 12 35
33 19 33 20
21 48 38 48
47 26 47 28
49 34 49 38
32 39 32 50
25 39 36 39
4 24 16 24
49 30 50 30
6 0 6 46
48 15 50 15
34 35 50 35
47 26 48 26
10 17 16 17
16 1 16 17
40 28 40 30
3 46 22 46
23 16 28 16
2 3 7 3
46 5 48 5
25 37 25 43
11 31 22 31
35 29 35 31
14 1 20 1
3 18 9 18
25 33 32 33
36 31 36 37
22 41 22 50
30 32 30 39
26 19 26 36
4 29 10 29
19 42 24 42
20 17 20 25
50 7 50 32
12 4 17 4
49 8 49 9
47 8 49 8
16 23 16 33
27 44 27 50
18 40 25 40
40 28 47 28
36 0 42 0
27 2 27 17
17
21 29 21 44
35 18 35 26
39 29 39 42
3 8 10 8
32 33 32 41
4 5 4 47
4 38 50 38
3 42 4 42
50 30 50 41
42 12 42 27
46 19 46 24
14 33 14 43
35 33 40 33
18 17 18 27
3 45 4 45
8 14 8 22
0 22 47 22
13
3 34 9 34
9 15 9 19
15 12 15 23
8 14 8 35
12 37 24 37
20 23 23 23
36 2 46 2
45 2 45 6
21 4 34 4
2 23 9 23
5 19 23 19
11 12 17 12
23 2 23 43
9
44 37 44 48
33 35 39 35
36 37 36 43
29 11 29 26
39 18 39 41
31 39 45 39
26 13 32 13
24 22 50 22
49 16 49 26
67
36 17 36 25
43 18 43 22
23 43 28 43
5 27 7 27
21 41 21 49
34 26 49 26
35 0 35 4
11 9 13 9
32 1 32 3
17 2 40 2
10 16 10 17
34 4 35 4
44 1 49 1
22 10 22 13
42 16 47 16
22 1 22 3
3 23 8 23
43 46 46 46
17 13 44 13
6 7 12 7
25 5 34 5
26 39 30 39
0 0 0 8
47 7 47 34
23 23 23 27
36 36 36 42
37 7 49 7
2 13 2 15
6 7 6 18
27 10 29 10
28 5 28 44
31 31 31 33
7 25 34 25
27 20 28 20
7 22 7 27
45 29 49 29
40 22 40 28
36 19 43 19
17 44 29 44
11 5 11 11
40 10 40 19
49 0 49 8
3 21 3 24
0 14 19 14
0 0 18 0
15 23 15 25
25 12 25 13
30 17 30 19
44 34 44 49
35 12 35 15
18 0 18 7
23 31 31 31
41 33 47 33
15 14 15 15
40 1 40 9
43 12 43 14
43 7 43 8
40 42 46 42
46 14 49 14
14 13 14 14
0 9 0 16
34 21 34 29
10 17 13 17
12 11 12 30
26 18 30 18
27 36 45 36
19 24 19 31
42
22 16 22 25
5 29 5 31
1 23 40 23
8 19 8 23
9 3 16 3
19 16 25 16
25 9 25 10
24 35 24 38
23 46 33 46
10 12 20 12
45 37 45 40
13 27 17 27
26 14 45 14
44 34 44 37
18 10 24 10
13 42 19 42
18 4 18 10
19 9 27 9
2 16 2 28
3 30 5 30
39 21 39 23
12 39 25 39
30 29 33 29
33 32 37 32
14 1 14 41
32 34 34 34
15 40 15 50
10 10 10 15
20 47 20 49
38 7 50 7
28 6 28 15
50 1 50 9
22 37 47 37
31 41 35 41
13 17 14 17
42 3 42 21
14 7 18 7
33 14 33 49
3 29 3 42
3 35 15 35
8 49 38 49
27 19 27 27
34
23 37 23 50
17 6 23 6
39 2 39 14
29 13 29 15
1 4 1 42
14 39 39 39
3 22 28 22
41 31 50 31
1 37 19 37
10 35 10 43
37 23 45 23
5 13 5 17
33 37 33 48
13 13 44 13
27 22 27 40
20 17 20 18
28 47 38 47
25 33 29 33
29 15 30 15
3 18 3 26
14 22 14 31
39 5 40 5
14 31 20 31
15 13 15 16
42 13 42 37
19 17 24 17
34 12 34 13
1 16 15 16
34 36 43 36
35 31 35 37
21 5 21 22
49 29 49 35
27 27 30 27
39 18 50 18
9
41 5 41 27
35 15 35 26
49 36 49 42
38 32 43 32
38 14 38 43
42 26 42 27
37 40 50 40
31 24 37 24
31 27 42 27
90
38 16 38 24
9 33 12 33
48 33 48 41
46 24 46 26
41 41 41 48
25 48 44 48
24 5 29 5
33 34 33 37
20 40 20 45
15 38 15 47
15 14 15 17
31 4 31 36
5 15 35 15
25 27 25 31
28 41 28 49
20 19 20 27
6 21 14 21
39 44 47 44
38 24 41 24
10 47 10 49
49 12 49 33
34 37 49 37
12 46 12 48
0 26 20 26
44 16 44 19
22 9 22 22
39 26 50 26
0 48 17 48
24 27 30 27
5 11 5 19
39 9 39 14
24 33 24 46
38 16 45 16
40 24 40 32
22 34 22 36
12 25 12 26
18 26 18 40
31 40 31 44
25 4 25 11
16 44 16 48
9 32 9 33
0 30 1 30
0 17 5 17
27 15 27 18
9 37 18 37
12 38 17 38
1 41 8 41
28 17 28 21
22 38 26 38
37 14 40 14
6 23 6 28
17 33 18 33
36 7 36 11
7 37 8 37
29 15 29 16
28 24 32 24
14 20 14 23
7 36 7 44
30 30 41 30
6 43 31 43
0 48 0 50
19 29 25 29
10 11 10 33
0 34 1 34
19 9 25 9
4 26 4 27
37 29 37 35
46 17 46 22
46 38 46 49
28 19 32 19
11 6 11 11
36 36 36 44
9 6 12 6
8 11 12 11
20 28 20 38
28 34 28 37
26 42 26 43
31 40 38 40
19 22 20 22
30 10 45 10
46 48 47 48
20 35 35 35
8 18 10 18
22 22 23 22
2 40 2 49
44 8 44 11
40 33 40 40
43 18 48 18
0 23 0 34
18 13 18 16
20
17 27 26 27
36 26 40 26
38 8 39 8
6 34 44 34
23 26 23 36
14 17 14 20
35 4 41 4
11 28 11 40
18 18 18 27
38 2 38 48
15 4 25 4
11 17 11 23
38 11 46 11
32 41 43 41
10 18 44 18
16 34 16 36
23 4 23 18
1 17 1 33
29 16 29 23
22 6 23 6
21
10 0 14 0
34 41 41 41
43 18 43 20
8 22 8 38
39 20 50 20
27 7 27 37
40 20 40 44
6 26 14 26
15 9 15 13
38 32 38 33
17 31 17 43
3 32 40 32
25 16 38 16
13 3 14 3
13 0 13 11
16 36 17 36
9 9 9 11
15 42 24 42
29 31 29 33
7 10 27 10
33 31 33 35
13
40 33 49 33
30 0 30 7
27 1 50 1
13 5 33 5
28 49 47 49
39 20 39 25
35 24 47 24
27 3 27 20
41 1 41 5
42 20 49 20
19 10 27 10
24 14 49 14
44 12 44 50
31
20 34 34 34
12 16 12 22
39 43 44 43
45 27 47 27
33 27 33 37
36 26 38 26
33 8 33 19
45 24 47 24
30 8 37 8
34 21 47 21
32 11 35 11
22 13 24 13
38 26 38 30
26 43 29 43
37 31 44 31
19 28 24 28
9 19 9 29
13 3 13 13
25 33 28 33
24 14 45 14
31 30 39 30
47 20 47 27
40 9 40 43
28 32 28 44
9 21 24 21
32 36 38 36
24 7 24 34
38 37 40 37
6 28 10 28
12 8 24 8
24 24 27 24
7
18 5 18 26
18 21 40 21
10 5 22 5
22 10 32 10
0 32 14 32
32 34 36 34
32 4 32 35
70
17 31 17 33
14 2 14 44
35 7 35 15
42 18 43 18
37 34 37 42
13 32 19 32
0 12 20 12
46 36 46 40
12 16 15 16
42 46 42 49
33 22 33 26
24 25 24 34
2 32 4 32
48 20 48 24
29 2 29 6
30 13 30 27
22 10 24 10
25 20 25 23
36 40 37 40
38 26 38 28
40 22 48 22
8 4 44 4
29 31 29 46
36 29 36 35
10 20 10 24
33 31 33 34
32 45 32 47
38 16 43 16
27 10 27 14
43 0 43 44
30 38 48 38
7 23 7 28
39 7 41 7
2 31 2 49
14 14 15 14
41 25 41 26
12 44 14 44
36 26 36 27
50 12 50 41
43 6 44 6
9 30 15 30
41 30 41 35
21 32 21 40
37 13 37 14
19 26 21 26
14 28 17 28
22 13 42 13
25 40 32 40
17 29 25 29
6 12 6 16
19 9 19 15
33 35 33 38
32 4 32 10
14 8 16 8
40 43 46 43
2 38 23 38
2 9 2 13
6 35 6 38
25 43 25 48
20 23 20 27
40 12 48 12
39 4 39 7
18 21 18 24
24 4 24 11
33 26 45 26
22 11 22 16
42 41 44 41
21 33 41 33
6 23 31 23
23 46 48 46
9
9 37 9 44
6 42 41 42
46 12 46 23
16 30 16 47
9 33 17 33
10 30 10 35
27 11 27 44
41 36 41 42
22 27 29 27
118
39 33 39 40
35 27 41 27
10 37 10 39
29 32 49 32
11 22 46 22
7 16 21 16
12 4 15 4
33 11 33 17
36 5 36 11
1 13 8 13
29 21 29 22
33 3 33 9
41 29 49 29
7 9 7 45
2 7 2 16
12 22 12 27
12 0 12 13
14 30 14 35
40 31 40 34
26 43 26 50
33 46 35 46
6 38 11 38
6 15 7 15
44 28 44 31
5 43 5 49
28 29 30 29
38 2 38 6
24 36 30 36
24 25 25 25
38 16 38 33
8 25 14 25
46 11 46 29
0 27 8 27
33 40 37 40
16 39 19 39
14 20 14 22
34 46 34 47
23 2 30 2
33 16 34 16
3 47 5 47
0 25 0 32
29 7 29 13
5 35 7 35
21 15 21 16
36 11 40 11
31 19 31 28
45 19 46 19
19 0 19 6
4 31 15 31
3 46 3 47
16 5 24 5
26 13 26 15
43 48 46 48
19 36 19 45
26 7 29 7
14 35 20 35
39 35 43 35
29 28 29 35
5 13 5 14
42 30 42 33
25 1 25 2
6 40 7 40
16 13 19 13
38 30 39 30
19 14 26 14
43 21 43 23
11 3 11 11
33 7 36 7
29 38 34 38
17 44 17 49
17 9 22 9
38 17 39 17
38 40 44 40
20 30 28 30
17 21 19 21
24 11 33 11
3 44 34 44
20 27 20 31
30 36 30 46
10 28 21 28
15 11 18 11
41 25 41 29
47 31 47 38
4 9 11 9
39 14 49 14
44 36 44 48
3 26 7 26
23 33 25 33
39 11 39 16
3 0 22 0
12 8 14 8
35 43 37 43
0 29 1 29
17 7 17 21
43 37 49 37
15 22 15 24
43 12 43 15
3 3 6 3
48 14 48 15
29 46 30 46
24 2 24 36
22 43 22 45
38 25 39 25
4 0 4 4
35 30 35 46
43 45 50 45
32 3 41 3
20 19 20 25
5 8 5 9
34 36 36 36
6 24 8 24
28 34 28 37
5 20 8 20
44 25 50 25
48 24 48 25
16 5 16 10
13 42 13 46
19 31 20 31
10
10 34 15 34
18 26 18 29
25 15 25 33
18 17 25 17
28 37 42 37
16 19 16 28
35 26 35 37
5 28 35 28
13 21 13 43
38 36 38 38
17
19 19 19 34
32 6 32 33
24 40 24 41
23 40 35 40
26 14 50 14
32 28 34 28
38 23 49 23
46 7 46 26
28 30 28 50
9 26 9 35
45 10 46 10
7 31 43 31
24 50 46 50
17 21 25 21
27 23 34 23
43 24 43 39
4 30 9 30
38
18 39 18 49
43 20 43 23
9 9 9 10
26 31 29 31
38 41 43 41
24 21 24 25
32 17 32 23
20 37 20 40
5 6 5 16
11 49 21 49
5 34 8 34
42 29 42 31
6 21 47 21
39 16 39 30
35 31 35 40
4 29 9 29
22 1 22 12
17 31 24 31
2 4 2 17
35 16 39 16
19 17 19 33
26 29 26 42
4 10 22 10
1 26 6 26
19 9 19 12
22 30 22 34
13 8 13 26
0 17 7 17
9 20 9 21
6 40 26 40
24 37 41 37
0 1 0 19
6 16 6 42
12 39 12 45
34 30 46 30
41 34 41 45
46 20 46 27
29 19 29 29
69
33 3 33 5
4 34 20 34
8 25 12 25
36 9 49 9
6 29 13 29
49 34 49 39
24 3 43 3
13 7 13 12
35 31 35 35
41 42 44 42
23 10 25 10
4 17 10 17
13 21 13 22
33 15 33 20
22 45 22 49
11 22 28 22
17 39 26 39
37 38 37 39
27 20 33 20
3 14 3 19
27 14 27 21
33 48 33 50
42 23 42 26
34 0 34 3
46 3 46 11
15 28 22 28
29 32 29 35
28 2 28 4
47 23 47 27
16 40 39 40
43 1 43 6
34 38 49 38
43 4 45 4
14 31 14 35
15 36 15 50
25 43 27 43
24 36 25 36
19 9 19 22
38 24 48 24
29 44 29 49
23 9 23 13
4 23 4 41
39 7 41 7
25 48 25 50
5 18 5 20
31 20 31 25
14 43 16 43
32 16 41 16
16 34 16 40
1 28 6 28
7 2 7 18
19 28 19 35
23 28 26 28
8 32 8 34
6 36 15 36
17 16 20 16
5 11 23 11
18 32 39 32
5 5 9 5
11 15 11 29
39 3 39 39
24 22 24 39
11 49 44 49
41 37 41 50
36 16 36 18
27 45 30 45
0 19 11 19
1 19 1 27
27 37 27 44
19
23 4 23 21
33 36 50 36
12 41 27 41
34 18 43 18
15 35 15 36
10 29 10 47
39 8 39 40
9 17 27 17
6 47 13 47
33 2 33 15
14 22 20 22
22 29 42 29
7 31 11 31
18 15 18 38
30 6 30 10
26 27 26 45
13 28 23 28
17 10 45 10
5 35 24 35
10
16 2 42 2
28 2 28 20
21 7 21 16
32 2 32 3
28 8 32 8
19 6 19 13
45 4 45 13
38 4 46 4
18 13 48 13
35 7 35 14
36
33 13 34 13
31 27 38 27
19 17 19 45
38 31 45 31
42 41 42 44
19 12 19 14
22 35 41 35
31 15 37 15
11 30 11 36
22 29 30 29
22 8 22 16
19 34 23 34
36 0 36 3
20 9 43 9
11 10 19 10
37 41 44 41
33 0 33 27
25 27 25 39
7 31 20 31
14 8 14 20
0 44 37 44
19 28 21 28
15 14 25 14
26 5 33 5
17 23 21 23
8 17 26 17
27 19 33 19
38 27 38 41
13 39 13 44
25 41 25 46
0 28 0 49
30 34 30 46
8 42 8 50
28 2 38 2
35 41 35 47
41 8 41 14
27
9 37 44 37
27 31 30 31
36 33 36 37
9 14 11 14
23 20 23 24
3 11 14 11
18 0 18 11
37 30 42 30
29 12 31 12
11 2 11 39
30 17 39 17
17 33 17 44
39 23 39 30
18 17 18 23
34 3 34 7
3 6 11 6
7 18 7 21
7 5 44 5
18 23 39 23
30 3 30 20
9 24 15 24
27 12 27 30
23 48 24 48
16 17 16 19
19 23 19 25
28 26 28 46
5 18 22 18
64
21 45 21 50
34 39 35 39
18 41 22 41
7 6 7 12
20 28 23 28
11 15 36 15
9 48 17 48
34 8 34 19
0 45 8 45
42 3 49 3
40 30 40 37
2 27 20 27
44 1 44 26
8 20 15 20
8 38 8 41
46 29 46 31
40 26 48 26
35 35 35 40
19 21 21 21
9 15 10 15
39 21 39 30
44 30 44 31
2 8 2 49
10 35 10 40
0 36 10 36
2 31 3 31
12 13 12 20
14 36 14 48
12 7 12 8
42 14 48 14
25 35 25 40
28 11 28 15
0 11 10 11
29 35 29 50
43 1 44 1
27 42 33 42
16 36 16 38
18 36 18 38
13 37 42 37
47 13 47 15
13 44 16 44
11 30 15 30
32 33 32 38
9 10 9 15
0 49 3 49
32 11 46 11
15 5 15 16
17 33 21 33
0 39 4 39
0 20 7 20
20 49 32 49
37 11 37 13
48 29 48 36
8 45 8 48
42 30 42 31
36 22 42 22
20 11 20 42
15 24 15 31
37 30 49 30
41 20 50 20
8 41 15 41
16 47 16 49
36 26 39 26
11 8 21 8
18
8 41 8 43
10 0 36 0
41 17 41 28
27 26 42 26
8 42 16 42
11 13 15 13
26 2 26 34
32 22 32 40
13 38 15 38
38 39 38 41
14 34 33 34
42 30 42 42
28 33 28 36
6 9 18 9
14 0 14 46
10 24 19 24
28 39 45 39
13 16 20 16
17
20 41 41 41
20 29 35 29
0 29 18 29
41 34 41 46
6 28 6 34
40 4 40 28
15 4 15 35
29 0 29 15
8 5 47 5
30 17 30 47
13 35 13 44
28 27 30 27
29 20 48 20
10 21 29 21
39 14 41 14
2 25 2 31
11 35 20 35
12
30 2 30 40
34 1 34 6
16 1 16 13
25 1 25 3
43 16 47 16
45 2 45 19
44 8 50 8
29 26 35 26
29 35 38 35
1 2 1 17
29 14 32 14
10 3 45 3
29
6 11 22 11
45 16 49 16
1 32 25 32
18 42 18 50
22 9 22 36
48 16 48 19
23 36 23 50
1 29 3 29
29 2 29 11
40 26 40 35
38 5 44 5
13 40 13 49
32 22 32 50
20 28 47 28
43 0 43 29
21 21 23 21
12 41 14 41
4 9 38 9
37 4 37 11
4 40 4 48
14 30 14 40
22 42 42 42
47 26 47 28
13 38 17 38
5 5 5 18
42 22 50 22
1 13 1 33
20 1 20 10
4 46 24 46
10
24 18 24 32
11 36 11 45
16 28 32 28
8 21 10 21
2 0 48 0
7 9 17 9
7 37 18 37
5 27 13 27
5 18 27 18
8 0 8 38
32
21 25 22 25
44 12 48 12
45 2 45 25
39 25 47 25
41 1 41 4
20 41 26 41
44 38 45 38
29 10 29 13
31 19 32 19
35 35 36 35
37 11 37 28
16 11 16 18
13 13 32 13
17 29 17 35
21 2 47 2
20 37 23 37
36 19 36 45
15 21 15 27
15 21 25 21
7 46 25 46
44 25 44 39
22 12 22 46
31 45 31 48
10 41 10 47
42 19 42 25
16 32 45 32
32 16 40 16
27 44 27 47
30 27 30 37
26 45 43 45
36 2 36 6
32 13 32 19
10
30 26 30 38
20 43 37 43
44 7 44 18
21 38 41 38
21 28 38 28
23 11 44 11
34 20 41 20
37 36 37 50
34 10 34 28
25 22 25 29
22
4 26 39 26
32 6 32 9
4 16 9 16
10 8 10 22
18 16 18 33
5 46 7 46
6 36 9 36
4 30 7 30
31 6 41 6
25 3 25 23
6 40 11 40
38 32 48 32
27 23 27 32
7 15 7 48
39 6 39 36
7 47 18 47
46 31 46 33
8 10 10 10
10 16 26 16
37 12 41 12
48 25 48 37
31 26 31 28
13
9 16 12 16
9 10 9 28
8 7 8 10
36 5 36 18
26 9 26 33
44 7 44 10
5 28 17 28
17 10 17 11
7 7 7 10
26 24 35 24
21 10 21 11
22 32 28 32
5 10 44 10
57
32 0 32 3
23 5 24 5
27 44 27 46
15 12 17 12
35 11 46 11
4 30 6 30
5 35 5 40
33 12 33 15
17 29 17 37
5 10 5 15
25 25 37 25
25 14 34 14
22 0 22 2
44 28 46 28
33 21 40 21
13 24 18 24
27 34 29 34
13 35 13 37
1 40 6 40
10 5 10 11
22 10 28 10
15 2 37 2
27 46 48 46
33 36 33 42
23 35 23 38
43 37 46 37
44 32 48 32
28 9 28 39
33 30 46 30
47 31 47 33
35 2 35 12
3 32 3 36
24 5 24 13
34 21 34 30
35 34 35 36
12 0 17 0
45 27 45 46
6 45 12 45
42 10 42 15
35 5 37 5
15 20 31 20
30 25 30 26
15 35 15 37
29 43 45 43
36 44 36 46
16 0 16 23
2 36 36 36
11 31 11 46
5 10 16 10
11 29 17 29
5 22 5 31
25 1 25 3
32 38 34 38
14 21 14 30
38 29 38 32
20 17 20 27
0 22 15 22
