24952
14356
5874
17744
11892
22750
13310
10366
10472
16618
16390
2356
14998
18654
20020
22720
13900
5528
8410
14144
5724
5200
20330
2562
6416
15752
21490
22818
15094
24022
3128
13902
4792
9004
23014
8052
23124
11370
18420
10
3036
1226
2368
9402
19882
13758
23492
196
19288
23270
14342
16382
3518
1088
18944
9936
16840
6848
24124
6982
22238
2300
20886
2080
11305
10316
1502
844
21688
11291
854
16094
3886
19544
542
23768
8350
15404
15334
19006
13724
21046
1804
17244
22136
20748
18548
5392
2646
17720
12374
24884
20022
24630
18332
22696
9992
11204
23542
23050
22496
15764
5558
1430
10358
22424
16570
10078
12878
23272
20453
1648
10736
22258
10260
24240
9422
3856
4680
3436
21578
8424
19692
8016
8101
13072
5760
9462
15644
20670
23882
4558
2850
4488
22310
4576
1960
5296
14654
6206
3616
1524
7856
5720
23784
9484
5008
8254
13342
9689
11692
1336
18114
22752
720
17584
2240
22802
18416
17886
18520
17346
22446
12740
13202
19804
17316
15164
16468
7020
12740
20086
24866
11964
854
23698
21450
22184
23320
9840
6922
1428
2546
16406
24182
3268
404
1470
1118
18822
19358
11008
11216
8218
23748
15788
19391
16112
5998
10906
14502
18740
22362
14416
5752
14584
4528
18570
11818
2898
19780
10108
20648
22326
17882
19880
16964
18290
12718
9452
12160
23446
20460
14744
6712
10624
5578
17472
18104
2948
19748
7654
13056
8526
13438
10178
14480
9336
3796
1344
3604
23578
2822
24252
12320
20706
10548
4330
5410
23266
13784
17572
21760
658
23686
19840
11284
4310
3728
4434
23582
23478
3458
11686
23372
8266
13232
12900
17604
17030
5612
12576
7022
8436
11876
19342
20510
22426
15042
970
12108
3872
9910
8916
20854
8642
20124
7184
12956
23854
2990
2952
13746
22770
14640
12166
6082
2920
16434
15056
11318
22048
2678
18342
5530
5924
4098
17412
19718
19142
18382
6874
14384
3340
7158
1654
11986
2330
208
16310
17554
3200
19264
22670
17338
318
1252
14790
19562
17688
4894
5926
14782
23894
15636
11682
21188
11106
4142
15954
21616
13894
14196
2416
17236
21356
4072
20590
15056
4284
11948
7656
23804
22582
5374
16190
14272
6626
6030
8880
15682
2292
6178
5512
17556
13184
8564
13792
24290
12708
21114
20954
17970
10358
14740
10252
6762
18814
22212
21818
23098
576
20844
21952
23162
17588
4558
12480
15584
1956
12730
6314
4250
18908
3194
13176
23462
11762
2016
22798
15838
14500
10170
8854
24860
24910
10478
22992
18772
7738
11226
8286
8316
7118
21606
22846
24708
17534
1742
15338
19492
14472
13020
23743
24750
16218
11966
23258
3026
5352
12472
10232
19854
22644
19088
11130
13970
20936
9170
24112
3722
20398
7446
3406
18884
20422
1300
10008
13002
3044
16716
7542
8884
4784
22654
8682
21004
1036
6988
15398
6390
19462
678
17614
8522
11138
20112
22492
7120
4330
21650
2210
16096
20466
5618
10030
15934
23240
11406
20304
1332
3170
2894
10218
7956
16916
10268
20328
17954
17260
10774
15712
3138
2822
8374
11660
5330
3534
566
3818
24186
22218
6030
15330
9100
3016
16728
79
1306
3184
20386
18960
6354
14648
4226
5678
6612
14496
1054
24568
23124
3198
15328
1308
22344
15071
4336
2720
9974
4906
6538
576
18494
3938
7276
2642
6956
24006
19044
24584
18558
5846
18592
16280
11863
14186
13330
18476
20052
14384
9460
9592
8952
16158
2268
6342
22598
6606
432
23942
2882
23294
24520
12746
2278
6842
15388
604
22218
846
234
7190
23016
10198
23474
9926
15752
11850
3450
10852
17604
4280
20444
1603
20440
22714
24268
9452
20690
16070
8442
23574
14410
8010
11366
8058
6220
18122
8664
3486
10338
268
10678
8400
1834
566
18328
17588
3786
13148
19810
21390
17428
6668
14362
4284
20752
5046
5104
16490
21116
13548
6478
1942
12926
9212
10002
10516
18704
10034
14004
4090
10304
16050
12492
3508
7986
22188
21098
11774
10384
7324
24534
19182
13994
13944
14834
9792
10358
19940
17652
6522
24856
24130
8466
4198
24712
9838
14716
18464
19874
20088
13924
5226
2554
17784
103
10542
15020
21204
13684
16772
19896
13266
2370
8938
18578
8572
18732
3984
19880
2798
1878
19784
1978
1712
23984
18058
11552
5116
11570
6472
251
541
3068
2808
9694
3172
13352
24716
15744
2084
7904
10690
6718
10274
10996
344
10214
21096
20652
5142
23898
22530
16296
922
24246
6696
18982
2212
11813
21922
53
12066
13832
3124
14876
23526
22618
19596
14656
4780
13048
22562
6838
19768
24204
17834
11480
9466
13980
7180
14610
12924
21080
5954
5216
11740
12652
15566
13954
15834
12536
14009
2948
17736
8502
9192
16310
22490
20158
22336
2316
8254
19946
9154
19390
19198
2036
22240
20034
7384
20790
1060
20308
16918
7016
570
3706
11038
7508
9030
1920
20044
14408
21192
4196
22910
5432
11874
20448
638
9260
14132
260
4253
14654
11020
14820
16691
8308
1268
24076
4146
2330
10800
12432
9346
2740
16140
11754
10248
216
13674
21662
14624
9914
904
3950
6714
12782
15766
23676
22042
21268
15304
17664
10970
1372
23852
2708
1049
168
18154
21518
2500
4002
8998
3216
23066
16508
14972
8362
8092
20014
5070
14086
21298
5976
9408
3060
10128
222
1782
7216
21492
17090
16250
23830
9830
15150
1586
2248
15320
11110
23768
17822
6481
24136
21042
4594
15690
2428
12956
15152
22444
9396
4288
18790
15374
13696
21850
548
5286
15004
24088
18146
23462
15386
17024
24662
5584
9980
1958
12274
12458
774
5144
18940
16278
17554
14904
23338
19982
19230
13536
8842
3674
9192
2680
19050
14258
15900
10968
19546
22272
1472
4108
20780
16860
12500
20489
13812
22482
22448
1132
1356
14590
22600
20298
5916
6568
1616
4302
17920
20848
9206
1810
24524
18402
20814
9988
7706
11760
12326
18622
9080
13800
14098
21228
22030
1646
8132
10888
15498
5628
3390
16856
11588
17360
3570
8872
23930
5188
4542
16898
1084
13750
10080
654
23522
5940
2012
22598
17702
14340
16266
18150
3188
21734
5794
264
23384
13928
2522
5298
19556
22236
22154
22512
14644
772
6432
4990
22282
10976
13258
23368
16096
23338
