10
621 0 4
474 0 3
524 1 50
729 2 16
434 2 15
732 1 35
867 2 35
798 1 3
386 0 19
535 0 13
1000
25000
0
24999
1
24998
2
24997
3
24996
4
24995
5
24994
6
24993
7
24992
8
24991
9
24990
10
24989
11
24988
12
24987
13
24986
14
24985
15
24984
16
24983
17
24982
18
24981
19
24980
20
24979
21
24978
22
24977
23
24976
24
24975
25
24974
26
24973
27
24972
28
24971
29
24970
30
24969
31
24968
32
24967
33
24966
34
24965
35
24964
36
24963
37
24962
38
24961
39
24960
40
24959
41
24958
42
24957
43
24956
44
24955
45
24954
46
24953
47
24952
48
24951
49
24950
50
24949
51
24948
52
24947
53
24946
54
24945
55
24944
56
24943
57
24942
58
24941
59
24940
60
24939
61
24938
62
24937
63
24936
64
24935
65
24934
66
24933
67
24932
68
24931
69
24930
70
24929
71
24928
72
24927
73
24926
74
24925
75
24924
76
24923
77
24922
78
24921
79
24920
80
24919
81
24918
82
24917
83
24916
84
24915
85
24914
86
24913
87
24912
88
24911
89
24910
90
24909
91
24908
92
24907
93
24906
94
24905
95
24904
96
24903
97
24902
98
24901
99
24900
100
24899
101
24898
102
24897
103
24896
104
24895
105
24894
106
24893
107
24892
108
24891
109
24890
110
24889
111
24888
112
24887
113
24886
114
24885
115
24884
116
24883
117
24882
118
24881
119
24880
120
24879
121
24878
122
24877
123
24876
124
24875
125
24874
126
24873
127
24872
128
24871
129
24870
130
24869
131
24868
132
24867
133
24866
134
24865
135
24864
136
24863
137
24862
138
24861
139
24860
140
24859
141
24858
142
24857
143
24856
144
24855
145
24854
146
24853
147
24852
148
24851
149
24850
150
24849
151
24848
152
24847
153
24846
154
24845
155
24844
156
24843
157
24842
158
24841
159
24840
160
24839
161
24838
162
24837
163
24836
164
24835
165
24834
166
24833
167
24832
168
24831
169
24830
170
24829
171
24828
172
24827
173
24826
174
24825
175
24824
176
24823
177
24822
178
24821
179
24820
180
24819
181
24818
182
24817
183
24816
184
24815
185
24814
186
24813
187
24812
188
24811
189
24810
190
24809
191
24808
192
24807
193
24806
194
24805
195
24804
196
24803
197
24802
198
24801
199
24800
200
24799
201
24798
202
24797
203
24796
204
24795
205
24794
206
24793
207
24792
208
24791
209
24790
210
24789
211
24788
212
24787
213
24786
214
24785
215
24784
216
24783
217
24782
218
24781
219
24780
220
24779
221
24778
222
24777
223
24776
224
24775
225
24774
226
24773
227
24772
228
24771
229
24770
230
24769
231
24768
232
24767
233
24766
234
24765
235
24764
236
24763
237
24762
238
24761
239
24760
240
24759
241
24758
242
24757
243
24756
244
24755
245
24754
246
24753
247
24752
248
24751
249
24750
250
24749
251
24748
252
24747
253
24746
254
24745
255
24744
256
24743
257
24742
258
24741
259
24740
260
24739
261
24738
262
24737
263
24736
264
24735
265
24734
266
24733
267
24732
268
24731
269
24730
270
24729
271
24728
272
24727
273
24726
274
24725
275
24724
276
24723
277
24722
278
24721
279
24720
280
24719
281
24718
282
24717
283
24716
284
24715
285
24714
286
24713
287
24712
288
24711
289
24710
290
24709
291
24708
292
24707
293
24706
294
24705
295
24704
296
24703
297
24702
298
24701
299
24700
300
24699
301
24698
302
24697
303
24696
304
24695
305
24694
306
24693
307
24692
308
24691
309
24690
310
24689
311
24688
312
24687
313
24686
314
24685
315
24684
316
24683
317
24682
318
24681
319
24680
320
24679
321
24678
322
24677
323
24676
324
24675
325
24674
326
24673
327
24672
328
24671
329
24670
330
24669
331
24668
332
8619
8731
20846
2240
20336
4339
24066
7685
13082
1942
21801
7829
19024
17817
459
458
4601
20849
12190
9188
2691
1409
15040
19710
12559
13160
22710
5946
18922
2338
18833
18893
11070
14679
21133
6406
19019
11552
5443
23453
13494
2244
22635
7518
11413
14446
24328
16015
10295
2870
16555
12986
4279
22947
24048
16839
11107
21759
14137
21382
15449
24322
15275
1519
14001
2761
24277
24372
14313
4721
14178
19159
23317
3165
18030
9731
17611
17358
17098
19258
20229
8653
7244
15860
22952
6293
7699
9059
19404
13188
5441
1205
12510
12069
19077
17864
14830
18354
8588
4143
14427
22766
14654
12745
931
7684
13828
9894
43
22278
4152
11624
5931
11397
2484
20235
9042
1536
4294
19798
14724
1088
21003
18587
13157
15080
11451
2987
24787
11391
23482
5566
9158
13136
9663
1441
20821
23491
11336
12216
20769
15488
23840
18052
18237
17676
13287
18631
19212
8934
13429
289
1374
785
10228
5883
7217
13031
222
23356
24422
23704
3923
24932
3192
13586
1374
24013
12078
4062
2581
24199
10902
17773
8604
4140
10450
13243
22771
21014
22177
2553
12655
14903
19690
14235
20786
1907
2266
21008
16616
1689
11064
20539
17973
14257
9125
19347
4622
12555
14761
7204
3107
664
16329
11711
21156
18131
24954
10279
14146
13484
4184
18153
3387
23874
7389
15526
17134
9655
11534
8750
2696
22599
4289
20670
3208
4766
6369
7830
8674
12483
15034
11781
13147
6364
23492
9303
24495
14798
19582
4993
3282
23767
14499
23022
13993
21888
13548
6127
22895
16434
6229
16944
14033
1870
3966
17241
6637
10335
16424
15311
22818
6458
2092
2317
4174
16936
2972
20022
6734
13907
15
1369
12674
5866
24391
18019
2754
12939
15499
17002
4373
21728
298
9759
23599
4264
18352
21588
5951
9776
11899
20122
7587
5343
22439
11761
13631
412
23135
20365
14319
14503
21734
18345
20369
12477
11364
14476
416
1863
22830
21142
14944
23128
5901
13543
2392
15605
10131
8343
16734
13382
3465
24321
10077
905
2434
23708
17669
570
10425
6988
