100
23 1 27
759 2 47
829 2 20
676 0 34
964 1 47
945 2 12
839 1 46
467 2 31
789 1 28
943 2 12
197 2 29
588 1 2
510 2 13
401 1 42
495 0 21
499 1 35
273 2 32
778 0 21
136 2 38
970 0 29
280 2 23
236 0 22
661 1 12
574 1 22
732 0 26
202 1 21
720 1 22
419 2 45
743 1 24
182 0 12
750 2 33
468 2 13
801 1 50
225 1 13
121 1 37
453 1 20
519 1 24
806 2 44
132 0 13
638 1 8
269 1 43
220 2 43
433 0 13
121 0 14
334 0 39
567 0 12
24 0 18
626 2 37
502 2 45
790 2 27
460 2 18
145 1 37
80 1 7
280 2 42
967 1 13
872 2 47
903 1 17
779 0 43
919 2 19
67 0 22
461 2 12
795 2 25
594 1 22
306 2 4
156 1 35
970 0 2
201 2 26
721 2 29
983 2 10
175 1 30
233 0 49
128 2 11
730 2 8
176 2 2
586 1 8
294 2 17
869 2 39
38 2 41
75 1 12
836 2 47
110 1 22
358 0 7
429 0 36
403 0 18
914 1 46
575 0 32
964 1 29
984 0 48
413 0 38
171 0 13
381 0 1
802 0 13
580 0 23
661 0 2
704 2 8
161 1 22
59 2 49
246 0 14
149 1 48
45 0 13
1000
25000
0
24999
1
24998
2
24997
3
24996
4
24995
5
24994
6
24993
7
24992
8
24991
9
24990
10
24989
11
24988
12
24987
13
24986
14
24985
15
24984
16
24983
17
24982
18
24981
19
24980
20
24979
21
24978
22
24977
23
24976
24
24975
25
24974
26
24973
27
24972
28
24971
29
24970
30
24969
31
24968
32
24967
33
24966
34
24965
35
24964
36
24963
37
24962
38
24961
39
24960
40
24959
41
24958
42
24957
43
24956
44
24955
45
24954
46
24953
47
24952
48
24951
49
24950
50
24949
51
24948
52
24947
53
24946
54
24945
55
24944
56
24943
57
24942
58
24941
59
24940
60
24939
61
24938
62
24937
63
24936
64
24935
65
24934
66
24933
67
24932
68
24931
69
24930
70
24929
71
24928
72
24927
73
24926
74
24925
75
24924
76
24923
77
24922
78
24921
79
24920
80
24919
81
24918
82
24917
83
24916
84
24915
85
24914
86
24913
87
24912
88
24911
89
24910
90
24909
91
24908
92
24907
93
24906
94
24905
95
24904
96
24903
97
24902
98
24901
99
24900
100
24899
101
24898
102
24897
103
24896
104
24895
105
24894
106
24893
107
24892
108
24891
109
24890
110
24889
111
24888
112
24887
113
24886
114
24885
115
24884
116
24883
117
24882
118
24881
119
24880
120
24879
121
24878
122
24877
123
24876
124
24875
125
24874
126
24873
127
24872
128
24871
129
24870
130
24869
131
24868
132
24867
133
24866
134
24865
135
24864
136
24863
137
24862
138
24861
139
24860
140
24859
141
24858
142
24857
143
24856
144
24855
145
24854
146
24853
147
24852
148
24851
149
24850
150
24849
151
24848
152
24847
153
24846
154
24845
155
24844
156
24843
157
24842
158
24841
159
24840
160
24839
161
24838
162
24837
163
24836
164
24835
165
24834
166
24833
167
24832
168
24831
169
24830
170
24829
171
24828
172
24827
173
24826
174
24825
175
24824
176
24823
177
24822
178
24821
179
24820
180
24819
181
24818
182
24817
183
24816
184
24815
185
24814
186
24813
187
24812
188
24811
189
24810
190
24809
191
24808
192
24807
193
24806
194
24805
195
24804
196
24803
197
24802
198
24801
199
24800
200
24799
201
24798
202
24797
203
24796
204
24795
205
24794
206
24793
207
24792
208
24791
209
24790
210
24789
211
24788
212
24787
213
24786
214
24785
215
24784
216
24783
217
24782
218
24781
219
24780
220
24779
221
24778
222
24777
223
24776
224
24775
225
24774
226
24773
227
24772
228
24771
229
24770
230
24769
231
24768
232
24767
233
24766
234
24765
235
24764
236
24763
237
24762
238
24761
239
24760
240
24759
241
24758
242
24757
243
24756
244
24755
245
24754
246
24753
247
24752
248
24751
249
24750
250
24749
251
24748
252
24747
253
24746
254
24745
255
24744
256
24743
257
24742
258
24741
259
24740
260
24739
261
24738
262
24737
263
24736
264
24735
265
24734
266
24733
267
24732
268
24731
269
24730
270
24729
271
24728
272
24727
273
24726
274
24725
275
24724
276
24723
277
24722
278
24721
279
24720
280
24719
281
24718
282
24717
283
24716
284
24715
285
24714
286
24713
287
24712
288
24711
289
24710
290
24709
291
24708
292
24707
293
24706
294
24705
295
24704
296
24703
297
24702
298
24701
299
24700
300
24699
301
24698
302
24697
303
24696
304
24695
305
24694
306
24693
307
24692
308
24691
309
24690
310
24689
311
24688
312
24687
313
24686
314
24685
315
24684
316
24683
317
24682
318
24681
319
24680
320
24679
321
24678
322
24677
323
24676
324
24675
325
24674
326
24673
327
24672
328
24671
329
24670
330
24669
331
24668
332
21035
4841
20167
10416
8903
10044
3218
12676
18859
1150
24229
16992
15164
6186
13971
22868
12409
18381
2382
13560
221
13793
15675
23360
8391
15774
14836
6540
14286
17428
19938
10321
22269
15105
12089
22525
16501
6660
1553
10361
7810
782
2353
14326
23321
7676
12195
2082
17409
5929
15642
8982
19722
6317
7342
19465
22091
13530
1006
2729
5959
20944
13050
19580
2401
140
17105
18903
6800
10010
20616
5962
10793
14321
20289
466
21998
23836
18900
14407
21117
9543
23390
7191
7212
22084
1656
20656
10615
2662
23385
7926
14958
11436
18858
17360
2928
2316
11263
1080
12326
6879
7042
14471
21200
18683
14937
9550
17519
8838
23958
4988
9733
13700
12179
8297
10784
13836
3953
12751
16498
2339
12029
6457
5127
5888
15169
24407
8204
1432
487
20530
24663
23881
10002
12215
8917
16291
21766
17788
16481
12076
22777
1214
776
9956
9512
2912
23792
4817
15664
6643
23508
2693
4452
3635
8581
19621
19394
8137
12405
11233
20020
12068
1467
5022
15635
10384
12665
3753
3172
4147
15829
949
5361
7957
10906
6225
10870
1050
11043
1534
24045
903
20579
3497
4539
20513
14470
15285
3650
1875
1519
23670
5295
2986
20044
20931
4722
7710
24684
7894
11857
6866
196
8570
14823
2454
6148
693
3504
8543
18579
2550
9446
14159
22399
5337
9672
11870
20623
4674
13745
13494
3345
19041
7832
14741
6324
12554
22451
22360
20448
660
4226
11996
583
19050
14450
6731
19743
17955
15274
13323
11857
24720
2482
9256
5058
3506
21126
17033
8180
1224
5527
2877
11617
13359
17619
17941
17265
6422
15301
12713
23435
19528
16062
24018
4930
5512
5749
24673
14819
12375
4348
1676
12095
23182
2285
8505
1688
14763
16890
1221
15987
22417
20450
2604
2128
4421
11897
19393
2196
18551
23459
631
4431
14521
16001
9361
20033
21750
386
9853
477
4735
2881
3924
19269
5166
12430
20958
19930
4320
13531
2269
18090
8981
4874
20218
4755
8123
5964
6951
1674
4423
7582
6105
10296
23583
6818
5329
11685
7205
