9064482
0
9064112
612
9063757
1222
9063387
1826
9063032
2420
9062662
3000
9062307
3562
9061937
4102
9061582
4616
9061212
5100
9060857
5550
9060487
5962
9060132
6332
9059762
6687
9059407
7057
9059037
7412
9058682
7782
9058312
8137
9057957
8507
9057587
8862
9057232
9232
9056862
9587
9056507
9957
9056137
10312
9055782
10682
9055412
11037
9055057
11407
9054687
11762
9054332
12132
9053962
12487
9053607
12857
9053237
13212
9052882
13582
9052512
13937
9052157
14307
9051787
14662
9051432
15032
9051062
15387
9050707
15757
9050337
16112
9049982
16482
9049612
16837
9049257
17207
9048887
17562
9048532
17932
9048162
18287
9047807
18657
9047437
19012
9047082
19382
9046712
19737
9046357
20107
9045987
20462
9045632
20832
9045262
21187
9044907
21557
9044537
21912
9044182
22282
9043812
22637
9043457
23007
9043087
23362
9042732
23732
9042362
24087
9042007
24457
9041637
24812
9041282
25182
9040912
25537
9040557
25907
9040187
26262
9039832
26632
9039462
26987
9039107
27357
9038737
27712
9038382
28082
9038012
28437
9037657
28807
9037287
29162
9036932
29532
9036562
29887
9036207
30257
9035837
30612
9035482
30982
9035112
31337
9034757
31707
9034387
32062
9034032
32432
9033662
32787
9033307
33157
9032937
33512
9032582
33882
9032212
34237
9031857
34607
9031487
34962
9031132
35332
9030762
35687
9030407
36057
9030037
36412
9029682
36782
9029312
37137
9028957
37507
9028587
37862
9028232
38232
9027862
38587
9027507
38957
9027137
39312
9026782
39682
9026412
40037
9026057
40407
9025687
40762
9025332
41132
9024962
41487
9024607
41857
9024237
42212
9023882
42582
9023512
42937
9023157
43307
9022787
43662
9022432
44032
9022062
44387
9021707
44757
9021337
45112
9020982
45482
9020612
45837
9020257
46207
9019887
46562
9019532
46932
9019162
47287
9018807
47657
9018437
48012
9018082
48382
9017712
48737
9017357
49107
9016987
49462
9016632
49832
9016262
50187
9015907
50557
9015537
50912
9015182
51282
9014812
51637
9014457
52007
9014087
52362
9013732
52732
9013362
53087
9013007
53457
9012637
53812
9012282
54182
9011912
54537
9011557
54907
9011187
55262
9010832
55632
9010462
55987
9010107
56357
9009737
56712
9009382
57082
9009012
57437
9008657
57807
9008287
58162
9007932
58532
9007562
58887
9007207
59257
9006837
59612
9006482
59982
9006112
60337
9005757
60707
9005387
61062
9005032
61432
9004662
61787
9004307
62157
9003937
62512
9003582
62882
9003212
63237
9002857
63607
9002487
63962
9002132
64332
9001762
64687
9001407
65057
9001037
65412
9000682
65782
9000312
66137
8999957
66507
8999587
66862
8999232
67232
8998862
67587
8998507
67957
8998137
68312
8997782
68682
8997412
69037
8997057
69407
8996687
69762
8996332
70132
8995962
70487
8995607
70857
8995237
71212
8994882
71582
8994512
71937
8994157
72307
8993787
72662
8993432
73032
8993062
73387
8992707
73757
8992337
74112
8991982
74482
8991612
74837
8991257
75207
8990887
75562
8990532
75932
8990162
76287
8989807
76657
8989437
77012
8989082
77382
8988712
77737
8988357
78107
8987987
78462
8987632
78832
8987262
79187
8986907
79557
8986537
79912
8986182
80282
8985812
80637
8985457
81007
8985087
81362
8984732
81732
8984362
82087
8984007
82457
8983637
82812
8983282
83182
8982912
83537
8982557
83907
8982187
84262
8981832
84632
8981462
84987
8981107
85357
8980737
85712
8980382
86082
8980012
86437
8979657
86807
8979287
87162
8978932
87532
8978562
87887
8978207
88257
8977837
88612
8977482
88982
8977112
89337
8976757
89707
8976387
90062
8976032
90432
8975662
90787
8975307
91157
8974937
91512
8974582
91882
8974212
92237
8973857
92607
8973487
92962
8973132
93332
8972762
93687
8972407
94057
8972037
94412
8971682
94782
8971312
95137
8970957
95507
8970587
95862
8970232
96232
8969862
96587
8969507
96957
8969137
97312
8968782
97682
8968412
98037
8968057
98407
8967687
98762
8967332
99132
8966962
99487
8966607
99857
8966237
100212
8965882
100582
8965512
100937
8965157
101307
8964787
101662
8964432
102032
8964062
102387
8963707
102757
8963337
103112
8962982
103482
8962612
103837
8962257
104207
8961887
104562
8961532
104932
8961162
105287
8960807
105657
8960437
106012
8960082
106382
8959712
106737
8959357
107107
8958987
107462
8958632
107832
8958262
108187
8957907
108557
8957537
108912
8957182
109282
8956812
109637
8956457
110007
8956087
110362
8955732
110732
8955362
111087
8955007
111457
8954637
111812
8954282
112182
8953912
112537
8953557
112907
8953187
113262
8952832
113632
8952462
113987
8952107
114357
8951737
114712
8951382
115082
8951012
115437
8950657
115807
8950287
116162
8949932
116532
8949562
116887
8949207
117257
8948837
117612
8948482
117982
8948112
118337
8947757
118707
8947387
119062
8947032
119432
8946662
119787
8946307
120157
8945937
120512
8945582
120882
8945212
121237
8944857
121607
8944487
121962
8944132
122332
2707682
7543432
2333212
1850732
2429282
3190887
2439787
251012
4620957
6889482
104207
6031807
269507
4336757
7343687
7700387
3211912
2977737
7894687
3565357
8211157
1018062
850232
5877382
1429137
3473637
7660882
4750732
2390857
7319407
6031807
1961657
2663457
8363037
3810407
5090757
2489812
6248582
2205257
3973887
938682
2307482
6868812
7134162
6642257
2013132
5770082
6717287
4989257
1465757
1218532
1001032
2481837
7994382
6876432
774462
2403537
5472832
5523212
1657512
592857
8418507
3617187
3254332
7717062
7425612
5208562
7070007
4609712
7411837
7907012
2411882
6582437
2576457
481562
4160212
1453062
3114762
7740987
3305437
4578537
8957537
4304487
3923862
7887437
2116437
1561457
7154107
4452757
7082687
8809637
1908732
3301812
3362357
5161437
7882362
1723487
7233132
5887887
3196687
5580487
1595887
2471687
3098457
1035462
2951282
4121787
2486557
2929162
2798307
5790012
7506087
8618962
1030032
8293082
7441932
9957
790057
2396657
1325832
4735862
2141812
3232582
8036062
5502187
8392037
6853957
4089162
3425787
542462
4148982
9004307
8063982
6618687
8965882
35332
6433087
888657
2519907
297782
3684982
5173407
4666987
3239832
3066557
3895587
7544882
3074532
1548762
6805012
4398382
6283012
8944857
7629337
2119707
2248032
3822007
8971682
3200312
7246182
6377262
7347312
4051107
5377132
1766632
3952862
2275582
5062837
4839537
1658607
5358637
5387637
6830032
961512
5490587
6760062
1720232
836457
770112
3267382
7639487
2031982
6413512
4384962
6524437
8531237
6631012
1281962
5303537
6694457
5391262
2616332
1842387
378257
4856582
3607037
1194237
3995282
8667907
2896907
5652262
1827532
8282562
282912
2787062
1574137
7041007
1370412
2408612
4674607
4635812
983632
6704607
7912457
2231712
1029662
7379212
8861112
2309657
3618282
6491087
4564407
3098087
5196962
4940682
4817787
8802032
2998037
5676557
5270912
5892962
2264337
7096462
1976157
8472882
6746657
3548312
3314862
8115087
5954957
4852587
551887
3801707
8420312
5327462
6031807
385507
3642562
2693537
8620782
4123962
6047757
4120707
4085182
2180237
5924507
5766457
7845757
8920562
2378532
4052187
2614157
1505987
8011782
4588687
914387
5693957
8135032
1092382
1609662
5025862
2808087
8087182
5690687
2163932
4350532
8585612
8475057
4856212
2214682
8031712
8978207
5125912
3087937
864362
7304182
5875932
6628837
2950557
5732012
9005387
7000762
8344557
1446907
2813162
733862
8286912
5370237
8866912
6242782
6978287
1693407
9048887
2866087
7382482
8076307
4079737
6903612
7486882
8933982
5981782
3319212
5713162
2043212
6405537
6575557
6210512
3216987
4139912
96957
5812132
945932
3960837
1957307
2390857
6772387
2689187
7540887
3078157
2491987
4719187
6919562
1048512
1569062
