97061
0
97061
0
97061
0
97061
0
97061
0
97061
0
97061
0
97061
0
97061
0
97061
0
97061
0
97061
0
97061
0
97061
0
97061
0
96981
0
96981
0
96981
0
96981
0
96981
0
96981
0
96981
0
96981
0
96981
0
96981
0
96981
0
96960
101
96960
101
96960
101
96960
101
96960
101
96960
101
96960
101
96960
101
96960
101
96960
101
96960
101
96960
101
96960
101
96960
101
96960
101
96880
122
96880
122
96880
122
96880
122
96880
122
96880
122
96880
122
96880
122
96880
122
96880
122
96880
122
96859
202
96859
202
96859
202
96859
202
96859
202
96859
202
96859
202
96859
202
96859
202
96859
202
96859
202
96859
202
96859
202
96859
202
96859
202
96779
223
96779
223
96779
223
96779
223
96779
223
96779
223
96779
223
96779
223
96779
223
96779
223
96779
223
96758
303
96758
303
96758
303
96758
303
96758
303
96758
303
96758
303
96758
303
96758
303
96758
303
96758
303
96758
303
96758
303
96758
303
96758
303
96678
324
96678
324
96678
324
96678
324
96678
324
96678
324
96678
324
96678
324
96678
324
96678
324
96678
324
96657
404
96657
404
96657
404
96657
404
96657
404
96657
404
96657
404
96657
404
96657
404
96657
404
96657
404
96657
404
96657
404
96657
404
96657
404
96577
425
96577
425
96577
425
96577
425
96577
425
96577
425
96577
425
96577
425
96577
425
96577
425
96577
425
96556
505
96556
505
96556
505
96556
505
96556
505
96556
505
96556
505
96556
505
96556
505
96556
505
96556
505
96556
505
96556
505
96556
505
96556
505
96476
526
96476
526
96476
526
96476
526
96476
526
96476
526
96476
526
96476
526
96476
526
96476
526
96476
526
96455
606
96455
606
96455
606
96455
606
96455
606
96455
606
96455
606
96455
606
96455
606
96455
606
96455
606
96455
606
96455
606
96455
606
96455
606
96375
627
96375
627
96375
627
96375
627
96375
627
96375
627
96375
627
96375
627
96375
627
96375
627
96375
627
96354
707
96354
707
96354
707
96354
707
96354
707
96354
707
96354
707
96354
707
96354
707
96354
707
96354
707
96354
707
96354
707
96354
707
96354
707
96274
728
96274
728
96274
728
96274
728
96274
728
96274
728
96274
728
96274
728
96274
728
96274
728
96274
728
96253
808
96253
808
96253
808
96253
808
96253
808
96253
808
96253
808
96253
808
96253
808
96253
808
96253
808
96253
808
96253
808
96253
808
96253
808
96173
829
96173
829
96173
829
96173
829
96173
829
96173
829
96173
829
96173
829
96173
829
96173
829
96173
829
96152
909
96152
909
96152
909
96152
909
96152
909
96152
909
96152
909
96152
909
96152
909
96152
909
96152
909
96152
909
96152
909
96152
909
96152
909
96072
930
96072
930
96072
930
96072
930
96072
930
96072
930
96072
930
96072
930
96072
930
96072
930
96072
930
96051
1010
96051
1010
96051
1010
96051
1010
96051
1010
96051
1010
96051
1010
96051
1010
96051
1010
96051
1010
96051
1010
96051
1010
96051
1010
96051
1010
96051
1010
95971
1031
95971
1031
95971
1031
95971
1031
95971
1031
95971
1031
95971
1031
95971
1031
95971
1031
95971
1031
95971
1031
95950
1111
95950
1111
95950
1111
95950
1111
95950
1111
95950
1111
95950
1111
95950
1111
95950
1111
95950
1111
95950
1111
95950
1111
95950
1111
95950
1111
95950
1111
95870
1132
95870
1132
95870
1132
95870
1132
95870
1132
95870
1132
95870
1132
95870
1132
95870
1132
95870
1132
95870
1132
95849
1212
95849
1212
95849
1212
95849
1212
95849
1212
95849
1212
95849
1212
95849
1212
95849
1212
95849
1212
95849
1212
95849
1212
95849
1212
95849
1212
95849
1212
95769
1233
95769
1233
95769
1233
95769
1233
95769
1233
95769
1233
22746
36684
29694
16059
82033
96758
47975
10302
94435
42340
61732
13858
13858
26887
78477
43531
3232
86275
86275
42542
69084
50319
68600
8202
30119
29492
67670
61610
5959
80194
89284
28785
19817
21837
11232
68297
85063
59207
78679
82437
67994
9797
62742
48379
3131
44158
91910
6363
96880
81103
15352
35270
808
84032
43531
31007
79992
77669
59005
85951
27169
17595
81124
46986
39512
92415
81730
91022
21008
29795
76377
55449
39592
42117
6767
42723
52722
1536
15554
52520
82719
30906
87870
83548
81406
707
81002
64236
78376
42925
19514
72013
60600
67165
21917
66559
28886
6586
60520
16362
36381
6262
71832
42420
48400
78599
51611
67569
80215
67165
86477
32240
1010
77265
82315
48783
44440
32623
79487
89204
75569
65469
64135
5555
35552
86073
38502
30906
59106
65469
47268
62014
71811
22018
70902
86658
67064
25372
57166
16585
92537
46561
15352
59994
90214
526
11716
37572
33229
91224
29715
75245
26058
93930
47188
61610
49309
85770
58984
74942
54237
9111
39815
92436
94738
13635
82033
64661
39087
42117
47773
930
88699
63125
61004
81911
63731
39108
22422
63348
96779
18584
7979
25776
15453
55247
53833
31209
10323
15676
9010
64560
88375
48905
59994
86052
29008
11333
20019
34542
53530
67792
1919
45147
33856
62923
93446
64034
68478
82315
93829
68196
3758
4747
94031
82740
26382
50803
16888
36764
32947
89507
67771
24261
7777
94153
76760
3232
8484
96779
37774
62014
67569
39714
73629
4343
69084
36381
34765
40501
21614
31533
75165
88981
36280
72114
41107
29109
89385
24442
65953
88779
16867
3030
15958
24665
101
92718
27897
72114
58883
32139
36987
29311
38300
77063
101
73852
16362
34946
80800
4444
32926
58883
59813
35674
324
3838
64842
56156
91809
101
47874
11615
3131
30300
2727
3253
89486
94233
41814
51228
92819
45248
46986
425
25250
47167
74357
8080
48501
24463
76053
81507
49814
38805
20099
50197
9090
84962
72821
67367
85063
87163
78982
88274
83851
48097
57974
76255
11636
66176
93930
7373
14363
43855
7878
39693
57469
48682
14161
8888
73225
56661
