100
621 0 4
474 0 3
524 1 50
729 2 16
434 2 15
732 1 35
867 2 35
798 1 3
386 0 19
535 0 13
846 2 20
339 1 41
82 2 17
829 1 43
459 2 25
849 0 9
691 2 41
710 2 10
710 2 10
338 1 47
70 0 34
406 2 30
443 0 20
244 2 4
413 2 36
15 0 47
555 0 46
947 2 37
107 2 49
382 0 10
275 0 50
761 1 20
313 1 28
159 1 22
30 2 18
358 1 32
229 1 49
860 0 4
699 0 3
188 0 10
510 1 42
864 0 20
588 2 31
766 1 44
931 0 5
894 2 35
152 2 44
397 1 25
42 2 35
798 1 37
3 1 25
80 0 38
787 2 2
566 2 42
663 2 9
491 1 42
769 2 37
52 2 39
287 2 38
934 1 32
374 1 30
883 1 36
222 0 18
704 0 7
192 1 24
13 1 37
581 2 29
773 1 50
450 0 5
14 2 44
655 1 28
235 0 4
266 1 37
689 2 9
973 1 15
347 0 8
761 0 23
664 0 5
156 0 30
279 0 32
184 1 47
874 2 4
134 1 40
750 0 6
289 2 47
766 0 21
674 0 20
781 0 34
492 1 48
798 1 4
282 1 33
22 0 18
548 0 44
434 0 28
33 2 30
241 0 21
424 1 38
458 1 12
174 1 43
22 1 37
1000
25000
0
24999
1
24998
2
24997
3
24996
4
24995
5
24994
6
24993
7
24992
8
24991
9
24990
10
24989
11
24988
12
24987
13
24986
14
24985
15
24984
16
24983
17
24982
18
24981
19
24980
20
24979
21
24978
22
24977
23
24976
24
24975
25
24974
26
24973
27
24972
28
24971
29
24970
30
24969
31
24968
32
24967
33
24966
34
24965
35
24964
36
24963
37
24962
38
24961
39
24960
40
24959
41
24958
42
24957
43
24956
44
24955
45
24954
46
24953
47
24952
48
24951
49
24950
50
24949
51
24948
52
24947
53
24946
54
24945
55
24944
56
24943
57
24942
58
24941
59
24940
60
24939
61
24938
62
24937
63
24936
64
24935
65
24934
66
24933
67
24932
68
24931
69
24930
70
24929
71
24928
72
24927
73
24926
74
24925
75
24924
76
24923
77
24922
78
24921
79
24920
80
24919
81
24918
82
24917
83
24916
84
24915
85
24914
86
24913
87
24912
88
24911
89
24910
90
24909
91
24908
92
24907
93
24906
94
24905
95
24904
96
24903
97
24902
98
24901
99
24900
100
24899
101
24898
102
24897
103
24896
104
24895
105
24894
106
24893
107
24892
108
24891
109
24890
110
24889
111
24888
112
24887
113
24886
114
24885
115
24884
116
24883
117
24882
118
24881
119
24880
120
24879
121
24878
122
24877
123
24876
124
24875
125
24874
126
24873
127
24872
128
24871
129
24870
130
24869
131
24868
132
24867
133
24866
134
24865
135
24864
136
24863
137
24862
138
24861
139
24860
140
24859
141
24858
142
24857
143
24856
144
24855
145
24854
146
24853
147
24852
148
24851
149
24850
150
24849
151
24848
152
24847
153
24846
154
24845
155
24844
156
24843
157
24842
158
24841
159
24840
160
24839
161
24838
162
24837
163
24836
164
24835
165
24834
166
24833
167
24832
168
24831
169
24830
170
24829
171
24828
172
24827
173
24826
174
24825
175
24824
176
24823
177
24822
178
24821
179
24820
180
24819
181
24818
182
24817
183
24816
184
24815
185
24814
186
24813
187
24812
188
24811
189
24810
190
24809
191
24808
192
24807
193
24806
194
24805
195
24804
196
24803
197
24802
198
24801
199
24800
200
24799
201
24798
202
24797
203
24796
204
24795
205
24794
206
24793
207
24792
208
24791
209
24790
210
24789
211
24788
212
24787
213
24786
214
24785
215
24784
216
24783
217
24782
218
24781
219
24780
220
24779
221
24778
222
24777
223
24776
224
24775
225
24774
226
24773
227
24772
228
24771
229
24770
230
24769
231
24768
232
24767
233
24766
234
24765
235
24764
236
24763
237
24762
238
24761
239
24760
240
24759
241
24758
242
24757
243
24756
244
24755
245
24754
246
24753
247
24752
248
24751
249
24750
250
24749
251
24748
252
24747
253
24746
254
24745
255
24744
256
24743
257
24742
258
24741
259
24740
260
24739
261
24738
262
24737
263
24736
264
24735
265
24734
266
24733
267
24732
268
24731
269
24730
270
24729
271
24728
272
24727
273
24726
274
24725
275
24724
276
24723
277
24722
278
24721
279
24720
280
24719
281
24718
282
24717
283
24716
284
24715
285
24714
286
24713
287
24712
288
24711
289
24710
290
24709
291
24708
292
24707
293
24706
294
24705
295
24704
296
24703
297
24702
298
24701
299
24700
300
24699
301
24698
302
24697
303
24696
304
24695
305
24694
306
24693
307
24692
308
24691
309
24690
310
24689
311
24688
312
24687
313
24686
314
24685
315
24684
316
24683
317
24682
318
24681
319
24680
320
24679
321
24678
322
24677
323
24676
324
24675
325
24674
326
24673
327
24672
328
24671
329
24670
330
24669
331
24668
332
6734
13907
15
1369
12674
5866
24391
18019
2754
12939
15499
17002
4373
21728
298
9759
23599
4264
18352
21588
5951
9776
11899
20122
7587
5343
22439
11761
13631
412
23135
20365
14319
14503
21734
18345
20369
12477
11364
14476
416
1863
22830
21142
14944
23128
5901
13543
2392
15605
10131
8343
16734
13382
3465
24321
10077
905
2434
23708
17669
570
10425
6988
15073
23512
16685
1794
10989
19401
16270
2758
12617
14100
23900
2561
12228
21153
7456
5972
3110
17587
14316
19844
22321
17781
19165
7398
10038
12952
6106
2707
13522
16531
1047
19947
15043
9084
13093
1033
3486
20716
3791
7455
9816
19043
10016
13397
6548
17472
19369
9658
1411
37
4503
23732
17819
15020
6130
19209
2972
3588
13269
16494
20119
14316
2793
1515
14753
15887
18900
18239
11603
14043
694
12771
8086
2062
17520
14634
10886
3242
24292
12297
3279
20147
2381
12450
10168
24863
6660
13140
3451
19929
20987
14922
597
15132
16437
15350
22371
10337
24941
326
15732
16987
13098
23818
19049
21970
4804
21287
212
20449
24936
3492
15596
2317
7294
764
18532
13954
5257
13335
8883
17596
19610
833
7728
2399
16183
5100
4089
16125
5426
19821
24464
9876
18640
18514
6847
23444
6153
23411
10245
6090
18255
842
24759
550
17958
18292
14504
14567
22979
14740
7163
17589
6925
14892
19989
23108
19992
24078
5585
16770
18899
5050
1647
3891
14916
24846
18688
12421
23257
3933
18511
16513
21127
18271
8415
14086
2915
14271
20005
894
20363
2169
9836
2288
17061
21177
16749
3405
20255
22334
11527
5506
18736
13174
750
4
4372
19438
3778
2630
14723
22289
10495
10851
6912
18910
16289
9827
24533
11294
2074
19897
4815
3262
22185
21876
24439
13934
16633
11046
2621
19513
16552
12709
24039
17302
4066
3412
3092
7844
22394
9168
21485
24241
11371
3398
9503
2660
4577
9036
5306
23003
3933
10122
1265
1119
23350
704
6405
6336
11750
9026
849
19655
13088
24888
3309
17154
3300
22754
16350
17046
6922
12835
16287
18293
16233
790
