222139
0
222133
0
222120
343
222114
343
222110
685
222110
685
222110
1024
222091
1024
222091
1358
222079
1358
222079
1685
222079
1685
222066
2003
222066
2003
222047
2310
222047
2310
222035
2604
222035
2629
222035
2883
222016
2947
222016
3145
221996
3254
221975
3388
221975
3548
221969
3610
221956
3827
221950
3890
221946
4089
221946
4197
221946
4332
221927
4491
221927
4554
221915
4770
221915
4830
221915
5032
221902
5137
221902
5275
221883
5431
221883
5497
221871
5710
221871
5765
221871
5972
221852
6072
221852
6215
221832
6366
221811
6437
221811
6645
221805
6693
221792
6907
221786
7000
221782
7150
221782
7294
221782
7372
221763
7573
221763
7612
221751
7835
221751
7919
221751
8078
221738
8213
221738
8300
221719
8492
221719
8520
221707
8754
221707
8827
221707
8997
221688
9121
221688
9219
221668
9400
221647
9418
221647
9662
221641
9722
221628
9905
221622
10016
221618
10127
221618
10295
221618
10326
221599
10557
221599
10602
221587
10800
221587
10896
221587
11022
221574
11175
221574
11221
221555
11437
221555
11465
221543
11680
221543
11759
221543
11902
221524
12038
221524
12101
221504
12300
221483
12309
221483
12543
221477
12603
221464
12765
221458
12882
221454
12964
221454
13144
221454
13144
221435
13387
221435
13426
221423
13609
221423
13705
221423
13808
221410
13967
221410
13982
221391
14210
221391
14226
221379
14432
221379
14505
221379
14631
221360
14767
221360
14805
221340
15010
221319
15010
221319
15232
221313
15280
221300
15431
221294
15542
221290
15605
221290
15785
221290
15785
221271
16007
221271
16028
221259
16206
221259
16290
221259
16380
221246
16533
221246
16533
221227
16755
221227
16755
221215
16954
221215
17009
221215
17128
221196
17252
221196
17275
221176
17474
221155
17474
221155
17673
221149
17697
221136
17847
221130
17940
221126
17994
221126
18162
221126
18162
221107
18361
221107
18361
221095
18535
221095
18595
221095
18682
221082
18817
221082
18817
221063
19016
221063
19016
221051
19190
221051
19215
221051
19337
221032
19437
221032
19455
221012
19636
220991
19636
220991
19810
220985
19810
220972
19957
220966
20020
220962
20075
220962
20219
220962
20219
220943
20393
220943
20393
220931
20540
220931
20564
220931
20658
220918
20763
220918
20763
220899
20937
220899
20937
220887
21084
220887
21084
220887
21202
220868
21266
220868
21289
220848
21440
220827
21440
220827
21587
220821
21587
220808
21705
220802
21726
220798
21792
220798
21900
220798
21900
220779
22047
220779
22047
220767
22165
220767
22165
220767
22252
220754
22315
220754
22315
220735
22462
220735
22462
220723
22580
220723
22580
220723
22667
220704
22683
220704
22721
220684
22830
220663
22830
220663
22948
220657
22948
220644
23035
220638
23035
220634
23089
220634
23149
220634
23149
220615
23267
220615
23267
220603
23354
220603
23354
220603
23408
220590
23417
220590
23470
220571
23535
220571
23557
220559
23622
220559
23622
220559
23720
220540
23720
220540
23838
220520
23838
220499
23925
220499
23925
220493
23979
220480
24039
220474
24039
220470
24157
220470
24157
220470
24244
220451
24244
220451
24298
220439
24307
220439
24359
220439
24425
220426
24446
220426
24512
220407
24512
220407
24609
220395
24609
220395
24727
220395
24727
220376
24814
220376
24814
220356
24868
220335
24928
220335
24928
220329
25046
220316
25046
220310
25133
220306
25133
220306
25187
220306
25196
220287
25245
220287
25314
220275
25332
220275
25401
220275
25401
220262
25495
220262
25495
220243
25613
220243
25613
220231
25700
220231
25700
220231
25754
220212
25814
220212
25814
220192
25932
220171
25932
220171
26019
220165
26019
220152
26073
220146
26082
220142
26126
220142
26200
220142
26213
220123
26287
220123
26287
220111
26376
220111
26376
220111
26494
220098
26494
220098
26581
220079
26581
220079
26635
220067
26695
220067
26695
220067
26813
220048
26813
220048
26900
220028
26900
220007
26954
220007
26963
220001
27000
219988
27081
219982
27087
219978
27168
219978
27168
219978
27250
219959
27250
219959
27368
219947
27368
219947
27455
219947
27455
219934
27509
219934
27569
219915
27569
219915
27687
219903
27687
219903
27774
219903
27774
219884
27828
219884
27837
219864
27865
219843
27955
219843
27955
219837
28042
219824
28042
219818
28115
219814
28115
219814
28233
219814
28233
219795
28320
219795
28320
219783
28374
219783
28434
146815
108130
144588
139792
101406
196627
170431
198334
159163
211942
59820
137947
92456
119207
103002
193597
100839
172746
166256
182839
89772
185475
53675
152256
146506
199598
133087
103752
207373
135771
109770
132043
138335
210470
166306
195870
184971
50063
110407
121995
220972
64670
154378
207871
139996
151843
117671
196943
102419
61807
95963
86669
141719
23720
195050
66071
139543
9121
125943
63119
136224
130176
89598
49153
118491
212031
142744
197927
221082
209287
214358
158251
168419
146607
82338
86274
76295
156138
177647
73179
112363
47081
115971
210208
169659
205483
170715
87063
205944
191095
106295
58260
99110
152007
183507
112066
80219
104119
87823
195735
207842
196646
131866
154120
59422
170290
134831
91831
220887
90343
59451
111086
214522
131551
215737
100378
50616
164319
81890
215272
133251
82635
168091
188490
129091
129431
78415
165416
127984
60703
77368
48319
213447
165335
100590
45322
47828
191543
215292
44967
176335
49440
55278
107052
78591
42847
163531
204531
170132
201535
197655
197861
178606
81919
102554
85527
105834
75431
145408
189935
92232
178903
136427
200138
122070
193152
145339
68367
162547
76806
191629
53630
202106
203875
118223
58543
148052
176190
219228
212627
93932
133058
188349
44463
109442
68770
92027
171403
100328
193555
77532
87003
150282
170078
65008
166823
141063
104819
129624
198072
137739
99114
209243
117712
197447
221915
70719
61687
175963
184390
48584
36535
211911
196646
52309
99211
159879
218975
39400
216295
190395
198687
197763
56386
146626
157236
179808
65540
218155
203906
219720
133724
197479
145150
145879
172775
144895
172715
190591
98738
73299
137187
102577
63040
111707
46664
56153
42061
38126
177900
160168
132964
154448
74119
145951
78907
187475
220231
100567
183476
201967
214730
211643
177319
137739
73719
66310
60495
140899
151351
115346
170309
66399
112375
189478
72542
58012
140652
194691
62343
96411
71035
151407
206959
101265
191799
63709
66594
128227
120399
144507
29288
46767
72359
118163
145175
102207
140583
161768
199239
186368
171567
147415
208896
61807
50351
175885
192613
149856
148430
211078
140703
175584
78660
125495
53106
164903
145339
194022
71003
160207
53106
73507
167631
83202
147799
90671
79859
182851
146904
56489
147087
96322
98782
