3949989
0
3949842
0
3949662
0
3949515
474
3949368
621
3949188
621
3949041
948
3948894
1095
3948714
1242
3948567
1422
3948420
1569
3948240
1716
3948093
1896
3947946
2043
3947766
2190
3947619
2370
3947472
2517
3947292
2664
3947145
2844
3946998
2991
3946818
3138
3946671
3318
3946524
3465
3946344
3612
3946197
3792
3946050
3939
3945870
4086
3945723
4266
3945576
4413
3945396
4560
3945249
4740
3945102
4887
3944922
5034
3944775
5214
3944628
5361
3944448
5508
3944301
5688
3944154
5835
3943974
5982
3943827
6162
3943680
6309
3943500
6456
3943353
6636
3943206
6783
3943026
6930
3942879
7110
3942732
7257
3942552
7404
3942405
7584
3942258
7731
3942078
7878
3941931
8058
3941784
8205
3941604
8352
3941457
8532
3941310
8679
3941130
8826
3940983
9006
3940836
9153
3940656
9300
3940509
9480
3940362
9627
3940182
9774
3940035
9954
3939888
10101
3939708
10248
3939561
10428
3939414
10575
3939234
10722
3939087
10902
3938940
11049
3938760
11196
3938613
11376
3938466
11523
3938286
11670
3938139
11850
3937992
11997
3937812
12144
3937665
12324
3937518
12471
3937338
12618
3937191
12798
3937044
12945
3936864
13092
3936717
13272
3936570
13419
3936390
13566
3936243
13746
3936096
13893
3935916
14040
3935769
14220
3935622
14367
3935442
14514
3935295
14694
3935148
14841
3934968
14988
3934821
15168
3934674
15315
3934494
15462
3934347
15642
3934200
15789
3934020
15936
3933873
16116
3933726
16263
3933546
16410
3933399
16590
3933252
16737
3933072
16884
3932925
17064
3932778
17211
3932598
17358
3932451
17538
3932304
17685
3932124
17832
3931977
18012
3931830
18159
3931650
18306
3931503
18486
3931356
18633
3931176
18780
3931029
18960
3930882
19107
3930702
19254
3930555
19434
3930408
19581
3930228
19728
3930081
19908
3929934
20055
3929754
20202
3929607
20382
3929460
20529
3929280
20676
3929133
20856
3928986
21003
3928806
21150
3928659
21330
3928512
21477
3928332
21624
3928185
21804
3928038
21951
3927858
22098
3927711
22278
3927564
22425
3927384
22572
3927237
22752
3927090
22899
3926910
23046
3926763
23226
3926616
23373
3926436
23520
3926289
23700
3926142
23847
3925962
23994
3925815
24174
3925668
24321
3925488
24468
3925341
24648
3925194
24795
3925014
24942
3924867
25122
3924720
25269
3924540
25416
3924393
25596
3924246
25743
3924066
25890
3923919
26070
3923772
26217
3923592
26364
3923445
26544
3923298
26691
3923118
26838
3922971
27018
3922824
27165
3922644
27312
3922497
27492
3922350
27639
3922170
27786
3922023
27966
3921876
28113
3921696
28260
3921549
28440
3921402
28587
3921222
28734
3921075
28914
3920928
29061
3920748
29208
3920601
29388
3920454
29535
3920274
29682
3920127
29862
3919980
30009
3919800
30156
3919653
30336
3919506
30483
3919326
30630
3919179
30810
3919032
30957
3918852
31104
3918705
31284
3918558
31431
3918378
31578
3918231
31758
3918084
31905
3917904
32052
3917757
32232
3917610
32379
3917430
32526
3917283
32706
3917136
32853
3916956
33000
3916809
33180
3916662
33327
3916482
33474
3916335
33654
3916188
33801
3916008
33948
3915861
34128
3915714
34275
3915534
34422
3915387
34602
3915240
34749
3915060
34896
3914913
35076
3914766
35223
3914586
35370
3914439
35550
3914292
35697
3914112
35844
3913965
36024
3913818
36171
3913638
36318
3913491
36498
3913344
36645
3913164
36792
3913017
36972
3912870
37119
3912690
37266
3912543
37446
3912396
37593
3912216
37740
3912069
37920
3911922
38067
3911742
38214
3911595
38394
3911448
38541
3911268
38688
3911121
38868
3910974
39015
3910794
39162
3910647
39342
3910500
39489
3910320
39636
3910173
39816
3910026
39963
3909846
40110
3909699
40290
3909552
40437
3909372
40584
3909225
40764
3909078
40911
3908898
41058
3908751
41238
3908604
41385
3908424
41532
3908277
41712
3908130
41859
3907950
42006
3907803
42186
3907656
42333
3907476
42480
3907329
42660
3907182
42807
3907002
42954
3906855
43134
3906708
43281
3906528
43428
3906381
43608
3906234
43755
3906054
43902
3905907
44082
3905760
44229
3905580
44376
3905433
44556
3905286
44703
3905106
44850
3904959
45030
3904812
45177
3904632
45324
3904485
45504
3904338
45651
3904158
45798
3904011
45978
3903864
46125
3903684
46272
3903537
46452
3903390
46599
3903210
46746
3903063
46926
3902916
47073
3902736
47220
3902589
47400
3902442
47547
3902262
47694
3902115
47874
3901968
48021
3901788
48168
3901641
48348
3901494
48495
3901314
48642
3901167
48822
3901020
48969
3900840
49116
3900693
49296
3900546
49443
3900366
49590
3900219
49770
3900072
49917
3899892
50064
3899745
50244
3899598
50391
3899418
50538
3899271
50718
3899124
50865
3898944
51012
3898797
51192
3898650
51339
3898470
51486
3898323
51666
3898176
51813
3897996
51960
3897849
52140
3897702
52287
3897522
52434
1951131
1381383
1820781
2230170
3120015
115182
736890
201744
1016550
1861872
638004
1853634
2090961
2447409
3612975
924594
2688822
3128073
1069344
474000
2904966
910374
2097597
3402519
1361802
1379487
3293646
353898
3213066
685551
3802428
1214208
2066934
306825
3444558
1236960
3005781
2815086
72522
72342
726936
3294120
1926009
1451682
425178
222600
2376309
3114180
1984311
2079258
3588180
939468
2989665
369393
2975592
2985072
1749060
2319282
3339003
1012137
3004980
1825194
859983
3705552
2132052
354552
3576330
1187844
1803243
2282457
3843813
2530359
1626588
453438
2615679
2051766
676071
3625626
3799584
2660562
1754895
3437922
2233635
3378345
2440920
3842865
2413428
239991
2212158
436227
3835755
3850776
2261454
745896
2240124
3027111
3684075
500070
2848740
1537476
2782527
2742564
2701473
3042753
3196182
1367163
1144530
2505858
3626394
994272
1216431
1431300
3065832
2083704
859656
190368
1976580
1906902
3014166
2822490
2343129
2899932
1356882
654594
2279466
3597006
2315310
2013699
147087
1214061
2184813
1563252
6783
3519924
656016
1836570
937098
1800726
392472
3197130
1428636
242688
678441
3128073
2326392
171882
3318474
2936724
2078784
2382618
1809258
471924
3916335
1799778
3710145
879417
1446942
2075466
1526754
227667
3289707
3711567
1791066
1930128
3281502
2447082
3766698
2852205
2881446
2792808
2099346
2943687
3035496
1411572
2121771
45651
217092
124008
1616013
929514
1140264
2058876
35076
3690237
3858654
3745221
619812
3939234
504336
2146566
217092
3794043
1908324
641796
407787
3823431
1722516
2808123
1359432
654120
1651089
2092383
3597807
3320190
3503955
403374
1999479
2354652
3111009
2249130
3284166
301284
358017
3319242
2625306
266862
1748112
3245151
2839734
2252595
1441728
3056826
730254
1983690
2332227
1138221
490884
104901
2579982
1850316
3342648
2864676
3942732
1624071
2235057
2130450
661050
2868174
535146
3772092
1167462
2453097
2707161
1525479
1822350
1382478
425946
3570642
677640
3265860
506853
753006
1006302
1237140
1370481
1972314
2375361
1861398
2077215
1005501
3711714
1469874
3870210
2338062
3093945
788883
518556
3755175
2290842
3637476
2210883
3458304
2140584
968055
3617388
2596572
984171
2677152
2217192
295449
626628
2724078
1048635
1632930
2594970
2419116
3605244
1020342
330525
366075
659481
2675877
469554
3163476
1063950
2197284
2370
216291
2002470
926817
3853767
2846991
435132
2044362
2448831
2686305
690912
3433002
47073
1541922
3728631
673701
2899605
3410904
940236
1544586
1880031
3179265
1198746
844194
3545340
1858227
2153676
65085
3655308
3217659
2262402
2291463
3433950
2898510
3218280
1971366
1795512
2287197
