10
170 87 4 248 85 4
0 80 0
0 52 1
1 86 0
1 73 1
2 86 0
2 2 1
4 82 0
4 1 1
5 62 0
5 52 1
6 82 0
6 1 1
7 86 0
7 23 1
8 2 0
8 1 1
9 86 0
9 2 1
10 86 0
10 52 1
11 86 0
11 2 1
12 2 0
12 1 1
13 77 0
13 1 1
14 86 0
14 2 1
15 18 0
15 1 1
16 68 0
16 1 1
17 86 0
17 2 1
18 86 0
18 2 1
19 86 0
19 2 1
20 18 0
20 1 1
21 86 0
21 2 1
22 60 0
22 1 1
23 86 0
23 23 1
24 86 0
24 2 1
25 77 0
25 1 1
26 86 0
26 2 1
27 33 0
27 1 1
28 86 0
28 2 1
29 77 0
29 1 1
30 46 0
30 1 1
31 86 0
31 2 1
32 18 0
32 1 1
33 86 0
33 2 1
34 86 0
34 2 1
35 86 0
35 2 1
36 18 0
36 1 1
37 77 0
37 1 1
38 18 0
38 1 1
39 14 0
39 1 1
40 86 0
40 23 1
41 86 0
41 2 1
42 86 0
42 2 1
43 86 0
43 2 1
44 60 0
44 1 1
45 86 0
45 2 1
46 86 0
46 2 1
47 77 0
47 1 1
48 86 0
48 23 1
49 86 0
49 2 1
50 77 0
50 1 1
51 86 0
51 2 1
52 86 0
52 52 1
53 65 0
53 1 1
54 86 0
54 2 1
55 86 0
55 23 1
56 60 0
56 1 1
57 86 0
57 2 1
58 86 0
58 2 1
59 86 0
59 2 1
60 86 0
60 2 1
61 14 0
61 1 1
62 86 0
62 2 1
63 18 0
63 1 1
64 86 0
64 2 1
65 86 0
65 2 1
66 86 0
66 2 1
67 68 0
67 1 1
68 86 0
68 2 1
69 86 0
69 2 1
70 14 0
70 1 1
71 86 0
71 2 1
72 18 0
72 1 1
73 86 0
73 23 1
74 18 0
74 1 1
75 86 0
75 2 1
76 46 0
76 1 1
77 86 0
77 2 1
78 86 0
78 23 1
79 86 0
79 2 1
80 86 0
80 2 1
81 77 0
81 1 1
82 86 0
82 2 1
83 2 0
83 1 1
84 86 0
84 2 1
85 46 0
85 1 1
0 61 0
0 1 1
0 72 2
0 50 3
1 84 0
1 1 1
2 82 0
2 72 1
2 19 2
2 77 3
3 45 0
3 42 1
3 35 2
3 78 3
9 39 0
9 35 1
9 35 2
9 25 3
10 39 0
10 35 1
10 3 2
10 38 3
11 61 0
11 1 1
11 65 2
11 68 3
13 84 0
13 1 1
14 82 0
14 73 1
14 65 2
14 14 3
15 84 0
15 1 1
16 84 0
16 1 1
17 12 0
17 76 1
17 3 2
17 66 3
18 12 0
18 76 1
18 42 2
18 78 3
19 7 0
19 19 1
19 19 2
19 47 3
20 12 0
20 42 1
20 3 2
20 50 3
21 12 0
21 35 1
21 3 2
21 78 3
23 12 0
23 3 1
23 76 2
23 38 3
24 12 0
24 42 1
24 3 2
24 66 3
25 12 0
25 42 1
25 76 2
25 20 3
26 84 0
26 1 1
27 12 0
27 76 1
27 76 2
27 78 3
28 84 0
28 1 1
29 12 0
29 76 1
29 3 2
29 78 3
30 12 0
30 3 1
30 76 2
30 78 3
32 12 0
32 42 1
32 3 2
32 78 3
33 84 0
33 1 1
35 64 0
35 35 1
35 35 2
35 20 3
36 12 0
36 35 1
36 3 2
36 78 3
37 64 0
37 47 1
37 47 2
37 73 3
38 12 0
38 35 1
38 42 2
38 38 3
40 43 0
40 35 1
40 35 2
40 25 3
41 12 0
41 3 1
41 3 2
41 50 3
42 43 0
42 42 1
42 35 2
42 40 3
44 12 0
44 42 1
44 3 2
44 38 3
46 49 0
46 1 1
46 47 2
46 40 3
47 82 0
47 19 1
47 19 2
47 47 3
48 12 0
48 3 1
48 76 2
48 10 3
49 84 0
49 1 1
50 12 0
50 76 1
50 3 2
50 50 3
51 12 0
51 3 1
51 76 2
51 10 3
52 12 0
52 76 1
52 3 2
52 38 3
53 12 0
53 3 1
53 76 2
53 78 3
54 12 0
54 42 1
54 3 2
54 38 3
55 12 0
55 3 1
55 76 2
55 78 3
56 61 0
56 1 1
56 65 2
56 50 3
58 49 0
58 1 1
58 47 2
58 40 3
59 84 0
59 1 1
60 12 0
60 42 1
60 3 2
60 38 3
61 84 0
61 1 1
62 12 0
62 76 1
62 3 2
62 38 3
63 84 0
63 1 1
65 34 0
65 65 1
65 19 2
65 65 3
66 39 0
66 35 1
66 3 2
66 38 3
67 12 0
67 3 1
67 42 2
67 78 3
68 12 0
68 76 1
68 3 2
68 50 3
69 12 0
69 76 1
69 3 2
69 38 3
71 12 0
71 76 1
71 3 2
71 38 3
72 70 0
72 72 1
72 19 2
72 72 3
73 64 0
73 47 1
73 47 2
73 73 3
74 12 0
74 35 1
74 3 2
74 78 3
75 12 0
75 42 1
75 3 2
75 66 3
76 43 0
76 42 1
76 35 2
76 40 3
77 82 0
77 73 1
77 65 2
77 14 3
78 39 0
78 35 1
78 3 2
78 38 3
79 84 0
79 1 1
80 12 0
80 42 1
80 3 2
80 66 3
81 12 0
81 76 1
81 42 2
81 78 3
83 12 0
83 3 1
83 76 2
83 10 3
66 35 4 94 27 4
0 2 0
0 1 1
1 34 0
1 23 1
2 34 0
2 21 1
4 34 0
4 21 1
5 34 0
5 5 1
6 34 0
6 13 1
7 34 0
7 21 1
8 34 0
8 23 1
9 34 0
9 21 1
10 34 0
10 23 1
11 34 0
11 13 1
12 34 0
12 9 1
13 34 0
13 1 1
14 34 0
14 13 1
15 34 0
15 13 1
16 34 0
16 1 1
17 34 0
17 13 1
18 34 0
18 13 1
19 34 0
19 21 1
20 34 0
20 13 1
21 34 0
21 5 1
22 34 0
22 21 1
23 34 0
23 23 1
24 34 0
24 1 1
25 34 0
25 21 1
26 34 0
26 21 1
27 34 0
27 13 1
28 34 0
28 13 1
29 34 0
29 13 1
30 34 0
30 13 1
31 34 0
31 1 1
32 34 0
32 13 1
33 34 0
33 21 1
0 1 0
0 1 1
0 25 2
0 20 3
1 26 0
1 1 1
2 4 0
2 2 1
2 25 2
2 2 3
3 4 0
3 16 1
3 9 2
3 22 3
6 4 0
6 14 1
6 22 2
6 16 3
7 4 0
7 10 1
7 2 2
7 10 3
8 4 0
8 25 1
8 2 2
8 2 3
9 4 0
9 9 1
9 9 2
9 9 3
10 4 0
10 23 1
10 10 2
10 25 3
11 1 0
11 1 1
11 10 2
11 9 3
12 1 0
12 1 1
12 10 2
12 9 3
13 1 0
13 1 1
13 10 2
13 9 3
14 4 0
14 14 1
14 9 2
14 6 3
15 1 0
15 1 1
15 10 2
15 9 3
16 4 0
16 14 1
16 9 2
16 17 3
17 4 0
17 14 1
17 9 2
17 17 3
18 4 0
18 10 1
18 2 2
18 10 3
19 1 0
19 1 1
19 18 2
19 14 3
20 4 0
20 16 1
20 9 2
20 20 3
21 1 0
21 1 1
21 18 2
21 14 3
22 4 0
22 16 1
22 9 2
22 22 3
23 4 0
23 25 1
23 23 2
23 2 3
24 1 0
24 1 1
24 18 2
24 14 3
25 4 0
25 2 1
25 25 2
25 2 3
128 66 4 186 68 4
0 54 0
0 1 1
1 65 0
1 44 1
2 65 0
2 35 1
4 54 0
4 1 1
5 65 0
5 49 1
6 65 0
6 39 1
7 13 0
7 1 1
8 65 0
8 64 1
9 8 0
9 1 1
10 8 0
10 1 1
11 8 0
11 1 1
12 8 0
12 1 1
13 65 0
13 2 1
14 65 0
14 53 1
15 8 0
15 1 1
16 8 0
16 1 1
17 65 0
17 35 1
18 8 0
18 1 1
19 13 0
19 1 1
20 8 0
20 1 1
21 8 0
21 1 1
22 8 0
22 1 1
23 65 0
23 48 1
24 8 0
24 1 1
25 8 0
25 1 1
26 8 0
26 1 1
27 8 0
27 1 1
28 8 0
28 1 1
29 65 0
29 29 1
30 8 0
30 1 1
31 39 0
31 1 1
32 65 0
32 32 1
33 8 0
33 1 1
34 8 0
34 1 1
35 65 0
35 35 1
36 39 0
36 1 1
37 39 0
37 1 1
38 8 0
38 1 1
39 65 0
39 64 1
40 8 0
40 1 1
41 65 0
41 14 1
42 39 0
42 1 1
43 39 0
43 1 1
44 65 0
44 32 1
45 8 0
45 1 1
46 8 0
46 1 1
47 65 0
47 35 1
48 65 0
48 48 1
49 65 0
49 32 1
50 8 0
50 1 1
51 8 0
51 1 1
52 39 0
52 1 1
53 65 0
53 32 1
54 65 0
54 35 1
55 8 0
55 1 1
56 65 0
56 49 1
57 8 0
57 1 1
58 13 0
58 1 1
59 8 0
59 1 1
60 39 0
60 1 1
61 8 0
61 1 1
62 39 0
62 1 1
63 8 0
63 1 1
64 65 0
64 35 1
0 66 0
0 56 1
0 26 2
0 57 3
1 67 0
1 46 1
2 63 0
2 30 1
2 13 2
2 26 3
3 25 0
3 8 1
3 38 2
3 3 3
6 4 0
6 6 1
6 6 2
6 61 3
8 63 0
8 16 1
8 34 2
8 3 3
9 67 0
9 62 1
10 67 0
10 62 1
11 67 0
11 62 1
12 40 0
12 43 1
12 2 2
12 48 3
13 51 0
13 13 1
13 32 2
13 28 3
14 40 0
14 10 1
14 28 2
14 44 3
15 40 0
15 10 1
15 26 2
15 65 3
16 63 0
16 16 1
16 6 2
16 57 3
17 67 0
17 62 1
18 67 0
18 62 1
19 10 0
19 40 1
19 2 2
19 16 3
20 67 0
20 56 1
21 67 0
21 62 1
22 67 0
22 62 1
23 43 0
23 40 1
23 26 2
23 16 3
24 63 0
24 16 1
24 34 2
24 60 3
26 51 0
26 26 1
26 45 2
26 26 3
27 10 0
27 10 1
27 26 2
27 16 3
28 25 0
28 28 1
28 13 2
28 26 3
29 10 0
29 43 1
29 2 2
29 16 3
30 25 0
30 13 1
30 45 2
30 28 3
31 67 0
31 62 1
32 50 0
32 13 1
32 45 2
32 28 3
33 40 0
33 43 1
33 28 2
33 65 3
34 47 0
34 6 1
34 6 2
34 38 3
35 43 0
35 43 1
35 28 2
35 24 3
37 25 0
37 8 1
37 34 2
37 61 3
38 50 0
38 8 1
38 38 2
38 3 3
40 67 0
40 56 1
41 63 0
41 16 1
41 34 2
41 60 3
42 10 0
42 40 1
42 2 2
42 16 3
43 67 0
43 56 1
44 7 0
44 16 1
44 34 2
44 60 3
45 51 0
45 13 1
45 45 2
45 28 3
46 67 0
46 46 1
48 63 0
48 16 1
48 34 2
48 60 3
49 67 0
49 46 1
52 43 0
52 40 1
52 26 2
52 16 3
53 43 0
53 40 1
53 26 2
53 16 3
54 67 0
54 46 1
55 67 0
55 1 1
56 67 0
56 1 1
57 25 0
57 8 1
57 34 2
57 38 3
58 7 0
58 16 1
58 34 2
58 61 3
59 67 0
59 31 1
60 50 0
60 8 1
60 38 2
60 3 3
61 50 0
61 8 1
61 38 2
61 3 3
62 67 0
62 46 1
64 67 0
64 62 1
65 63 0
65 16 1
65 34 2
65 60 3
66 67 0
66 62 1
110 57 4 214 72 4
0 51 0
0 46 1
1 56 0
1 34 1
2 56 0
2 51 1
4 56 0
4 51 1
5 56 0
5 39 1
6 23 0
6 1 1
7 44 0
7 34 1
8 21 0
8 1 1
9 53 0
9 54 1
10 56 0
10 46 1
11 56 0
11 11 1
12 56 0
12 11 1
13 11 0
13 10 1
14 4 0
14 1 1
15 53 0
15 10 1
16 4 0
16 48 1
17 56 0
17 32 1
18 17 0
18 45 1
19 56 0
19 34 1
20 17 0
20 10 1
21 56 0
21 12 1
22 41 0
22 46 1
23 56 0
23 32 1
24 56 0
24 12 1
25 56 0
25 39 1
26 56 0
26 32 1
27 56 0
27 11 1
28 56 0
28 28 1
29 56 0
29 12 1
30 56 0
30 32 1
31 56 0
31 12 1
32 56 0
32 11 1
33 56 0
33 11 1
34 56 0
34 10 1
35 56 0
35 39 1
36 56 0
36 12 1
37 56 0
37 12 1
38 56 0
38 12 1
39 56 0
39 39 1
40 56 0
40 32 1
41 56 0
41 12 1
42 53 0
42 34 1
43 21 0
43 1 1
44 56 0
44 32 1
45 56 0
45 45 1
46 56 0
46 45 1
47 21 0
47 1 1
48 56 0
48 34 1
49 4 0
49 54 1
50 56 0
50 12 1
51 56 0
51 51 1
52 50 0
52 10 1
53 56 0
53 12 1
54 56 0
54 34 1
55 11 0
55 10 1
0 27 0
0 27 1
0 63 2
0 50 3
1 71 0
1 1 1
2 6 0
2 51 1
2 43 2
2 70 3
3 53 0
3 50 1
3 50 2
3 50 3
7 71 0
7 1 1
8 27 0
8 7 1
8 43 2
8 45 3
9 7 0
9 7 1
9 55 2
9 46 3
11 27 0
11 56 1
11 2 2
11 45 3
12 7 0
12 7 1
12 55 2
12 46 3
13 23 0
13 65 1
13 70 2
13 70 3
14 53 0
14 70 1
14 63 2
14 70 3
15 53 0
15 65 1
15 62 2
15 62 3
16 7 0
16 7 1
16 2 2
16 50 3
17 27 0
17 56 1
17 43 2
17 3 3
18 7 0
18 59 1
18 13 2
18 46 3
19 7 0
19 56 1
19 2 2
19 3 3
20 54 0
20 20 1
20 62 2
20 14 3
22 68 0
22 20 1
22 70 2
22 41 3
24 27 0
24 27 1
24 35 2
24 50 3
25 7 0
25 7 1
25 55 2
25 50 3
26 7 0
26 7 1
26 43 2
26 50 3
27 71 0
27 1 1
28 27 0
28 27 1
28 15 2
28 50 3
29 56 0
29 27 1
29 43 2
29 50 3
31 27 0
31 59 1
31 55 2
31 3 3
32 23 0
32 15 1
32 62 2
32 62 3
33 23 0
33 32 1
33 62 2
33 62 3
34 7 0
34 7 1
34 63 2
34 50 3
35 6 0
35 22 1
35 43 2
35 63 3
37 7 0
37 7 1
37 48 2
37 50 3
38 27 0
38 7 1
38 43 2
38 50 3
39 7 0
39 7 1
39 40 2
39 50 3
40 53 0
40 22 1
40 43 2
40 63 3
41 36 0
41 14 1
41 63 2
41 70 3
42 56 0
42 59 1
42 55 2
42 46 3
43 6 0
43 43 1
43 43 2
43 43 3
45 23 0
45 45 1
45 3 2
45 46 3
46 23 0
46 45 1
46 46 2
46 46 3
47 7 0
47 27 1
47 2 2
47 3 3
48 6 0
48 22 1
48 43 2
48 63 3
50 23 0
50 50 1
50 50 2
50 50 3
51 23 0
51 32 1
51 48 2
51 43 3
55 6 0
55 22 1
55 43 2
55 63 3
56 71 0
56 1 1
57 27 0
57 59 1
57 43 2
57 3 3
58 7 0
58 7 1
58 43 2
58 50 3
59 71 0
59 1 1
61 7 0
61 27 1
61 2 2
61 3 3
62 53 0
62 14 1
62 63 2
62 70 3
63 6 0
63 22 1
63 43 2
63 63 3
64 56 0
64 59 1
64 55 2
64 46 3
65 53 0
65 65 1
65 62 2
65 62 3
66 53 0
66 65 1
66 62 2
66 62 3
67 27 0
67 59 1
67 43 2
67 3 3
69 7 0
69 27 1
69 2 2
69 3 3
70 53 0
70 70 1
70 63 2
70 70 3
112 58 4 130 54 4
0 2 0
0 47 1
1 57 0
1 51 1
2 57 0
2 54 1
4 57 0
4 53 1
5 57 0
5 37 1
6 57 0
6 6 1
7 57 0
7 35 1
8 57 0
8 40 1
9 57 0
9 22 1
10 57 0
10 1 1
11 57 0
11 6 1
12 57 0
12 9 1
13 57 0
13 47 1
14 57 0
14 9 1
15 57 0
15 9 1
16 57 0
16 42 1
17 57 0
17 17 1
18 57 0
18 17 1
19 57 0
19 17 1
20 57 0
20 17 1
21 57 0
21 17 1
22 57 0
22 17 1
23 57 0
23 17 1
24 57 0
24 6 1
25 2 0
25 13 1
26 57 0
26 6 1
27 57 0
27 17 1
28 57 0
28 13 1
29 57 0
29 17 1
30 57 0
30 6 1
31 57 0
31 17 1
32 57 0
32 17 1
33 57 0
33 6 1
34 57 0
34 6 1
35 57 0
35 51 1
36 2 0
36 51 1
37 57 0
37 35 1
38 57 0
38 17 1
39 57 0
39 39 1
40 57 0
40 40 1
41 57 0
41 6 1
42 57 0
42 9 1
43 57 0
43 6 1
44 57 0
44 9 1
45 57 0
45 6 1
46 57 0
46 6 1
47 57 0
47 47 1
48 57 0
48 17 1
49 57 0
49 52 1
50 57 0
50 17 1
51 57 0
51 51 1
52 57 0
52 35 1
53 57 0
53 17 1
54 57 0
54 54 1
55 57 0
55 6 1
56 57 0
56 17 1
0 46 0
0 19 1
0 2 2
0 32 3
1 53 0
1 49 1
2 48 0
2 45 1
2 45 2
2 2 3
3 22 0
3 3 1
3 6 2
3 3 3
6 4 0
6 3 1
6 6 2
6 3 3
7 50 0
7 47 1
7 2 2
7 32 3
8 16 0
8 16 1
8 45 2
8 32 3
9 53 0
9 39 1
10 53 0
10 31 1
11 53 0
11 39 1
12 1 0
12 49 1
12 2 2
12 6 3
13 53 0
13 35 1
14 53 0
14 46 1
15 53 0
15 39 1
16 53 0
16 16 1
17 53 0
17 31 1
18 53 0
18 39 1
19 53 0
19 18 1
20 53 0
20 46 1
21 16 0
21 16 1
21 45 2
21 6 3
23 53 0
23 18 1
24 53 0
24 17 1
25 53 0
25 31 1
26 53 0
26 46 1
27 1 0
27 23 1
27 45 2
27 32 3
28 53 0
28 28 1
29 53 0
29 31 1
30 53 0
30 9 1
31 53 0
31 39 1
32 4 0
32 3 1
32 6 2
32 3 3
33 53 0
33 25 1
34 53 0
34 28 1
35 53 0
35 39 1
36 33 0
36 49 1
36 2 2
36 32 3
37 53 0
37 39 1
38 53 0
38 39 1
39 53 0
39 39 1
40 38 0
40 19 1
40 2 2
40 32 3
41 47 0
41 23 1
41 45 2
41 32 3
43 53 0
43 39 1
44 49 0
44 23 1
44 45 2
44 6 3
45 42 0
45 45 1
45 45 2
45 2 3
46 53 0
46 39 1
47 53 0
47 49 1
49 53 0
49 49 1
50 53 0
50 39 1
51 16 0
51 16 1
51 45 2
51 32 3
52 33 0
52 49 1
52 2 2
52 32 3
26 15 4 336 96 4
0 13 0
0 1 1
1 14 0
1 1 1
2 14 0
2 11 1
4 14 0
4 11 1
5 14 0
5 7 1
6 14 0
6 11 1
7 14 0
7 7 1
8 14 0
8 7 1
9 8 0
9 1 1
10 14 0
10 7 1
11 14 0
11 11 1
12 14 0
12 7 1
13 14 0
13 7 1
0 73 0
0 1 1
0 38 2
0 52 3
1 95 0
1 1 1
2 4 0
2 51 1
2 2 2
2 76 3
3 80 0
3 79 1
3 81 2
3 7 3
6 4 0
6 3 1
6 30 2
6 79 3
7 4 0
7 79 1
7 30 2
7 74 3
9 4 0
9 11 1
9 63 2
9 76 3
10 18 0
10 3 1
10 3 2
10 61 3
11 4 0
11 69 1
11 33 2
11 51 3
12 18 0
12 83 1
12 63 2
12 89 3
14 18 0
14 14 1
14 63 2
14 14 3
16 18 0
16 65 1
16 2 2
16 14 3
17 73 0
17 57 1
17 71 2
17 81 3
19 18 0
19 3 1
19 81 2
19 34 3
20 95 0
20 73 1
21 18 0
21 21 1
21 2 2
21 14 3
22 18 0
22 83 1
22 21 2
22 14 3
23 18 0
23 23 1
23 2 2
23 14 3
24 4 0
24 69 1
24 71 2
24 9 3
25 4 0
25 24 1
25 23 2
25 51 3
26 73 0
26 20 1
26 23 2
26 30 3
27 4 0
27 69 1
27 71 2
27 51 3
28 4 0
28 11 1
28 23 2
28 28 3
29 18 0
29 46 1
29 46 2
29 7 3
30 88 0
30 79 1
30 81 2
30 79 3
31 4 0
31 91 1
31 71 2
31 28 3
32 4 0
32 60 1
32 71 2
32 28 3
33 18 0
33 22 1
33 21 2
33 33 3
34 4 0
34 79 1
34 30 2
34 74 3
35 18 0
35 81 1
35 81 2
35 55 3
36 4 0
36 36 1
36 71 2
36 28 3
37 4 0
37 37 1
37 71 2
37 28 3
38 4 0
38 21 1
38 2 2
38 38 3
39 1 0
39 20 1
39 71 2
39 3 3
40 4 0
40 36 1
40 23 2
40 28 3
41 4 0
41 36 1
41 33 2
41 28 3
42 18 0
42 81 1
42 3 2
42 34 3
43 4 0
43 44 1
43 71 2
43 28 3
44 4 0
44 44 1
44 71 2
44 28 3
45 1 0
45 20 1
45 71 2
45 30 3
46 88 0
46 7 1
46 3 2
46 7 3
47 18 0
47 3 1
47 81 2
47 34 3
48 4 0
48 69 1
48 23 2
48 72 3
49 18 0
49 90 1
49 46 2
49 7 3
50 18 0
50 83 1
50 21 2
50 33 3
51 4 0
51 11 1
51 63 2
51 51 3
52 88 0
52 79 1
52 3 2
52 61 3
53 1 0
53 57 1
53 23 2
53 30 3
55 4 0
55 79 1
55 30 2
55 67 3
56 18 0
56 3 1
56 3 2
56 74 3
57 95 0
57 1 1
58 18 0
58 21 1
58 2 2
58 14 3
59 18 0
59 3 1
59 81 2
59 34 3
60 4 0
60 60 1
60 71 2
60 28 3
61 4 0
61 79 1
61 30 2
61 61 3
62 18 0
62 21 1
62 2 2
62 14 3
63 4 0
63 21 1
63 2 2
63 38 3
64 73 0
64 20 1
64 71 2
64 30 3
65 18 0
65 21 1
65 2 2
65 14 3
66 18 0
66 3 1
66 3 2
66 74 3
67 4 0
67 7 1
67 30 2
67 67 3
68 18 0
68 22 1
68 21 2
68 33 3
69 4 0
69 69 1
69 23 2
69 82 3
70 18 0
70 22 1
70 21 2
70 33 3
71 18 0
71 23 1
71 2 2
71 14 3
72 4 0
72 11 1
72 63 2
72 72 3
73 95 0
73 1 1
74 4 0
74 79 1
74 30 2
74 74 3
75 4 0
75 69 1
75 23 2
75 82 3
76 4 0
76 11 1
76 63 2
76 72 3
77 4 0
77 36 1
77 33 2
77 28 3
78 4 0
78 36 1
78 33 2
78 28 3
79 4 0
79 79 1
79 30 2
79 74 3
81 80 0
81 79 1
81 81 2
81 7 3
82 4 0
82 11 1
82 63 2
82 72 3
83 18 0
83 83 1
83 21 2
83 14 3
84 18 0
84 3 1
84 81 2
84 34 3
85 18 0
85 3 1
85 81 2
85 34 3
86 18 0
86 81 1
86 3 2
86 34 3
87 18 0
87 3 1
87 3 2
87 74 3
89 18 0
89 22 1
89 21 2
89 33 3
90 88 0
90 7 1
90 3 2
90 7 3
91 4 0
91 93 1
91 71 2
91 28 3
92 18 0
92 3 1
92 81 2
92 34 3
93 4 0
93 44 1
93 71 2
93 28 3
94 18 0
94 3 1
94 3 2
94 74 3
138 71 4 192 69 4
0 65 0
0 44 1
1 70 0
1 1 1
2 70 0
2 67 1
4 70 0
4 20 1
5 70 0
5 10 1
6 70 0
6 65 1
7 65 0
7 64 1
8 65 0
8 54 1
9 70 0
9 20 1
10 70 0
10 20 1
11 65 0
11 32 1
12 65 0
12 64 1
13 6 0
13 54 1
14 6 0
14 54 1
15 70 0
15 15 1
16 70 0
16 54 1
17 6 0
17 27 1
18 6 0
18 64 1
19 6 0
19 54 1
20 70 0
20 20 1
21 6 0
21 27 1
22 6 0
22 1 1
23 6 0
23 30 1
24 70 0
24 20 1
25 70 0
25 20 1
26 70 0
26 10 1
27 70 0
27 54 1
28 70 0
28 10 1
29 65 0
29 27 1
30 70 0
30 44 1
31 65 0
31 30 1
32 70 0
32 1 1
33 65 0
33 32 1
34 70 0
34 20 1
35 6 0
35 32 1
36 65 0
36 54 1
37 6 0
37 27 1
38 70 0
38 20 1
39 70 0
39 20 1
40 6 0
40 32 1
41 70 0
41 20 1
42 70 0
42 20 1
43 6 0
43 32 1
44 70 0
44 54 1
45 6 0
45 27 1
46 6 0
46 30 1
47 6 0
47 32 1
48 70 0
48 20 1
49 6 0
49 32 1
50 6 0
50 44 1
51 41 0
51 44 1
52 70 0
52 20 1
53 65 0
53 54 1
54 70 0
54 1 1
55 65 0
55 54 1
56 65 0
56 32 1
57 65 0
57 30 1
58 65 0
58 32 1
59 41 0
59 44 1
60 65 0
60 54 1
61 65 0
61 32 1
62 65 0
62 54 1
63 41 0
63 44 1
64 70 0
64 54 1
65 70 0
65 65 1
66 70 0
66 20 1
67 70 0
67 67 1
68 65 0
68 64 1
69 6 0
69 27 1
0 22 0
0 63 1
0 2 2
0 56 3
1 68 0
1 63 1
2 4 0
2 2 1
2 37 2
2 36 3
3 64 0
3 65 1
3 62 2
3 31 3
6 22 0
6 48 1
6 37 2
6 56 3
8 68 0
8 32 1
9 38 0
9 61 1
9 2 2
9 54 3
10 68 0
10 63 1
11 38 0
11 22 1
11 2 2
11 56 3
12 68 0
12 10 1
13 68 0
13 13 1
14 61 0
14 63 1
14 2 2
14 56 3
15 52 0
15 51 1
15 51 2
15 3 3
16 38 0
16 13 1
16 17 2
16 65 3
17 4 0
17 36 1
17 37 2
17 36 3
19 61 0
19 13 1
19 2 2
19 51 3
20 49 0
20 51 1
20 25 2
20 54 3
21 68 0
21 48 1
22 68 0
22 63 1
23 35 0
23 61 1
23 2 2
23 3 3
24 1 0
24 63 1
24 36 2
24 25 3
25 28 0
25 65 1
25 25 2
25 56 3
26 38 0
26 22 1
26 36 2
26 65 3
27 1 0
27 13 1
27 36 2
27 20 3
29 38 0
29 13 1
29 37 2
29 51 3
30 1 0
30 13 1
30 36 2
30 20 3
31 42 0
31 62 1
31 54 2
31 62 3
32 68 0
32 13 1
34 68 0
34 32 1
35 68 0
35 10 1
36 4 0
36 2 1
36 36 2
36 36 3
37 4 0
37 36 1
37 37 2
37 36 3
38 68 0
38 48 1
39 35 0
39 1 1
39 2 2
39 56 3
41 7 0
41 41 1
41 25 2
41 56 3
43 1 0
43 63 1
43 36 2
43 20 3
44 1 0
44 13 1
44 2 2
44 41 3
45 1 0
45 13 1
45 36 2
45 20 3
46 52 0
46 65 1
46 25 2
46 3 3
48 68 0
48 13 1
50 42 0
50 59 1
50 50 2
50 31 3
51 58 0
51 51 1
51 51 2
51 56 3
53 1 0
53 13 1
53 2 2
53 51 3
54 42 0
54 54 1
54 54 2
54 62 3
55 35 0
55 61 1
55 2 2
55 56 3
56 64 0
56 51 1
56 54 2
56 31 3
57 38 0
57 22 1
57 2 2
57 56 3
59 42 0
59 59 1
59 50 2
59 31 3
60 38 0
60 22 1
60 2 2
60 56 3
61 68 0
61 61 1
62 42 0
62 54 1
62 54 2
62 62 3
63 68 0
63 13 1
65 52 0
65 65 1
65 25 2
65 3 3
66 1 0
66 13 1
66 2 2
66 51 3
67 1 0
67 63 1
67 36 2
67 20 3
24 14 4 266 95 4
0 12 0
0 1 1
1 13 0
1 7 1
2 13 0
2 2 1
4 13 0
4 11 1
5 13 0
5 9 1
6 13 0
6 6 1
7 13 0
7 7 1
8 13 0
8 8 1
9 13 0
9 8 1
10 13 0
10 7 1
11 13 0
11 9 1
12 13 0
12 2 1
0 37 0
0 93 1
0 2 2
0 64 3
1 94 0
1 59 1
2 62 0
2 88 1
2 2 2
2 2 3
3 4 0
3 64 1
3 8 2
3 73 3
6 77 0
6 37 1
6 2 2
6 64 3
7 94 0
7 42 1
8 54 0
8 64 1
8 8 2
8 3 3
9 37 0
9 57 1
9 88 2
9 8 3
10 37 0
10 77 1
10 2 2
10 8 3
11 61 0
11 82 1
11 2 2
11 8 3
12 43 0
12 77 1
12 2 2
12 8 3
13 43 0
13 84 1
13 88 2
13 8 3
14 94 0
14 92 1
15 17 0
15 44 1
15 2 2
15 8 3
16 17 0
16 14 1
16 2 2
16 8 3
17 94 0
17 92 1
18 61 0
18 92 1
18 2 2
18 8 3
19 61 0
19 42 1
19 89 2
19 8 3
20 61 0
20 85 1
20 2 2
20 8 3
21 94 0
21 79 1
22 94 0
22 93 1
24 94 0
24 77 1
25 1 0
25 92 1
25 2 2
25 8 3
26 17 0
26 92 1
26 2 2
26 8 3
27 61 0
27 49 1
27 89 2
27 8 3
28 94 0
28 24 1
29 94 0
29 57 1
30 17 0
30 85 1
30 2 2
30 8 3
31 94 0
31 57 1
32 94 0
32 29 1
33 94 0
33 57 1
34 94 0
34 29 1
35 94 0
35 29 1
36 62 0
36 3 1
36 8 2
36 81 3
37 94 0
37 37 1
38 61 0
38 59 1
38 2 2
38 8 3
39 94 0
39 56 1
40 94 0
40 34 1
41 61 0
41 91 1
41 2 2
41 8 3
42 94 0
42 42 1
43 94 0
43 91 1
44 94 0
44 57 1
45 17 0
45 85 1
45 88 2
45 8 3
46 44 0
46 37 1
46 88 2
46 8 3
47 52 0
47 64 1
47 8 2
47 47 3
48 94 0
48 84 1
49 94 0
49 44 1
50 49 0
50 37 1
50 88 2
50 8 3
51 49 0
51 37 1
51 2 2
51 8 3
53 17 0
53 92 1
53 89 2
53 8 3
55 49 0
55 37 1
55 88 2
55 8 3
56 94 0
56 29 1
57 94 0
57 57 1
58 52 0
58 64 1
58 8 2
58 58 3
59 94 0
59 44 1
60 43 0
60 77 1
60 88 2
60 8 3
61 94 0
61 24 1
63 56 0
63 37 1
63 88 2
63 8 3
64 4 0
64 64 1
64 8 2
64 64 3
65 94 0
65 56 1
66 94 0
66 93 1
67 17 0
67 92 1
67 89 2
67 8 3
68 94 0
68 44 1
69 17 0
69 14 1
69 88 2
69 8 3
70 17 0
70 92 1
70 2 2
70 8 3
71 1 0
71 86 1
71 2 2
71 8 3
72 94 0
72 79 1
73 62 0
73 3 1
73 8 2
73 58 3
74 94 0
74 56 1
75 17 0
75 44 1
75 89 2
75 8 3
76 43 0
76 83 1
76 89 2
76 8 3
77 94 0
77 42 1
78 94 0
78 34 1
79 94 0
79 29 1
80 94 0
80 79 1
81 52 0
81 64 1
81 8 2
81 58 3
82 94 0
82 56 1
83 94 0
83 44 1
84 94 0
84 44 1
85 94 0
85 93 1
86 94 0
86 56 1
87 17 0
87 44 1
87 89 2
87 8 3
88 62 0
88 89 1
88 2 2
88 2 3
89 62 0
89 89 1
89 2 2
89 2 3
90 49 0
90 37 1
90 88 2
90 8 3
91 94 0
91 44 1
92 94 0
92 79 1
93 94 0
93 29 1
10 7 4 48 16 4
0 2 0
0 1 1
1 6 0
1 4 1
2 6 0
2 2 1
4 6 0
4 4 1
5 2 0
5 1 1
0 1 0
0 9 1
0 7 2
0 3 3
1 15 0
1 9 1
2 4 0
2 7 1
2 13 2
2 13 3
3 4 0
3 3 1
3 3 2
3 3 3
6 9 0
6 9 1
6 7 2
6 3 3
7 4 0
7 7 1
7 13 2
7 2 3
8 4 0
8 7 1
8 12 2
8 2 3
9 15 0
9 9 1
10 4 0
10 7 1
10 2 2
10 2 3
11 4 0
11 7 1
11 13 2
11 13 3
12 4 0
12 7 1
12 12 2
12 13 3
13 4 0
13 7 1
13 12 2
13 13 3
14 4 0
14 7 1
14 12 2
14 2 3
122 63 4 22 9 4
0 22 0
0 56 1
1 62 0
1 58 1
2 62 0
2 2 1
4 62 0
4 48 1
5 62 0
5 26 1
6 62 0
6 5 1
7 62 0
7 33 1
8 62 0
8 22 1
9 62 0
9 15 1
10 62 0
10 22 1
11 22 0
11 40 1
12 62 0
12 19 1
13 16 0
13 1 1
14 62 0
14 31 1
15 62 0
15 29 1
16 62 0
16 22 1
17 62 0
17 5 1
18 62 0
18 16 1
19 62 0
19 15 1
20 62 0
20 25 1
21 22 0
21 14 1
22 62 0
22 2 1
23 62 0
23 33 1
24 62 0
24 29 1
25 62 0
25 15 1
26 62 0
26 29 1
27 62 0
27 5 1
28 62 0
28 33 1
29 62 0
29 29 1
30 62 0
30 33 1
31 62 0
31 31 1
32 62 0
32 5 1
33 62 0
33 22 1
34 62 0
34 5 1
35 62 0
35 19 1
36 62 0
36 29 1
37 62 0
37 33 1
38 62 0
38 19 1
39 62 0
39 5 1
40 62 0
40 40 1
41 62 0
41 15 1
42 62 0
42 33 1
43 62 0
43 5 1
44 16 0
44 1 1
45 62 0
45 22 1
46 22 0
46 14 1
47 62 0
47 5 1
48 62 0
48 48 1
49 62 0
49 19 1
50 62 0
50 5 1
51 62 0
51 33 1
52 62 0
52 19 1
53 62 0
53 5 1
54 62 0
54 5 1
55 62 0
55 22 1
56 62 0
56 40 1
57 62 0
57 5 1
58 62 0
58 19 1
59 62 0
59 5 1
60 62 0
60 5 1
61 62 0
61 5 1
0 1 0
0 1 1
0 6 2
0 7 3
1 8 0
1 1 1
2 4 0
2 6 1
2 2 2
2 6 3
3 4 0
3 3 1
3 7 2
3 3 3
6 4 0
6 6 1
6 2 2
6 6 3
7 4 0
7 3 1
7 7 2
7 3 3
