20 5 1000
13 261728398 270376350
15 78783758 95137326
19 774622897 785516986
11 288116647 304569676
15 628389749 642951480
3 662747396 672144284
5 509547900 536530428
16 626686843 678918827
3 771928744 781453073
5 388362781 391236344
5 348294348 380018059
15 753955209 754773271
19 799747129 801948567
9 865721639 869131809
13 981063612 986947903
9 394639656 429913498
20 423353118 458213476
7 538942457 539272865
13 893946772 933100073
20 56999837 57411958
10 783494409 785599019
15 687258891 693820463
15 905268411 911251657
17 1924086 20576190
15 649120655 661764312
20 947395387 976086586
14 775621747 787024843
7 179998609 222573428
7 845002952 887819190
16 801642819 802603088
9 10860846 36034635
1 805083322 831126070
7 255342629 281573433
7 901467914 902392027
6 727642808 737246650
19 391159153 409439161
2 817017946 818415528
18 333857708 345912551
10 295908907 312344732
10 598245395 644099563
5 22317590 42070227
8 697365988 713684055
18 599478584 613622909
3 939556880 992881584
5 45132105 87172783
11 854194785 920814882
6 760826334 760834676
7 569916446 592972356
16 499346095 541813241
20 119098475 134224917
18 314444518 331193349
4 865760545 869462258
20 287475226 289196741
17 361099083 433694970
18 164494242 188997421
19 752915161 773308129
18 189299017 210965401
13 642551336 648010359
6 814390983 821697937
7 380003757 384808091
7 977657325 991956392
14 652634871 708435508
6 888595721 892120092
20 50191561 53343204
10 470202076 507666364
12 665335446 698012474
15 861221084 863852949
5 593256383 609119695
4 733975168 736644602
17 880820487 941523667
9 642396784 645361423
11 556549526 565939321
9 553353063 598105118
8 250517918 255924923
4 365716594 366899021
5 764675799 801912655
20 137087844 151435083
15 134464717 139988499
17 150915647 151467892
5 748632097 762451851
9 183158741 208523174
11 971984883 980102142
15 613451020 625048767
3 385174363 439408215
20 408253855 422413095
11 702718385 715913716
9 213083162 235265505
2 100461235 102369737
11 3858078 27002871
2 651424783 686301565
5 876837884 877095667
2 835550084 889085938
7 318997066 347370212
2 536989069 542940764
8 527083805 540237328
10 913257057 925240824
14 850769975 869644041
4 738668353 757511136
12 914105343 929960966
9 608749591 639338339
18 961819443 994507625
18 653940506 654909537
15 704825841 714384871
9 860564695 863144947
15 142041544 145816018
10 399141313 408139420
5 392881484 396811632
8 505915150 511780445
19 308807208 320370589
2 723882769 728698693
16 685264646 703657599
13 649527947 675761329
15 253972397 254418172
14 905029415 906670379
6 759785111 760478982
5 320617012 324590966
15 294147648 349460742
10 316294373 332221643
8 638006814 643370326
15 754796448 797597057
18 794650361 825818836
18 367343522 368649139
4 53511706 72379715
4 158602119 204572300
12 431453896 431815735
16 879999165 884118825
13 743701380 829302417
20 631104629 645726634
4 123002779 124029610
4 443846900 450532811
7 722099326 727029299
13 688784454 716446197
18 613626884 651942631
4 478881556 509956878
15 59318401 67213622
12 583438220 594077805
3 710973448 718027482
4 510554581 519393069
19 695132332 707264542
7 940897600 974551293
16 707305586 739575246
14 243798633 245507885
18 830235198 847012419
7 467725506 474901447
10 881464984 890912307
20 151917675 152757233
10 929595125 951449191
7 301536452 307476252
15 481041713 513919505
11 54402591 68673457
2 525830092 536111678
9 323775034 368727344
17 842796561 852022267
12 734831032 742943617
5 719080957 729858374
10 827253575 844297750
4 661171080 703094920
2 971986175 991312968
17 164889266 244938286
1 86761172 103164328
16 971051790 995423967
10 89284 20038881
4 985578019 997865054
4 121650192 122424655
18 750991017 761625699
8 259706096 261101360
9 492428422 518838700
15 110158547 111454144
3 516683797 530519923
11 506128536 521039913
7 415006852 415341758
6 408596766 472991528
20 941154538 946507587
6 318837604 323416131
3 9926578 16078350
7 477251667 489532649
1 465202309 493521575
1 12423944 27134766
1 842159023 844461625
8 284869301 315362844
8 118738777 132139321
20 976348705 977016990
9 973969322 978504423
17 440593173 442581213
15 878642906 881737715
1 424411233 463940608
13 830679237 868743134
12 47615754 112961118
8 543025868 543487877
6 140088546 217264925
20 558261931 595768381
9 36041986 93665456
2 102531338 152545785
6 904258719 907012248
7 374336323 377878653
12 150411100 177257545
1 367335064 396167646
5 678305152 701255128
16 210737952 220498823
8 680270975 691356175
16 120763238 122559807
19 926174445 928939811
5 1194626 20226724
2 962139430 970430939
1 59256254 86186013
6 529542948 538150301
7 490889263 497901703
14 883718517 891568377
14 940165768 966878537
19 274694557 277389133
17 24881604 39150209
13 248115958 258298133
3 559309378 562348053
1 157461004 192598278
15 32870583 35017829
15 563841779 565845969
3 216477754 219438591
11 37355766 50067996
7 541285239 548090098
13 736172119 742333554
2 233744006 262274347
17 990998135 999440818
1 211738376 232613651
12 37342631 38846069
9 967927714 973472203
5 142531491 158644136
10 723379429 725245995
11 685120176 699070785
17 451129842 530069859
3 927261639 934846461
7 689662650 718438246
15 388888151 433698887
4 962513396 966285456
16 433758680 446868805
11 924217357 927742138
17 797611135 833090444
2 701939285 716537909
20 785482625 785521444
6 17003990 32173178
10 684917512 717755999
7 229802724 229902553
4 573371585 575905028
3 58261213 60887002
8 716590365 738150763
6 41524527 59652586
16 542178501 547693027
14 257548696 291308753
17 314211875 350425493
4 327744505 334779226
10 644605013 676006924
14 877084792 882873799
16 347347752 368228230
9 458641769 464997343
4 703977322 732818298
19 346166860 388253195
5 740429384 746309212
4 575971975 594929651
17 770560804 791088158
12 766370937 778602659
15 715517087 753157287
16 158495531 161606868
3 546441938 557088823
11 525837278 530369273
11 716206840 725034181
1 340983588 361876226
14 563089551 567785990
3 542167205 544948262
6 543916133 554111481
15 169211748 170610384
18 79030835 103012222
8 757178038 771655438
14 447667202 450453479
8 632651255 636822291
20 258166742 260413149
17 974902532 988364960
2 475241071 480465097
15 801724243 839231171
3 707071694 709501857
10 785938242 817498930
9 318501312 323590982
20 460191168 480494348
18 43962407 52818776
2 9812121 13050653
4 863301686 863849882
14 450536629 458409596
17 131526501 136779177
9 531507136 538126863
11 142900020 152050348
18 849188726 951392788
4 451948506 461787428
5 204577995 218566883
5 337808902 341124836
15 4946276 29882557
5 957614989 976093504
13 590004015 604312377
6 237567341 290450534
12 10114002 34293266
11 229708615 237161109
12 629951877 655125864
11 784412626 795502432
7 554206170 568855316
3 440653483 444755157
14 603045936 628874440
10 286021913 287537081
20 840439432 842199312
5 731463503 739565134
14 974332735 995554830
9 736738898 749414434
6 591211288 666943755
15 645297371 648744434
18 561174816 573782373
9 275918405 318338760
7 97097507 179055393
18 374550293 430496309
12 534934232 546340571
10 190184035 190888739
12 745863188 766197001
14 824202347 847021228
1 554256138 567143563
5 232111768 239162088
3 181330542 195865359
19 298308365 307217410
16 27274775 27589130
2 400126169 406537881
5 403004698 418267523
14 920716184 921850976
20 901304065 921927918
3 919594808 925409453
6 379819854 394519701
16 169541414 172035210
14 715175683 719342166
17 41091863 46280530
20 595975654 629072071
12 656096733 663566888
11 470610018 497371706
2 906255887 906712725
5 550182080 566980820
11 29506715 35583429
20 689212993 700131476
13 272935787 285284074
10 139258188 153230145
13 151728531 225428183
17 597375832 618044896
17 860890675 863604778
19 517490201 557222801
4 595942518 614126262
19 931040051 931704234
2 201246144 222435961
12 839699697 852006273
5 475897692 478581463
14 708569677 713946410
9 431355809 444594803
2 223516623 230418942
10 555676248 573876772
7 890344731 900027857
12 362104226 411152321
16 281103497 343333755
19 494214624 512627252
2 544909558 548514014
20 922013987 940368237
2 776741584 786597752
19 150565910 154890109
6 510204802 529481630
10 762188933 773047600
12 145635449 147525979
11 931921900 971463760
9 705662439 705869447
12 412629015 428959416
4 266092854 271410679
11 584785590 610825893
10 985252694 986267037
16 17455247 17572867
14 140692855 157994324
1 919406519 936501117
18 691743687 735770696
12 614799808 628875900
11 315902428 317528348
13 109147207 119796178
5 456740761 461320939
6 481023789 489213294
9 871522201 887342027
9 210779961 211392213
12 548433302 570242905
7 843340955 844177507
2 370549 5712040
14 719669122 738819115
6 750313181 758975524
9 143769400 180684749
19 413929446 472933846
16 885540967 891213453
8 903413981 909981954
10 508663294 519383389
8 625679852 629504551
20 786271021 795024076
8 715019275 715833334
9 261700962 264563883
4 293209226 321632982
18 239433290 261594240
3 16877726 55346646
7 632772385 647757383
1 895390246 895736522
12 930006020 935165785
8 544710032 575288384
11 531633380 548865948
20 869027323 892568133
8 470833354 501418363
11 246330464 278366786
16 393886070 427162476
13 677627062 678025986
7 239738367 255210992
8 132735850 162754989
3 564054839 606236382
2 621932914 644905038
15 533678371 536682187
13 509457504 553533780
19 136966712 147856186
4 17653743 26380705
20 645790210 680265403
11 728380676 753385626
15 349696827 378475150
14 163644958 169173226
14 1906413 10620098
17 311762224 312380547
18 483853855 522979252
4 822232874 825052823
12 818431204 824712452
15 945009358 993703336
18 665612673 688459401
3 782019169 785033910
6 490362863 496115835
20 843381736 847062116
5 221529502 224585884
18 531976156 556756405
19 635894187 665436690
3 849262344 866427314
1 320187103 328764310
11 278547762 285045406
15 52459101 56151015
1 845884966 892983079
13 122504399 137297160
19 159126863 193123328
3 492070199 512267442
13 9022570 13995068
5 660920027 673936243
6 1577113 15237837
10 905762260 906539679
19 924381876 925272382
20 33285587 47323551
16 831457837 833006791
4 251961442 262984807
1 400167489 406409289
5 239529576 249463373
16 447322640 469786699
2 409299383 437298939
9 921739273 945346759
18 346182031 363931088
4 933863242 957116275
7 415871815 466998729
18 299273060 305351871
15 514379185 517894256
15 890279695 895933090
10 848820455 859013135
10 192423380 202107143
13 290372041 311963615
13 229100572 243409028
1 287242122 299479840
16 835762080 878516716
11 98464230 135126814
18 213684432 229390967
1 198707052 210415064
13 872749354 893906339
9 946055482 962344709
8 19873177 61710114
5 479487452 509125709
6 669060065 696786891
13 244220863 246065575
5 577648491 581801424
16 548055898 583620394
8 646608899 666307905
6 822893097 836401435
16 194955280 207256118
20 332114487 379338457
3 719113734 726383043
18 765229251 792813485
2 393437993 398742404
8 409288023 421676244
12 445535812 452846252
18 847022930 848972849
4 35422683 42410041
18 660124594 660955292
8 851613680 876524427
3 315818394 359331661
17 246672601 284996918
11 214620843 224318701
3 171587208 174230816
2 490716121 495260317
12 223750606 248505548
4 872227828 915023381
9 490242403 492228007
17 943365603 972130167
10 382818939 390651733
20 848310306 862610628
9 816472039 826313693
3 464563031 472361363
20 894257453 900420443
11 184151798 196367579
8 68655967 98855984
14 494725631 513110942
17 138430150 150421355
15 439225122 447163395
10 760996239 761971714
13 971223202 975268395
5 249674789 256863468
8 948320286 954063708
12 699248898 708526906
2 789277228 799714954
1 364910407 366346750
14 402552517 444993507
19 804674100 820080019
17 90370223 95287457
7 387137832 403831898
5 383590976 386383398
15 540269797 562201966
17 561619284 577436419
15 121622872 122548583
7 231574255 238023016
10 87050280 104111087
6 878079513 886544091
10 430503330 469925389
16 807841574 809048388
11 822032489 852606343
4 133096339 136551223
2 361320726 385308501
17 648533852 670337907
5 159391810 185114524
8 395755106 405299091
3 754227112 768242668
19 964026050 994877564
2 739181652 752223463
4 535609034 569337563
7 64637746 65285121
14 541457612 562981063
1 672043002 672190518
17 100055080 104838988
12 285509417 335365255
14 928224379 932465419
9 674988083 702783210
18 284003375 291029010
5 811468964 815477340
8 520711355 524533898
4 335558925 353652856
3 304913252 313507062
4 402355301 438308161
5 815717185 850914409
19 268189182 274511852
16 823968625 829896800
12 874775706 883169257
10 817604555 822382362
13 313617594 331946566
7 757025532 777494526
1 408815933 417952723
16 99528836 115541629
7 6949829 17705835
14 487181783 491913027
16 895842884 945167339
5 93542975 99238369
7 992227226 999891952
3 66426604 89034029
19 820592149 828692497
5 712094078 718608540
18 55326872 60730967
19 616866434 633544858
5 640528195 652661489
11 153940675 180864946
9 887734877 896174716
19 667233770 691119467
10 735948412 757343615
16 587483757 602081985
5 127841179 141627288
9 710927762 713216519
20 290112766 290513744
5 116759554 123331079
14 220140218 242401200
3 361621943 370342483
1 673350815 738775024
2 504120950 519727838
18 104643354 160067070
5 344810030 346400902
4 522791720 532612437
5 302430570 320175682
15 898243744 899856241
16 223972237 278699522
6 842522395 865488984
10 576645039 595883067
5 101649521 103650688
9 714586424 734506137
4 572828437 573260712
20 315343364 331668209
8 668726685 677946603
10 393602169 394174769
20 293995921 314867037
16 742046910 800053036
5 976295040 978349133
2 480981046 486020351
8 333016392 342344991
19 945877473 952482535
13 979041866 979959408
4 865120913 865278965
6 294254404 316523158
11 809811263 821391923
1 109470049 157192965
1 833705710 837887270
15 145850585 148820283
6 33239870 38636618
20 681764423 687384884
19 411517025 412922101
12 779033828 817200334
15 577375842 594434922
9 374817754 388370159
4 15288712 15838446
2 340031642 358806931
15 699411918 703028564
9 236314881 261700961
12 455438204 521611492
19 51604280 110246572
7 913972313 933687740
19 932012189 944362163
10 725870764 733062334
10 160805943 178710520
15 912133430 941502494
2 819101236 832691889
10 35033580 80598750
12 856722163 873031437
12 342878188 346131878
11 237291578 246307334
3 533580245 541059054
8 738610667 755973274
8 4376530 15019643
5 858323382 873111827
5 190371009 203118834
12 708784594 731604055
6 796556898 800526055
20 978253249 995814974
10 861584860 875134512
4 775563237 788064734
10 202354926 205752532
20 96538308 113579803
11 135930472 141012381
17 752263097 765086753
5 609958681 632182205
8 911772555 926587488
4 915390186 933486381
3 89365379 169339127
9 708054788 709701755
6 61408519 108127117
7 17923047 58184167
17 49229877 87825647
3 738898017 752936461
10 775107617 777855922
3 273702918 304037780
6 111120702 113649913
12 900561646 911947717
4 799263252 822212343
4 789120380 795811446
14 458671769 480983985
6 218541226 234414655
3 62133671 65728462
13 554399818 556648676
13 582945022 588981777
15 149557142 168962799
4 368187865 400772598
18 273813966 274267723
19 954522616 961840291
20 261977050 285048115
13 429456595 433207549
13 66140925 107455361
6 556405216 569085054
16 473435089 496466533
2 736190103 738192766
15 126848198 129796578
8 972304987 982647490
1 937396881 962060088
13 14364284 64187457
4 273749505 291363089
4 207107372 213685192
14 312488526 356124960
19 906115589 922550243
20 159454890 165552813
11 307643267 311455541
6 893875002 897214234
6 697887727 699829239
4 112561760 119003591
7 283814133 296028104
1 254754716 286756682
13 366696953 428265758
11 322622592 341672433
5 879603034 945136871
1 36321988 58230915
15 170694698 172962899
2 264613692 295829655
1 252209448 252857659
9 466287642 474850201
19 877180949 906028503
9 136587870 142773702
20 797314787 839024984
6 907056737 938326037
13 934090135 968561554
20 166382222 255541106
6 502120821 509999341
8 578773450 592455051
10 893783580 904974657
8 772389068 832959914
13 559299504 581677374
16 371463047 386691823
16 345668554 346382602
2 914145802 960035506
16 22251210 23890754
7 88994015 95335336
13 716709621 720191372
1 572108031 647957511
7 348455879 368374765
3 221818330 271728375
17 533627362 542597952
12 825167110 839150114
4 79725276 83599636
18 65101876 78854170
12 944596013 958257000
20 741494670 785053049
2 444870854 475047599
10 288420615 294649856
17 626956584 648374570
3 731077992 736865727
18 369124839 372024883
4 1139705 12058728
17 444091127 449608925
5 420710637 436786930
8 985066115 990594023
14 247657350 256470948
8 887209545 903068868
9 750575321 769472272
8 167886503 242131125
9 264617742 272448484
6 573116113 586061345
13 724793677 730237499
15 519442264 532581757
17 108169516 128628633
15 35531786 41772409
7 647902609 668345946
7 58971081 62635310
9 3306349 7265506
9 962671730 965310922
16 173185648 184682623
2 992489363 999937153
15 70822257 75344426
15 124348577 124896745
14 739692075 767305193
16 428650002 432540862
12 276882195 282331415
14 213179443 218487142
7 593049454 604570206
14 172803379 190420602
7 502438905 533906952
9 477823055 489652472
3 195959595 207915632
6 940410633 955055315
3 790307417 804877282
10 210386867 285799749
16 32791019 42353380
5 123715441 127813395
3 210872291 214612616
19 325041656 342056234
4 829195308 862990942
3 610146555 659082689
5 536965437 548011841
14 636092992 648858982
5 441785287 449080083
6 327109963 343587726
19 789629971 799277384
9 369341514 369475298
15 95421141 109478506
15 255625880 290121349
16 2643551 16545300
5 978397678 996612872
16 615306088 624215072
11 343040786 396861825
6 960784809 994091286
5 257275274 294433495
6 766022023 770028123
19 200975683 241796770
15 478008895 480868322
11 200064548 212182073
5 467646991 473434244
13 613534352 624472193
16 605995710 610245187
12 339570846 341993757
14 568360054 596246467
12 185301446 223550456
18 559916864 560694871
18 658605373 659241240
11 796389362 805667272
16 51441265 91685766
7 606407110 624193107
10 952981505 960278366
12 249353406 274408671
12 594388882 613725683
18 307575498 311537649
10 361527667 380349794
18 3481423 43052508
9 102752512 136225582
6 397684236 408195335
3 868587590 916489801
9 901311175 909754291
17 579323165 595557302
14 292317570 292523671
15 839468975 857574929
1 529157277 552534695
6 865573204 872676202
14 517984681 540876692
9 772033966 808244885
17 543297065 560257600
10 988034814 998492095
11 982078125 996634585
6 350326169 376344248
11 671481642 681921760
18 578361522 583251160
2 497476884 498837251
18 471758675 481208165
7 888076137 888492726
2 152588981 167172921
5 945841950 950268922
14 80425601 138016575
14 158173114 160012113
2 438658134 441201073
10 962033297 985071630
3 812075057 843419846
4 29630754 35244238
20 58228715 92787910
8 106235625 117797294
10 109086249 137632735
15 566066217 567277190
12 127601899 143812632
14 789837965 806050526
15 463478182 474778821
12 958780172 993757380
4 764928002 765761120
19 283161294 293936819
15 176768974 225324538
4 970124472 976725675
15 865192891 873368614
12 883777661 896786749
19 832753672 865282567
9 447736783 456564764
7 310412117 316336902
2 801776849 804000917
12 436522141 442401767
20 54005905 55529821
10 876667151 881433548
18 433179916 465260973
18 466298835 469577906
4 124742510 128439850
2 551735997 621191438
1 649491585 670092770
18 586023035 595826614
19 277922378 279117966
1 986614897 998221666
4 977505471 978341031
8 839471898 848683726
18 952469744 958680060
8 272410114 283246790
10 520744788 548152450
2 298651486 300019380
3 479653372 491492928
15 663555625 683854427
7 778004600 842700744
5 328354728 332097971
16 164890783 168346729
14 376837601 399313847
14 11039802 79114993
4 967914677 969669279
9 94255152 96730722
17 675450400 750425376
16 42730222 49781514
9 827221998 851402101
11 754147837 755836131
19 560028923 614222058
2 645303830 648166251
4 621111027 650584705
2 13104728 58980793
2 85693612 98433015
10 408917508 425596825
11 95039077 96268115
4 26676399 29437610
1 495519362 520434894
10 22036904 30758868
11 756094898 779436839
1 104740026 108890464
16 125290575 156998549
10 332304489 359342880
4 137563798 153726678
11 400749145 466076229
1 899222928 906048860
2 167789300 191318659
4 215514818 249963445
1 962728992 985826708
4 83830712 110369688
15 884554202 888779243
16 810262261 816689096
19 707589345 747133603
2 199787872 199958264
15 597052867 611255343
16 950071111 966352730
5 224660318 228422993
1 340338442 340407288
9 898586016 900985044
14 190984002 211051023
6 317120831 318447126
11 611866332 634459714
18 276237517 283692544
2 890574368 895993523
8 927867064 936855798
13 628317400 641104847
15 447294538 459903286
4 650937865 654611394
6 897401858 902443000
11 634840797 671340265
20 486190343 558031213
3 457970366 462726643
1 423317706 423704512
9 538583674 544934038
8 343032424 394751853
16 945757459 947460612
8 592986383 612723616
8 956732353 963401101
14 891723288 902507382
6 700911045 725185470
19 9500061 48113479
20 382449112 406322477
7 729406840 756167299
13 437167431 508035937
12 529178556 532902252
6 118432696 138112748
19 241881193 266345556
3 371968189 379831202
17 152063164 163948963
6 779104680 779802871
3 676565131 699494839
5 105409958 111909725
13 606803579 610734189
10 549306991 555135288
2 300944094 333774741
6 343659125 348687540
6 779811393 795660344
9 519002758 530564385
19 748191471 752503352
15 904716200 904723831
14 817725109 823500877
3 174783412 176763268
2 75678779 84819739
13 336252105 365403125
20 700523449 740865845
12 346887525 359672145
8 617979520 624627739
9 605834827 607704134
2 60302499 72767551
2 686825137 687871479
20 9218284 31967233
18 737147501 749625461
16 805853387 806775942
1 741166518 801107202
7 626434436 631240814
4 462383755 476588137
3 785076829 787208113
3 449608150 456355025
17 285586283 306428480
11 69445684 83620498
7 669798109 686303379
9 647630839 673833303
10 395106747 396052668
6 737805769 748260641
4 359367091 365536435
15 228598158 253142521
1 333930862 338892445
7 907657586 912571023
8 429305759 466368192
1 301385145 317567245
18 557701490 559367736
14 365612927 373059681
7 76796985 87610780
6 761111443 761120835
9 769959958 771109382
9 985206402 997677416
2 752878367 776335998
13 333307208 333996228
5 707544422 711971453
1 235022059 241864167
18 365055242 365975127
14 293189542 310808365
19 111280844 133760387
15 568467565 577161928
12 184719226 184960836
