20 5 1000
20 465720007 566045665
12 753071489 756162094
9 665429059 672594867
11 941950526 949191847
12 431713501 433252876
10 134652271 137086777
14 415266139 437831176
19 350678011 353065066
19 505836036 507840952
20 814495872 824454713
3 3072519 15797810
7 19902689 54978183
1 971621827 993197843
11 866858174 910713115
17 209590048 239489651
8 864277638 866211363
17 30309160 108462744
5 253197977 258261798
4 526076095 528267095
17 24254490 28260743
20 826016966 828345900
3 18743551 40061984
1 886175961 893320053
10 839511969 844644581
17 562875330 563276485
14 371922499 397077751
6 391367978 394100953
1 387637672 391650961
13 192743642 208506130
5 189490971 207137275
19 292317492 307652555
11 857725545 864497523
10 274765687 324806666
20 330617565 358747462
3 380119282 419076331
14 716150705 718916044
14 290545763 328088230
11 334070737 355073837
1 826451389 836336002
18 298133708 329921594
6 304914337 332726059
19 216078811 233487458
2 491664073 512640883
9 661690458 664758326
20 382945599 399096657
19 530460518 531781710
3 89194031 99777260
9 971987836 994048469
14 186204648 212904079
5 611635875 611666997
6 14286969 14548960
4 681268027 683534184
6 599247965 607006410
13 375600091 418330517
8 922653656 923719308
2 406087502 409281324
17 186212717 209418341
20 76528550 90012922
7 542618446 686697527
6 378977988 390172429
20 400997012 403684654
9 693930259 703848428
17 739493358 754820137
13 147977015 166989974
2 532656460 550886476
13 116373769 137263485
11 92469983 108361616
15 672587072 714462064
19 102938103 122773486
19 820245257 858261072
14 627419207 628922836
11 476248527 492893595
19 37207247 47129437
6 215230500 228660649
9 363390133 368360538
15 155293729 162092355
12 492490511 496657171
20 747182227 797489002
1 728117870 734309149
9 963959546 970100191
10 930560207 935382613
18 295892529 297199611
17 593608691 630787485
10 574877101 604777914
1 214777093 228449143
14 100142779 111817159
5 592612994 609106371
12 71525187 75254399
14 443734436 473871764
4 266554546 303206471
19 891630629 913183629
19 49703200 83276867
1 962251470 970701978
6 533509619 534215429
10 724821404 759271499
11 760316513 769862974
1 255165993 269431731
18 608597849 615259417
10 485065058 503803666
4 157775630 162577354
3 149376283 165426767
8 265762739 292450651
12 3068479 41675511
17 570273299 591839487
16 909272649 918338434
4 327527146 327896288
17 145240832 185856633
4 422669600 432577872
4 162587242 175334943
7 67610727 72706304
3 721096296 723210055
4 306140181 326296260
11 179552336 197888868
3 502434250 524273075
18 277934827 286356427
16 353445066 390313003
16 478101706 485473549
2 552529236 567917402
9 296591052 298901015
11 401687750 411986742
11 745010608 748456439
14 525611503 533582020
1 139736619 154569861
8 338902379 348827610
20 680278684 702902151
9 240820069 248421400
5 180043134 188924808
3 525714647 543546068
20 675238345 677622268
1 187550392 214245151
5 208642735 210599116
8 906589936 922511753
7 512328043 541309465
20 406403176 442378104
17 465952154 469606541
8 65416081 90659583
16 872034740 872704943
12 850630689 869577953
4 213894701 242440161
11 267631404 267689359
20 321366062 327242425
18 764001957 764434383
16 485691788 489138519
4 530398531 538778590
9 704127185 724441714
16 88628104 128196296
13 138261556 147973106
10 194073622 241359151
3 678884205 696153839
12 668093094 691805959
7 73339894 78814980
20 979707063 996226340
18 942544087 945679455
3 868622089 900008912
6 414808339 433892409
4 478937038 490474683
15 481708693 496268787
6 228774616 249690927
11 387451950 391839077
18 329926644 334348297
14 113314489 125578886
13 523129563 535402414
17 664271774 673865927
5 845901476 920589225
4 671367870 679808030
2 409875737 424634456
12 553958348 580189153
9 729125569 737553027
16 307447798 321213702
2 169764931 182217474
15 53062636 58740794
19 321022734 346761771
11 396574107 401309939
4 790681873 831386501
10 926112872 929317032
11 470280634 472103629
10 174781016 186819155
18 29724688 31224389
15 326120817 359595766
17 116225600 142642502
1 570991903 578645233
20 197426263 231658586
4 116515315 122520878
20 168527750 171278995
1 39095827 77655427
16 686438619 689894571
16 592326707 625531212
9 903308527 907323305
17 303244732 303794076
1 427851749 446989675
18 521455995 528333803
14 3961665 15909377
7 401962203 405566511
1 856521865 873309128
8 493149854 497268104
17 479802712 543881275
10 86490037 99728123
11 394828482 396226779
9 908496079 912408248
14 959584339 982447224
3 935696227 980081207
6 283842136 297082195
14 773657072 774200112
18 374437925 425378612
19 732211096 745854202
13 232544357 258496903
8 350939715 352008385
1 413783047 418402838
12 657574388 662382591
18 764953294 778557702
1 464526417 473418562
1 754030052 821591028
10 27671971 37553696
16 920134684 991344388
12 434849970 449012106
4 953291848 971753508
8 791601684 795994124
9 820388933 823761238
5 109509023 114672442
11 513373178 522610593
10 801914011 804664443
3 166400329 171299737
1 525748531 570380846
13 973567901 982696160
7 418938655 423687726
1 7552679 38174872
13 587854880 604880672
17 631121381 643823472
3 585285357 629304001
8 26816373 31158267
1 895684454 911307788
9 61807708 70720762
16 508695520 513762714
13 638147047 658023703
7 791599475 792488398
4 177057075 180345828
7 8380098 14135776
19 362287718 398844354
2 872675835 876725374
20 307770883 312937164
12 756747134 770081875
8 243391687 245076884
10 440358083 440555423
7 129937627 158685494
12 378711955 382380894
9 914370270 915345364
7 120457964 122912060
15 834879043 846082092
9 768711596 779391846
9 32972708 46468014
8 105194901 112146648
9 260108039 263506250
11 791128285 850506065
19 8521715 31234398
12 254940694 256772562
5 934925028 961136839
1 157085138 171172781
11 706962871 708024382
1 329056440 366828870
1 309445171 328014857
10 828757432 837961371
18 630080250 695960294
6 534764714 551937472
2 182398791 222649355
13 939584241 968270894
4 495870936 520370210
13 170262102 190005030
12 904147981 967907861
12 981802923 982843390
19 313482893 318645509
5 396194581 435780548
19 573183056 587753586
5 967456603 983927552
16 829037693 846761141
11 499619591 500093752
10 269531130 273560362
3 427982473 454397276
20 93752354 97189305
15 755283992 765592246
1 476229633 481197092
5 660672467 670642468
13 702624863 714223664
2 314735433 316019976
3 367069464 375728416
10 716812812 717873825
8 17635762 24447644
11 708918562 716347335
7 334266224 363993779
13 422708846 445982888
2 44786453 81313338
6 655279145 655767504
10 881218689 889306712
8 868276396 881176256
6 610193431 611189122
3 56194455 57876121
9 371047999 390057664
13 458420546 476629217
8 54236204 65059153
10 341443243 371073819
14 518009166 522553386
9 842814274 858624182
9 922832145 954498413
12 257955247 269232099
14 370038638 371116804
15 932083575 934927004
12 583829901 624765966
6 697025962 700988829
20 444518704 447529956
6 164587309 176998703
5 986149336 998934060
14 871753904 873192219
8 796108420 801987058
10 378002517 382957370
11 456295356 469528133
3 565939188 581239609
16 561221439 570159452
4 713125452 773922928
14 20938520 75732715
7 407456385 417158867
12 637394316 656616356
8 749681379 779343774
20 618688001 667739436
19 480583999 482259850
14 269456397 269986862
12 247025384 251706758
19 354114807 355028264
5 614909860 660439555
8 728687703 740078903
7 199318386 201526158
16 324735223 353224021
4 183114016 184941915
5 241615344 252748490
5 28699605 102628209
20 577542805 600781340
2 577722686 601117873
20 239849665 265350169
15 223448003 275445248
4 662345029 670725288
14 501114901 513093211
10 111251324 117479991
16 9569055 39761709
5 495400531 535273490
9 596466891 597602270
13 446186351 456157821
7 953231332 960037658
14 656143437 699249428
11 757742850 758109720
16 154696025 176699919
11 509316356 510571016
7 96890469 111603227
10 39105341 44898031
11 373865039 386385319
5 260348464 272506527
11 774288101 786129692
12 129895955 131038926
9 390266602 397016988
8 357334522 358027894
20 147033745 164561369
8 742789553 749262254
13 536106154 582643420
8 366978734 448033908
11 981105710 997772771
12 215958537 236617895
7 789443547 791241486
8 802881276 827432729
8 293510742 310379442
20 570034345 573731215
7 921728771 941379696
3 239006309 308738385
14 273040291 289684893
19 90029116 96722538
13 80083949 115349330
6 904007441 937935907
1 89717371 92945489
5 272550080 298897148
20 729495136 743874747
7 426668339 430770962
6 434771919 440719653
5 573305348 583189960
1 184968272 187112950
15 867228903 882463000
11 57952622 82266154
16 584276640 591813432
19 550793694 570804982
19 257718951 287802851
18 95569032 102680132
14 635984129 642000593
16 179731632 194279988
19 541709467 548738722
8 311225180 318712901
8 981958463 987878482
3 742931912 827664762
17 108907179 109227594
10 388826129 399615652
14 876920716 938712185
18 948686305 991422774
8 157479956 183290630
10 444396217 461361117
3 141050284 143158059
18 455574154 459107121
8 854128546 862540972
3 376577432 379703349
5 586939312 587141504
8 924205443 946224224
3 485224664 502001959
20 602770706 612046326
2 146429625 165511913
14 719866190 747501816
10 62307616 76819334
1 367790292 369612936
15 577941978 615806309
18 8726796 27776568
18 262793114 263554476
3 981548748 990497723
10 193073856 193756356
3 127607387 139514969
18 201131169 203019463
6 61347124 163303475
7 731908144 738108355
18 732534294 738628250
1 876344313 881479831
17 818588328 841495315
4 471761625 475449611
11 501849717 508720639
11 635114273 681500646
2 222886060 225874405
19 401525726 424239710
6 611305908 648953122
11 684246535 692850347
12 204293286 210155057
1 500770958 504708993
7 15880493 19368593
6 943004472 943542969
14 534918045 538756928
17 304377028 307013753
18 460069990 519006021
9 52717941 60604024
16 804232649 828364288
10 109099290 109667015
5 723247069 791391425
1 127079749 138806632
6 702700018 726612210
4 39733353 64078884
3 145519302 147821578
20 901889729 915270425
9 862785684 897867804
20 573856405 577396796
12 133302905 154787260
14 988177334 999420118
8 641285217 694948296
8 138250968 149756658
19 725342705 731676004
4 144008575 157481540
10 384390969 388694484
16 197154638 232910434
2 608097093 631209946
11 579922264 582225604
19 986228608 999323665
17 278617088 302903354
5 540215043 541988390
13 326612788 333580674
10 77663095 84733125
1 681547261 721255717
6 179804960 203382189
1 328081238 328111624
10 371471030 377197850
10 45894020 60440867
15 733496317 754920477
18 738652816 745461003
19 939907922 981582397
19 126033892 127952082
7 463506243 475711036
19 753487505 804288941
5 165498016 179230657
2 929148680 929552427
17 354733465 417087003
6 334779942 335286800
2 568600359 574466116
18 935664278 942520898
13 28414211 63026135
3 729870209 740663118
13 985904240 998625636
19 237341369 256043361
7 206406059 318194455
3 311405712 342951558
5 673492338 715388448
20 711463674 720744294
2 932546492 974724225
9 454706950 471724041
13 488260214 521306535
6 400928467 409375101
2 821233329 865730937
2 301152206 312797493
15 406611511 480750588
15 63509857 65294043
6 205440567 214374803
16 695085208 706452799
14 488127625 499259977
15 5252927 48330468
18 445050203 452119832
11 510945882 512040393
4 247484745 259228544
18 286398991 288340995
11 526521044 540798403
4 847409405 848392766
3 172110824 205332109
16 153672930 154233642
6 478983087 532711858
15 302346727 312674257
20 745668824 747063719
4 831913517 846616276
11 911666866 916248316
15 110533357 151384342
4 68627693 75937696
9 358992224 362506790
15 788884394 796724607
17 425895372 463420520
13 610332627 637983078
6 827418120 901731957
3 462395196 463861494
2 227489089 229071340
4 546000683 573718538
7 434171579 434958107
17 872179144 924250389
19 888997241 891170584
12 449234068 461997268
14 855098261 860347550
20 447901258 460956482
4 329197684 332439808
19 746074728 752534509
6 948135225 972982313
14 400949042 415047478
10 689672742 715913621
10 133313307 134566500
8 951814277 981833168
15 815861019 816401092
6 276798718 279431436
17 843004540 868631719
17 644670837 664209918
20 327674469 330145415
7 496763254 503422408
5 459769231 464834905
14 703334095 704793017
2 882022708 906706600
17 778846411 789537756
13 336085096 375350392
11 205352123 224784014
1 229756107 230589523
2 679112812 696028258
4 76371871 110884720
15 892760254 916014665
4 350777329 384772308
19 590149397 605050491
6 300351797 302668091
8 699152504 725919952
16 233561886 255121082
19 607020828 650640672
9 339096870 345274224
19 357344140 361260819
16 44358109 68274194
2 401606946 405157012
13 269473981 325309792
8 787197715 791154579
6 342491818 345256162
19 424674398 480158601
20 13971914 21154974
3 44157648 47492488
14 775106623 832820915
9 635397543 636735445
20 885357642 891088484
20 833667249 851814210
10 845462592 870769446
20 854655613 883862951
4 946946523 949680537
5 797465292 798737801
8 453486619 460519303
11 435121172 454625836
13 982950712 984678107
6 558413750 581465741
9 140925444 222239610
2 320456244 380495791
2 652749362 663065282
19 931945041 936803863
10 948533271 977554424
19 926204622 931014584
1 481298450 498971678
12 237438059 243111523
20 811191457 814303549
18 531409374 557427684
12 162222113 202927173
17 925676089 933541152
4 343669836 347842252
5 542057717 552332292
6 351955754 378448244
17 763289498 778095480
7 367548586 376080273
15 730622504 732712040
15 939476411 943342753
10 138918617 142424190
14 133588248 180558839
19 653898844 707682833
10 148319816 158002598
15 809549820 815786333
9 265263123 286672300
9 90116471 138396494
8 185092511 236404845
18 562531039 564677848
14 541060692 561868909
16 440029014 471630583
17 5608225 19362444
12 551767133 552186621
2 87755155 134167126
20 27318803 50938229
13 15123372 22959503
7 320480752 325655955
4 910640345 943890119
13 752449014 833295151
17 321600680 351874087
19 913463032 922756025
1 836806476 853244941
9 224411482 235395071
7 836480653 839060528
7 160015180 193170927
2 513936756 531811823
3 350115630 357610285
3 547609595 561545124
8 112392128 124793268
12 499513074 541394158
1 579493500 642750799
2 13541928 20620563
9 780803003 814539321
10 607152530 609896406
6 339067831 341315422
7 435903060 458427854
3 229122800 238829541
15 817510136 829190357
19 189352270 200370452
3 357643293 365464946
10 514764591 515886411
12 990396094 999498473
9 7741602 30319839
12 384964161 387032289
18 203578214 206896892
13 484490510 486178982
6 734231383 754023950
15 550241051 576688481
7 768000008 768409412
15 966339151 979045368
16 570706869 584078607
1 735476069 748666687
7 847156653 876682854
1 447347247 461609781
2 382304261 401403995
3 835973852 866660118
9 840976663 841732969
20 171665657 185042577
15 67610710 109196157
3 457217289 460635155
10 552989476 554873581
11 197974588 202093282
5 379784261 383606067
10 935885177 946052965
5 4985468 27791768
18 103013532 103845978
16 710154187 730034009
11 357311881 363885411
9 398926914 408935320
15 979568619 986318410
2 22283991 44665550
5 922368974 925924417
12 871438520 903421916
15 499854704 509582298
19 806604270 820233072
18 115873989 200513607
12 396876870 423924037
5 299304437 378436998
11 412072907 430253748
10 893994092 921855181
16 255847527 306708175
9 824376569 837270646
13 72591361 77022898
8 91887193 103811572
20 265489485 303870756
10 517411523 520372858
17 950862318 979609888
4 684366336 712533568
8 32388867 41670713
1 373306536 385712448
11 56283875 57706535
1 120542723 124215841
4 2558386 30029588
2 735332807 767856760
18 889028869 895358978
11 158877856 172395725
3 52054163 53770020
7 794369439 802793570
5 388548495 390295011
6 761675829 800080094
20 703034392 708954592
17 982543328 998620754
3 990768863 999810039
9 2011755 7136160
15 777999976 779312926
20 5145647 8620376
19 200904588 209613040
15 319619806 322758040
17 544460786 555530969
10 325065468 331367786
9 72099987 89983026
15 641691007 671831213
16 390394678 436211072
12 663534677 665823916
18 434231053 443271989
2 471861228 487556207
9 814973259 820165071
3 59347871 82484235
16 130221966 153183299
15 943539035 954212193
18 602312205 606646413
7 743268721 760423125
9 767108526 767207777
10 101736532 105312210
4 386274864 408816781
11 771342927 771581417
9 598717970 633894209
9 686052553 692806687
11 225937822 260776711
2 230574643 251787785
15 371224067 404374772
18 750050016 760684312
1 248212811 253382024
15 783930427 787050776
12 774576830 849752788
3 672569077 675509132
7 762675845 767908935
4 259671487 265308295
4 337417419 342991016
5 793371875 796532360
18 255471141 262536219
13 228331961 231072052
9 312181216 335638555
1 643573443 681253052
2 135167323 145648595
14 749891156 773458781
14 939975266 957647385
2 907609542 926876774
19 138771140 141497801
10 521283055 548972784
7 823467708 835335303
16 849934154 871189216
11 307603021 321910898
3 102594259 119881144
12 625733031 626439511
6 441292902 441528203
6 257755638 275171921
8 535982165 546657334
2 1727265 10378751
10 560348094 567951383
8 582482984 637996729
20 798893833 808669571
16 875079499 900582665
15 162369199 171342383
6 688282469 696233629
8 249270006 265386906
8 3737151 13745696
3 632219730 668564845
16 69507109 83637062
11 949314274 977532547
15 172981260 190907344
14 78233635 98400936
8 887986483 903834156
10 807238298 825812052
2 771071276 808066001
2 318518918 320092022
2 668075795 677644459
15 193660324 207284712
4 454362285 470354247
3 120793423 123312998
1 171230256 183301014
11 108873636 132856394
15 360112212 365620900
1 96709607 118386631
20 373917915 380397291
1 394088148 412847186
13 262163259 268886656
9 638010268 659234274
4 886154474 910628239
9 474913632 587162958
11 300965222 303229728
9 423462935 451003795
6 800176452 813049827
2 601948715 605797767
3 697464852 719908519
11 9961205 22573774
1 38471564 38950243
9 289308215 296149188
10 120758689 125659423
9 299975735 311810260
4 775973559 785955099
14 836418882 842212168
4 973617852 994900512
15 800582378 809039205
7 476060585 492389416
8 554027852 575492760
2 636598003 649252479
19 519487360 521453217
19 490308404 494644502
17 794664097 812521050
16 734994512 799235526
5 800902682 829003335
10 649894152 657206642
16 630391820 684877771
18 565800125 597182073
6 813178416 826739139
3 123978682 127175933
16 489538517 506458875
10 242558136 266928423
10 764136904 764312053
9 591413720 592128287
11 84591049 90482409
15 767794895 773655835
6 15158748 15965432
10 573543294 574540878
11 582893542 634513822
3 581756301 582509296
15 846404918 866694113
18 623991659 629412537
12 541427359 542867490
14 249018588 266153135
8 499512378 527789409
6 18633946 61159105
13 69205345 71968084
11 430978395 434511634
2 431268845 470649898
17 314308280 316177969
10 769700291 800357613
10 628927382 642764171
12 971503419 979041521
6 938069389 942311254
12 628497257 636901995
10 977992447 996050392
14 642203527 644735453
8 319875757 338167290
15 283351449 300036047
16 516993133 556424292
15 773901784 777414828
9 739550018 767015972
10 890634955 892967184
5 556976823 565069146
10 2962417 26068346
18 41079549 89660632
14 845562086 855016778
3 214399721 220718668
13 670520446 701356653
5 116037285 161177634
6 973292854 994484678
6 582511687 597304032
3 544339148 545454633
19 142613831 163908793
15 962664408 965778894
6 451217503 478667629
10 658512236 688433071
18 597192906 601844744
9 412128881 422584613
5 467990523 489479623
9 673725526 677407328
2 696528082 734334476
10 413256732 436834249
15 719028495 730116321
12 463197516 490617361
4 581485400 598078094
2 430166319 430345661
1 511005711 525180844
20 362681725 370336339
2 652043135 652547984
12 388956417 392791287
13 477663722 481881493
12 980166826 981380652
7 388035313 401176250
14 126933346 127826141
17 690786619 706357161
12 75373851 128498632
17 677608362 683100450
11 267984588 300775110
4 848409815 886114281
7 768537612 782144920
11 695464487 704282306
20 361051369 362647845
3 208431992 209699603
17 351947042 353878811
12 272292718 376709225
5 219320902 240432430
7 691280122 718973417
20 892496669 900359983
6 250929335 255359518
18 820550957 887235549
11 148189281 158123358
12 691973997 695561331
15 886867363 890103477
7 80610447 85382129
10 504247893 513757181
11 716412625 741482087
13 717217155 747601832
9 347839379 357712696
19 508870847 517275431
2 975760823 995665946
15 624065825 639433791
4 33213580 37180566
1 960874869 961464040
18 266892588 277564393
19 495721420 504698387
9 47454092 48152140
7 376711078 385788954
18 899001869 899004668
18 207188672 250052049
14 219018486 248642145
1 948318425 957367306
13 208679703 227623184
2 810300617 818619385
11 365050467 368481866
5 445122313 457823985
17 470411166 478591783
6 728622691 733952399
14 865144574 869467956
7 803643191 817030246
15 511521464 536196759
20 958401623 974840041
17 240937305 274144792
4 205821217 212425409
1 231180906 242590369
2 260861462 300008643
6 674035942 677729354
11 541735189 574074378
19 523484628 529571146
3 901397501 915454586
10 333891639 341235612
18 31922681 37472238
4 124528465 138960172
14 332036562 367868167
9 249547196 252908814
19 169510010 180294683
5 832492853 843565178
8 547325271 551938980
20 915704340 954859652
20 97369874 130682297
18 335518103 370928956
7 118357645 119454387
14 580546968 621200002
6 657300267 670749590
7 328649373 333936810
1 914131628 942952268
11 923065339 939479951
6 679018744 686718668
3 916178760 933904971
17 109856437 115229076
11 133269725 147897329
13 835502719 888118487
19 532997667 541296385
12 698742392 748137708
7 842877140 847086899
18 427156078 431351344
11 23629509 55492514
11 322920644 324484429
11 327326130 332227629
13 888810126 936428635
8 466010123 491154943
15 538350302 545695055
8 831288549 853912811
3 466167576 484921771
18 899043164 932932866
8 529709141 532304929
20 51579591 73001458
10 462252054 483862695
7 876800840 914729981
19 858952423 885053568
15 208069317 220228536
4 433600995 445279397
12 44820579 67808736
17 707908671 734615437
18 104777941 113355694
7 964805654 992846356
4 540463706 544402914
19 708817909 724244066
9 902744837 903304173
17 933720863 947440014
18 779055359 820514791
6 441840944 450810393
4 598302204 656572568
20 135070353 145274859
1 269865413 309150821
1 82080346 88131878
7 86666408 92777466
8 236557251 241990235
14 563098439 573734164
18 703486069 732146908
8 947455457 948526170
13 860619 12130270
8 43889936 52388319
1 422282523 424321078
20 186459767 196726387
