18 15 128
13 5620 23898
16 5919 26586
5 23725 27987
16 27697 28786
12 14606 30596
17 10656 32364
11 7125 33420
12 32876 35971
8 4500 37321
1 11831 39456
4 1533 42768
10 4492 45852
14 659 52344
11 39366 52933
10 49561 54928
1 40551 57380
9 13903 58499
15 9956 61090
13 27135 63280
18 15174 65124
6 7418 70683
16 29804 72578
8 41391 72921
5 29897 78071
18 69856 79647
5 80741 82068
9 60034 82076
9 82428 85016
13 69417 86394
6 70943 89057
10 55436 89849
15 61842 92205
12 38226 95432
13 88177 97055
17 34284 101616
12 99087 106024
9 89128 108170
15 94469 108614
9 109748 111751
17 106293 112320
14 52687 120308
18 81242 121879
11 53174 124341
11 125849 127017
3 11690 127478
14 121791 129993
2 23869 130575
16 76426 135751
17 118286 136286
12 106766 137392
13 101523 139921
14 130450 141700
7 4083 142135
15 110595 143232
7 143421 143648
18 122522 144883
11 127931 150066
7 147561 151915
9 117169 153822
5 82881 155923
17 136837 158726
7 151980 161653
14 141931 162321
8 75666 163060
8 164828 166135
17 158871 167709
4 42775 169842
11 160506 172330
10 91754 174981
10 176803 179212
6 89864 180656
15 144299 182370
9 154609 183001
8 166208 187887
12 139559 188039
15 183659 188742
16 136161 191752
11 173767 194725
7 166238 196730
1 62108 199100
10 180576 201121
2 134632 204250
7 197273 205609
12 188514 206211
2 204761 209134
14 163050 210231
15 189468 210580
2 209929 212154
17 169626 213401
2 214882 215496
10 204168 217695
14 210381 217969
9 185120 223343
2 216557 224296
18 148763 227395
5 157017 228062
10 222089 229869
13 140611 229911
15 211490 231418
11 196391 234532
18 227411 235825
6 181837 238286
12 208444 238439
18 236657 238943
15 232023 243010
4 171874 243298
13 232513 245337
5 229996 248269
3 127630 252400
9 223732 253849
5 251650 255626
10 232398 258082
7 206816 258319
18 247631 258652
12 238516 260404
17 222301 260801
3 253218 261545
16 192086 262688
15 245913 262793
14 221040 264486
9 255222 264525
2 226417 265135
1 200955 270020
6 241158 270582
8 190127 271120
11 235552 271130
13 251509 271843
4 244541 271864
