11 15
...#...###..#..
.......###..#..
..#.#..###.....
###.#######...#
###..........##
###.####.##...#
..#.#..#.#.....
.......#.#..#..
...#...#.#..#..
########.######
########.......
32 1 31 4 21 6 37 8 9 10 11 41 13 45 29
18 3 2 19 20 22 7 23 24 25 27 26 28 15 30
17 16 33 34 35 36 5 38 39 40 12 42 43 44 14
46 47 48 49 50 51 52 53 54 55 56 57 58 59 60
61 62 63 64 65 66 67 68 69 70 71 72 73 74 75
76 77 78 79 80 81 82 83 84 85 86 87 88 89 90
91 122 93 94 95 125 112 98 99 100 117 102 103 104 105
107 92 108 109 110 111 127 113 114 115 116 131 118 120 135
121 123 106 124 126 96 97 128 129 130 101 132 133 134 119
136 137 138 139 140 141 142 143 144 145 146 147 148 149 150
151 152 153 154 155 156 157 158 159 160 161 162 163 164 0
