11 15
...#...###..#..
.......###..#..
..#.#..###.....
###.#######...#
###..........##
###.####.##...#
..#.#..#.#.....
.......#.#..#..
...#...#.#..#..
########.######
########.......
31 1 2 4 20 21 7 8 9 10 27 12 13 15 30
16 3 18 19 5 37 22 23 24 25 11 26 28 45 29
17 32 33 34 35 6 36 38 39 40 41 42 43 44 14
46 47 48 49 50 51 52 53 54 55 56 57 58 59 60
61 62 63 64 65 66 67 68 69 70 71 72 73 74 75
76 77 78 79 80 81 82 83 84 85 86 87 88 89 90
91 92 93 94 95 127 96 98 99 100 117 102 103 104 120
123 107 108 109 110 126 97 113 114 115 131 132 118 135 119
121 106 122 124 111 112 125 128 129 130 101 116 133 105 134
136 137 138 139 140 141 142 143 144 145 146 147 148 149 150
151 152 153 154 155 156 157 158 159 160 161 162 163 164 0
