11 15
...#...###..#..
.......###..#..
..#.#..###.....
###.#######...#
###..........##
###.####.##...#
..#.#..#.#.....
.......#.#..#..
...#...#.#..#..
########.######
########.......
2 1 31 4 36 37 6 8 9 10 26 12 13 14 29
3 16 18 19 20 5 21 23 24 25 11 41 28 15 45
17 32 33 34 35 7 22 38 39 40 27 42 43 44 30
46 47 48 49 50 51 52 53 54 55 56 57 58 59 60
61 62 63 64 65 66 67 68 69 70 71 72 73 74 75
76 77 78 79 80 81 82 83 84 85 86 87 88 89 90
92 122 93 94 95 97 127 98 99 100 116 102 103 104 105
121 91 108 109 125 110 96 113 114 115 101 117 118 135 120
107 123 106 124 111 112 126 128 129 130 132 131 133 119 134
136 137 138 139 140 141 142 143 144 145 146 147 148 149 150
151 152 153 154 155 156 157 158 159 160 161 162 163 164 0
