448 23
.......................
.......................
.......................
.......................
.......................
.......................
.......................
.......................
.......................
.......................
.......................
.......................
.......................
.......................
.......................
.......................
.......................
.......................
.......................
.......................
.......................
.......................
.......................
.......................
.......................
.......................
.......................
.......................
.......................
.......................
.......................
.......................
.......................
.......................
.......................
.......................
.......................
.......................
.......................
.......................
.......................
.......................
.......................
.......................
.......................
.......................
.......................
.......................
.......................
.......................
.......................
.......................
.......................
.......................
.......................
.......................
.......................
.......................
.......................
.......................
.......................
.......................
.......................
.......................
.......................
.......................
.......................
.......................
.......................
.......................
.......................
.......................
.......................
.......................
.......................
.......................
.......................
.......................
.......................
.......................
.......................
.......................
.......................
.......................
.......................
.......................
.......................
.......................
.......................
.......................
.......................
.......................
.......................
.......................
.......................
.......................
.......................
.......................
.......................
.......................
.......................
.......................
.......................
.......................
.......................
.......................
.......................
.......................
.......................
.......................
.......................
.......................
.......................
.......................
.......................
.......................
.......................
.......................
.......................
.......................
.......................
.......................
.......................
.......................
.......................
.......................
.......................
.......................
.......................
.......................
.......................
.......................
.......................
.......................
.......................
.......................
.......................
.......................
.......................
.......................
.......................
.......................
.......................
.......................
.......................
.......................
.......................
.......................
.......................
.......................
.......................
.......................
.......................
.......................
.......................
.......................
.......................
.......................
.......................
.......................
.......................
.......................
.......................
.......................
.......................
.......................
.......................
.......................
.......................
.......................
.......................
.......................
.......................
.......................
.......................
.......................
.......................
.......................
.......................
.......................
.......................
.......................
.......................
.......................
.......................
.......................
.......................
.......................
.......................
.......................
.......................
.......................
.......................
.......................
.......................
.......................
.......................
.......................
.......................
.......................
.......................
.......................
.......................
.......................
.......................
.......................
.......................
.......................
.......................
.......................
.......................
.......................
.......................
.......................
.......................
.......................
.......................
.......................
.......................
.......................
.......................
.......................
.......................
.......................
.......................
.......................
.......................
.......................
.......................
.......................
.......................
.......................
.......................
.......................
.......................
.......................
.......................
.......................
.......................
.......................
.......................
.......................
.......................
.......................
.......................
.......................
.......................
.......................
.......................
.......................
.......................
.......................
.......................
.......................
.......................
.......................
.......................
.......................
.......................
.......................
.......................
.......................
.......................
.......................
.......................
.......................
.......................
.......................
.......................
.......................
.......................
.......................
.......................
.......................
.......................
.......................
.......................
.......................
.......................
.......................
.......................
.......................
.......................
.......................
.......................
.......................
.......................
.......................
.......................
.......................
.......................
.......................
.......................
.......................
.......................
.......................
.......................
.......................
.......................
.......................
.......................
.......................
.......................
.......................
.......................
.......................
.......................
.......................
.......................
.......................
.......................
.......................
.......................
.......................
.......................
.......................
.......................
.......................
.......................
.......................
.......................
.......................
.......................
.......................
.......................
.......................
.......................
.......................
.......................
.......................
.......................
.......................
.......................
.......................
.......................
.......................
.......................
.......................
.......................
.......................
.......................
.......................
.......................
.......................
.......................
.......................
.......................
.......................
.......................
.......................
.......................
.......................
.......................
.......................
.......................
.......................
.......................
.......................
.......................
.......................
.......................
.......................
.......................
.......................
.......................
.......................
.......................
.......................
.......................
.......................
.......................
.......................
.......................
.......................
.......................
.......................
.......................
.......................
.......................
.......................
.......................
.......................
.......................
.......................
.......................
.......................
.......................
.......................
.......................
.......................
.......................
.......................
.......................
.......................
.......................
.......................
.......................
.......................
.......................
.......................
.......................
.......................
.......................
.......................
.......................
.......................
.......................
.......................
.......................
.......................
.......................
.......................
.......................
.......................
.......................
.......................
.......................
.......................
.......................
.......................
.......................
.......................
.......................
.......................
.......................
.......................
.......................
.......................
.......................
.......................
.......................
.......................
.......................
.......................
.......................
.......................
.......................
.......................
.......................
.......................
.......................
.......................
.......................
.......................
.......................
.......................
.......................
.......................
6228 2211 1154 3426 3358 10281 4812 2879 6159 6338 4492 7545 899 3163 217 4215 2509 6437 5923 6024 3359 2150 4073
8700 3407 3867 5088 1624 193 3554 6193 6050 1662 4493 6280 2109 53 7622 361 2603 2972 2163 5132 5464 2175 1988
5803 958 8084 6961 3202 6062 1469 6937 2440 3472 10021 4552 1211 1115 1397 2458 537 3078 3738 1650 40 3541 7262
1497 352 1970 8715 3485 6670 5064 4621 2889 6113 7491 1383 6921 5896 8358 6308 7259 8500 2501 4419 7631 3206 6025
7044 3748 491 1866 4417 6034 2451 5763 6715 1204 8605 1464 6060 6566 1792 7931 8171 7864 6917 4917 4308 3197 4401
8324 1716 3948 1479 3839 382 5389 6792 6883 1545 3080 3856 8885 1400 7212 1773 2127 4361 8895 5644 1607 3817 1587
10218 7512 4052 408 8017 526 3263 2311 4001 1622 4366 4299 9468 7424 4063 897 3412 4105 1541 7858 7274 18 2111
8107 9851 9453 9090 3866 1923 6119 35 1077 7738 1355 3754 2601 3777 3783 4358 3625 8965 4681 1672 7978 3437 4868
1583 9831 519 1699 5971 481 6436 6027 9507 315 4067 10079 1793 8706 3899 10203 2051 5117 10140 2774 5707 603 1449
4227 6748 7656 3334 8584 6756 4766 6056 4950 3670 6794 8165 6831 10117 2513 9226 6016 5095 2702 4329 7802 1425 8927
4548 5615 8310 4116 9256 9688 4607 9529 2894 9758 9192 2025 5385 8873 5794 246 10147 4291 7859 7366 7951 1467 816
6319 4259 8448 9634 685 1202 6469 1683 855 4953 8963 10283 5524 4028 5144 6728 1599 5627 38 1376 8348 1053 5629
785 8242 6077 4982 2343 8661 8650 4523 9050 9271 1179 6363 6627 1798 2873 7567 7019 8532 295 3107 8581 5843 9238
601 7804 1704 7190 4229 2878 6711 2886 419 4576 4862 1369 297 474 9173 3464 8999 3635 1452 7671 2548 6645 9942
6644 6484 9091 7889 7759 10131 5872 9337 5340 3647 5636 3036 4301 875 367 1769 10135 9371 2580 9015 716 9023 6169
4344 4631 6795 2057 1582 5470 871 3934 497 8047 9124 4323 5085 5977 4394 7896 9869 4006 364 8609 8797 9358 10010
443 7409 3954 2815 9824 10216 9330 7639 3460 9254 7642 1504 9927 5341 7662 3507 3753 3723 2610 3343 5034 3103 3365
10159 79 9988 9637 1393 1206 2502 5370 3903 4274 3330 8524 1937 2953 4896 7729 632 4892 752 10212 7408 1983 6093
1998 815 9035 3730 6589 941 6065 3855 878 9295 4989 394 7517 826 3408 1557 7254 1604 4658 6853 8497 7855 3090
6552 7553 831 3920 4952 2770 9094 7695 5143 7969 9284 504 6998 1771 308 4485 6823 8080 3801 10264 7390 5626 7373
6414 623 3484 1394 702 2929 9163 8995 2993 281 2686 5580 272 9164 2204 969 2072 4841 4050 3617 6124 8336 6481
8529 5985 1567 3853 2302 9481 3155 5292 7027 8360 1772 1307 3096 5273 2005 5008 7521 5063 7610 2708 9407 592 1319
7702 9839 4977 10208 626 4231 1357 6305 6276 3755 184 1116 3147 3053 3344 10284 1863 6052 9438 8290 1882 1646 8604
5097 8412 4029 8475 8071 8106 6074 6287 4508 9962 5333 7358 3212 6026 5722 8066 6871 4363 8972 3151 14 6887 9648
9495 9661 9232 3912 4044 4592 9360 1165 2884 5394 5725 5236 9736 5515 7741 568 569 380 919 4086 937 4826 3706
1354 4337 2224 3443 6181 751 2128 6697 133 1856 586 7930 4442 4314 9336 2152 5379 3943 2441 6770 6039 4408 8881
10260 8042 1186 5997 7783 3972 7441 1236 1147 8100 3050 6630 3850 8512 965 4010 6189 5561 3021 6290 9740 5934 117
6506 9037 6307 499 2141 1015 5407 812 9118 3128 967 4514 6786 7464 102 2223 2588 8489 3540 6754 953 3682 507
7450 9538 5631 4560 7152 6836 6112 10023 4511 620 8218 8156 4876 6017 10087 3938 10227 4668 4577 8982 1942 7075 4445
4313 750 6431 5184 3618 374 3422 9170 9849 9612 6046 2863 4328 3119 4643 1142 2373 5875 4353 6507 3848 3227 8253
3187 8613 1764 1072 7403 3896 3242 7623 2866 8316 3200 6858 2094 8388 1816 2780 4733 4303 4431 4714 3989 6257 5911
9592 3729 999 9789 4944 10048 3209 5808 7618 9614 8087 5449 3363 5820 4696 9425 3438 6564 2898 5351 2753 9793 840
8941 207 1488 10297 423 3414 3092 1209 2901 9769 9408 5693 4225 2100 6694 3572 707 754 648 2735 1140 8399 2939
1242 3262 6018 1377 10285 869 4390 8488 768 8487 5965 7120 2544 3370 8539 10050 7043 668 3132 6675 3893 6412 1052
6332 784 7869 1420 3413 8908 789 3017 7532 4278 3600 4951 7985 2209 7694 5587 6755 8483 3687 1320 2444 1248 4518
4296 9131 7313 3909 5319 3834 1132 1060 9155 9038 10166 795 818 819 97 174 7640 6382 4815 670 9953 1603 1434
8232 3264 332 1403 5447 10173 8089 7273 10051 7510 3542 1538 8298 3022 9552 6120 5478 974 983 3479 1898 8802 6372
1774 5307 383 4727 856 5510 356 2008 3166 4325 2222 9269 2396 1303 2201 5987 868 2043 6511 7072 2460 3248 1890
4342 1172 362 5806 2938 4355 776 6135 4057 884 6368 1835 9561 93 2294 890 1964 8673 8413 10075 210 7708 7757
2148 8654 7598 6967 9766 1935 6768 2554 9696 2050 5764 266 9547 8933 3014 4243 7576 6958 691 239 2428 792 2369
8847 5462 923 4155 3476 205 8180 7805 9859 6606 155 8268 579 1580 1519 1962 3908 325 9122 988 5247 5479 7243
1099 6084 2309 1250 5779 1366 3935 2528 1585 2386 5621 7795 753 5067 7732 8443 874 1841 3808 9063 103 10157 6075
5566 317 9243 9881 715 9717 1927 2489 1262 5277 8938 8686 9767 2322 9765 6596 7169 236 7413 986 9549 9199 10263
5986 8719 6232 2959 4948 1544 1616 7159 6036 9518 7504 7989 9583 9460 2124 9341 7637 6546 5643 4371 6457 3663 456
9888 32 2838 7704 5886 3388 1019 1631 2450 6659 3877 7449 3534 7359 1404 5935 251 8128 9305 6690 3483 1034 5592
7030 8120 4615 10041 5599 8851 8985 3234 8148 3971 9167 2101 130 3961 1505 3306 1358 119 1466 589 5154 2537 4979
3 8369 5616 5980 1063 5998 8564 8980 9311 7597 1805 6954 987 2557 4144 4712 1098 4092 9384 3864 8459 7286 286
4661 8758 8282 6724 4806 6246 1088 422 3550 7323 9415 2515 1724 5809 5438 7547 8428 1121 6061 8238 6605 7222 498
3172 5642 4571 8924 7036 7899 7371 9973 7758 1078 3482 7177 3450 10067 5894 4901 320 6173 6467 6270 8697 5538 8853
8044 765 5502 9281 3196 278 9354 1579 8884 7346 10006 6990 4983 942 3199 6104 3984 3642 4958 8265 4586 6385 939
336 701 2084 1017 411 7086 1157 7775 1061 1936 4861 7353 9776 3304 2760 10077 4115 7705 1597 629 936 6004 7035
7428 9177 5740 3379 6098 2001 250 7564 6567 1184 9584 7902 870 3500 6850 8909 5267 1214 8229 9439 328 8829 7026
7912 4521 9981 260 3246 6676 10143 3453 8794 3716 7778 3272 3722 7544 2434 3741 10175 10253 4844 5552 5048 4453 3035
9505 1436 6734 6796 8670 1225 8266 4924 1143 7423 3917 6919 7828 4593 744 2799 1648 8201 7235 3411 4618 733 9040
7299 511 5649 1087 2376 9617 7502 4608 6504 7485 129 3195 9610 9188 5336 3404 2625 8725 2118 2106 6030 8859 4656
933 9054 4488 7374 1512 5506 4925 9939 1590 3549 3736 8299 9540 7661 1280 90 805 3767 5792 9534 3574 3524 220
4912 2350 5105 3465 7798 4626 5435 3216 6199 7563 6767 1913 4034 1342 3215 4484 6007 9625 5964 7454 7677 9602 6063
8552 1074 7291 8002 4568 2679 9805 8295 4652 95 9280 8264 1630 3929 4024 389 4620 2356 9515 333 7749 7011 6256
9654 5428 5600 10259 5508 6991 3707 4173 5290 9923 5142 3831 3676 8009 3383 1187 6861 10164 2982 8508 7868 835 7508
7841 9818 1363 3932 2087 3905 9454 1509 1527 1367 9381 6674 8556 6753 7442 8768 8839 681 2013 9827 2719 2068 460
2110 6554 3700 8217 6269 1386 8878 10026 1389 5804 7 1392 8822 2233 5472 5863 99 1398 7974 6680 4851 3733 9493
9907 695 3399 5146 8350 4931 6210 7586 7866 637 7755 1129 2825 1379 4639 7010 9808 4833 7761 1312 385 6709 2333
8637 7664 540 1804 1273 8454 6011 9884 9665 1207 7195 5196 7289 3009 7976 7164 7973 1463 3378 3678 2522 6532 4058
8123 5960 612 1298 8970 552 4386 227 4368 6610 3951 1335 8939 555 6384 1288 8699 4949 8831 9966 1637 984 1472
8744 6499 6613 6569 9395 5134 7743 6577 1540 5727 963 4494 4171 3392 1971 4304 1031 5754 9119 6117 5688 9579 9009
6877 9423 9530 3350 8525 8315 8390 7098 4496 3764 1360 1825 304 3059 5289 2088 1362 1402 6493 954 1080 918 8054
6989 943 1249 4481 9479 5895 9626 5519 1853 1528 8188 7468 396 1058 4228 268 5018 8094 1300 6303 9633 5708 763
7257 5533 7336 6346 8857 4716 2605 7440 909 4512 4232 4018 10130 1196 6167 10302 9366 7617 7047 646 6984 3237 8058
2310 9458 4284 3833 2860 1570 2769 6816 7008 542 8846 808 5207 3085 6923 7580 7857 461 392 3137 3158 9519 7225
5830 4062 8745 7123 6974 1720 277 7728 4502 4033 2904 3447 4159 1524 4729 3238 4497 429 5522 7660 10176 727 887
7578 4723 5595 66 9844 2011 6015 4753 5474 8126 7509 3286 4866 5557 2677 8621 1658 4558 39 7416 9210 5278 2000
3410 5206 8309 4515 7667 9829 5155 5617 30 1987 8018 170 7709 2064 8247 3098 9066 9434 166 1091 7611 2520 5312
689 6415 3523 3805 3956 9351 4710 7524 1422 5025 1235 4803 6860 6136 8225 290 1907 1888 2896 4549 144 729 3261
1441 8724 8959 9906 7344 5647 3503 1687 9982 4915 1690 9949 4463 7101 2764 6617 9394 944 5114 7592 6539 7800 9457
9730 2881 6422 5613 6388 2272 9628 3761 9773 1371 3041 5459 8569 10301 7923 5404 3726 5893 9012 6171 6744 3749 7361
8215 4617 190 5471 1730 3514 3861 1338 2332 6970 4151 3259 2639 8116 10244 5401 1657 6335 4963 1667 5111 6678 8444
4572 6168 4181 2275 8774 8651 10114 947 3347 8898 4272 5719 4246 886 6134 1780 6547 8493 6791 4013 6935 505 5178
9539 3444 4439 8097 4487 7774 3458 9550 2120 6118 8181 9437 5026 3116 8589 734 5306 1789 115 4166 1995 2105 10069
4061 2689 1189 993 7595 517 3689 1410 7404 6312 3265 1429 8190 4516 68 6856 3623 9221 4550 4742 3545 10251 8278
2397 7725 8923 9891 3319 1931 5135 7943 4809 4380 6439 8760 3010 576 1881 4385 725 9071 4306 5276 4778 5332 9595
6934 1842 7045 5991 1411 4744 2969 3427 3544 877 7763 2067 829 1609 8157 6107 168 2869 6781 3161 9544 1821 8045
9977 510 1345 7626 10099 5584 5000 8414 8064 256 2517 4078 1673 8159 1461 9190 5862 1170 4811 5466 3911 5702 802
8244 2352 2839 5784 156 7355 8844 8248 2786 11 2344 3561 6528 2827 5137 3230 7383 4129 6462 7791 2903 6588 9954
9653 3254 5140 72 3210 4405 5261 5032 1496 7064 3346 1896 9299 5578 8456 7814 2402 3179 6470 3644 3595 1178 1916
4836 2157 6739 2318 8900 2570 9276 8643 3324 7927 2800 7205 758 5637 9058 1561 2134 6536 7081 3087 2565 6375 3429
1889 26 3900 7812 1963 21 6663 6067 6358 12 2723 6090 6072 1969 3719 4471 470 3919 824 9756 6130 8537 7116
51 3028 1576 4128 3891 6808 2301 6353 5547 7715 3515 5096 269 3688 8212 5549 7779 22 8722 7458 6703 5226 8110
5350 10045 9567 3704 4124 6001 5411 440 6579 6356 9079 3419 7888 3425 3697 7229 9283 5926 4996 2666 6650 2136 6948
7466 2824 9975 10233 4871 8435 2247 9402 2327 7283 1754 6643 2638 7265 1827 3222 3641 3439 7925 4096 5298 9327 4428
9160 1145 206 4376 8342 4677 2793 1150 4810 6621 6405 10032 3636 8819 6466 3284 1459 9813 591 3141 6170 116 2692
2071 8375 1920 9346 10162 2340 10235 6355 5930 9517 9168 4458 8160 6289 7175 2039 7320 664 9262 8145 110 106 3253
8856 1506 8954 7527 1550 2767 8523 4969 8485 2582 4397 2319 9044 4138 9883 5372 6456 8777 708 1387 5360 1155 8608
9611 714 5448 331 3873 8313 5676 1440 2414 4874 2208 7310 5304 3596 3322 767 2133 9412 4903 5526 3185 9183 3591
5258 896 1253 911 3887 8322 7028 5334 2763 8203 10049 4821 7447 5166 3612 7128 4525 9057 10112 7849 7173 6737 5817
2212 9047 9098 6409 2830 3291 5190 5990 10085 3081 8707 4210 3860 7971 5393 6354 5058 5396 2297 3803 4662 2943 6182
3292 2187 9915 5619 3298 8944 3005 7349 4891 653 8216 7473 7171 4415 6215 4398 6509 2995 5486 240 4490 3629 9006
3575 7962 703 611 3471 1526 6902 3064 5368 8644 8453 5789 9785 4886 7875 59 8197 6953 2227 2415 6359 2230 5807
5993 2046 2234 7471 9206 2647 3301 3966 5612 7095 9416 3441 1681 7448 2650 7689 8505 8800 20 2519 2438 2987 8293
1515 5099 4430 4875 4918 6672 4254 7060 2465 4653 8906 7781 791 9706 2614 761 1950 2221 3375 1102 10232 2970 7569
7206 585 10295 7956 3470 3624 2958 5424 8004 9870 8167 1006 8424 3774 7376 6498 8230 3267 1546 6176 2298 4312 9093
5364 9562 8194 6535 5416 3331 7115 3740 8711 649 2803 1759 7148 4666 581 9451 8981 1013 4598 1593 1049 920 8404
830 4625 2388 6403 8753 889 925 1638 7341 7589 1531 451 2027 8786 6699 4420 9649 4293 4995 2362 2215 8736 7131
4695 607 7543 6045 3436 7747 10016 8792 6175 9260 9442 3442 4240 8338 848 6531 7629 8154 10240 2023 169 6073 7147
1205 1797 6550 5655 4486 8387 9993 226 1181 8052 6943 8588 10246 4324 9375 5461 3448 3477 4148 2389 1044 6812 5281
2817 9705 9588 6324 7335 8913 4423 2724 9417 8717 9643 9393 3345 4840 1934 5240 6387 6116 1296 9427 5222 3058 3366
1373 5175 7768 4805 2420 1153 5858 1677 425 4581 2339 10043 5735 1110 3150 5024 9389 9296 4309 1751 7460 2042 5732
8987 7538 7488 6668 8553 9233 10165 7966 6005 1986 5940 1073 9332 2572 5425 4976 8000 1234 8626 2538 2947 6019 7874
9594 8357 6749 849 3871 3585 2796 1195 627 2119 9121 1190 6151 4009 1156 800 1036 76 1056 2250 7444 8025 6299
6474 9856 6054 3792 1756 6783 9546 6273 9141 1568 7998 8222 935 9704 2499 4713 9924 5421 7005 7571 4513 3536 2643
7833 10017 9603 7176 8685 3567 9367 9878 8372 8594 2518 6913 4438 3664 6684 2281 9486 5951 2526 547 2177 4904 2530
2977 8104 4234 1644 5742 1326 2843 3564 3226 8838 788 8011 2928 3601 1919 692 2355 7839 1511 6793 2768 1141 9541
5775 9115 9377 6979 924 2584 834 6909 4923 5567 6202 1361 8361 1813 2568 5039 1684 6485 372 5634 6360 1556 6161
9501 1075 3194 534 1749 2734 2145 5450 8479 978 4678 7961 3690 2930 4980 8709 8550 4820 1484 9971 3240 4506 2729
7096 5822 2567 3374 4693 6480 590 7016 10291 4117 6295 3435 5912 9775 3845 7179 4055 9211 9483 3121 5373 7568 8060
5342 10103 5444 2486 9670 2765 2480 3385 9647 3457 3396 7840 8775 5505 4646 7514 8567 8287 4541 3880 2861 5888 2645
6863 4780 7682 4939 5210 2897 2492 4262 9601 5646 3633 6331 9234 9886 5173 2802 6969 9573 1640 3006 3043 6660 8979
7600 6068 1471 5465 3361 9678 8875 6201 9931 1310 5796 1861 49 2081 971 6148 2685 8178 5094 3159 6885 4971 2259
9599 5558 261 6321 4042 4414 9082 8288 9842 5419 8436 817 4946 3235 6928 3076 6985 6145 8915 9316 4770 8590 5652
8146 2556 2328 135 4545 3751 1562 152 2232 2400 5328 3996 9099 8521 8074 4071 2183 9074 5112 853 8666 5672 7624
201 1903 4212 8291 1947 406 7787 10269 4283 7771 3725 2504 4233 7744 8392 10292 4589 2559 9272 5749 6223 7239 4906
8433 2193 4479 3885 6371 7228 145 399 7340 291 1123 3257 604 2813 1635 2940 6138 1146 2779 311 9204 9558 6291
2784 6804 9151 5674 1802 8207 7577 2166 5488 9794 9422 6267 6922 9627 4203 6655 446 7941 548 2360 1458 2805 9850
5460 2581 8134 10278 1067 5654 379 739 5363 2816 2963 6799 613 5771 608 1231 2422 1723 7111 2698 7911 4784 997
3499 6022 7112 4611 10177 1520 3851 10060 5268 1284 5123 1339 1317 6334 2936 2997 3666 5300 9251 5556 5975 1192 5793
6903 7596 10194 1243 3086 9984 7161 6458 6069 5963 4378 9185 9565 5015 1327 1714 9554 2078 8119 5787 60 777 5453
2269 5131 430 6365 10199 306 397 8228 7109 2446 8649 5786 2271 3557 1692 81 4290 2423 8821 6238 88 820 4140
8092 7909 745 5429 3120 1018 8921 8904 6380 182 7301 7227 2562 6459 2913 4396 724 1112 6977 4934 132 7272 9465
2116 2371 4046 7513 6443 5988 6298 4370 4750 5022 661 3144 8513 8932 10109 1639 6809 6037 5585 8335 844 5387 4103
5353 5320 9152 5932 1883 1620 4679 2160 2459 2954 4526 876 8457 2624 8384 8531 5539 6492 4440 7519 4269 9470 4942
799 4123 1766 7770 4672 5274 7255 3637 4927 1578 3152 3519 4056 7986 8132 2439 9631 807 2054 8447 4466 98 9956
6184 2841 4724 8702 2346 7294 2715 7461 7608 7269 3201 5347 1875 5367 6671 4889 4102 2732 3775 1001 4914 8378 1652
6987 7415 1462 1101 5909 2714 2701 9323 3565 3317 5920 10205 8394 9694 10254 1487 3186 6496 7297 1446 5714 8473 3735
7528 6993 2427 10257 7636 5866 6526 6091 7964 522 9086 2393 9235 4089 141 6447 10266 5673 10279 4141 5388 5799 211
1201 7391 7819 5720 4002 8484 8546 1295 3192 6190 9135 2485 3836 3073 5004 2413 7307 8865 7122 9312 813 1444 9073
6732 7898 7268 2561 8627 2406 5161 338 439 5047 1493 1552 4412 5741 9893 6708 3266 8038 1669 9383 3245 5738 3221
2260 8050 7883 3184 10072 3773 10123 3825 8466 1532 3140 1438 1009 8896 1263 7824 7063 5581 8236 2832 3768 3960 7718
1893 7863 4392 9727 7241 3638 719 3560 9390 8583 10092 9067 9571 682 8642 1032 5982 4703 1306 8367 1781 688 2314
6285 1581 9436 4945 2254 5238 5709 216 3823 2453 7287 3109 9195 5011 5588 6206 2664 3991 970 2293 4049 2178 9359
8397 7516 1984 8337 912 1598 6942 3182 9691 3336 9429 9630 8693 3188 6738 3285 3191 3026 4610 6023 5180 1439 7845
1293 9259 6845 5902 6362 7476 6656 7210 8427 4578 4388 9213 3007 9596 2399 8579 8889 4137 7515 2457 2967 1846 4185
5597 9133 357 3718 10231 2411 8911 5253 2809 5516 2471 8618 8140 5046 2026 3987 1274 6851 1035 10047 8967 2854 9448
9450 3785 1255 5157 4053 4043 10265 5536 669 7635 2919 8501 7872 8796 5016 7561 5530 9551 1809 5284 9499 9986 6268
6559 6445 2746 1834 7587 3665 7523 1803 6639 3588 4261 1610 671 5456 8019 5797 3952 1442 10100 7414 10133 10252 10250
5750 8565 8992 1247 8754 6441 4139 842 1349 2657 1259 8752 4715 3303 4999 2079 9512 584 8024 287 8977 2342 7130
9172 8382 6453 966 2382 8033 7599 8728 4984 2263 5718 4743 3342 9948 8527 757 449 8832 573 5121 4411 265 8425
3793 7305 7446 3619 3402 1454 6114 4722 2688 4936 6949 9209 9096 355 1642 2794 6866 5383 2524 9388 2024 8852 8667
2707 4597 5245 2681 2810 3894 9882 8271 1571 6837 2435 418 4828 6204 391 223 6886 8611 7742 9207 4048 7766 6811
6058 8549 1693 3620 8755 3387 841 541 10083 9894 6553 3372 457 9146 7767 2628 7039 1619 2885 931 4226 5943 3677
7573 9080 9114 1070 5574 5179 2834 9201 787 1474 1391 6508 6101 1305 6731 6685 3106 2618 7917 8402 8068 245 9242
5955 3061 10182 9403 3770 4781 972 7154 8114 3468 7982 3057 5695 766 1701 8808 1700 3445 7093 9750 3428 7103 3364
5717 4769 9609 5774 928 3630 2276 5946 4665 181 7482 3462 462 8598 7201 4777 6180 8032 3110 8305 1000 6448 2880
3474 7224 1381 9218 4335 8409 10022 9241 1011 124 350 1965 3467 4177 8418 4202 9731 6253 9876 6752 4595 4021 2934
8076 2623 3570 3054 204 7628 9352 9798 8141 1547 1476 6373 2960 8867 2437 3481 9072 5013 8088 10247 4499 4384 8601
4748 4447 2761 1213 3883 6995 6743 25 9279 7590 2174 2818 6131 866 1892 1163 6679 1978 5235 3674 8211 2752 690
4031 3004 3296 3122 7836 3498 7684 9963 3531 4118 5710 9747 7830 6855 2937 1584 8256 2891 7905 5089 638 8790 8837
10255 232 3653 5305 4126 2405 131 5905 6487 4738 3679 9791 3708 3016 3602 94 531 659 9657 5947 4297 9762 2452
6572 3568 8150 6070 9400 4287 5959 8616 6879 6425 743 8580 2857 2009 5108 465 1415 7059 2189 9863 7630 1230 6255
5756 9784 7068 1790 2213 348 3203 5102 6216 1477 7876 2010 3395 9946 6718 8117 1902 6322 7844 5716 7920 2479 7279
2267 4569 5170 7835 1050 6534 7780 10268 6790 9807 823 3239 9910 721 9373 720 415 5270 7735 2736 9506 4683 3648
7226 8014 2868 8830 554 7751 1311 4855 8562 5755 6773 8327 4845 5162 5415 9477 5618 2192 8330 2176 10262 2593 2365
7713 2455 9514 4667 4638 2117 8199 2477 9387 7906 4164 7645 5726 7351 3695 735 5233 1783 7438 9409 6813 7102 851
838 4433 1283 2077 8366 6604 9835 6133 1321 606 2357 7650 4331 296 2847 9771 4230 3672 9380 1814 8703 9972 9659
3000 298 8213 8001 2123 4265 4774 5165 2104 9950 377 7300 1777 3907 3289 1266 10002 4898 10000 503 1481 5183 4422
9292 10239 10146 2543 209 5418 1634 6840 736 852 9474 5579 3806 309 1543 8205 3766 8184 5527 8267 1854 9733 883
3309 9286 8250 6545 3626 964 5598 3001 3614 9107 6398 1623 1330 6530 3787 1787 7309 4429 8318 809 2412 2404 9469
2103 4424 2862 2273 4199 7676 6894 5761 92 5752 5551 10289 10242 4316 8326 8509 5172 8051 4509 7051 2377 6110 5103
8355 5696 9480 1257 8490 42 6231 3671 3522 1542 1480 5225 5699 6702 1127 8147 5814 4451 7207 4763 1473 8795 4450
9277 3946 2945 3244 1651 4832 8364 1709 6420 8257 4591 6370 8803 84 6818 8294 7965 1510 8455 1038 8610 4822 6805
5084 5248 4035 3225 3869 9466 6658 2306 2875 8046 1641 3042 1026 625 583 1460 9914 8714 3236 3964 3099 10044 6626
1054 4294 5252 7141 6224 3487 1865 3143 125 6296 8504 3019 5014 4790 1750 3256 164 2287 5045 8681 10293 5835 4919
3655 1064 9508 5892 9620 7679 5958 7621 7652 3931 4333 6976 5168 3727 905 775 9111 8362 7822 6281 9619 4622 1027
3983 8476 1954 366 118 9149 4522 6601 370 3252 7963 6571 3489 4659 9896 3389 3631 9873 8206 6283 4524 2687 879
4125 1176 718 8381 1092 5187 543 403 4276 9306 9826 4382 1618 7331 9216 1575 8874 2990 8930 5445 1193 6926 1194
8125 3981 10243 9780 4168 5093 3944 10101 471 8035 8221 7158 6251 100 8708 5189 1277 8020 4193 8463 9049 3539 4532
2742 1426 8101 294 9304 4539 5744 7200 9231 489 9065 4014 4553 6389 8840 7633 5766 3233 8971 7211 6729 6785 2887
4224 5703 621 9999 3904 5055 8986 6515 1843 5285 3605 4726 654 900 4856 4537 6406 6294 9718 5423 7853 34 5133
665 433 1554 1560 230 4847 4570 9017 957 4985 8807 5661 4327 949 8078 8937 9445 8164 5221 5390 2877 4888 3872
8975 7605 10015 3329 4079 5827 142 8319 4684 8344 2741 9060 5583 2738 9010 4068 9636 9613 3963 5231 5027 781 7388
888 8426 9039 7451 9158 3957 6379 2 5824 1076 378 7407 8405 23 6333 8518 5148 5851 8345 113 2971 9318 7245
9014 4045 8138 6364 3835 445 6950 8363 8950 8323 9240 6438 6179 697 8947 619 6592 7990 9491 3198 5030 5777 8091
5081 4 107 5410 4311 5044 2426 3724 5517 1887 8303 7782 4365 698 3999 8952 9675 3332 9913 4160 6652 2787 5850
4038 9472 2529 863 6139 6673 2115 9651 7276 3698 7238 1729 6952 4990 4469 4510 444 8307 6021 486 8918 4910 10238
252 8925 5434 5671 2905 6764 4321 3794 5463 2280 508 9817 187 7730 2140 5622 1864 4036 9837 4564 4367 8595 7032
6834 127 4813 8340 1946 1996 3093 10088 9278 9764 3208 6106 9363 2014 1626 3548 4077 6582 2048 7097 1614 5310 6105
9556 9707 8371 435 7646 4654 8406 6878 4221 5620 5700 6929 546 8892 4756 5836 8663 9867 7615 717 1008 8481 1014
1956 3052 468 8877 9555 828 3918 2497 4108 1731 8276 8891 10009 2195 1173 6927 5209 3685 8732 7266 2473 6641 8008
5302 208 6822 273 9568 7871 1012 7220 7935 255 4404 10150 1292 324 1079 3339 9605 4241 5856 8729 4880 8286 1606
2228 5656 9048 5219 47 5482 5327 2034 150 9968 6780 3310 8948 5091 3193 4317 4798 10024 8622 10098 9917 6219 5570
6142 10036 9333 8599 5884 10052 6628 5639 8690 4482 7696 5833 7490 8684 4407 3657 906 9932 7894 4418 1325 4807 4167
6945 8166 6160 8109 7459 731 9671 5520 4614 3283 5109 5266 2821 5945 5126 9589 4082 454 8778 5992 7834 8535 1424
4546 6585 5715 5874 3008 6512 9399 9742 8202 6274 8998 9760 8887 2070 5498 6872 6939 7180 8177 1096 2918 6801 5303
173 7166 5562 891 5402 7687 9786 1090 9542 2091 7944 1183 9191 8787 3714 83 3862 6031 1694 7534 9411 7826 1372
2153 8300 2728 9574 1795 5104 8678 6032 600 9575 5534 1332 8872 3421 6381 3892 5322 8842 1529 2090 3060 5608 8735
8922 2895 8410 2924 9774 4444 4446 9909 3491 1085 7126 3699 1125 5337 8495 4557 3174 5317 2147 9432 6568 5493 1106
8472 1294 7050 6100 1741 3160 5721 5952 3958 4728 4266 2622 3066 2181 371 3353 4975 3493 7722 8102 5906 4395 3979
6772 1149 9748 599 2822 5936 8619 3409 4475 1746 9462 1918 1419 5571 2883 9683 6424 4616 1812 215 6430 892 8805
3621 7285 2053 5193 75 1083 9801 9 4495 7497 4685 2845 9904 2712 8235 2022 3113 618 2510 7558 5288 3394 5357
3079 9289 3581 2849 8419 7077 1494 7954 2956 9404 9100 3177 7606 9270 6423 3205 4153 4351 8912 10066 258 2069 8880
3628 3701 3367 5256 10201 9220 2652 3118 7437 3809 6286 7432 8086 5590 8671 4930 655 3732 153 8955 2648 5801 9078
4773 3112 9930 5805 5203 1602 2505 7486 5812 4455 3559 9572 9485 7529 7264 8826 6788 4432 8328 1134 9548 9668 312
9689 6603 4660 9467 1167 4800 1282 8105 1691 4070 4633 946 2745 354 2573 5633 5028 9782 7009 2591 157 6992 5167
7993 1 2957 6901 588 9372 5069 6741 3945 7088 2882 5329 660 6300 2893 7815 4640 1713 4120 7114 3135 4239 9682
7693 9855 677 9320 1876 1406 5648 10211 6393 254 4657 6803 2378 3084 9324 650 1191 3162 4489 9811 4099 5713 7740
7821 7031 6446 5753 5962 368 161 932 2612 9998 5675 6221 7319 6880 4183 1039 7495 1910 8474 1278 9979 642 8431
2080 7947 5745 8085 6651 5981 8712 2258 74 4464 10035 5846 1503 8746 1514 6930 6771 8691 7613 992 8144 9342 1885
10228 8289 9123 5586 2933 4721 6088 1788 3968 4725 901 1721 3746 4357 9823 8187 1174 7183 5788 2773 2304 2049 7125
1819 10063 5518 5537 8469 2268 6517 3495 3088 4069 5819 6488 7452 4752 4218 8386 9255 4247 9618 2973 2597 4732 994
6468 176 5202 4410 5354 9804 10213 5211 37 3494 7885 4319 2722 4775 4040 5790 8511 858 7314 8855 5970 4449 8679
6383 7959 7363 5922 1042 393 4389 8520 2015 1237 4760 104 3843 2038 684 5542 1742 1675 8801 556 7995 7352 4797
4808 1799 412 6706 7784 952 9795 10170 1220 2994 1417 5865 6049 2549 7533 4869 9898 5371 587 2495 3434 4849 4187
5679 3173 8689 647 8762 8272 2381 6549 2992 8284 8198 1791 6177 7079 3348 4897 7107 533 4347 6236 9498 2968 2795
5119 4709 8602 3978 9854 9126 9385 10034 1993 3274 7685 5356 3496 3528 10091 7280 9720 1239 7034 7087 1329 9026 5454
112 6599 7977 6187 2616 9488 2364 4913 2169 192 4213 3569 6514 3129 149 1949 200 2095 4533 219 9937 7831 10160
4647 1939 7893 7184 6896 1762 8716 3146 7960 5628 1443 1784 5145 8103 2671 7387 2380 9606 2856 7061 3288 5810 241
5878 9261 773 9145 2129 4369 846 5115 885 2500 8482 837 6975 9070 3013 1930 8917 2949 8127 4601 8997 5414 5816
10207 4947 335 6327 5475 6250 7843 4859 8053 3543 5611 6479 5948 4686 2576 3889 5668 4799 3668 271 9672 2044 477
2976 783 7799 134 7333 109 6227 8951 6143 3551 6341 9650 9291 3819 821 10042 1899 709 7463 5326 8528 2553 5525
4940 8349 10064 5499 8765 9744 4998 9724 8462 9045 467 3045 8421 1328 1498 2329 4097 7150 8886 2927 5330 2981 7672
7233 8304 4887 381 6873 1569 9294 9419 2801 3351 8660 450 9217 9847 421 535 7870 7594 558 7703 10191 4819 1955
2012 6521 1412 7657 5042 6925 1486 8043 7915 6464 9660 8196 8568 8494 50 9676 524 7065 3142 4519 10115 6742 1726
6035 3527 1953 825 860 8073 4161 77 8269 9088 652 3070 1169 7142 3530 6158 4699 253 8240 7252 9821 7818 5150
3578 759 5086 61 2158 9983 1553 1665 10058 7793 7338 6008 3157 56 5751 3771 351 1643 8095 687 7745 7104 2143
5107 1958 5879 7357 6451 7503 8374 3074 9112 4222 8868 2337 6178 2387 4413 9391 5077 5124 7921 3213 7021 1353 58
2641 139 494 7649 4783 4843 9449 5188 1445 5139 10027 5156 3178 9064 3795 302 8498 8275 6689 8280 6192 6704 5152
7788 3271 5036 634 9315 4590 1796 2778 322 7475 9890 6490 123 7250 5214 6505 5704 1104 1559 8420 3156 5029 8368
5176 5177 2432 9219 4741 8461 5313 9274 7720 9621 5492 6981 2496 1938 5531 3218 6196 2196 9985 9861 2694 2985 6343
10185 1884 9075 5386 3459 5204 636 3089 8747 1490 5169 7256 8069 8825 3115 4804 1811 1663 6460 1100 4579 9921 8383
8499 8279 7261 9746 6125 6677 10221 6859 330 7469 5138 5931 6486 8083 9871 3418 1260 755 8465 1874 5296 6716 6594
4250 2558 6870 3982 1612 5917 7933 9257 4279 1940 386 3876 5743 7127 8016 4383 7540 3660 8163 6140 4267 7699 3721
7197 1752 3922 794 8416 2488 1309 2823 9334 9895 3355 62 1857 8683 1906 1351 8131 7674 3810 3335 2173 7950 4651
9772 2908 65 8195 9840 3613 616 9901 1565 2911 7191 3555 2469 2155 5839 3914 388 640 1743 8281 2041 7214 1549
7033 4338 3169 5686 2066 7397 5398 7455 3075 9182 8953 9743 644 4480 2256 91 833 9940 7764 7375 9996 5335 3728
5687 6282 8321 10071 6766 1830 9959 8478 8850 5821 2076 1162 10025 167 2617 3739 3652 9249 4133 9180 5294 6750 1878
10105 3273 212 2751 8640 6476 6095 9055 6712 9812 6455 4648 3711 9783 1943 5440 9484 7654 7842 67 8945 6396 3742
5314 9003 6665 7290 1710 6714 6608 8331 7445 6666 4080 1891 5395 4870 2251 6213 5399 8308 1668 7399 3405 9212 1028
1276 8491 1980 2700 484 6575 1992 3731 5076 3030 2788 1922 5199 6194 5690 977 5776 7385 4201 2235 6254 635 2188
2986 6235 8056 472 7293 6166 756 8843 9117 2740 7106 6442 1523 9779 458 3645 1258 2449 7518 4459 7015 8030 10298
9623 797 8869 5455 2637 8823 7865 3990 5724 7292 3251 1596 9857 5815 4921 5212 8301 10151 1180 136 7575 6141 3686
9759 8769 5477 4649 2063 9713 191 2468 5116 4007 8545 10296 5487 7067 4373 1862 8108 9723 5665 4081 3241 1407 1871
5403 940 2030 9897 4935 7144 483 7983 991 10014 8182 5706 2252 1508 9162 8376 7244 1767 6454 4529 8648 913 7465
2277 3898 929 10018 3299 5071 7012 6315 3813 1217 4197 5532 934 8061 8341 8098 4400 614 5007 1728 9698 1119 9313
10154 5664 6557 4690 6830 6848 2592 5171 917 9858 3190 5555 7456 8161 5113 9866 6994 4023 2931 8514 9174 2472 7443
1108 9441 5961 4835 9711 8883 3046 3511 384 5576 7149 6040 1244 2262 9042 3097 4500 8757 6538 5059 3145 9401 4286
6892 101 4954 3841 10056 9944 8591 5246 8445 5966 6759 5601 9516 225 4474 5153 9848 4318 3134 7362 8519 1632 3942
6394 7692 6391 7209 4596 7560 6897 9860 7851 9424 7723 3874 9816 6241 5263 6904 748 1740 7691 5070 3501 3812 2649
4928 9803 4214 2207 4860 293 9386 3584 749 9721 6302 183 10120 8845 3781 3804 242 8417 434 6819 2131 651 1066
2578 6657 463 5220 8090 7360 4147 5666 631 6972 249 5545 452 9520 3513 3130 7721 2749 6955 1671 6693 927 1057
9166 6044 9825 5260 310 5847 976 9687 4767 2191 8031 7638 5439 5346 10039 4251 3469 6686 6587 5441 8135 6012 7940
8246 8555 3586 10189 10134 4585 8636 5712 1405 1095 2871 469 8477 8575 6745 732 1315 8756 9282 7753 6078 8200 10172
9263 4992 2112 6615 5186 4600 5427 270 3651 1836 3034 6102 7916 6367 3846 6619 3988 6432 459 3486 4566 5913 2146
8974 1289 202 6778 9144 4745 6048 1801 1299 8486 2162 3829 7581 9084 8352 2804 1347 3232 7487 3509 3269 1413 3449
4041 1375 7700 3639 1089 8577 8931 1219 4122 5765 4911 9745 407 1868 10073 2598 8039 2481 8353 9655 9025 9708 3302
6089 1994 628 5265 3223 7688 5602 7786 3870 5365 8810 7701 7627 9258 2331 3807 480 3149 2403 3533 5838 8848 27
5540 473 8070 4594 10033 2706 1037 6263 5828 7419 9085 1122 3611 2286 7202 1114 1613 288 2634 9314 7192 1385 6523
4894 8396 4544 6292 6664 3333 9051 8879 1941 9834 4574 2935 45 3091 845 9288 2478 7090 2424 9205 3126 5864 4671
2533 8780 7053 5074 9925 2711 5897 9335 5497 5457 1331 1138 6272 1680 5073 5780 7884 7616 4751 1117 8957 4795 6314
5889 738 2353 140 4076 4310 3300 8936 319 5550 8059 609 6669 2261 5903 5529 699 9576 2900 3204 9787 1974 2608
7873 8733 9912 4793 9504 521 43 3380 4434 5921 4687 4637 1817 10074 10271 7324 4792 5929 5834 4791 5087 3933 832
8635 6667 1806 231 2290 8726 3125 7003 6843 8694 1847 327 9297 1682 7240 1880 285 7372 893 6821 6784 747 10287
5635 8783 7658 8827 9202 4551 9053 6612 9695 9310 8329 6217 2566 495 1336 4505 8901 4379 1152 4974 1948 9903 8731
5697 8006 48 9087 5251 2334 9396 8949 3518 1314 1081 2676 3597 872 2430 2744 3563 9140 9640 3102 5476 5832 7216
7505 6497 5705 402 843 2912 3820 10210 36 4941 485 8214 2808 2149 4890 52 961 1592 8174 6700 4582 8503 804
6971 4542 4827 7453 8890 6996 9338 7160 8441 9143 8596 6721 492 9223 87 7092 1451 6827 7178 5282 2662 5344 5125
8551 7984 6593 2888 6713 6849 5653 7706 528 8121 3293 10215 9120 4964 544 1177 10028 7996 9553 437 6874 2602 880
6524 4200 516 9005 7350 2086 2627 1928 9586 6513 7942 3849 6059 3384 10192 9739 8574 5408 4603 7316 1270 9960 10174
10186 4207 8332 520 9298 7539 6862 5582 10080 1118 4195 9902 9008 916 1786 7981 7378 1688 5682 7643 9598 3243 1222
6692 8395 5481 3101 5891 4110 1745 9699 6009 274 4483 1605 4359 2058 3250 323 329 3029 9331 10055 9819 3027 1002
6242 9148 960 4409 2646 8929 9865 9918 6174 8934 8841 8026 9101 1968 8968 5953 7829 4085 6205 3040 8893 7666 8252
3337 3430 2409 6337 3675 8534 6602 6757 8241 6435 10275 2368 10086 7591 7854 4818 6900 867 6440 8696 7483 2642 7756
5217 726 4731 2835 1267 4863 6410 5003 1033 5603 3888 235 4320 803 8718 1136 2583 9635 8634 1924 4178 2017 7890
3986 3902 7887 9564 4208 1608 1991 4881 4113 8522 7325 6222 6352 1025 6225 5979 5513 2303 2367 741 4244 9961 5625
8359 3743 5272 2988 7739 2589 1430 7247 1715 6243 7880 686 4223 2872 6033 7213 1952 186 4372 5430 1872 1738 7900
1894 1166 764 7837 9684 1148 3709 8063 353 1094 9719 3055 2941 10241 5201 3923 2323 5659 9229 8695 3858 2138 196
9179 6463 10097 2135 3745 9016 515 4015 8742 2429 3906 3882 5495 10065 8467 4162 6000 6153 7748 289 7078 3386 1245
3138 6607 9680 561 4356 1735 8277 1003 7162 4206 1128 6595 3693 5689 5802 8351 3840 5234 7330 8507 4280 8741 2200
1010 6094 8297 2122 9974 7536 1455 4457 6597 6751 9677 713 5811 3114 6340 4152 3063 6395 9560 6345 5667 4747 9941
3398 6761 6261 2890 2733 3123 8770 9943 54 6185 4962 7651 9456 4158 8705 9692 5651 5431 9792 3031 6147 5417 6910
1093 2096 6271 6264 8153 4635 9965 1483 8559 3297 4100 3610 737 979 8740 3692 7832 5078 910 9110 9666 6576 2407
9029 5208 6163 1909 7365 9700 3517 6349 9129 10138 4257 8023 8961 8223 8273 455 6186 4987 694 10084 6013 6501 7669
6931 3165 8346 1109 5591 7329 8191 8536 9836 7583 9790 2587 5859 2790 5860 4235 3219 1279 5485 9559 2991 2055 680
2466 4436 2926 9976 4180 7967 3139 5129 3814 8496 416 5259 915 2865 5164 2811 673 8255 5739 4602 2316 1318 7118
5128 8631 7298 2463 728 1043 5437 8243 9656 1908 7317 9368 2754 6402 8820 1753 5181 4555 10217 6956 9938 9181 4472
3973 3228 4706 502 432 8173 6366 8984 5141 2312 2392 7522 5577 6500 7614 5001 9853 10125 7860 4817 1302 5118 6413
3762 4932 10167 6047 3769 6726 9027 7430 2658 24 2236 639 6275 9587 2964 2651 2282 7955 4476 214 10220 6662 2819
6482 2984 10225 4295 6584 9125 2475 2755 3715 3747 1308 7155 105 4149 3224 760 6824 6146 257 5083 2907 8333 2288
305 8665 2621 9475 975 1433 2726 2909 3475 9899 981 4899 4937 1212 5228 1130 2214 4650 6661 4636 5974 1029 2920
2672 2464 3170 10249 9810 6208 2447 7625 10303 9726 2093 6198 4879 2073 8005 8960 9522 8169 8538 4997 593 4165 5973
921 2632 1961 4275 1465 6625 8798 8075 4865 6611 4339 5349 7156 4543 9431 2915 6326 5120 5768 3765 7410 5009 5182
1233 7042 6876 6537 5325 1785 10128 4198 6633 2498 9951 5772 5227 9406 2270 5553 4277 4477 549 8766 5916 9889 4346
4441 10258 6847 7712 2062 7076 6495 3362 7377 2248 8639 146 2678 8093 6578 4761 6869 8007 7777 5969 2631 3950 8149
1838 177 641 4929 1535 8623 3397 4334 4720 8237 7185 147 1046 3048 6562 1182 9585 6797 2164 1333 9880 5869 6214
1770 10155 6404 3717 314 7145 10280 8492 414 1706 1737 3175 3338 1900 5954 2059 4697 2292 7675 3654 4391 3758 10277
6682 6565 2198 409 4189 5933 6936 4670 9531 8403 4701 3832 9862 2828 7794 466 3854 1758 7554 5468 1824 1926 9714
3381 6893 8062 5605 9639 8029 6540 6800 6616 3926 4332 3828 9722 1976 5348 4054 4000 2279 6758 5160 424 10223 2684
9455 8155 6494 5791 7559 1674 6769 4884 4960 7820 1818 4749 3217 6239 8902 8582 10294 7724 7370 3779 5826 1423 1734
6624 6787 3573 9268 9002 3416 3800 6260 7023 46 7852 8219 1384 7762 5885 4604 1572 6763 7602 5746 5072 1973 8882
1733 6339 7556 10089 4022 4004 4554 2635 9500 762 2425 137 10104 1159 8751 5050 5012 6932 1776 742 7555 1860 7020
5151 4628 4528 4032 6233 4801 4377 2494 9674 9184 8625 2021 7215 2844 571 5473 4017 633 5759 9343 7838 303 6854
8576 1272 2590 8749 2341 10286 3537 9397 8688 8516 9228 2245 4606 3646 7135 9991 9178 1447 9194 7082 4814 6561 5898
9593 6614 6838 7846 2829 7847 5043 4305 3373 2812 7952 1368 9339 4315 2433 9664 8393 4531 926 3164 4264 9165 6416
5560 2716 2831 9738 2975 7698 8439 2083 2713 5191 276 2335 602 2613 6915 3051 5831 8773 3516 6920 4883 8894 3294
1828 1932 4051 7236 5051 9440 5683 6957 998 6109 8763 3505 6727 6351 1103 1628 6940 2421 7055 740 7922 3868 2925
8021 3895 7218 1356 4562 6157 9590 6683 8692 2923 518 5066 69 6960 4039 3377 3927 7479 907 4467 1301 10183 9632
2660 3616 4503 5528 6417 7765 1124 5829 3023 7481 5976 6244 9198 2756 9838 5685 154 8543 301 2783 7659 1291 9203
8632 9580 8231 487 2571 2307 493 7000 2032 6719 2792 8864 9702 9934 5321 9729 6852 9392 263 10095 9036 360 7796
2807 6747 8077 7789 6600 3520 1047 7056 8389 6329 4273 1975 1287 9266 10299 6982 2511 4644 4765 4083 2620 5825 6277
3136 3720 7041 5301 9011 2697 2462 7470 7939 3681 3312 4965 598 2541 7327 1435 3772 4341 9955 5868 5494 2218 5257
9175 3100 8 9641 7066 7014 5413 5849 6477 3953 6293 2107 9845 2284 7199 5757 2031 8578 4698 8907 1285 8460 3320
7311 2019 7574 1516 6814 143 908 1185 10273 8572 7129 2699 6905 7277 448 9083 5038 8118 5130 5503 7492 5442 3325
7143 2384 2317 10108 2401 2490 5596 3796 3865 6369 4584 9908 2217 506 3915 8903 1021 1470 5250 7550 7566 8379 6908
8771 4754 292 5412 9978 8914 195 4131 8356 1041 6983 8480 2151 2663 6986 1833 234 9245 8542 2036 980 4182 6590
5641 8989 5737 4448 2892 6736 4746 2029 4900 417 7303 9301 6252 3824 6064 8422 6746 8133 7572 3802 1712 2265 9307
6483 6433 3382 9147 7913 2484 9992 4216 2560 2955 527 3826 4190 282 4354 2170 6846 6010 6735 4094 2205 1324 3930
1380 5967 1933 1364 8799 1617 2867 2853 7186 7809 7895 9248 4858 553 8170 5623 6323 982 5380 1615 6899 1755 7792
10256 3067 6279 8400 5229 8657 6912 6637 9502 7315 8776 2725 1238 3710 3760 2180 4362 5269 1695 7007 2521 3598 9022
365 5662 5436 10129 5842 3323 3970 10209 9629 1069 5483 9018 5698 1390 7260 7537 8096 7263 4624 5060 8812 6522 4406
9868 3955 3937 2731 400 2850 7934 337 4252 5295 3282 2762 8220 3318 7347 3778 3452 4336 2033 2098 5005 2859 8343
9128 5638 7862 4530 7429 8233 1708 559 8510 2542 6710 2296 9370 7271 5890 3529 9350 5218 7750 15 7405 3994 578
4674 5798 7049 7165 4680 8136 904 3277 5019 1989 5632 10113 6212 342 82 3925 9732 3878 73 8811 6563 6623 2695
10090 3497 5949 6717 2667 3432 9864 3913 5136 10152 4107 8674 567 9754 3797 2249 3504 2456 9013 9543 3321 5594 7253
8172 10187 6573 9569 9024 162 1911 3313 4184 5924 7808 4163 9355 3281 8836 7681 1849 165 1702 4352 9329 1337 267
3038 1113 8662 5275 5195 3974 6428 9524 4536 5020 9253 9197 2359 956 9097 1171 1915 7069 8192 4211 3582 6310 2354
3124 6399 5813 1313 7221 1437 5406 5057 7929 3211 6041 1344 8168 2665 9920 8540 6865 4146 7040 5491 9471 2264 9361
839 5680 5818 5747 10068 6857 1518 710 6832 5458 3593 7653 6798 7332 6705 1370 6760 10198 8312 1717 4978 3980 2243
9095 2690 2016 9021 9755 2855 7136 3473 4074 4091 4059 4972 1197 6245 3270 7037 7411 1703 9957 1082 6309 7612 6629
7181 7278 9503 3590 10300 5249 9952 6172 8710 5938 5660 4121 6304 4583 2942 1352 1917 1981 9247 9421 482 881 8012
859 7094 1678 3788 3782 2278 4613 7386 3910 3012 9545 2142 4248 3790 3133 7462 1144 9622 2750 6188 3062 4399 9378
5919 1164 6465 6941 2004 9076 8779 3056 8438 4955 9081 6301 7946 7058 279 428 9577 5480 9778 9222 9852 7683 3220
1979 7970 7478 4375 5841 4688 1967 4170 2291 5271 4675 8377 7435 6200 6701 2219 9250 3997 7813 5670 9494 10274 280
3995 2607 8245 4104 10127 4421 6502 8179 798 7167 4634 3786 1611 5972 4920 3108 7417 4427 2238 6154 7099 8437 9511
9068 4959 7593 2840 1727 7080 2300 9526 1382 4005 2633 1004 8701 7690 3799 1775 6560 321 7823 3552 3290 5658 5614
2391 3815 7746 10197 4782 3183 4573 1297 3713 9690 1895 6980 2536 9200 9669 1499 5021 7348 5692 5575 7892 4462 2673
6081 9525 7420 3478 247 6197 9919 4030 3326 6586 580 9362 7604 10137 9214 2385 6313 5316 5728 4762 10037 1517 5017
5299 6898 3305 3279 447 175 6115 645 9658 307 8254 1200 6165 2974 3229 326 4143 722 7525 3311 6944 8586 1870
9103 2653 9528 615 9697 2445 8502 2837 4307 6802 6150 8283 1625 8597 6618 9452 114 5663 8515 2325 4237 898 1676
4298 4786 9877 3400 7400 3921 2018 9264 9624 3456 2858 7418 5392 1084 6401 8115 6762 6556 6775 7999 1832 7223 6622
1525 8450 9536 8818 9749 5318 1016 8615 1232 1666 4454 1507 1199 6649 5090 8034 2202 4705 10141 514 6707 1131 10040
6807 8720 6207 4381 8183 2326 2626 8185 7760 7601 8593 122 8781 3640 4547 2514 5563 6574 5106 5956 9757 1686 7949
5369 2102 9995 4707 1661 4374 2338 4460 9136 4245 574 3327 9751 2199 3680 1275 9527 582 1427 3510 5823 2743 3180
2531 8988 5543 19 2419 3811 6003 7697 4779 10062 8380 1416 5861 6978 2757 3328 8334 5867 4664 4253 7337 2197 4872
666 4135 4909 228 6997 1396 5544 6688 3403 10153 6723 6820 3420 5500 4757 8905 1241 3044 7754 10171 8858 9028 5075
959 2836 5375 10276 2003 9322 5061 2266 8434 10007 4443 3153 7139 4829 8113 3490 704 7861 5241 5900 1513 9874 2670
7867 9113 6911 8687 8548 3446 71 1348 5405 3077 7877 395 490 213 438 369 4704 2600 8270 7368 6478 9703 9820
6426 7891 9929 8919 1536 7668 1904 6720 5701 2060 5937 5359 5711 5309 5736 1822 8966 7711 5604 4504 8603 5882 914
5489 3024 5630 3650 570 630 811 6191 4242 10180 6400 617 2345 2295 6461 3065 3171 4630 7434 9885 3928 334 4003
3488 7275 9935 7017 3744 8407 9347 3881 2467 172 3669 7644 6262 1647 5773 3734 4700 3556 3830 6452 6698 7474 7281
7817 3512 8870 4192 9186 387 3606 990 8658 8655 1820 7717 3609 5734 7526 10122 7975 7926 6127 31 8411 7727 6634
4734 4360 9679 5033 3207 6378 2785 7678 3587 3278 5606 5185 70 8226 5996 5239 283 5723 9832 1023 8739 9379 6882
7251 5446 6123 4220 5409 1374 1782 9309 5100 1839 6152 5101 1482 3247 9461 1268 1007 4285 7038 10144 8391 1537 1779
3371 2619 2374 7531 4088 2231 8139 2574 6889 8037 772 6218 6350 6155 404 8730 2644 3357 3002 6266 9227 4132 2704
4127 9846 6881 5535 9509 2130 6240 5293 4134 6581 8079 3798 4717 5887 8470 2194 7716 2394 7948 9933 6411 2239 4789
9926 5127 10029 9947 4065 8557 1555 4852 1521 5469 4877 2075 2172 5925 1226 9348 643 9046 3658 8641 6083 10001 5432
4292 9892 2674 3661 8249 6640 8547 3258 6053 5845 1024 9056 7686 8782 6591 1340 4403 7006 9781 4288 3757 4907 9490
3985 4575 8122 2820 8646 780 3592 6740 9244 6316 9737 3608 8571 4534 9132 1068 7004 7334 10011 7382 5610 7395 938
4788 2951 2097 9663 2551 57 8296 8143 2085 2833 2470 7318 10059 7258 1133 8804 9464 4692 7632 6111 7903 13 9196
4802 5400 6328 3454 796 6888 9043 9059 4188 6475 1800 5939 3976 8789 6817 44 7242 8158 5149 4130 7570 6548 6806
178 2203 10136 4236 8193 6906 8027 2775 532 6248 4075 8813 10005 2507 2599 1252 8935 5957 7412 8834 8209 8210 5255
6429 9236 7953 2870 595 4302 5082 8629 3875 8817 4025 4689 2229 244 2798 1558 3683 597 5573 3962 4632 2747 1350
10070 3649 9476 2948 560 2659 806 4019 4857 563 10196 7500 194 989 5941 5729 1972 1848 3975 9523 1761 108 995
1636 9153 2996 7936 8806 6924 4111 8814 4154 7477 6519 1808 4084 2806 6681 4759 1457 6472 3821 10272 1794 2710 262
2525 8227 2791 7198 4588 10149 864 33 1022 2165 9092 500 9800 9444 575 9645 2675 16 8176 9964 3890 1264 7992
1697 6947 4850 5366 4878 1852 5286 7052 5352 3104 6774 7084 9137 2461 4060 8468 8320 8365 3455 4718 2506 7881 5232
1359 1286 4730 7498 4711 1203 4064 1489 5426 6555 10078 10270 6297 657 985 7584 2285 7108 5607 624 8721 3977 536
1408 5254 9156 3466 6635 6964 9822 1905 1982 663 6962 7457 7816 9374 2944 6347 10096 5854 5345 10181 4755 9004 6079
8373 4561 2190 4908 4012 2324 2379 7924 5915 2766 2899 1269 10184 6825 7013 410 5795 7217 8647 7825 4435 9052 7634
6096 203 426 7234 5037 2523 3011 8620 8888 4535 7196 4026 1997 4922 2375 4150 7803 10031 1914 7132 1551 4567 3025
8849 1254 1645 1718 5243 8055 9105 2826 9463 3148 5355 3756 8152 8065 10111 7070 5762 4326 903 9770 9777 723 801
3433 3842 7810 8401 3607 2950 1224 7848 5264 5283 9841 8398 810 1343 7425 7124 405 17 9031 1621 4981 8530 8464
3047 9644 4991 7089 259 7785 5564 5443 3003 2914 9069 6092 4136 5950 7736 8175 951 5194 6544 3622 4437 1227 2655
1707 8824 3154 1577 2932 5995 3039 4740 7133 7535 111 6156 7910 2596 2321 9102 5568 4957 2703 8738 2611 509 4209
373 2366 4011 1492 9763 9686 6284 6631 4507 6278 5593 4758 8111 1409 2705 4609 1534 5484 3105 4825 9607 6826 662
7968 1399 9426 10061 2358 10267 8772 2776 5122 6 676 3535 2159 2113 2864 6695 1491 7797 7163 1831 8554 3965 10076
4916 7182 9753 9159 8013 2961 2126 1316 7339 2842 4735 2586 6963 3037 6108 4580 6006 3589 4970 7489 7134 8317 7472
7908 4839 4842 10169 1495 5873 9710 512 9752 4673 8285 5844 8592 5452 2546 6835 5514 7552 1696 2661 9642 1633 6525
6491 1990 4037 5968 8526 7062 8081 3993 5928 2410 557 5910 4831 5079 9413 3791 5559 9735 1573 10008 1059 5374 8607
3886 2065 1744 4345 10004 778 4517 8928 696 572 577 8761 7203 6121 5054 7904 2442 2532 2640 1732 10195 8617 4468
5163 8910 2564 1679 7364 1468 185 2313 148 138 9570 4172 2696 6918 238 6434 4794 5200 9566 8668 3632 5908 6408
3659 1837 529 5381 1256 9638 1478 2257 6226 4175 4823 551 2759 4520 3525 63 6965 3354 4452 2739 5213 968 3340
7187 2999 3694 10116 9252 4072 5279 770 7249 7551 8446 7807 5002 4873 5730 2154 8292 4538 7726 1040 8587 9447 2220
5376 4289 4238 9761 8835 10158 363 1564 9980 4739 6209 9734 10161 6450 6086 5324 9169 3818 3577 7431 973 9967 6541
3015 3827 8743 10202 9139 3068 7140 9365 9000 6489 6516 6946 9321 9693 8652 7308 3838 9356 10 2848 5331 2585 347
3967 8234 1341 7541 2056 7932 8028 8262 7988 479 1161 10106 605 5338 7979 8260 5504 1845 2361 6162 8784 539 8385
7958 8347 9797 6421 8791 3376 8325 1334 8940 7389 4498 2137 9127 10038 8302 2720 9597 950 3214 4629 1055 10107 1208
7938 3401 1271 7402 4943 8057 1151 8833 2274 9267 10148 3506 2383 9681 9809 8976 1664 4527 4016 3583 4864 2493 9154
2099 8809 5899 28 7433 5848 4157 5783 6374 1216 4008 6890 86 358 2668 29 4702 299 7562 5901 3255 5040 774
4112 1051 6306 1414 8860 5010 7769 2781 3763 8614 1501 5758 9130 2390 5918 8067 5994 9604 8612 5467 5041 3936 7208
5205 188 5158 8239 41 3033 4219 7878 343 6137 6839 420 5230 5782 9328 6733 9032 8750 5914 3553 237 5800 6533
7790 9521 7422 3308 564 6471 8854 5147 847 545 6687 1877 7499 7856 2539 4824 2082 163 6249 5640 1659 5092 6258
9433 89 8962 5433 9591 705 3847 2395 6868 1879 7380 229 2347 9001 2045 10236 1229 9652 8189 9171 8899 2255 4556
4114 413 3634 10124 3576 2789 8993 9922 4853 8130 5904 7542 5056 7914 4719 9489 7928 121 4961 5857 9616 4101 5237
442 10261 5110 2682 341 4776 243 10102 4768 7582 6020 2363 6632 9685 6542 3083 4268 4281 3859 8990 9108 525 8996
8994 7520 2226 2771 3863 453 4095 4145 2184 6129 4270 2983 8458 4461 1851 711 6080 6895 8704 3368 693 9833 9325
7284 4905 565 9020 2171 9615 64 5678 1428 3168 9928 2636 7267 8471 8767 436 9033 1139 6938 5907 862 1448 2349
1126 9041 9492 9089 9104 2348 5174 1929 2007 7603 5062 126 5989 6183 1322 8606 1323 9879 5781 1815 3992 857 2962
5308 4350 7002 8041 8430 2989 1045 6646 8429 1869 7046 6570 2125 2320 488 9887 2577 349 5391 233 376 4249 7919
8451 2594 10119 2240 4956 6968 3558 5377 3599 1685 7588 4663 7406 197 5378 1071 771 4669 7776 8129 1960 7827 7731
9109 9077 9725 7174 2416 6265 4020 9116 5023 1757 6234 9302 1500 793 2563 8628 10132 6230 2606 3117 1977 1137 2718
1966 2508 1656 8432 667 5507 9497 6999 4816 2241 8442 10193 2246 4047 5569 7980 375 2656 2206 9344 4988 4501 7548
5521 2902 1563 9989 4255 2782 822 7071 7665 10222 4090 2121 7379 4402 7620 7579 4349 2114 9701 2852 2372 3780 7312
5049 1763 3314 10156 3082 1807 962 6407 1475 6203 5511 9189 3837 3959 5 3712 7151 2336 594 9535 7607 1086 3231
10094 1591 2615 8727 9997 7345 5650 9208 3415 6444 4119 2305 2540 1901 9215 8600 2242 158 3656 6598 2454 5883 5297
4563 9557 8573 7427 4627 9061 6377 2476 5216 10145 8764 8151 4848 6828 8734 9239 6503 8737 3662 3316 6580 6427 4691
8049 3949 3604 8871 6815 7189 4456 10245 7025 9193 7369 8958 7772 9414 1725 7326 861 6066 3315 5541 3615 3627 8926
1850 9319 6317 3260 3969 7232 2545 3111 8659 2534 5215 6357 679 10003 4676 9969 4340 9287 712 3390 1432 1246 7530
10142 894 4176 9987 3049 6933 1107 9300 5291 8415 1829 4098 3406 6144 8630 5197 8585 596 8943 3897 2669 9290 8561
3424 318 9945 2629 9150 1304 8863 313 5311 5589 8570 4282 8680 2748 7937 1660 827 3451 3127 7673 9019 8861 1456
4867 7304 7022 2876 6841 9157 10204 6055 5978 9872 7997 8566 2308 4196 6951 7421 5837 9303 7734 9435 3356 4966 2052
1215 9225 1401 7121 10226 8983 7153 398 730 2431 2917 4217 5523 746 6473 8311 9134 1921 8408 2709 2216 10229 7204
7655 672 7248 7752 6914 224 5684 4191 854 7901 4470 5731 2185 8897 5677 8946 2575 3268 4994 2966 10234 5198 948
3287 120 5657 3417 5767 769 7806 7496 6386 8072 5361 1281 7972 2448 678 1210 3032 5031 5694 1867 8506 8274 8354
1747 5382 2609 96 9487 6864 3280 6844 8815 1120 9398 2398 8124 6051 9911 782 4271 4204 9034 4893 8186 9308 5490
9830 4027 5609 6810 7024 7733 3696 9340 7193 7057 7230 6085 3784 5770 2777 1600 1160 6082 8112 501 9230 8560 3461
3349 7282 275 6638 6057 1065 5944 1810 4387 4787 5984 1365 8306 4895 3702 7384 3947 3901 6211 7850 8876 5192 7296
7773 9828 4426 9443 9802 7394 6376 1240 3341 151 2717 1218 6907 2417 6833 7119 4973 4967 2797 9410 5778 2630 1840
431 1522 1945 2851 2040 6038 7342 530 6122 9532 9533 7321 464 9712 1533 1768 1925 9176 1999 3939 8677 5053 683
2491 1265 4938 1778 6342 10013 6654 4830 8828 3571 4682 2182 8452 4106 895 8991 2527 2210 1418 2555 2680 5242 6361
7295 9970 6390 7619 2547 8675 6765 1158 2980 10219 5565 8048 513 10126 3776 3176 9673 7991 1760 475 6966 1655 1168
4258 7110 6259 7585 9496 8645 9768 171 9600 7018 1595 5262 1670 7302 7714 8785 6220 9418 6518 5876 8517 2487 9382
10030 2814 7231 1859 6028 6829 5942 1897 4796 8788 7707 344 7493 9990 9007 8224 7801 5065 786 1030 2474 6042 4599
8208 3492 1378 2535 4330 2579 6237 1485 300 1858 4300 3094 4425 9224 2168 5159 9345 8204 3480 5343 6722 5287 6288
6097 6128 9741 7073 1873 1395 6229 7426 6867 5983 10118 9420 1188 6691 2330 1346 4186 4772 8259 5451 8656 4885 5501
3181 814 5280 5999 3276 1111 8920 1689 4764 3538 4655 8682 1844 5098 6529 3526 1654 2604 264 6527 6653 3295 6636
9646 2946 9814 6449 1705 4986 5870 4066 180 4612 5362 8022 5769 7322 8010 8533 5384 3998 922 9900 865 3391 4322
1765 6344 3816 9428 7546 3857 6043 10230 6725 5244 8314 7737 5881 189 10290 10053 3879 2922 8713 9563 955 7170 5871
930 2691 9459 2139 1629 8638 5006 7480 9364 8449 10093 8137 1951 7113 4194 7549 6164 2061 3360 1855 7048 7886 1223
7641 160 9326 2998 6730 7511 4260 8664 1450 5880 2772 4540 9788 1957 2965 3580 2283 1221 3069 8672 9062 1719 1251
4605 1985 7506 9106 7957 6029 2225 7117 706 7609 4142 1588 1711 3852 2683 1566 9815 9843 3667 7648 3789 7907 2167
9608 441 7356 7994 2156 6842 7054 6418 8916 2503 7367 476 6510 401 5669 4565 8142 1912 4364 1586 6132 7001 1722
3705 4087 1530 2550 8544 7436 7194 6959 6583 10200 550 1261 7467 284 10214 2979 8261 2108 2351 5509 2482 9405 10012
3673 4926 218 7494 7138 2237 1421 9875 4846 4737 4393 2569 427 5733 2020 656 3884 1589 9728 5035 3502 6620 7987
4933 1698 2161 3916 1062 4093 4343 7401 8423 562 5358 6149 3018 779 9905 9806 6973 7083 7439 6419 9446 1175 9478
6520 9030 9916 3440 7157 1944 1736 7897 85 7029 9578 9936 3352 6247 9510 1431 1539 3759 3546 2978 8969 10282 4785
566 4645 9667 3431 5760 622 390 7237 4559 6195 7647 2299 4263 6551 8003 6884 6336 5223 7396 9796 3737 7354 6392
3684 7945 1105 3463 1748 3703 6558 5422 1826 6779 9138 4491 4834 945 9265 3594 10168 2730 3423 2846 10248 7398 55
6087 2721 221 10237 9582 6609 2089 2483 5852 7246 4837 1594 1627 159 10019 836 8978 7381 3940 9246 3393 6776 2047
7507 1574 10046 8748 4587 9317 2186 8015 7557 4179 6397 3020 8793 9142 2006 2512 10110 2552 340 5927 7710 199 2408
1548 6696 6071 9958 6642 3369 2693 2092 7811 6875 3562 4205 8698 4619 2874 9376 1502 2952 7343 222 523 8440 5323
8258 610 10054 9353 10020 4854 2179 7146 179 3072 5397 2516 3275 3750 9275 2315 10288 1135 6076 2916 6318 4473 5548
4109 9285 6988 9537 10082 2443 3095 5512 4694 4623 2737 8973 7328 8759 1886 2074 4708 8563 3131 6126 6320 478 4902
7392 1823 5052 7105 7219 2253 8099 2727 8040 9349 9430 3189 1198 9187 78 2758 1097 3307 5554 8723 6103 1290 8624
7074 3643 2418 4838 5068 316 5877 2028 3579 5855 2921 9709 5315 359 339 198 7663 3691 4641 10121 3071 2910 1228
8370 6330 3941 4174 1649 9994 5853 9716 2002 5420 5224 4993 790 5840 7172 5496 1020 4771 8036 8956 9482 9357 2595
5624 9513 3603 7137 3822 2370 7918 2654 10139 6891 9293 10178 1959 4736 9369 8653 3521 538 7670 675 9581 10188 1653
8082 10206 7501 6014 4416 2436 8339 6916 3752 3547 6777 7100 1388 3844 4256 4478 7882 8558 6647 5748 7719 4348 7879
6782 850 7393 5785 9237 6002 6325 658 7680 1005 2037 10224 10163 496 7270 1601 8676 8263 9662 9161 2244 2906 6789
8251 2132 9799 5546 346 6099 8669 4156 674 9473 4465 700 5572 8862 8162 902 7565 6648 7168 5691 10179 3924 7188
8866 996 2144 6543 4169 4968 8541 345 5645 5080 3532 7085 10057 5681 10190 248 8633 3508 4642 1739 1048 2035 8942
2289 9715 6348 9273 7091 6311 7306 7484 3566 3249 3167 8816 873 10081 8964 128 7288 882 1453 5339 80 4882 0
