8 19
.........########..
.........########..
...................
...................
.........########..
.........########..
.........########..
.........########..
50 19 120 103 3 118 116 136 21 10 11 12 13 14 15 16 17 72 25
117 45 119 42 4 58 104 55 139 29 30 31 32 33 34 35 36 22 71
100 99 102 49 5 98 52 65 2 37 151 135 39 56 73 27 43 20 137
82 63 48 68 121 134 113 78 57 53 60 18 76 6 114 141 142 80 26
9 140 133 101 75 24 41 84 54 86 87 88 89 90 91 92 93 122 1
123 61 7 69 97 79 44 62 59 105 106 107 108 109 110 111 112 95 28
115 66 47 67 51 70 23 81 40 124 125 126 127 128 129 130 131 83 132
138 64 46 8 38 77 85 94 96 143 144 145 146 147 148 149 150 74 0
