31 210
.............................................................................#############################################################################################################################........
.............................................................................#############################################################################################################################........
.............................................................................#############################################################################################################################........
.............................................................................#############################################################################################################################........
.............................................................................#############################################################################################################################........
.............................................................................#############################################################################################################################........
.............................................................................#############################################################################################################################........
.............................................................................#############################################################################################################################........
.............................................................................#############################################################################################################################........
.............................................................................#############################################################################################################################........
..................................................................................................................................................................................................................
############################################################################...............................................................................................................................#######
############################################################################...............................................................................................................................#######
############################################################################...............................................................................................................................#######
############################################################################...............................................................................................................................#######
############################################################################...............................................................................................................................#######
############################################################################...............................................................................................................................#######
############################################################################...............................................................................................................................#######
############################################################################...............................................................................................................................#######
############################################################################...............................................................................................................................#######
############################################################################...............................................................................................................................#######
############################################################################...............................................................................................................................#######
############################################################################...............................................................................................................................#######
############################################################################...............................................................................................................................#######
############################################################################...............................................................................................................................#######
############################################################################...............................................................................................................................#######
############################################################################...............................................................................................................................#######
############################################################################...............................................................................................................................#######
..................................................................................................................................................................................................................
.............................................................................#############################################################################################################################........
.............................................................................#############################################################################################################################........
1126 2113 646 4 846 1750 1956 850 1939 1287 1687 2125 1056 2147 897 1945 1720 898 453 1900 1077 908 705 902 264 2108 1682 912 286 1270 1686 1111 1938 1506 2176 2166 471 1714 1534 283 1113 457 2163 689 885 1066 492 1698 2151 661 478 2121 1060 1313 867 1282 1284 49 1523 844 1943 65 848 691 1328 1723 1320 1958 1928 913 1095 1700 41 35 668 1092 470 78 79 80 81 82 83 84 85 86 87 88 89 90 91 92 93 94 95 96 97 98 99 100 101 102 103 104 105 106 107 108 109 110 111 112 113 114 115 116 117 118 119 120 121 122 123 124 125 126 127 128 129 130 131 132 133 134 135 136 137 138 139 140 141 142 143 144 145 146 147 148 149 150 151 152 153 154 155 156 157 158 159 160 161 162 163 164 165 166 167 168 169 170 171 172 173 174 175 176 177 178 179 180 181 182 183 184 185 186 187 188 189 190 191 192 193 194 195 196 197 198 199 200 201 202 1678 1047 1889 839 209 1253 1044 2098
461 671 1283 1948 445 74 1495 11 690 1537 467 2158 47 28 645 1946 1483 1738 229 1511 1707 1752 862 26 239 879 1964 3 883 859 487 2114 1709 1306 245 246 1527 1684 1950 1756 657 904 2172 1894 1927 866 1496 1926 1094 1695 1910 1749 279 1064 1903 632 1297 881 434 1269 1124 1324 1524 693 1693 2111 277 1127 1305 1079 432 700 1334 1315 1526 2150 1933 288 289 290 291 292 293 294 295 296 297 298 299 300 301 302 303 304 305 306 307 308 309 310 311 312 313 314 315 316 317 318 319 320 321 322 323 324 325 326 327 328 329 330 331 332 333 334 335 336 337 338 339 340 341 342 343 344 345 346 347 348 349 350 351 352 353 354 355 356 357 358 359 360 361 362 363 364 365 366 367 368 369 370 371 372 373 374 375 376 377 378 379 380 381 382 383 384 385 386 387 388 389 390 391 392 393 394 395 396 397 398 399 400 401 402 403 404 405 406 407 408 409 410 411 412 1255 1258 1467 1470 418 1673 1680 1468
6 2160 1279 2168 890 12 44 857 446 2149 1061 1712 2129 900 2116 1904 232 436 1892 647 889 1104 2103 676 1513 680 1307 48 704 1730 219 452 2146 652 1705 1917 1717 1117 268 55 1478 1493 32 2174 1479 1264 1510 465 706 917 1711 240 1325 234 222 1097 472 262 1065 480 1921 2134 1303 2117 1277 1508 1275 460 1930 1107 2153 1536 1323 916 682 469 1265 498 499 500 501 502 503 504 505 506 507 508 509 510 511 512 513 514 515 516 517 518 519 520 521 522 523 524 525 526 527 528 529 530 531 532 533 534 535 536 537 538 539 540 541 542 543 544 545 546 547 548 549 550 551 552 553 554 555 556 557 558 559 560 561 562 563 564 565 566 567 568 569 570 571 572 573 574 575 576 577 578 579 580 581 582 583 584 585 586 587 588 589 590 591 592 593 594 595 596 597 598 599 600 601 602 603 604 605 606 607 608 609 610 611 612 613 614 615 616 617 618 619 620 621 622 1677 2309 1466 2097 1884 1050 414 2306
1512 1931 1735 1080 1731 1289 1706 1947 660 439 462 1915 15 1071 69 468 1337 1288 699 909 1336 1317 1528 1308 263 2157 486 1309 5 1953 886 423 1052 851 2138 450 1322 1082 2124 1335 1291 1741 1261 259 675 1899 677 228 473 1099 1298 225 1925 1301 685 654 1484 884 1490 1538 458 451 860 2145 463 1955 1967 71 1300 1719 875 43 226 1689 482 456 1722 708 709 710 711 712 713 714 715 716 717 718 719 720 721 722 723 724 725 726 727 728 729 730 731 732 733 734 735 736 737 738 739 740 741 742 743 744 745 746 747 748 749 750 751 752 753 754 755 756 757 758 759 760 761 762 763 764 765 766 767 768 769 770 771 772 773 774 775 776 777 778 779 780 781 782 783 784 785 786 787 788 789 790 791 792 793 794 795 796 797 798 799 800 801 802 803 804 805 806 807 808 809 810 811 812 813 814 815 816 817 818 819 820 821 822 823 824 825 826 827 828 829 830 831 832 420 2304 203 204 1256 1888 2099 2307
1708 2106 1312 1532 1059 1314 3897 33 849 1067 251 211 1704 1701 1962 1330 1091 1268 284 1062 1683 62 1929 223 1525 2128 491 1914 653 1517 1941 1096 1688 437 2135 871 1539 1547 1713 1477 681 1726 442 1507 1545 1516 2156 1074 1959 475 914 1274 280 2169 695 1294 36 1115 655 278 1302 1499 1753 1 38 911 869 1487 1922 64 2154 459 1494 2171 488 1912 1916 918 919 920 921 922 923 924 925 926 927 928 929 930 931 932 933 934 935 936 937 938 939 940 941 942 943 944 945 946 947 948 949 950 951 952 953 954 955 956 957 958 959 960 961 962 963 964 965 966 967 968 969 970 971 972 973 974 975 976 977 978 979 980 981 982 983 984 985 986 987 988 989 990 991 992 993 994 995 996 997 998 999 1000 1001 1002 1003 1004 1005 1006 1007 1008 1009 1010 1011 1012 1013 1014 1015 1016 1017 1018 1019 1020 1021 1022 1023 1024 1025 1026 1027 1028 1029 1030 1031 1032 1033 1034 1035 1036 1037 1038 1039 1040 1041 1042 1887 413 1257 1675 2095 836 623 838
2141 1529 684 476 854 72 1932 1944 1906 254 238 485 1951 474 1740 679 479 273 247 236 1748 1732 905 10 864 861 1311 2105 1727 1329 1103 1058 858 2164 2102 845 1087 1924 1530 1923 1514 1908 664 1509 1935 494 1069 1937 876 1724 1271 1954 241 76 8 656 1100 631 1691 1332 1745 1075 1909 1081 863 497 496 1086 2130 1120 874 427 1474 1123 428 466 37 1128 1129 1130 1131 1132 1133 1134 1135 1136 1137 1138 1139 1140 1141 1142 1143 1144 1145 1146 1147 1148 1149 1150 1151 1152 1153 1154 1155 1156 1157 1158 1159 1160 1161 1162 1163 1164 1165 1166 1167 1168 1169 1170 1171 1172 1173 1174 1175 1176 1177 1178 1179 1180 1181 1182 1183 1184 1185 1186 1187 1188 1189 1190 1191 1192 1193 1194 1195 1196 1197 1198 1199 1200 1201 1202 1203 1204 1205 1206 1207 1208 1209 1210 1211 1212 1213 1214 1215 1216 1217 1218 1219 1220 1221 1222 1223 1224 1225 1226 1227 1228 1229 1230 1231 1232 1233 1234 1235 1236 1237 1238 1239 1240 1241 1242 1243 1244 1245 1246 1247 1248 1249 1250 1251 1252 1886 630 1049 207 2094 1676 835 1469
1054 2155 868 687 1746 1321 1685 635 212 1965 1520 493 1070 703 70 14 30 1692 1755 1116 1733 42 227 252 17 52 1299 447 1304 285 1515 220 250 244 896 649 443 888 29 1262 1473 1919 21 1290 1734 75 663 891 1285 1940 1319 2161 1057 1072 281 1501 642 906 66 454 1266 893 1295 1901 1098 217 1327 2131 1109 638 662 1482 275 282 1729 1105 19 1338 1339 1340 1341 1342 1343 1344 1345 1346 1347 1348 1349 1350 1351 1352 1353 1354 1355 1356 1357 1358 1359 1360 1361 1362 1363 1364 1365 1366 1367 1368 1369 1370 1371 1372 1373 1374 1375 1376 1377 1378 1379 1380 1381 1382 1383 1384 1385 1386 1387 1388 1389 1390 1391 1392 1393 1394 1395 1396 1397 1398 1399 1400 1401 1402 1403 1404 1405 1406 1407 1408 1409 1410 1411 1412 1413 1414 1415 1416 1417 1418 1419 1420 1421 1422 1423 1424 1425 1426 1427 1428 1429 1430 1431 1432 1433 1434 1435 1436 1437 1438 1439 1440 1441 1442 1443 1444 1445 1446 1447 1448 1449 1450 1451 1452 1453 1454 1455 1456 1457 1458 1459 1460 1461 1462 629 1045 208 2308 2096 1465 416 626
641 1747 1960 276 899 903 1893 843 651 235 39 872 23 1063 24 670 1053 34 2115 16 2122 640 1296 1119 882 1533 892 1715 444 25 18 253 270 426 483 1725 842 237 68 2 1957 895 1089 60 1728 490 2120 441 1949 702 1920 1122 2133 1108 1542 1531 2112 1489 2104 67 1703 1702 489 852 2148 901 880 2123 2142 274 2152 1541 1480 215 697 1754 1696 1548 1549 1550 1551 1552 1553 1554 1555 1556 1557 1558 1559 1560 1561 1562 1563 1564 1565 1566 1567 1568 1569 1570 1571 1572 1573 1574 1575 1576 1577 1578 1579 1580 1581 1582 1583 1584 1585 1586 1587 1588 1589 1590 1591 1592 1593 1594 1595 1596 1597 1598 1599 1600 1601 1602 1603 1604 1605 1606 1607 1608 1609 1610 1611 1612 1613 1614 1615 1616 1617 1618 1619 1620 1621 1622 1623 1624 1625 1626 1627 1628 1629 1630 1631 1632 1633 1634 1635 1636 1637 1638 1639 1640 1641 1642 1643 1644 1645 1646 1647 1648 1649 1650 1651 1652 1653 1654 1655 1656 1657 1658 1659 1660 1661 1662 1663 1664 1665 1666 1667 1668 1669 1670 1671 1672 1043 840 415 837 1254 205 1890 417
1521 7 1742 1471 637 31 1757 2101 269 667 1518 659 1292 847 477 2144 1896 2107 1492 50 853 435 672 1472 260 73 421 692 425 230 2159 77 1966 841 1491 1281 287 2167 59 51 1721 481 1267 686 449 57 1475 673 266 440 484 1718 894 650 1690 2140 1905 1078 242 1055 2162 448 1743 1744 61 855 1273 634 1088 248 258 1897 430 1093 1710 1280 2170 1758 1759 1760 1761 1762 1763 1764 1765 1766 1767 1768 1769 1770 1771 1772 1773 1774 1775 1776 1777 1778 1779 1780 1781 1782 1783 1784 1785 1786 1787 1788 1789 1790 1791 1792 1793 1794 1795 1796 1797 1798 1799 1800 1801 1802 1803 1804 1805 1806 1807 1808 1809 1810 1811 1812 1813 1814 1815 1816 1817 1818 1819 1820 1821 1822 1823 1824 1825 1826 1827 1828 1829 1830 1831 1832 1833 1834 1835 1836 1837 1838 1839 1840 1841 1842 1843 1844 1845 1846 1847 1848 1849 1850 1851 1852 1853 1854 1855 1856 1857 1858 1859 1860 1861 1862 1863 1864 1865 1866 1867 1868 1869 1870 1871 1872 1873 1874 1875 1876 1877 1878 1879 1880 1881 1882 2100 1259 1679 2305 1260 2310 1464 1674
216 907 257 1276 1895 495 636 1318 1310 1084 633 1963 2143 1502 249 422 27 1546 424 1316 1535 639 1272 1051 1918 1913 1498 910 1522 1110 1739 1519 1952 1497 873 915 2109 2126 688 701 58 1694 658 1891 1505 877 2173 63 1737 1934 455 9 1961 1481 1083 2118 1068 878 1333 1278 870 648 1090 429 1293 224 1544 1114 13 1488 272 1504 887 1486 20 243 1699 1968 1969 1970 1971 1972 1973 1974 1975 1976 1977 1978 1979 1980 1981 1982 1983 1984 1985 1986 1987 1988 1989 1990 1991 1992 1993 1994 1995 1996 1997 1998 1999 2000 2001 2002 2003 2004 2005 2006 2007 2008 2009 2010 2011 2012 2013 2014 2015 2016 2017 2018 2019 2020 2021 2022 2023 2024 2025 2026 2027 2028 2029 2030 2031 2032 2033 2034 2035 2036 2037 2038 2039 2040 2041 2042 2043 2044 2045 2046 2047 2048 2049 2050 2051 2052 2053 2054 2055 2056 2057 2058 2059 2060 2061 2062 2063 2064 2065 2066 2067 2068 2069 2070 2071 2072 2073 2074 2075 2076 2077 2078 2079 2080 2081 2082 2083 2084 2085 2086 2087 2088 2089 2090 2091 2092 624 627 1885 833 1048 419 210 1883
271 233 669 3036 665 214 231 1106 1085 2110 40 1112 1902 1073 1936 666 265 1697 1331 1907 256 2132 1716 1485 2139 1101 674 1121 22 698 431 54 683 1540 1118 464 255 1942 267 1898 856 2136 433 1543 2175 53 261 56 1503 438 1286 1751 1102 707 1263 2165 2127 1076 221 1125 643 2137 2119 1476 865 213 1911 1736 694 45 678 1681 1326 1500 218 696 5001 5446 4556 2299 3295 4914 2275 5544 5015 2648 4131 5398 4923 5239 4718 3499 6021 2194 5029 2192 3037 3050 2853 3697 4699 5428 2259 3273 3556 2912 2207 3086 5356 2705 5584 4292 2285 5412 3896 5755 3287 2278 5991 3967 4356 6041 4280 3771 3445 5202 3939 5223 2922 2230 2464 3281 2428 4367 2883 6035 5543 5986 4380 2419 3533 5217 2903 4150 5358 5840 2652 4180 4364 3958 2720 2293 2226 5168 4773 2487 2854 3957 4522 4140 4511 4178 3667 2915 3748 4777 5958 4791 2270 5218 4592 3973 4943 4287 5781 4816 3926 3510 5643 5661 2888 2926 2911 2920 5591 5232 5663 3329 3076 2478 5644 3551 6016 2665 3768 6066 2921 4177 3508 5153 3743 3916 4075 628 1463 2093 1046 834 625 206
2311 2312 2313 2314 2315 2316 2317 2318 2319 2320 2321 2322 2323 2324 2325 2326 2327 2328 2329 2330 2331 2332 2333 2334 2335 2336 2337 2338 2339 2340 2341 2342 2343 2344 2345 2346 2347 2348 2349 2350 2351 2352 2353 2354 2355 2356 2357 2358 2359 2360 2361 2362 2363 2364 2365 2366 2367 2368 2369 2370 2371 2372 2373 2374 2375 2376 2377 2378 2379 2380 2381 2382 2383 2384 2385 2386 3731 3033 4959 4716 3051 3342 5189 3469 5145 5868 4917 5177 2655 5995 3468 3515 5751 2415 3044 4072 6037 2442 5791 2232 4373 5789 4499 5962 4164 4951 3699 5381 4300 3460 4589 3647 3518 3893 4788 5005 4094 3729 2429 3560 2927 5201 2392 2698 5241 3663 4558 46 4362 2687 4358 3858 3472 2436 4987 4388 2695 2715 3039 4173 3532 4377 2699 6032 2185 2910 2397 3129 4551 4810 5660 2718 3917 4745 5607 6020 5402 3952 5576 4290 4764 4145 2438 3321 4954 4569 5658 4535 5816 3308 2256 5756 5117 2845 2601 3236 4519 2508 5163 3946 4978 2257 2450 2182 2606 5421 4524 2904 3550 3543 3054 4715 3306 2292 2645 2474 2829 2830 6047 4740 2462 2866 3966 2514 2515 2516 2517 2518 2519 2520
2521 2522 2523 2524 2525 2526 2527 2528 2529 2530 2531 2532 2533 2534 2535 2536 2537 2538 2539 2540 2541 2542 2543 2544 2545 2546 2547 2548 2549 2550 2551 2552 2553 2554 2555 2556 2557 2558 2559 2560 2561 2562 2563 2564 2565 2566 2567 2568 2569 2570 2571 2572 2573 2574 2575 2576 2577 2578 2579 2580 2581 2582 2583 2584 2585 2586 2587 2588 2589 2590 2591 2592 2593 2594 2595 2596 3687 3674 5362 3339 3038 4561 5856 4999 2242 5846 3315 3501 2824 5765 5158 4768 4736 2835 2612 3266 5198 3978 3072 2836 4349 5420 3915 4107 5641 3548 2225 2469 4817 2255 4071 3488 2896 3474 4311 2674 4722 3134 5552 4598 4099 2394 4727 4944 5429 3497 5784 5395 3041 644 2602 4980 3343 4170 4971 3017 5431 4532 2213 4737 5802 5797 4585 3739 3907 5180 2459 3691 5237 4153 6042 2490 3301 3874 2507 2388 2296 5546 3525 3298 3980 5541 5988 5184 2447 2685 2653 3319 5566 4284 2253 4112 5821 4575 5386 4156 2503 3762 3520 4399 4806 5419 5592 2430 4554 2416 2598 3517 3662 5405 5374 2395 4138 5009 2635 2427 3059 3770 3018 3128 4339 4813 5595 2724 2725 2726 2727 2728 2729 2730
2731 2732 2733 2734 2735 2736 2737 2738 2739 2740 2741 2742 2743 2744 2745 2746 2747 2748 2749 2750 2751 2752 2753 2754 2755 2756 2757 2758 2759 2760 2761 2762 2763 2764 2765 2766 2767 2768 2769 2770 2771 2772 2773 2774 2775 2776 2777 2778 2779 2780 2781 2782 2783 2784 2785 2786 2787 2788 2789 2790 2791 2792 2793 2794 2795 2796 2797 2798 2799 2800 2801 2802 2803 2804 2805 2806 3542 2283 2499 4742 3925 4528 5610 4600 3334 3282 5862 4184 2661 5400 2457 3698 3353 4760 3340 5171 5221 3346 3924 5236 3756 3747 3092 2618 4366 4394 2246 5621 4298 3757 4559 2418 3326 3976 2472 5790 3705 3268 6049 4309 2247 5747 5837 4948 3048 3453 2599 5763 5196 2657 4506 2434 2401 3269 2865 4747 2641 4121 4108 5810 3068 5445 5550 5606 5863 5657 6059 3143 5867 4393 3938 2682 2290 4120 4946 2443 5394 5206 3267 5011 4368 2492 3299 5363 4133 5619 3681 4544 5843 5647 4497 5447 4144 3105 5379 5627 4124 3936 2686 2812 3909 3451 4521 4191 4077 3765 6015 4610 4560 4818 3526 3860 5831 4549 3307 3122 2815 4385 4118 2868 3253 3467 2676 2934 2935 2936 2937 2938 2939 2940
2941 2942 2943 2944 2945 2946 2947 2948 2949 2950 2951 2952 2953 2954 2955 2956 2957 2958 2959 2960 2961 2962 2963 2964 2965 2966 2967 2968 2969 2970 2971 2972 2973 2974 2975 2976 2977 2978 2979 2980 2981 2982 2983 2984 2985 2986 2987 2988 2989 2990 2991 2992 2993 2994 2995 2996 2997 2998 2999 3000 3001 3002 3003 3004 3005 3006 3007 3008 3009 3010 3011 3012 3013 3014 3015 3016 3481 4342 5147 3905 6046 3022 5838 5144 2241 3091 3512 2809 5339 5416 2240 6070 5861 2816 4386 6074 2228 4565 5614 4911 4792 4087 4501 5127 2244 3659 5367 2279 4402 3462 3480 4613 4186 3071 4599 2470 3110 3709 4975 3894 2837 4285 2190 3522 2847 4183 5774 6055 3112 2424 2863 3930 3864 5653 4115 5348 4952 2808 3079 2901 4068 6029 4313 4775 4547 6033 3309 5642 5333 3949 5834 2633 2506 3292 3099 4331 5836 4370 5149 5793 2236 2604 5396 3125 5028 3259 3107 5017 2198 3248 2667 3679 4708 3671 5855 4103 4079 2607 3711 4158 3534 4996 2216 3932 6001 2466 4384 5860 3070 5328 3651 3716 5829 3270 5132 4347 4390 2719 4984 3081 4801 2722 2913 3144 3145 3146 3147 3148 3149 3150
3151 3152 3153 3154 3155 3156 3157 3158 3159 3160 3161 3162 3163 3164 3165 3166 3167 3168 3169 3170 3171 3172 3173 3174 3175 3176 3177 3178 3179 3180 3181 3182 3183 3184 3185 3186 3187 3188 3189 3190 3191 3192 3193 3194 3195 3196 3197 3198 3199 3200 3201 3202 3203 3204 3205 3206 3207 3208 3209 3210 3211 3212 3213 3214 3215 3216 3217 3218 3219 3220 3221 3222 3223 3224 3225 3226 5188 3736 5214 4400 2900 3902 2433 5390 3677 3764 4392 5559 2431 4338 2403 3244 2200 3077 4950 2859 5845 3535 3337 3250 4172 3087 2656 3133 3693 3861 4185 4949 3922 3260 4130 5961 3027 5024 3948 4704 5832 5656 3025 4148 3678 2399 4997 4928 5013 2227 3283 3278 5350 2468 4755 4520 4315 3043 5166 2714 2895 4594 3723 4314 3886 4750 4701 4396 2704 6076 3521 4800 3904 3300 4804 2440 3103 3759 3715 4092 3069 6072 3274 2274 5978 5624 5979 5401 3067 2690 5630 6077 2238 4083 2218 2897 3280 5570 4965 4552 4769 2423 4990 6040 4324 3963 3559 5562 3981 4927 2811 5649 3330 5338 3049 4152 5582 2269 2480 3558 4590 5849 2814 4312 3975 3290 5975 3354 3355 3356 3357 3358 3359 3360
3361 3362 3363 3364 3365 3366 3367 3368 3369 3370 3371 3372 3373 3374 3375 3376 3377 3378 3379 3380 3381 3382 3383 3384 3385 3386 3387 3388 3389 3390 3391 3392 3393 3394 3395 3396 3397 3398 3399 3400 3401 3402 3403 3404 3405 3406 3407 3408 3409 3410 3411 3412 3413 3414 3415 3416 3417 3418 3419 3420 3421 3422 3423 3424 3425 3426 3427 3428 3429 3430 3431 3432 3433 3434 3435 3436 4743 4998 4503 2461 4820 4759 3653 3719 5823 3023 3686 4110 4348 2631 5594 2848 2249 4303 5010 4125 4967 4498 4104 5160 5178 3541 4096 5553 5440 2623 4343 3440 4957 4789 4988 5142 3065 5355 2852 2406 5403 4921 3531 4179 2297 4732 2493 5796 5347 2498 4935 5609 5750 4085 4766 2721 3528 2917 3030 4983 3052 3098 4147 5772 3953 5000 3233 5637 4502 4187 4333 5650 3325 4572 6051 2258 3766 5427 4807 4744 2597 3264 3664 2422 4403 2452 5853 2266 3255 5208 3773 3496 3666 2813 4731 3316 5120 2600 6022 2893 4738 3538 5346 2856 5539 5967 5349 3466 5442 4583 4916 2220 3544 4612 6027 3441 5357 5026 3871 2663 5410 6024 3509 3959 3242 2413 5993 3564 3565 3566 3567 3568 3569 3570
3571 3572 3573 3574 3575 3576 3577 3578 3579 3580 3581 3582 3583 3584 3585 3586 3587 3588 3589 3590 3591 3592 3593 3594 3595 3596 3597 3598 3599 3600 3601 3602 3603 3604 3605 3606 3607 3608 3609 3610 3611 3612 3613 3614 3615 3616 3617 3618 3619 3620 3621 3622 3623 3624 3625 3626 3627 3628 3629 3630 3631 3632 3633 3634 3635 3636 3637 3638 3639 3640 3641 3642 3643 3644 3645 3646 3139 5631 4495 5216 3960 5597 3868 5143 3293 3537 2884 5841 2414 4822 3913 2484 2651 3109 2444 5397 3094 4141 2850 2630 5432 5659 3449 3262 5008 3676 3982 5959 5778 5989 4159 3323 5554 5537 3116 2810 4365 3450 3074 5330 3887 3753 5980 5186 3090 2894 4803 4360 4741 2867 4580 5407 5426 5235 2481 4381 2201 3471 3704 2217 5365 5219 2828 5844 5852 5869 2659 4593 3692 2243 3735 4710 3752 5020 2454 4762 5764 5192 2625 5212 3707 5327 3075 3271 2905 4780 3895 2271 3228 3034 3495 4534 5449 6067 5170 4992 4128 3448 3454 4758 5382 2931 6014 4151 5124 5185 4771 2639 4933 2252 3763 4328 4137 6312 4564 3721 3888 5579 3717 3540 3241 2465 2932 3774 3775 3776 3777 3778 3779 3780
3781 3782 3783 3784 3785 3786 3787 3788 3789 3790 3791 3792 3793 3794 3795 3796 3797 3798 3799 3800 3801 3802 3803 3804 3805 3806 3807 3808 3809 3810 3811 3812 3813 3814 3815 3816 3817 3818 3819 3820 3821 3822 3823 3824 3825 3826 3827 3828 3829 3830 3831 3832 3833 3834 3835 3836 3837 3838 3839 3840 3841 3842 3843 3844 3845 3846 3847 3848 3849 3850 3851 3852 3853 3854 3855 3856 2510 6019 2183 4550 5404 5998 6026 5981 6044 4082 5207 3933 4991 5766 2421 2215 3352 4523 4374 3921 4167 3457 3296 6063 6078 4322 3115 5417 4964 2906 3249 3305 4508 3706 5565 3089 5378 3875 2411 5240 4603 2624 3256 5190 4509 5199 5830 3136 3252 2834 6039 2929 3937 3684 5002 4074 2658 4163 4977 3652 2509 2449 2925 5571 3654 5625 4955 4304 4908 3694 4149 5792 2688 4371 2919 3444 2221 4966 5651 3311 5590 2670 2489 5601 5018 5164 3754 5205 2843 5626 6054 4146 5016 5812 6056 5749 5775 3095 5611 3020 2455 4799 3740 3121 2276 2709 2707 3873 2289 3055 5968 2928 5804 4515 5822 2263 3247 4346 4076 2400 5604 4391 4573 5224 2711 5540 3119 3984 3985 3986 3987 3988 3989 3990
3991 3992 3993 3994 3995 3996 3997 3998 3999 4000 4001 4002 4003 4004 4005 4006 4007 4008 4009 4010 4011 4012 4013 4014 4015 4016 4017 4018 4019 4020 4021 4022 4023 4024 4025 4026 4027 4028 4029 4030 4031 4032 4033 4034 4035 4036 4037 4038 4039 4040 4041 4042 4043 4044 4045 4046 4047 4048 4049 4050 4051 4052 4053 4054 4055 4056 4057 4058 4059 4060 4061 4062 4063 4064 4065 4066 2875 5399 3245 4070 2668 3923 5620 3045 4327 5393 5179 5788 3227 3484 4181 2473 5025 2209 5976 4922 4920 2203 2634 3911 3088 4785 3443 3097 6045 3890 4597 4496 5858 6068 3942 2669 2222 2389 6025 5372 3235 3866 4579 3040 5618 4510 3320 2500 4091 3114 5215 4706 5027 3906 2649 3891 4123 2873 5203 2239 3442 4119 3026 5175 5581 6062 3080 4513 6023 3131 2184 4175 3563 5963 4909 5572 6010 2605 4111 3439 4383 4746 4763 3931 4960 3899 2260 2723 5438 4945 2211 2638 5996 2223 5785 6071 3284 5228 5851 5023 6038 2671 3314 6034 5439 5555 5984 4278 2417 3523 2844 3104 3892 6018 2501 3943 3476 2807 3865 5652 5578 2860 5389 4563 4105 4512 6052 4194 4195 4196 4197 4198 4199 4200
4201 4202 4203 4204 4205 4206 4207 4208 4209 4210 4211 4212 4213 4214 4215 4216 4217 4218 4219 4220 4221 4222 4223 4224 4225 4226 4227 4228 4229 4230 4231 4232 4233 4234 4235 4236 4237 4238 4239 4240 4241 4242 4243 4244 4245 4246 4247 4248 4249 4250 4251 4252 4253 4254 4255 4256 4257 4258 4259 4260 4261 4262 4263 4264 4265 4266 4267 4268 4269 4270 4271 4272 4273 4274 4275 4276 5004 2817 6000 3901 3745 5762 5135 3969 4376 3482 2858 4378 2857 3057 6075 2902 5605 3475 3968 2702 4947 4982 4299 5635 4802 2876 2204 2885 3348 3046 2924 2914 2644 3058 3258 3019 6028 5994 2294 5430 3741 5119 3929 4577 4720 4069 2208 4336 4753 3302 2193 2886 2494 4337 3234 4525 4081 5589 2495 2608 3900 4757 4113 3761 3042 2908 3950 4956 4504 3473 3889 5032 5828 3545 2890 3700 2684 5359 5645 4355 5850 5354 4602 3655 5014 3257 5150 3941 3956 2706 6030 5997 4354 5019 4283 2195 2878 5409 3327 2879 3702 5808 3974 2692 4553 3243 5200 5173 2408 5560 2231 5033 4796 4778 4739 2235 2923 2930 6017 5452 3658 3303 5662 3312 5754 4389 5547 4404 4405 4406 4407 4408 4409 4410
4411 4412 4413 4414 4415 4416 4417 4418 4419 4420 4421 4422 4423 4424 4425 4426 4427 4428 4429 4430 4431 4432 4433 4434 4435 4436 4437 4438 4439 4440 4441 4442 4443 4444 4445 4446 4447 4448 4449 4450 4451 4452 4453 4454 4455 4456 4457 4458 4459 4460 4461 4462 4463 4464 4465 4466 4467 4468 4469 4470 4471 4472 4473 4474 4475 4476 4477 4478 4479 4480 4481 4482 4483 4484 4485 4486 4345 3732 3142 3438 3529 3101 4974 5238 4351 3734 3728 3132 2482 2881 3126 5450 3024 2821 4941 5817 2887 3730 3965 4910 2672 5161 3123 3487 2298 5220 2432 4106 2477 3878 3908 5230 3552 4566 2675 2662 3746 3272 4823 2712 4176 5556 5360 3553 5593 2823 5780 3527 5392 3727 4726 4812 4543 3463 5799 4369 4291 4767 5974 4492 5757 5411 5387 5169 5859 3333 2874 5226 4114 3313 5769 3708 4709 2265 2187 4962 3324 4379 3261 4989 5783 5602 2918 5818 4915 3483 2693 2916 2486 3276 3318 5805 6050 3725 5195 5335 5422 5204 4361 3744 6011 3345 4539 5777 5977 4357 3279 5368 3032 5361 4095 2234 5373 4294 2616 5803 2504 4608 3680 5383 4781 4733 3760 4614 4615 4616 4617 4618 4619 4620
4621 4622 4623 4624 4625 4626 4627 4628 4629 4630 4631 4632 4633 4634 4635 4636 4637 4638 4639 4640 4641 4642 4643 4644 4645 4646 4647 4648 4649 4650 4651 4652 4653 4654 4655 4656 4657 4658 4659 4660 4661 4662 4663 4664 4665 4666 4667 4668 4669 4670 4671 4672 4673 4674 4675 4676 4677 4678 4679 4680 4681 4682 4683 4684 4685 4686 4687 4688 4689 4690 4691 4692 4693 4694 4695 4696 6012 2456 3859 5194 4588 4993 2603 3138 5825 5007 3489 4728 2248 3696 4101 2505 2640 4717 3446 5444 6006 4995 5617 2710 2511 5152 4289 3100 4387 5639 5574 3947 4537 3078 3062 2898 4088 4086 2404 3347 4562 4713 3277 5786 4815 4160 2425 5776 3685 5242 3648 4748 6007 5443 4584 5640 3500 5842 4808 5960 3351 5824 3140 4574 3461 3954 5172 3862 4570 5588 5857 4961 2840 2277 5451 3113 2280 3951 2614 5329 4609 4117 4994 4398 5748 4721 5342 5129 2496 3688 4505 5380 5807 5633 4171 4098 4491 5871 2864 5022 2291 2819 4756 2229 4127 4154 5137 5006 4586 4714 5833 5159 3979 6005 2673 2683 3751 5795 2691 5131 5337 4305 3650 3452 2681 3291 3940 4824 4825 4826 4827 4828 4829 4830
4831 4832 4833 4834 4835 4836 4837 4838 4839 4840 4841 4842 4843 4844 4845 4846 4847 4848 4849 4850 4851 4852 4853 4854 4855 4856 4857 4858 4859 4860 4861 4862 4863 4864 4865 4866 4867 4868 4869 4870 4871 4872 4873 4874 4875 4876 4877 4878 4879 4880 4881 4882 4883 4884 4885 4886 4887 4888 4889 4890 4891 4892 4893 4894 4895 4896 4897 4898 4899 4900 4901 4902 4903 4904 4905 4906 5752 2502 3867 3649 2842 4926 2677 3124 2224 5231 5138 2491 2899 6058 3459 2179 2250 5768 4925 5575 5573 2402 5654 4711 3547 4724 4931 5156 5599 3275 5155 4533 2485 5167 5030 4942 2199 4282 2703 4517 3720 3970 5586 5770 4122 3972 5424 4142 2453 2694 4126 3084 2407 3285 5760 3507 3120 4165 3230 4536 5866 2210 2390 6064 3683 4972 3294 3349 5864 3914 2488 2827 2387 3724 4981 4963 4078 4372 2188 3712 5648 5413 2838 5343 4591 5551 4516 2626 4166 3737 3918 5151 4765 5983 2622 5839 4102 6053 2870 2467 3530 2245 4953 4375 3672 6073 3029 4493 5340 4582 4932 4279 3344 5538 5148 4527 3239 4939 4783 5629 4401 5134 3881 4296 3465 3240 2617 5034 5035 5036 5037 5038 5039 5040
5041 5042 5043 5044 5045 5046 5047 5048 5049 5050 5051 5052 5053 5054 5055 5056 5057 5058 5059 5060 5061 5062 5063 5064 5065 5066 5067 5068 5069 5070 5071 5072 5073 5074 5075 5076 5077 5078 5079 5080 5081 5082 5083 5084 5085 5086 5087 5088 5089 5090 5091 5092 5093 5094 5095 5096 5097 5098 5099 5100 5101 5102 5103 5104 5105 5106 5107 5108 5109 5110 5111 5112 5113 5114 5115 5116 2483 3934 4182 4605 5369 4809 2717 5779 5972 5758 5622 3870 2262 5814 4548 5423 3477 4540 3657 3335 4143 3286 5125 4162 4538 2410 4797 4770 5563 4611 3085 5798 4489 5140 5827 2664 2872 5990 4310 2437 4323 3265 5174 5616 5123 4581 3772 3506 3028 5628 2513 2679 2620 6009 4719 2632 5773 3516 5771 5623 2627 4979 3513 4606 3983 5545 4531 3464 5222 3328 5809 4129 5234 2196 2613 3767 4587 2628 4134 5971 5197 2282 2191 4529 2205 2458 2701 4382 5345 2611 4545 5970 2189 3289 4097 4794 5813 4751 2643 2441 4604 4596 4761 2889 3504 5425 3682 2398 5441 2426 2284 4326 2303 5352 3336 4073 4288 5826 5146 2849 5957 5542 2880 4576 6013 3297 3478 5244 5245 5246 5247 5248 5249 5250
5251 5252 5253 5254 5255 5256 5257 5258 5259 5260 5261 5262 5263 5264 5265 5266 5267 5268 5269 5270 5271 5272 5273 5274 5275 5276 5277 5278 5279 5280 5281 5282 5283 5284 5285 5286 5287 5288 5289 5290 5291 5292 5293 5294 5295 5296 5297 5298 5299 5300 5301 5302 5303 5304 5305 5306 5307 5308 5309 5310 5311 5312 5313 5314 5315 5316 5317 5318 5319 5320 5321 5322 5323 5324 5325 5326 2831 5767 6057 2871 5331 5761 3456 4350 2288 3884 5406 5549 3879 3117 5999 3903 2202 5371 4567 2214 2629 4571 3137 3491 6002 3919 4705 3082 3524 6061 4319 3869 2301 2261 5213 5634 3502 3056 5366 3096 3876 3021 5344 5872 3141 3073 3060 2846 4976 4281 2300 3961 5600 2933 4297 4067 2689 5384 5139 2181 3722 5157 2237 2391 5391 3341 2615 2891 4306 5375 3955 4729 5811 5128 4344 3555 3703 2647 3539 4969 5985 3562 4919 3053 3689 5183 4578 2861 3710 4080 6036 3669 2476 5564 2446 5121 3718 4730 5211 5966 3927 4752 4787 4168 5969 5453 4487 5336 2619 4784 5437 6008 5141 4940 4090 4793 5636 2862 2697 3031 4595 4776 4116 3229 5351 3437 5646 5454 5455 5456 5457 5458 5459 5460
5461 5462 5463 5464 5465 5466 5467 5468 5469 5470 5471 5472 5473 5474 5475 5476 5477 5478 5479 5480 5481 5482 5483 5484 5485 5486 5487 5488 5489 5490 5491 5492 5493 5494 5495 5496 5497 5498 5499 5500 5501 5502 5503 5504 5505 5506 5507 5508 5509 5510 5511 5512 5513 5514 5515 5516 5517 5518 5519 5520 5521 5522 5523 5524 5525 5526 5527 5528 5529 5530 5531 5532 5533 5534 5535 5536 5632 4135 4190 4335 3493 3310 3935 5130 4157 2281 5820 4607 4089 5341 5334 6079 6082 3519 4093 2254 5800 4698 4819 4161 5181 3232 4772 6065 3511 3322 4494 3898 5603 5806 4725 3486 4907 2273 4395 2820 2272 5433 3254 4568 5964 5782 3338 4936 2409 6043 3332 3102 4340 4985 3750 4986 3885 3035 2832 3690 3494 3872 2696 2264 2251 3675 4723 2396 6031 5377 3665 5608 4307 2287 3447 4363 5434 2233 2678 4286 5448 2439 5794 5210 4169 2471 4507 4811 4353 4970 4500 5227 2609 4601 4913 3490 5982 3877 6004 4330 5558 4518 4321 5233 2295 4334 4295 4546 2420 5118 4703 2180 4132 3554 4301 5613 3882 4934 3492 4174 5873 2219 3670 5992 2460 3350 3503 5664 5665 5666 5667 5668 5669 5670
5671 5672 5673 5674 5675 5676 5677 5678 5679 5680 5681 5682 5683 5684 5685 5686 5687 5688 5689 5690 5691 5692 5693 5694 5695 5696 5697 5698 5699 5700 5701 5702 5703 5704 5705 5706 5707 5708 5709 5710 5711 5712 5713 5714 5715 5716 5717 5718 5719 5720 5721 5722 5723 5724 5725 5726 5727 5728 5729 5730 5731 5732 5733 5734 5735 5736 5737 5738 5739 5740 5741 5742 5743 5744 5745 5746 5031 3238 2826 4318 4973 6081 3485 3106 4938 3738 2666 5154 5435 5229 3061 2713 2451 5548 3912 3749 5865 3726 3505 2267 4734 4798 3857 4192 5162 5414 2186 5596 4332 4316 3755 2448 4325 3546 3945 2286 5787 3108 2178 2654 3561 3514 4136 2909 2463 3944 5209 4320 2512 5408 2841 2700 4341 5191 3673 5587 3557 4930 5568 4774 3331 5815 3928 3964 2642 3695 5364 5021 5819 4155 5612 4139 5418 2851 4968 3880 2475 5376 4542 3458 4795 4100 3064 4530 3111 2650 4786 6060 2636 3660 4700 5870 5176 5415 3127 3246 3455 3661 4397 3263 4329 2907 4958 4707 4359 3479 3304 4293 3733 3668 5585 4188 2680 4754 5003 5436 5580 2212 4189 4277 5370 3742 3063 5874 5875 5876 5877 5878 5879 5880
5903 6350 6133 5900 5908 5886 6369 5955 6336 5930 6334 6347 6377 6121 6323 5882 6319 6337 6118 6370 6120 6131 5889 5904 6113 6341 5911 5901 6140 5910 6308 6333 5917 6325 5947 6148 5928 6147 5934 6126 6132 6303 5926 6156 6160 6335 6142 5956 6154 6307 5940 6343 6164 6108 6136 5939 6305 6135 6143 6095 6162 5909 5929 6372 6355 6362 6102 6315 6103 6313 5953 6353 6145 5938 6138 5948 4352 3083 4557 3971 4805 5012 3237 3288 2839 3549 3317 4084 5567 3714 3977 5638 5973 5165 5243 6003 5577 2892 2268 2882 4937 5122 3093 3769 3066 2412 4821 4193 3758 5353 2660 2393 3962 5182 2610 5854 5835 4929 4488 2621 5615 2716 5655 3251 2833 5187 4302 3713 3701 4555 5569 4697 2497 4924 5583 3498 2302 5753 4712 5965 4541 5561 5987 5388 5759 2869 5848 4526 5193 4490 4790 4814 6069 2855 2445 5598 2708 5133 2646 6080 2637 4735 2818 5557 4514 2479 3231 6048 2405 4918 3135 4912 5801 5385 3656 3047 4317 4782 3910 4749 5847 3118 5332 3536 2825 5136 2197 3130 2177 5225 3883 2822 4702 3470 3863 5126 2435 3920 4109 2877 4779 4308 6295 6299 6507 6508 6505 6296 6504 6089
6109 5897 6340 5937 6304 2206 6105 6149 6099 6111 6354 5912 6344 6104 6166 5896 6110 6331 5949 6345 5920 5885 5942 6332 6096 6373 6339 5893 6309 6359 6117 5921 6134 6328 6158 6367 6330 5925 6151 5892 6091 5954 6128 6346 6093 5902 6152 5913 6146 6358 6123 6094 6314 6366 6098 5933 6101 5891 5950 5919 5895 6141 5922 6361 5881 5927 5945 6302 6150 5943 6317 5887 5944 6365 6357 6374 5898 6168 6169 6170 6171 6172 6173 6174 6175 6176 6177 6178 6179 6180 6181 6182 6183 6184 6185 6186 6187 6188 6189 6190 6191 6192 6193 6194 6195 6196 6197 6198 6199 6200 6201 6202 6203 6204 6205 6206 6207 6208 6209 6210 6211 6212 6213 6214 6215 6216 6217 6218 6219 6220 6221 6222 6223 6224 6225 6226 6227 6228 6229 6230 6231 6232 6233 6234 6235 6236 6237 6238 6239 6240 6241 6242 6243 6244 6245 6246 6247 6248 6249 6250 6251 6252 6253 6254 6255 6256 6257 6258 6259 6260 6261 6262 6263 6264 6265 6266 6267 6268 6269 6270 6271 6272 6273 6274 6275 6276 6277 6278 6279 6280 6281 6282 6283 6284 6285 6286 6287 6288 6289 6290 6291 6292 6086 6298 6088 6506 6090 6085 6083 6293
6130 6376 6124 6327 6352 6322 6356 6165 6127 6139 6153 5907 6107 6115 5894 6316 6163 5883 6360 5884 6116 5941 5935 6363 6310 6326 6106 5946 6137 5931 6129 6144 6119 6155 6329 6371 6311 5890 6100 6159 5932 6318 6301 6097 5924 5905 6368 5899 5923 5918 6167 5916 5914 6321 6342 5906 6348 6122 6324 5888 6306 6092 6364 6114 6112 6157 6375 6351 6125 6161 6349 5936 5915 6338 5951 6320 5952 6378 6379 6380 6381 6382 6383 6384 6385 6386 6387 6388 6389 6390 6391 6392 6393 6394 6395 6396 6397 6398 6399 6400 6401 6402 6403 6404 6405 6406 6407 6408 6409 6410 6411 6412 6413 6414 6415 6416 6417 6418 6419 6420 6421 6422 6423 6424 6425 6426 6427 6428 6429 6430 6431 6432 6433 6434 6435 6436 6437 6438 6439 6440 6441 6442 6443 6444 6445 6446 6447 6448 6449 6450 6451 6452 6453 6454 6455 6456 6457 6458 6459 6460 6461 6462 6463 6464 6465 6466 6467 6468 6469 6470 6471 6472 6473 6474 6475 6476 6477 6478 6479 6480 6481 6482 6483 6484 6485 6486 6487 6488 6489 6490 6491 6492 6493 6494 6495 6496 6497 6498 6499 6500 6501 6502 6087 6294 6297 6084 6300 6503 6509 0
