13 17
.................
#####..##########
#####..##########
#####..##########
#####..##########
#####..##########
#####..##########
.................
.................
.................
.................
.................
.................
1 2 3 4 5 58 125 8 9 10 11 12 13 14 15 16 17
18 19 20 21 22 163 149 25 26 27 28 29 30 31 32 33 34
35 36 37 38 39 150 127 42 43 44 45 46 47 48 49 50 51
52 53 54 55 56 170 123 59 60 61 62 63 64 65 66 67 68
69 70 71 72 73 207 190 76 77 78 79 80 81 82 83 84 85
86 87 88 89 90 124 204 93 94 95 96 97 98 99 100 101 102
103 104 105 106 107 130 182 110 111 112 113 114 115 116 117 118 119
154 121 161 128 148 180 146 199 24 172 210 109 132 191 139 184 122
153 167 91 156 176 159 40 200 187 201 194 74 195 157 151 217 177
206 158 165 215 57 120 208 211 145 75 209 131 213 218 178 143 171
133 205 147 141 185 144 202 138 203 136 214 155 126 166 192 169 134
23 181 198 142 174 179 196 183 216 212 7 175 173 219 6 135 152
129 160 220 140 168 92 186 197 137 162 108 41 189 164 188 193 0
