14 11
..#........
..#........
..#..####..
..#.....#..
..#.....#..
..####..#..
.....#..#..
.....#..#..
###..#..#..
..#..#..#..
.....#..#..
#...#####..
...........
..#........
11 41 3 49 5 148 24 151 4 10 121
109 142 14 111 52 23 125 95 8 138 140
9 55 25 79 85 28 29 30 31 50 152
101 35 36 144 44 70 84 33 42 39 124
51 96 47 135 66 15 32 1 53 98 21
18 92 58 59 60 61 6 13 64 99 46
40 118 136 120 133 72 63 16 75 114 107
68 74 69 38 149 83 20 145 86 141 54
89 90 91 115 137 94 104 150 97 112 22
48 78 102 56 134 105 76 110 108 43 113
34 93 57 37 27 116 103 100 119 65 143
122 80 139 73 126 127 128 129 130 19 132
67 131 71 77 147 7 87 106 26 88 12
2 81 146 45 62 82 153 117 17 123 0
