17 13
.######......
.######......
.######......
.######......
.######......
.............
.............
.######......
.######......
.######......
.######......
.######......
.######......
.######......
.######......
.######......
.######......
1 2 3 4 5 6 7 10 217 26 177 67 125
14 15 16 17 18 19 20 21 179 62 13 141 88
27 28 29 30 31 32 33 101 71 153 139 142 208
40 41 42 43 44 45 46 112 36 143 61 74 48
53 54 55 56 57 58 59 152 76 69 193 50 192
82 127 178 218 39 60 138 128 75 8 100 115 84
73 165 99 47 38 220 154 126 68 52 194 116 206
92 93 94 95 96 97 98 155 168 91 22 167 129
105 106 107 108 109 110 111 80 219 113 207 156 9
118 119 120 121 122 123 124 24 181 83 216 104 114
131 132 133 134 135 136 137 78 90 65 130 79 72
144 145 146 147 148 149 150 85 70 151 23 63 81
157 158 159 160 161 162 163 164 103 117 86 37 25
170 171 172 173 174 175 176 51 49 182 166 195 140
183 184 185 186 187 188 189 35 191 102 64 66 12
196 197 198 199 200 201 202 180 169 87 205 203 77
209 210 211 212 213 214 215 34 89 11 190 204 0
