14 9
###..####
##....###
#......##
...##...#
..###....
######...
#####...#
####...##
###...###
###...###
####...##
#####...#
######...
#######..
1 2 3 12 14 6 7 8 9
10 11 13 4 15 5 16 17 18
19 20 21 22 23 24 25 26 27
28 29 30 31 32 42 34 35 36
37 38 39 40 41 43 33 44 45
46 47 48 49 50 51 52 54 62
55 56 57 58 59 60 61 53 63
64 65 66 67 76 69 70 71 72
73 74 75 77 68 78 79 80 81
82 83 84 95 85 87 88 89 90
91 92 93 94 86 96 97 98 99
100 101 102 103 104 105 106 107 108
109 110 111 112 113 114 115 116 117
118 119 120 121 122 123 124 125 0
